_step,Agent/Lagrangian,Lag/mean_cost,steps
40,0.00013000000035390258,,481.72727272727275
41,,3.0,482.8181818181818
48,0.00015999999595806003,,490.45454545454544
49,,3.0,491.54545454545456
61,0.00018999999156221747,,504.6363636363636
62,,3.0,505.72727272727275
74,0.00021999998716637492,,518.8181818181818
75,,3.0,519.9090909090909
88,0.00024999998277053237,,530.5238095238095
89,,3.0,531.4761904761905
99,0.0002799999783746898,,541.0
100,,3.0,541.952380952381
109,0.00030999997397884727,,550.5238095238095
110,,3.0,551.4761904761905
118,0.0003399999695830047,,559.0952380952381
119,,3.0,560.047619047619
133,0.00036999996518716216,,572.0
134,,3.0,573.0
143,0.0003999999607913196,,582.0
144,,3.0,583.0
152,0.00042999995639547706,,591.0
153,,3.0,592.0
159,0.0004599999519996345,,598.0
160,,3.0,599.0
178,0.000489999947603792,,620.6666666666666
179,,3.0,622.0444444444445
189,0.0005199999432079494,,635.8222222222222
190,,3.0,637.2
197,0.0005499999388121068,,646.8444444444444
198,,3.0,648.2222222222222
206,0.0005799999344162643,,659.2444444444444
207,,3.0,660.6222222222223
223,0.0006099999300204217,,692.7560975609756
224,,3.0,695.1219512195122
230,0.0006399999256245792,,709.3170731707316
231,,3.0,711.6829268292682
238,0.0006699999212287366,,728.2439024390244
239,,3.0,730.609756097561
249,0.0006999999168328941,,754.2682926829268
250,,3.0,756.6341463414634
268,0.0007299999124370515,,775.0714285714286
269,,3.0,776.1428571428571
275,0.000759999908041209,,782.5714285714286
276,,3.0,783.6428571428571
283,0.0007899999036453664,,791.1428571428571
284,,3.0,792.2142857142857
293,0.0008199998992495239,,801.8571428571429
294,,3.0,802.9285714285714
309,0.0008499998948536813,,814.0909090909091
310,,3.0,814.9318181818181
322,0.0008799998904578388,,825.0227272727273
323,,3.0,825.8636363636364
329,0.0009099998860619962,,830.9090909090909
330,,3.0,831.75
339,0.0009399998816661537,,839.3181818181819
340,,3.0,840.1590909090909
351,0.0009699998772703111,,849.6486486486486
352,,3.0,850.7297297297297
361,0.0009999999310821295,,860.4594594594595
362,,3.0,861.5405405405405
371,0.001029999926686287,,871.2702702702703
372,,3.0,872.3513513513514
378,0.0010599999222904444,,878.8378378378378
379,,3.0,879.918918918919
396,0.0010899999178946018,,895.0
397,,3.0,896.0
405,0.0011199999134987593,,904.0
406,,3.0,905.0
416,0.0011499999091029167,,915.0
417,,3.0,916.0
424,0.0011799999047070742,,923.0
425,,3.0,924.0
438,0.0012099999003112316,,936.025641025641
439,,3.0,937.1282051282051
447,0.001239999895915389,,945.9487179487179
448,,3.0,947.0512820512821
456,0.0012699998915195465,,955.8717948717949
457,,3.0,956.974358974359
465,0.001299999887123704,,965.7948717948718
466,,3.0,966.8974358974359
483,0.0013299998827278614,,985.0
484,,3.0,986.2142857142857
491,0.0013599998783320189,,994.7142857142857
492,,3.0,995.9285714285714
499,0.0013899998739361763,,1004.4285714285714
500,,3.0,1005.6428571428571
509,0.0014199998695403337,,1016.5714285714286
510,,3.0,1017.7857142857143
523,0.0014499998651444912,,1028.047619047619
524,,3.0,1028.952380952381
533,0.0014799998607486486,,1037.095238095238
534,,3.0,1038.0
546,0.001509999856352806,,1048.857142857143
547,,3.0,1049.7619047619048
553,0.0015399998519569635,,1055.1904761904761
554,,3.0,1056.095238095238
566,0.001569999847561121,,1066.6
567,,3.0,1067.6666666666667
577,0.0015999998431652784,,1078.3333333333333
578,,3.0,1079.4
588,0.0016299998387694359,,1090.0666666666666
589,,3.0,1091.1333333333334
600,0.0016599998343735933,,1102.8666666666666
601,,3.0,1103.9333333333334
613,0.0016899998299777508,,1112.75
614,,3.0,1113.611111111111
623,0.0017199998255819082,,1121.361111111111
624,,3.0,1122.2222222222222
633,0.0017499998211860657,,1129.9722222222222
634,,3.0,1130.8333333333333
638,0.0017799998167902231,,1134.2777777777778
639,,3.0,1135.138888888889
653,0.0018099998123943806,,1145.9767441860465
654,,3.0,1146.8837209302326
663,0.001839999807998538,,1155.046511627907
664,,3.0,1155.953488372093
671,0.0018699998036026955,,1162.3023255813953
672,,3.0,1163.2093023255813
683,0.001899999799206853,,1173.1860465116279
684,,3.0,1174.093023255814
700,0.0019299997948110104,,1185.4634146341464
701,,3.0,1186.2682926829268
707,0.001959999790415168,,1191.0975609756097
708,,3.0,1191.9024390243903
714,0.0019899997860193253,,1196.7317073170732
715,,3.0,1197.5365853658536
726,0.0020199997816234827,,1206.3902439024391
727,,3.0,1207.1951219512196
737,0.00204999977722764,,1213.923076923077
738,,3.0,1214.7692307692307
747,0.0020799997728317976,,1222.3846153846155
748,,3.0,1223.2307692307693
758,0.002109999768435955,,1231.6923076923076
759,,3.0,1232.5384615384614
767,0.0021399997640401125,,1239.3076923076924
768,,3.0,1240.1538461538462
786,0.00216999975964427,,1253.0588235294117
787,,3.0,1253.862745098039
800,0.0021999997552484274,,1264.313725490196
801,,3.0,1265.1176470588234
809,0.002229999750852585,,1271.549019607843
810,,3.0,1272.3529411764705
820,0.0022599997464567423,,1280.3921568627452
821,,3.0,1281.1960784313726
840,0.0022899997420608997,,1295.5111111111112
841,,3.0,1296.3555555555556
847,0.002319999737665057,,1301.4222222222222
848,,3.0,1302.2666666666667
855,0.0023499997332692146,,1308.1777777777777
856,,3.0,1309.0222222222221
867,0.002379999728873372,,1318.3111111111111
868,,3.0,1319.1555555555556
883,0.0024099997244775295,,1329.2727272727273
884,,3.0,1330.0454545454545
895,0.002439999720081687,,1338.5454545454545
896,,3.0,1339.3181818181818
905,0.0024699997156858444,,1346.2727272727273
906,,3.0,1347.0454545454545
913,0.002499999711290002,,1352.4545454545455
914,,3.0,1353.2272727272727
927,0.0025299997068941593,,1406.6315789473683
928,,3.0,1411.8947368421052
937,0.0025599997024983168,,1459.2631578947369
938,,3.0,1464.5263157894738
947,0.002589999698102474,,1511.8947368421052
948,,3.0,1517.157894736842
953,0.0026199996937066317,,1543.4736842105262
954,,3.0,1548.7368421052631
968,0.002649999689310789,,1563.025641025641
969,,3.0,1563.8461538461538
982,0.0026799996849149466,,1574.5128205128206
983,,3.0,1575.3333333333333
989,0.002709999680519104,,1580.2564102564102
990,,3.0,1581.076923076923
994,0.0027399996761232615,,1584.3589743589744
995,,3.0,1585.179487179487
1012,0.002769999671727419,,1596.2666666666667
1013,,3.0,1597.0
1021,0.0027999996673315763,,1602.8666666666666
1022,,3.0,1603.6
1033,0.002829999662935734,,1611.6666666666667
1034,,3.0,1612.4
1041,0.0028599996585398912,,1617.5333333333333
1042,,3.0,1618.2666666666667
1056,0.0028899996541440487,,1671.3809523809523
1057,,3.0,1676.142857142857
1066,0.002919999649748206,,1719.0
1067,,3.0,1723.7619047619048
1074,0.0029499996453523636,,1757.095238095238
1075,,3.0,1761.857142857143
1085,0.002979999640956521,,1809.4761904761904
1086,,3.0,1814.2380952380952
1098,0.0030099996365606785,,1827.5714285714287
1099,,3.0,1828.5238095238096
1110,0.003039999632164836,,1839.0
1111,,3.0,1839.952380952381
1119,0.0030699996277689934,,1847.5714285714287
1120,,3.0,1848.5238095238096
1129,0.003099999623373151,,1857.095238095238
1130,,3.0,1858.047619047619
1146,0.0031299996189773083,,1871.0487804878048
1147,,3.0,1871.9756097560976
1153,0.0031599996145814657,,1877.5365853658536
1154,,3.0,1878.4634146341464
1162,0.003189999610185623,,1885.878048780488
1163,,3.0,1886.8048780487804
1172,0.0032199996057897806,,1895.1463414634147
1173,,3.0,1896.0731707317073
1189,0.003249999601393938,,1951.1666666666667
1190,,3.0,1955.3333333333333
1197,0.0032799995969980955,,1984.5
1198,,3.0,1988.6666666666667
1210,0.003309999592602253,,2038.6666666666667
1211,,3.0,2042.8333333333333
1222,0.0033399995882064104,,2088.6666666666665
1223,,3.0,2092.8333333333335
1237,0.003369999583810568,,2111.0697674418607
1238,,3.0,2112.3488372093025
1249,0.0033999995794147253,,2126.4186046511627
1250,,3.0,2127.6976744186045
1259,0.0034299995750188828,,2139.2093023255816
1260,,3.0,2140.4883720930234
1267,0.00345999957062304,,2149.4418604651164
1268,,3.0,2150.720930232558
1288,0.0034899995662271976,,2166.433962264151
1289,,3.0,2167.2830188679245
1299,0.003519999561831355,,2175.7735849056603
1300,,3.0,2176.622641509434
1310,0.0035499995574355125,,2185.1132075471696
1311,,3.0,2185.9622641509436
1322,0.00357999955303967,,2195.301886792453
1323,,3.0,2196.1509433962265
1334,0.0036099995486438274,,2203.6
1335,,3.0,2204.425
1341,0.003639999544247985,,2209.375
1342,,3.0,2210.2
1351,0.0036699995398521423,,2217.625
1352,,3.0,2218.45
1364,0.0036999995354562998,,2228.35
1365,,3.0,2229.175
1380,0.0037299995310604572,,2287.1428571428573
1381,,3.0,2291.904761904762
1387,0.0037599995266646147,,2320.4761904761904
1388,,3.0,2325.2380952380954
1397,0.003789999522268772,,2368.095238095238
1398,,3.0,2372.8571428571427
1408,0.0038199995178729296,,2420.4761904761904
1409,,3.0,2425.2380952380954
1426,0.003849999513477087,,2441.8039215686276
1427,,3.0,2442.6470588235293
1439,0.0038799995090812445,,2452.764705882353
1440,,3.0,2453.607843137255
1451,0.003909999504685402,,2462.8823529411766
1452,,3.0,2463.725490196078
1461,0.003939999733120203,,2471.3137254901962
1462,,3.0,2472.156862745098
1480,0.003969999961555004,,2485.8571428571427
1481,,3.0,2486.714285714286
1494,0.004000000189989805,,2497.8571428571427
1495,,3.0,2498.714285714286
1502,0.004030000418424606,,2504.714285714286
1503,,3.0,2505.5714285714284
1512,0.004060000646859407,,2513.285714285714
1513,,3.0,2514.1428571428573
1530,0.0040900008752942085,,2567.830188679245
1531,,3.0,2571.603773584906
1542,0.00412000110372901,,2613.1132075471696
1543,,3.0,2616.8867924528304
1556,0.004150001332163811,,2665.943396226415
1557,,3.0,2669.7169811320755
1567,0.004180001560598612,,2707.4528301886794
1568,,3.0,2711.2264150943397
1581,0.004210001789033413,,2727.3684210526317
1582,,3.0,2728.6052631578946
1591,0.004240002017468214,,2739.7368421052633
1592,,3.0,2740.9736842105262
1598,0.004270002245903015,,2748.3947368421054
1599,,3.0,2749.6315789473683
1607,0.004300002474337816,,2759.5263157894738
1608,,3.0,2760.7631578947367
1624,0.004330002702772617,,2823.904761904762
1625,,3.0,2828.6666666666665
1631,0.0043600029312074184,,2857.2380952380954
1632,,3.0,2862.0
1641,0.0043900031596422195,,2904.8571428571427
1642,,3.0,2909.6190476190477
1651,0.004420003388077021,,2952.4761904761904
1652,,3.0,2957.2380952380954
1667,0.004450003616511822,,2978.6363636363635
1668,,3.0,2980.0227272727275
1678,0.004480003844946623,,2993.8863636363635
1679,,3.0,2995.2727272727275
1689,0.004510004073381424,,3009.1363636363635
1690,,3.0,3010.5227272727275
1697,0.004540004301816225,,3020.2272727272725
1698,,3.0,3021.6136363636365
1716,0.004570004530251026,,3038.6666666666665
1717,,3.0,3039.711111111111
1726,0.004600004758685827,,3049.1111111111113
1727,,3.0,3050.1555555555556
1737,0.004630004987120628,,3060.6
1738,,3.0,3061.6444444444446
1744,0.0046600052155554295,,3067.911111111111
1745,,3.0,3068.9555555555557
1757,0.0046900054439902306,,3080.431818181818
1758,,3.0,3081.590909090909
1770,0.004720005672425032,,3095.5
1771,,3.0,3096.659090909091
1781,0.004750005900859833,,3108.25
1782,,3.0,3109.409090909091
1790,0.004780006129294634,,3118.681818181818
1791,,3.0,3119.840909090909
1808,0.004810006357729435,,3131.266666666667
1809,,3.0,3132.0
1820,0.004840006586164236,,3140.0666666666666
1821,,3.0,3140.8
1829,0.004870006814599037,,3146.6666666666665
1830,,3.0,3147.4
1837,0.004900007043033838,,3152.5333333333333
1838,,3.0,3153.266666666667
1856,0.004930007271468639,,3175.951219512195
1857,,3.0,3177.4146341463415
1863,0.0049600074999034405,,3186.1951219512193
1864,,3.0,3187.6585365853657
1869,0.004990007728338242,,3194.9756097560976
1870,,3.0,3196.439024390244
1880,0.005020007956773043,,3211.0731707317073
1881,,3.0,3212.5365853658536
1897,0.005050008185207844,,3229.2608695652175
1898,,3.0,3230.4347826086955
1909,0.005080008413642645,,3243.3478260869565
1910,,3.0,3244.521739130435
1920,0.005110008642077446,,3256.2608695652175
1921,,3.0,3257.4347826086955
1928,0.005140008870512247,,3265.6521739130435
1929,,3.0,3266.8260869565215
1945,0.005170009098947048,,3278.5625
1946,,3.0,3279.375
1954,0.005200009327381849,,3285.875
1955,,3.0,3286.6875
1968,0.00523000955581665,,3297.25
1969,,3.0,3298.0625
1978,0.0052600097842514515,,3305.375
1979,,3.0,3306.1875
1998,0.005290010012686253,,3320.714285714286
1999,,3.0,3321.5714285714284
2009,0.005320010241121054,,3330.1428571428573
2010,,3.0,3331.0
2020,0.005350010469555855,,3339.5714285714284
2021,,3.0,3340.4285714285716
2029,0.005380010697990656,,3347.285714285714
2030,,3.0,3348.1428571428573
2044,0.005410010926425457,,3361.7906976744184
2045,,3.0,3362.953488372093
2060,0.005440011154860258,,3380.3953488372094
2061,,3.0,3381.5581395348836
2068,0.005470011383295059,,3389.6976744186045
2069,,3.0,3390.860465116279
2074,0.00550001161172986,,3396.6744186046512
2075,,3.0,3397.8372093023254
2090,0.005530011840164661,,3408.951219512195
2091,,3.0,3409.7804878048782
2098,0.0055600120685994625,,3415.5853658536585
2099,,3.0,3416.4146341463415
2107,0.005590012297034264,,3423.048780487805
2108,,3.0,3423.878048780488
2117,0.005620012525469065,,3431.3414634146343
2118,,3.0,3432.170731707317
2135,0.005650012753903866,,3446.7083333333335
2136,,3.0,3447.6875
2149,0.005680012982338667,,3460.4166666666665
2150,,3.0,3461.3958333333335
2158,0.005710013210773468,,3469.2291666666665
2159,,3.0,3470.2083333333335
2167,0.005740013439208269,,3478.0416666666665
2168,,3.0,3479.0208333333335
2186,0.00577001366764307,,3491.875
2187,,3.0,3492.6666666666665
2195,0.005800013896077871,,3499.0
2196,,3.0,3499.7916666666665
2206,0.005830014124512672,,3507.7083333333335
2207,,3.0,3508.5
2217,0.0058600143529474735,,3516.4166666666665
2218,,3.0,3517.2083333333335
2234,0.005890014581382275,,3538.2558139534885
2235,,3.0,3539.813953488372
2242,0.005920014809817076,,3550.720930232558
2243,,3.0,3552.279069767442
2252,0.005950015038251877,,3566.3023255813955
2253,,3.0,3567.860465116279
2262,0.005980015266686678,,3581.8837209302324
2263,,3.0,3583.4418604651164
2280,0.006010015495121479,,3608.1162790697676
2281,,3.0,3609.767441860465
2288,0.00604001572355628,,3621.3255813953488
2289,,3.0,3622.9767441860463
2298,0.006070015951991081,,3637.8372093023254
2299,,3.0,3639.4883720930234
2307,0.006100016180425882,,3652.6976744186045
2308,,3.0,3654.3488372093025
2323,0.0061300164088606834,,3665.9
2324,,3.0,3666.725
2331,0.0061600166372954845,,3672.5
2332,,3.0,3673.325
2338,0.006190016865730286,,3678.275
2339,,3.0,3679.1
2349,0.006220017094165087,,3687.35
2350,,3.0,3688.175
2361,0.006250017322599888,,3698.3714285714286
2362,,3.0,3699.542857142857
2371,0.006280017551034689,,3710.0857142857144
2372,,3.0,3711.2571428571428
2380,0.00631001777946949,,3720.6285714285714
2381,,3.0,3721.8
2386,0.006340018007904291,,3727.657142857143
2387,,3.0,3728.8285714285716
2402,0.006370018236339092,,3785.813953488372
2403,,3.0,3790.4651162790697
2412,0.006400018464773893,,3832.3255813953488
2413,,3.0,3836.9767441860467
2421,0.0064300186932086945,,3874.186046511628
2422,,3.0,3878.8372093023254
2431,0.0064600189216434956,,3920.6976744186045
2432,,3.0,3925.3488372093025
2449,0.006490019150078297,,3950.285714285714
2450,,3.0,3951.734693877551
2461,0.006520019378513098,,3967.673469387755
2462,,3.0,3969.122448979592
2470,0.006550019606947899,,3980.714285714286
2471,,3.0,3982.1632653061224
2482,0.0065800198353827,,3998.1020408163267
2483,,3.0,3999.5510204081634
2498,0.006610020063817501,,4021.093023255814
2499,,3.0,4022.767441860465
2510,0.006640020292252302,,4041.186046511628
2511,,3.0,4042.860465116279
2518,0.006670020520687103,,4054.5813953488373
2519,,3.0,4056.2558139534885
2527,0.006700020749121904,,4069.6511627906975
2528,,3.0,4071.3255813953488
2542,0.0067300209775567055,,4090.6
2543,,3.0,4092.2
2549,0.006760021205991507,,4101.8
2550,,3.0,4103.4
2559,0.006790021434426308,,4117.8
2560,,3.0,4119.4
2569,0.006820021662861109,,4133.8
2570,,3.0,4135.4
2584,0.00685002189129591,,4156.642857142857
2585,,3.0,4158.428571428572
2593,0.006880022119730711,,4172.714285714285
2594,,3.0,4174.5
2602,0.006910022348165512,,4188.785714285715
2603,,3.0,4190.571428571428
2613,0.006940022576600313,,4208.428571428572
2614,,3.0,4210.214285714285
2628,0.006970022805035114,,4226.85
2629,,3.0,4228.2
2635,0.007000023033469915,,4236.3
2636,,3.0,4237.65
2646,0.0070300232619047165,,4251.15
2647,,3.0,4252.5
2655,0.007060023490339518,,4263.3
2656,,3.0,4264.65
2668,0.007090023718774319,,4278.073170731707
2669,,3.0,4279.414634146341
2681,0.00712002394720912,,4295.512195121952
2682,,3.0,4296.8536585365855
2688,0.007150024175643921,,4304.90243902439
2689,,3.0,4306.243902439024
2698,0.007180024404078722,,4318.317073170731
2699,,3.0,4319.658536585366
2720,0.007210024632513523,,4341.037735849057
2721,,3.0,4342.1509433962265
2737,0.007240024860948324,,4359.962264150943
2738,,3.0,4361.075471698113
2744,0.007270025089383125,,4367.754716981132
2745,,3.0,4368.867924528302
2753,0.007300025317817926,,4377.773584905661
2754,,3.0,4378.88679245283
2769,0.0073300255462527275,,4388.372093023256
2770,,3.0,4389.069767441861
2780,0.007360025774687529,,4396.046511627907
2781,,3.0,4396.7441860465115
2788,0.00739002600312233,,4401.627906976744
2789,,3.0,4402.325581395349
2798,0.007420026231557131,,4408.604651162791
2799,,3.0,4409.302325581395
2823,0.007450026459991932,,4429.425
2824,,3.0,4430.35
2828,0.007480026688426733,,4434.05
2829,,3.0,4434.975
2833,0.007510026916861534,,4438.675
2834,,3.0,4439.6
2840,0.007540027145296335,,4445.15
2841,,3.0,4446.075
2851,0.007570027373731136,,4462.029411764706
2852,,3.0,4464.176470588235
2859,0.007600027602165937,,4479.205882352941
2860,,3.0,4481.35294117647
2869,0.0076300278306007385,,4500.676470588235
2870,,3.0,4502.823529411765
2876,0.00766002805903554,,4515.705882352941
2877,,3.0,4517.85294117647
2890,0.007690028287470341,,4536.857142857143
2891,,3.0,4538.542857142857
2896,0.007720028515905142,,4546.971428571429
2897,,3.0,4548.657142857143
2905,0.007750028744339943,,4562.142857142857
2906,,3.0,4563.828571428571
2913,0.007780028972774744,,4575.628571428571
2914,,3.0,4577.314285714286
2933,0.007810029201209545,,4589.35294117647
2934,,3.0,4590.0
2946,0.007840028963983059,,4597.764705882353
2947,,3.0,4598.411764705882
2958,0.007870028726756573,,4605.529411764706
2959,,3.0,4606.176470588235
2966,0.007900028489530087,,4610.705882352941
2967,,3.0,4611.35294117647
2983,0.0079300282523036,,4640.659090909091
2984,,3.0,4642.863636363636
2994,0.007960028015077114,,4664.909090909091
2995,,3.0,4667.113636363636
3002,0.007990027777850628,,4682.545454545455
3003,,3.0,4684.75
3012,0.008020027540624142,,4704.590909090909
3013,,3.0,4706.795454545455
3026,0.008050027303397655,,4716.948717948718
3027,,3.0,4717.74358974359
3036,0.00808002706617117,,4724.897435897436
3037,,3.0,4725.692307692308
3043,0.008110026828944683,,4730.461538461538
3044,,3.0,4731.25641025641
3053,0.008140026591718197,,4738.410256410257
3054,,3.0,4739.205128205128
3070,0.00817002635449171,,4750.780487804878
3071,,3.0,4751.609756097561
3079,0.008200026117265224,,4758.243902439024
3080,,3.0,4759.073170731707
3089,0.008230025880038738,,4766.536585365854
3090,,3.0,4767.365853658536
3096,0.008260025642812252,,4772.341463414634
3097,,3.0,4773.170731707317
3106,0.008290025405585766,,4803.268292682927
3107,,3.0,4808.1463414634145
3118,0.00832002516835928,,4861.804878048781
3119,,3.0,4866.682926829269
3128,0.008350024931132793,,4910.585365853659
3129,,3.0,4915.463414634146
3139,0.008380024693906307,,4964.243902439024
3140,,3.0,4969.121951219512
3160,0.008410024456679821,,4994.966666666666
3161,,3.0,4996.2
3171,0.008440024219453335,,5008.533333333334
3172,,3.0,5009.766666666666
3187,0.008470023982226849,,5028.266666666666
3188,,3.0,5029.5
3201,0.008500023745000362,,5045.533333333334
3202,,3.0,5046.766666666666
3216,0.008530023507773876,,5068.8421052631575
3217,,3.0,5070.736842105263
3223,0.00856002327054739,,5082.105263157895
3224,,3.0,5084.0
3232,0.008590023033320904,,5099.1578947368425
3233,,3.0,5101.0526315789475
3241,0.008620022796094418,,5116.210526315789
3242,,3.0,5118.105263157895
3254,0.008650022558867931,,5135.1875
3255,,3.0,5136.875
3265,0.008680022321641445,,5153.75
3266,,3.0,5155.4375
3277,0.008710022084414959,,5174.0
3278,,3.0,5175.6875
3291,0.008740021847188473,,5197.625
3292,,3.0,5199.3125
3306,0.008770021609961987,,5223.275
3307,,3.0,5225.3
3316,0.0088000213727355,,5243.525
3317,,3.0,5245.55
3323,0.008830021135509014,,5257.7
3324,,3.0,5259.725
3333,0.008860020898282528,,5277.95
3334,,3.0,5279.975
3349,0.008890020661056042,,5300.153846153846
3350,,3.0,5301.666666666667
3360,0.008920020423829556,,5316.794871794872
3361,,3.0,5318.307692307692
3370,0.00895002018660307,,5331.923076923077
3371,,3.0,5333.4358974358975
3374,0.008980019949376583,,5337.974358974359
3375,,3.0,5339.48717948718
3390,0.009010019712150097,,5399.536585365854
3391,,3.0,5404.414634146341
3402,0.00904001947492361,,5458.073170731707
3403,,3.0,5462.951219512195
3410,0.009070019237697124,,5497.09756097561
3411,,3.0,5501.975609756098
3417,0.009100019000470638,,5531.243902439024
3418,,3.0,5536.121951219512
3432,0.009130018763244152,,5557.09756097561
3433,,3.0,5558.5609756097565
3440,0.009160018526017666,,5568.804878048781
3441,,3.0,5570.268292682927
3450,0.00919001828879118,,5583.4390243902435
3451,,3.0,5584.90243902439
3460,0.009220018051564693,,5598.073170731707
3461,,3.0,5599.536585365854
3476,0.009250017814338207,,5625.0
3477,,3.0,5627.0
3488,0.009280017577111721,,5649.0
3489,,3.0,5651.0
3497,0.009310017339885235,,5667.0
3498,,3.0,5669.0
3507,0.009340017102658749,,5687.0
3508,,3.0,5689.0
3527,0.009370016865432262,,5700.263157894737
3528,,3.0,5700.8421052631575
3540,0.009400016628205776,,5707.789473684211
3541,,3.0,5708.368421052632
3554,0.00943001639097929,,5715.894736842105
3555,,3.0,5716.473684210527
3566,0.009460016153752804,,5722.8421052631575
3567,,3.0,5723.421052631579
3579,0.009490015916526318,,5740.425
3580,,3.0,5742.25
3589,0.009520015679299831,,5758.675
3590,,3.0,5760.5
3599,0.009550015442073345,,5776.925
3600,,3.0,5778.75
3608,0.009580015204846859,,5793.35
3609,,3.0,5795.175
3623,0.009610014967620373,,5823.024390243902
3624,,3.0,5825.390243902439
3633,0.009640014730393887,,5846.682926829269
3634,,3.0,5849.048780487805
3642,0.0096700144931674,,5867.975609756098
3643,,3.0,5870.341463414634
3651,0.009700014255940914,,5889.268292682927
3652,,3.0,5891.634146341464
3671,0.009730014018714428,,5903.358490566037
3672,,3.0,5903.943396226415
3685,0.009760013781487942,,5911.547169811321
3686,,3.0,5912.132075471698
3697,0.009790013544261456,,5918.566037735849
3698,,3.0,5919.1509433962265
3706,0.00982001330703497,,5923.830188679245
3707,,3.0,5924.415094339623
3718,0.009850013069808483,,5937.114285714286
3719,,3.0,5938.628571428571
3724,0.009880012832581997,,5946.2
3725,,3.0,5947.714285714285
3735,0.00991001259535551,,5962.857142857143
3736,,3.0,5964.371428571429
3743,0.009940012358129025,,5974.971428571429
3744,,3.0,5976.4857142857145
3763,0.009970012120902538,,6003.872340425532
3764,,3.0,6005.489361702128
3771,0.010000011883676052,,6016.808510638298
3772,,3.0,6018.425531914893
3781,0.010030011646449566,,6032.978723404255
3782,,3.0,6034.595744680851
3792,0.01006001140922308,,6050.765957446809
3793,,3.0,6052.382978723404
3808,0.010090011171996593,,6062.8
3809,,3.0,6063.533333333334
3818,0.010120010934770107,,6070.133333333333
3819,,3.0,6070.866666666667
3832,0.010150010697543621,,6080.4
3833,,3.0,6081.133333333333
3839,0.010180010460317135,,6085.533333333334
3840,,3.0,6086.266666666666
3854,0.010210010223090649,,6138.162790697675
3855,,3.0,6142.813953488372
3860,0.010240009985864162,,6166.069767441861
3861,,3.0,6170.720930232558
3873,0.010270009748637676,,6226.53488372093
3874,,3.0,6231.186046511628
3884,0.01030000951141119,,6277.697674418605
3885,,3.0,6282.3488372093025
3900,0.010330009274184704,,6306.813953488372
3901,,3.0,6308.46511627907
3909,0.010360009036958218,,6321.674418604651
3910,,3.0,6323.325581395349
3917,0.010390008799731731,,6334.883720930233
3918,,3.0,6336.53488372093
3929,0.010420008562505245,,6354.697674418605
3930,,3.0,6356.3488372093025
3941,0.010450008325278759,,6370.408163265306
3942,,3.0,6371.959183673469
3953,0.010480008088052273,,6389.0204081632655
3954,,3.0,6390.571428571428
3969,0.010510007850825787,,6413.836734693878
3970,,3.0,6415.3877551020405
3980,0.0105400076135993,,6430.897959183673
3981,,3.0,6432.448979591837
3994,0.010570007376372814,,6456.4390243902435
3995,,3.0,6458.682926829269
4000,0.010600007139146328,,6469.90243902439
4001,,3.0,6472.1463414634145
4008,0.010630006901919842,,6487.8536585365855
4009,,3.0,6490.09756097561
4023,0.010660006664693356,,6521.512195121952
4024,,3.0,6523.756097560976
4041,0.01069000642746687,,6537.395348837209
4042,,3.0,6538.209302325581
4048,0.010720006190240383,,6543.093023255814
4049,,3.0,6543.906976744186
4056,0.010750005953013897,,6549.604651162791
4057,,3.0,6550.418604651163
4068,0.01078000571578741,,6559.372093023256
4069,,3.0,6560.186046511628
4079,0.010810005478560925,,6578.305555555556
4080,,3.0,6580.777777777777
4088,0.010840005241334438,,6600.555555555556
4089,,3.0,6603.027777777777
4098,0.010870005004107952,,6625.277777777777
4099,,3.0,6627.75
4106,0.010900004766881466,,6645.055555555556
4107,,3.0,6647.527777777777
4124,0.01093000452965498,,6709.574468085107
4125,,3.0,6713.829787234043
4133,0.010960004292428493,,6747.872340425532
4134,,3.0,6752.127659574468
4142,0.010990004055202007,,6786.170212765957
4143,,3.0,6790.425531914893
4155,0.011020003817975521,,6841.489361702128
4156,,3.0,6845.744680851064
4168,0.011050003580749035,,6867.142857142857
4169,,3.0,6869.047619047619
4180,0.011080003343522549,,6890.0
4181,,3.0,6891.9047619047615
4190,0.011110003106296062,,6909.047619047619
4191,,3.0,6910.952380952381
4199,0.011140002869069576,,6926.190476190476
4200,,3.0,6928.0952380952385
4216,0.01117000263184309,,6995.0
4217,,3.0,7000.0
4223,0.011200002394616604,,7030.0
4224,,3.0,7035.0
4232,0.011230002157390118,,7075.0
4233,,3.0,7080.0
4241,0.011260001920163631,,7120.0
4242,,3.0,7125.0
4254,0.011290001682937145,,7139.529411764706
4255,,3.0,7140.588235294118
4264,0.011320001445710659,,7150.117647058823
4265,,3.0,7151.176470588235
4273,0.011350001208484173,,7159.64705882353
4274,,3.0,7160.705882352941
4277,0.011380000971257687,,7163.882352941177
4278,,3.0,7164.941176470588
4290,0.0114100007340312,,7206.0
4291,,3.0,7210.444444444444
4306,0.011440000496804714,,7277.111111111111
4307,,3.0,7281.555555555556
4315,0.011470000259578228,,7317.111111111111
4316,,3.0,7321.555555555556
4324,0.011500000022351742,,7357.111111111111
4325,,3.0,7361.555555555556
4339,0.011529999785125256,,7391.019607843137
4340,,3.0,7393.294117647059
4353,0.01155999954789877,,7422.862745098039
4354,,3.0,7425.137254901961
4367,0.011589999310672283,,7454.705882352941
4368,,3.0,7456.980392156863
4377,0.011619999073445797,,7477.450980392156
4378,,3.0,7479.725490196079
4389,0.01164999883621931,,7490.888888888889
4390,,3.0,7492.0
4397,0.011679998598992825,,7499.777777777777
4398,,3.0,7500.888888888889
4406,0.011709998361766338,,7509.777777777777
4407,,3.0,7510.888888888889
4415,0.011739998124539852,,7519.777777777777
4416,,3.0,7520.888888888889
4431,0.011769997887313366,,7544.046511627907
4432,,3.0,7545.883720930233
4439,0.01179999765008688,,7558.7441860465115
4440,,3.0,7560.581395348837
4450,0.011829997412860394,,7578.953488372093
4451,,3.0,7580.790697674419
4460,0.011859997175633907,,7597.325581395349
4461,,3.0,7599.162790697675
4476,0.011889996938407421,,7624.265306122449
4477,,3.0,7626.2040816326535
4489,0.011919996701180935,,7649.469387755102
4490,,3.0,7651.408163265306
4501,0.011949996463954449,,7672.734693877551
4502,,3.0,7674.673469387755
4511,0.011979996226727962,,7692.122448979592
4512,,3.0,7694.061224489796
4527,0.012009995989501476,,7716.68085106383
4528,,3.0,7718.404255319149
4539,0.01203999575227499,,7737.36170212766
4540,,3.0,7739.085106382979
4548,0.012069995515048504,,7752.872340425532
4549,,3.0,7754.595744680851
4560,0.012099995277822018,,7773.553191489362
4561,,3.0,7775.276595744681
4570,0.012129995040595531,,7790.421052631579
4571,,3.0,7792.6578947368425
4577,0.012159994803369045,,7806.078947368421
4578,,3.0,7808.315789473684
4587,0.012189994566142559,,7828.4473684210525
4588,,3.0,7830.684210526316
4600,0.012219994328916073,,7857.526315789473
4601,,3.0,7859.763157894737
4614,0.012249994091689587,,7882.909090909091
4615,,3.0,7885.0
4624,0.0122799938544631,,7903.818181818182
4625,,3.0,7905.909090909091
4636,0.012309993617236614,,7928.909090909091
4637,,3.0,7931.0
4646,0.012339993380010128,,7949.818181818182
4647,,3.0,7951.909090909091
4660,0.012369993142783642,,7961.5
4661,,3.0,7962.25
4673,0.012399992905557156,,7971.25
4674,,3.0,7972.0
4688,0.01242999266833067,,7982.5
4689,,3.0,7983.25
4700,0.012459992431104183,,7991.5
4701,,3.0,7992.25
4719,0.012489992193877697,,8014.382978723404
4720,,3.0,8015.808510638298
4731,0.01251999195665121,,8031.489361702128
4732,,3.0,8032.914893617021
4741,0.012549991719424725,,8045.744680851064
4742,,3.0,8047.170212765957
4749,0.012579991482198238,,8057.148936170212
4750,,3.0,8058.574468085107
4763,0.012609991244971752,,8082.894736842105
4764,,3.0,8085.184210526316
4771,0.012639991007745266,,8101.210526315789
4772,,3.0,8103.5
4778,0.01266999077051878,,8117.236842105263
4779,,3.0,8119.526315789473
4789,0.012699990533292294,,8142.421052631579
4790,,3.0,8144.710526315789
4805,0.012729990296065807,,8175.5
4806,,3.0,8177.875
4813,0.012759990058839321,,8194.5
4814,,3.0,8196.875
4822,0.012789989821612835,,8215.875
4823,,3.0,8218.25
4831,0.012819989584386349,,8237.25
4832,,3.0,8239.625
4852,0.012849989347159863,,8275.260869565218
4853,,3.0,8277.217391304348
4865,0.012879989109933376,,8300.695652173914
4866,,3.0,8302.652173913044
4874,0.01290998887270689,,8318.304347826086
4875,,3.0,8320.260869565218
4879,0.012939988635480404,,8328.08695652174
4880,,3.0,8330.04347826087
4898,0.012969988398253918,,8359.5
4899,,3.0,8361.333333333334
4904,0.012999988161027431,,8370.5
4905,,3.0,8372.333333333334
4914,0.013029987923800945,,8388.833333333334
4915,,3.0,8390.666666666666
4923,0.013059987686574459,,8405.333333333334
4924,,3.0,8407.166666666666
4941,0.013089987449347973,,8432.022222222222
4942,,3.0,8433.666666666666
4950,0.013119987212121487,,8446.822222222223
4951,,3.0,8448.466666666667
4965,0.013149986974895,,8471.488888888889
4966,,3.0,8473.133333333333
4970,0.013179986737668514,,8479.711111111112
4971,,3.0,8481.355555555556
4985,0.013209986500442028,,8502.048780487805
4986,,3.0,8503.780487804877
4992,0.013239986263215542,,8514.170731707318
4993,,3.0,8515.90243902439
5000,0.013269986025989056,,8528.024390243903
5001,,3.0,8529.756097560976
5013,0.01329998578876257,,8550.536585365853
5014,,3.0,8552.268292682927
5028,0.013329985551536083,,8604.0
5029,,3.0,8608.545454545454
5040,0.013359985314309597,,8658.545454545454
5041,,3.0,8663.09090909091
5048,0.01338998507708311,,8694.90909090909
5049,,3.0,8699.454545454546
5059,0.013419984839856625,,8744.90909090909
5060,,3.0,8749.454545454546
5077,0.013449984602630138,,8779.666666666666
5078,,3.0,8781.5
5086,0.013479984365403652,,8796.166666666666
5087,,3.0,8798.0
5093,0.013509984128177166,,8809.0
5094,,3.0,8810.833333333334
5103,0.01353998389095068,,8827.333333333334
5104,,3.0,8829.166666666666
5125,0.013569983653724194,,8853.09090909091
5126,,3.0,8854.318181818182
5133,0.013599983416497707,,8862.90909090909
5134,,3.0,8864.136363636364
5139,0.013629983179271221,,8870.272727272728
5140,,3.0,8871.5
5149,0.013659982942044735,,8882.545454545454
5150,,3.0,8883.772727272728
5166,0.013689982704818249,,8907.595238095239
5167,,3.0,8909.333333333334
5177,0.013719982467591763,,8926.714285714286
5178,,3.0,8928.452380952382
5185,0.013749982230365276,,8940.619047619048
5186,,3.0,8942.357142857143
5193,0.01377998199313879,,8954.52380952381
5194,,3.0,8956.261904761905
5212,0.013809981755912304,,8985.0
5213,,3.0,8986.8
5223,0.013839981518685818,,9004.8
5224,,3.0,9006.6
5232,0.013869981281459332,,9021.0
5233,,3.0,9022.8
5240,0.013899981044232845,,9035.4
5241,,3.0,9037.2
5253,0.013929980807006359,,9058.67441860465
5254,,3.0,9060.860465116279
5261,0.013959980569779873,,9076.162790697674
5262,,3.0,9078.348837209302
5275,0.013989980332553387,,9106.767441860466
5276,,3.0,9108.953488372093
5285,0.0140199800953269,,9128.627906976744
5286,,3.0,9130.813953488372
5302,0.014049979858100414,,9189.521739130434
5303,,3.0,9193.869565217392
5312,0.014079979620873928,,9233.0
5313,,3.0,9237.347826086956
5323,0.014109979383647442,,9280.826086956522
5324,,3.0,9285.173913043478
5333,0.014139979146420956,,9324.304347826086
5334,,3.0,9328.652173913044
5354,0.01416997890919447,,9366.0
5355,,3.0,9367.941176470587
5367,0.014199978671967983,,9391.235294117647
5368,,3.0,9393.176470588236
5377,0.014229978434741497,,9410.64705882353
5378,,3.0,9412.588235294117
5386,0.01425997819751501,,9428.117647058823
5387,,3.0,9430.058823529413
5402,0.014289977960288525,,9474.33962264151
5403,,3.0,9477.867924528302
5415,0.014319977723062038,,9520.207547169812
5416,,3.0,9523.735849056604
5429,0.014349977485835552,,9569.603773584906
5430,,3.0,9573.132075471698
5441,0.014379977248609066,,9611.943396226416
5442,,3.0,9615.471698113208
5454,0.01440997701138258,,9632.285714285714
5455,,3.0,9633.761904761905
5467,0.014439976774156094,,9651.47619047619
5468,,3.0,9652.952380952382
5476,0.014469976536929607,,9664.761904761905
5477,,3.0,9666.238095238095
5485,0.014499976299703121,,9678.047619047618
5486,,3.0,9679.52380952381
5499,0.014529976062476635,,9699.40909090909
5500,,3.0,9701.25
5509,0.014559975825250149,,9717.818181818182
5510,,3.0,9719.65909090909
5519,0.014589975588023663,,9736.227272727272
5520,,3.0,9738.068181818182
5531,0.014619975350797176,,9758.318181818182
5532,,3.0,9760.15909090909
5544,0.01464997511357069,,9807.0
5545,,3.0,9812.0
5554,0.014679974876344204,,9857.0
5555,,3.0,9862.0
5564,0.014709974639117718,,9907.0
5565,,3.0,9912.0
5573,0.014739974401891232,,9952.0
5574,,3.0,9957.0
5591,0.014769974164664745,,9972.127659574468
5592,,3.0,9972.851063829787
5605,0.014799973927438259,,9982.255319148937
5606,,3.0,9982.978723404256
5615,0.014829973690211773,,9989.489361702128
5616,,3.0,9990.212765957447
5622,0.014859973452985287,,9994.553191489362
5623,,3.0,9995.27659574468
5639,0.0148899732157588,,10012.93023255814
5640,,3.0,10014.232558139534
5650,0.014919972978532314,,10027.255813953489
5651,,3.0,10028.558139534884
5658,0.014949972741305828,,10037.67441860465
5659,,3.0,10038.976744186046
5667,0.014979972504079342,,10049.39534883721
5668,,3.0,10050.697674418605
5680,0.015009972266852856,,10065.170731707318
5681,,3.0,10066.634146341463
5688,0.01503997202962637,,10076.878048780487
5689,,3.0,10078.341463414634
5700,0.015069971792399883,,10094.439024390244
5701,,3.0,10095.90243902439
5710,0.015099971555173397,,10109.073170731708
5711,,3.0,10110.536585365853
5724,0.01512997131794691,,10128.944444444445
5725,,3.0,10130.638888888889
5731,0.015159971080720425,,10140.805555555555
5732,,3.0,10142.5
5741,0.015189970843493938,,10157.75
5742,,3.0,10159.444444444445
5748,0.015219970606267452,,10169.611111111111
5749,,3.0,10171.305555555555
5758,0.015249970369040966,,10182.076923076924
5759,,3.0,10183.589743589744
5766,0.01527997013181448,,10194.179487179486
5767,,3.0,10195.692307692309
5779,0.015309969894587994,,10213.846153846154
5780,,3.0,10215.358974358975
5789,0.015339969657361507,,10228.97435897436
5790,,3.0,10230.48717948718
5802,0.015369969420135021,,10241.95744680851
5803,,3.0,10243.063829787234
5814,0.015399969182908535,,10255.234042553191
5815,,3.0,10256.340425531915
5824,0.015429968945682049,,10266.297872340425
5825,,3.0,10267.404255319148
5838,0.015459968708455563,,10281.787234042553
5839,,3.0,10282.893617021276
5858,0.015489968471229076,,10308.163265306122
5859,,3.0,10309.673469387755
5866,0.01551996823400259,,10320.244897959185
5867,,3.0,10321.755102040815
5876,0.015549967996776104,,10335.34693877551
5877,,3.0,10336.857142857143
5889,0.015579967759549618,,10354.979591836734
5890,,3.0,10356.489795918367
5907,0.015609967522323132,,10392.681818181818
5908,,3.0,10395.15909090909
5915,0.01563996821641922,,10412.5
5916,,3.0,10414.977272727272
5924,0.015669967979192734,,10434.795454545454
5925,,3.0,10437.272727272728
5935,0.015699967741966248,,10462.045454545454
5936,,3.0,10464.522727272728
5953,0.01572996750473976,,10488.56
5954,,3.0,10490.1
5965,0.015759967267513275,,10507.04
5966,,3.0,10508.58
5973,0.01578996703028679,,10519.36
5974,,3.0,10520.9
5987,0.015819966793060303,,10540.92
5988,,3.0,10542.46
6004,0.015849966555833817,,10558.585365853658
6005,,3.0,10559.707317073171
6014,0.01587996631860733,,10569.80487804878
6015,,3.0,10570.926829268292
6024,0.015909966081380844,,10581.024390243903
6025,,3.0,10582.146341463415
6030,0.015939965844154358,,10587.756097560976
6031,,3.0,10588.878048780487
6047,0.01596996560692787,,10650.46511627907
6048,,3.0,10655.116279069767
6055,0.015999965369701385,,10687.67441860465
6056,,3.0,10692.32558139535
6065,0.0160299651324749,,10734.186046511628
6066,,3.0,10738.837209302326
6075,0.016059964895248413,,10780.697674418605
6076,,3.0,10785.348837209302
6090,0.016089964658021927,,10814.0
6091,,3.0,10816.181818181818
6100,0.01611996442079544,,10835.818181818182
6101,,3.0,10838.0
6111,0.016149964183568954,,10859.818181818182
6112,,3.0,10862.0
6121,0.016179963946342468,,10881.636363636364
6122,,3.0,10883.818181818182
6136,0.016209963709115982,,10901.829268292682
6137,,3.0,10903.268292682927
6148,0.016239963471889496,,10919.09756097561
6149,,3.0,10920.536585365853
6157,0.01626996323466301,,10932.048780487805
6158,,3.0,10933.487804878048
6164,0.016299962997436523,,10942.121951219513
6165,,3.0,10943.560975609756
6182,0.016329962760210037,,10964.727272727272
6183,,3.0,10966.136363636364
6190,0.01635996252298355,,10976.0
6191,,3.0,10977.40909090909
6200,0.016389962285757065,,10990.09090909091
6201,,3.0,10991.5
6210,0.01641996204853058,,11004.181818181818
6211,,3.0,11005.59090909091
6224,0.016449961811304092,,11025.372093023256
6225,,3.0,11027.209302325582
6235,0.016479961574077606,,11045.581395348838
6236,,3.0,11047.418604651162
6246,0.01650996133685112,,11065.790697674418
6247,,3.0,11067.627906976744
6255,0.016539961099624634,,11082.32558139535
6256,,3.0,11084.162790697674
6271,0.016569960862398148,,11102.981132075472
6272,,3.0,11104.396226415094
6283,0.01659996062517166,,11119.962264150943
6284,,3.0,11121.377358490567
6295,0.016629960387945175,,11136.943396226416
6296,,3.0,11138.358490566037
6310,0.01665996015071869,,11158.169811320755
6311,,3.0,11159.584905660377
6322,0.016689959913492203,,11173.57142857143
6323,,3.0,11175.142857142857
6333,0.016719959676265717,,11190.857142857143
6334,,3.0,11192.42857142857
6348,0.01674995943903923,,11214.42857142857
6349,,3.0,11216.0
6354,0.016779959201812744,,11223.857142857143
6355,,3.0,11225.42857142857
6369,0.016809958964586258,,11236.658536585366
6370,,3.0,11237.536585365853
6376,0.01683995872735977,,11242.80487804878
6377,,3.0,11243.682926829268
6387,0.016869958490133286,,11252.463414634147
6388,,3.0,11253.341463414634
6397,0.0168999582529068,,11261.243902439024
6398,,3.0,11262.121951219513
6410,0.016929958015680313,,11297.054054054053
6411,,3.0,11300.837837837838
6422,0.016959957778453827,,11342.45945945946
6423,,3.0,11346.243243243243
6429,0.01698995754122734,,11368.945945945947
6430,,3.0,11372.72972972973
6436,0.017019957304000854,,11395.432432432432
6437,,3.0,11399.216216216217
6449,0.01704995706677437,,11416.92857142857
6450,,3.0,11418.47619047619
6462,0.017079956829547882,,11437.047619047618
6463,,3.0,11438.595238095239
6473,0.017109956592321396,,11454.07142857143
6474,,3.0,11455.619047619048
6480,0.01713995635509491,,11464.904761904761
6481,,3.0,11466.452380952382
6499,0.017169956117868423,,11528.0
6500,,3.0,11532.0
6507,0.017199955880641937,,11560.0
6508,,3.0,11564.0
6523,0.01722995564341545,,11624.0
6524,,3.0,11628.0
6532,0.017259955406188965,,11660.0
6533,,3.0,11664.0
6546,0.01728995516896248,,11690.444444444445
6547,,3.0,11692.68888888889
6555,0.017319954931735992,,11710.644444444444
6556,,3.0,11712.888888888889
6564,0.017349954694509506,,11730.844444444445
6565,,3.0,11733.08888888889
6579,0.01737995445728302,,11764.511111111111
6580,,3.0,11766.755555555555
6600,0.017409954220056534,,11797.962962962964
6601,,3.0,11799.666666666666
6612,0.017439953982830048,,11818.407407407407
6613,,3.0,11820.111111111111
6624,0.01746995374560356,,11838.851851851852
6625,,3.0,11840.555555555555
6635,0.017499953508377075,,11857.592592592593
6636,,3.0,11859.296296296296
6650,0.01752995327115059,,11894.55
6651,,3.0,11897.6
6662,0.017559953033924103,,11931.15
6663,,3.0,11934.2
6669,0.017589952796697617,,11952.5
6670,,3.0,11955.55
6677,0.01761995255947113,,11976.9
6678,,3.0,11979.95
6693,0.017649952322244644,,12008.363636363636
6694,,3.0,12010.477272727272
6700,0.017679952085018158,,12023.15909090909
6701,,3.0,12025.272727272728
6713,0.017709951847791672,,12050.636363636364
6714,,3.0,12052.75
6723,0.017739951610565186,,12071.772727272728
6724,,3.0,12073.886363636364
6735,0.0177699513733387,,12083.219512195123
6736,,3.0,12084.121951219513
6743,0.017799951136112213,,12090.439024390244
6744,,3.0,12091.341463414634
6757,0.017829950898885727,,12103.073170731708
6758,,3.0,12103.975609756097
6766,0.01785995066165924,,12111.19512195122
6767,,3.0,12112.09756097561
6778,0.017889950424432755,,12124.2
6779,,3.0,12125.6
6789,0.01791995018720627,,12139.6
6790,,3.0,12141.0
6798,0.017949949949979782,,12152.2
6799,,3.0,12153.6
6808,0.017979949712753296,,12166.2
6809,,3.0,12167.6
6824,0.01800994947552681,,12191.588235294117
6825,,3.0,12193.470588235294
6836,0.018039949238300323,,12214.176470588236
6837,,3.0,12216.058823529413
6848,0.018069949001073837,,12236.764705882353
6849,,3.0,12238.64705882353
6861,0.01809994876384735,,12261.235294117647
6862,,3.0,12263.117647058823
6874,0.018129948526620865,,12298.333333333334
6875,,3.0,12302.037037037036
6883,0.01815994828939438,,12331.666666666666
6884,,3.0,12335.37037037037
6900,0.018189948052167892,,12394.62962962963
6901,,3.0,12398.333333333334
6917,0.018219947814941406,,12457.592592592593
6918,,3.0,12461.296296296296
6938,0.01824994757771492,,12494.0
6939,,3.0,12495.70588235294
6951,0.018279947340488434,,12516.176470588236
6952,,3.0,12517.882352941177
6962,0.018309947103261948,,12534.941176470587
6963,,3.0,12536.64705882353
6970,0.01833994686603546,,12548.588235294117
6971,,3.0,12550.29411764706
6985,0.018369946628808975,,12565.2
6986,,3.0,12566.4
6996,0.01839994639158249,,12578.4
6997,,3.0,12579.6
7008,0.018429946154356003,,12592.8
7009,,3.0,12594.0
7017,0.018459945917129517,,12603.6
7018,,3.0,12604.8
7038,0.01848994567990303,,12623.69387755102
7039,,3.0,12624.734693877552
7046,0.018519945442676544,,12632.020408163266
7047,,3.0,12633.061224489797
7059,0.018549945205450058,,12645.551020408164
7060,,3.0,12646.591836734693
7068,0.018579944968223572,,12654.918367346938
7069,,3.0,12655.959183673469
7082,0.018609944730997086,,12685.947368421053
7083,,3.0,12688.842105263158
7091,0.0186399444937706,,12712.0
7092,,3.0,12714.894736842105
7101,0.018669944256544113,,12740.947368421053
7102,,3.0,12743.842105263158
7108,0.018699944019317627,,12761.21052631579
7109,,3.0,12764.105263157895
7121,0.01872994378209114,,12778.634146341463
7122,,3.0,12779.926829268292
7131,0.018759943544864655,,12791.560975609756
7132,,3.0,12792.853658536585
7139,0.01878994330763817,,12801.90243902439
7140,,3.0,12803.19512195122
7151,0.018819943070411682,,12817.414634146342
7152,,3.0,12818.707317073171
7168,0.018849942833185196,,12857.104166666666
7169,,3.0,12859.958333333334
7179,0.01887994259595871,,12888.5
7180,,3.0,12891.354166666666
7190,0.018909942358732224,,12919.895833333334
7191,,3.0,12922.75
7201,0.018939942121505737,,12951.291666666666
7202,,3.0,12954.145833333334
7212,0.01896994188427925,,12968.277777777777
7213,,3.0,12969.888888888889
7219,0.018999941647052765,,12979.555555555555
7220,,3.0,12981.166666666666
7226,0.01902994140982628,,12990.833333333334
7227,,3.0,12992.444444444445
7239,0.019059941172599792,,13011.777777777777
7240,,3.0,13013.388888888889
7254,0.019089940935373306,,13039.340425531915
7255,,3.0,13041.553191489362
7266,0.01911994069814682,,13065.893617021276
7267,,3.0,13068.106382978724
7277,0.019149940460920334,,13090.234042553191
7278,,3.0,13092.446808510638
7288,0.019179940223693848,,13114.574468085106
7289,,3.0,13116.787234042553
7304,0.01920993998646736,,13131.585365853658
7305,,3.0,13132.634146341463
7313,0.019239939749240875,,13141.024390243903
7314,,3.0,13142.073170731708
7323,0.01926993951201439,,13151.512195121952
7324,,3.0,13152.560975609756
7331,0.019299939274787903,,13159.90243902439
7332,,3.0,13160.951219512195
7353,0.019329939037561417,,13231.23076923077
7354,,3.0,13235.076923076924
7364,0.01935993880033493,,13273.538461538461
7365,,3.0,13277.384615384615
7375,0.019389938563108444,,13315.846153846154
7376,,3.0,13319.692307692309
7385,0.019419938325881958,,13354.307692307691
7386,,3.0,13358.153846153846
7401,0.019449938088655472,,13383.538461538461
7402,,3.0,13385.333333333334
7408,0.019479937851428986,,13396.102564102564
7409,,3.0,13397.897435897436
7418,0.0195099376142025,,13414.051282051281
7419,,3.0,13415.846153846154
7426,0.019539937376976013,,13428.410256410256
7427,,3.0,13430.205128205129
7444,0.019569937139749527,,13443.617021276596
7445,,3.0,13444.446808510638
7453,0.01959993690252304,,13451.08510638298
7454,,3.0,13451.91489361702
7463,0.019629936665296555,,13459.382978723404
7464,,3.0,13460.212765957447
7475,0.01965993642807007,,13469.340425531915
7476,,3.0,13470.170212765957
7487,0.019689936190843582,,13479.432432432432
7488,,3.0,13480.486486486487
7496,0.019719935953617096,,13488.918918918918
7497,,3.0,13489.972972972973
7504,0.01974993571639061,,13497.351351351352
7505,,3.0,13498.405405405405
7514,0.019779935479164124,,13507.891891891892
7515,,3.0,13508.945945945947
7525,0.019809935241937637,,13521.918918918918
7526,,3.0,13523.621621621622
7535,0.01983993500471115,,13538.945945945947
7536,,3.0,13540.648648648648
7542,0.019869934767484665,,13550.864864864865
7543,,3.0,13552.567567567568
7553,0.01989993453025818,,13569.594594594595
7554,,3.0,13571.297297297297
7567,0.019929934293031693,,13587.878048780487
7568,,3.0,13589.365853658537
7575,0.019959934055805206,,13599.780487804877
7576,,3.0,13601.268292682927
7585,0.01998993381857872,,13614.658536585366
7586,,3.0,13616.146341463415
7596,0.020019933581352234,,13631.024390243903
7597,,3.0,13632.512195121952
7610,0.020049933344125748,,13677.478260869566
7611,,3.0,13681.826086956522
7620,0.02007993310689926,,13720.95652173913
7621,,3.0,13725.304347826086
7634,0.020109932869672775,,13781.826086956522
7635,,3.0,13786.173913043478
7644,0.02013993263244629,,13825.304347826086
7645,,3.0,13829.652173913044
7660,0.020169932395219803,,13849.927272727273
7661,,3.0,13851.254545454545
7677,0.020199932157993317,,13872.49090909091
7678,,3.0,13873.818181818182
7687,0.02022993192076683,,13885.763636363636
7688,,3.0,13887.09090909091
7701,0.020259931683540344,,13904.345454545455
7702,,3.0,13905.672727272728
7714,0.020289931446313858,,13921.936170212766
7715,,3.0,13923.595744680852
7726,0.020319931209087372,,13941.851063829787
7727,,3.0,13943.510638297872
7737,0.020349930971860886,,13960.106382978724
7738,,3.0,13961.765957446809
7750,0.0203799307346344,,13981.68085106383
7751,,3.0,13983.340425531915
7767,0.020409930497407913,,14023.551724137931
7768,,3.0,14026.51724137931
7784,0.020439930260181427,,14073.965517241379
7785,,3.0,14076.931034482759
7799,0.02046993002295494,,14118.448275862069
7800,,3.0,14121.413793103447
7810,0.020499929785728455,,14151.068965517241
7811,,3.0,14154.034482758621
7825,0.02052992954850197,,14169.341463414634
7826,,3.0,14170.463414634147
7837,0.020559929311275482,,14182.80487804878
7838,,3.0,14183.926829268292
7844,0.020589929074048996,,14190.658536585366
7845,,3.0,14191.780487804877
7853,0.02061992883682251,,14200.756097560976
7854,,3.0,14201.878048780487
7869,0.020649928599596024,,14255.173913043478
7870,,3.0,14259.521739130434
7878,0.020679928362369537,,14294.304347826086
7879,,3.0,14298.652173913044
7889,0.02070992812514305,,14342.130434782608
7890,,3.0,14346.478260869566
7901,0.020739927887916565,,14394.304347826086
7902,,3.0,14398.652173913044
7915,0.02076992765069008,,14445.553191489362
7916,,3.0,14449.808510638299
7925,0.020799927413463593,,14488.106382978724
7926,,3.0,14492.36170212766
7937,0.020829927176237106,,14539.170212765957
7938,,3.0,14543.425531914894
7950,0.02085992693901062,,14594.489361702128
7951,,3.0,14598.744680851063
7966,0.020889926701784134,,14657.545454545454
7967,,3.0,14662.09090909091
7975,0.020919926464557648,,14698.454545454546
7976,,3.0,14703.0
7984,0.02094992622733116,,14739.363636363636
7985,,3.0,14743.90909090909
7996,0.020979925990104675,,14793.90909090909
7997,,3.0,14798.454545454546
8016,0.02100992575287819,,14869.666666666666
8017,,3.0,14873.833333333334
8027,0.021039925515651703,,14915.5
8028,,3.0,14919.666666666666
8037,0.021069925278425217,,14957.166666666666
8038,,3.0,14961.333333333334
8046,0.02109992504119873,,14994.666666666666
8047,,3.0,14998.833333333334
8060,0.021129924803972244,,15051.780487804877
8061,,3.0,15056.658536585366
8070,0.021159924566745758,,15100.560975609756
8071,,3.0,15105.439024390244
8080,0.021189924329519272,,15149.341463414634
8081,,3.0,15154.219512195123
8089,0.021219924092292786,,15193.243902439024
8090,,3.0,15198.121951219513
8107,0.0212499238550663,,15220.255813953489
8108,,3.0,15221.488372093023
8118,0.021279923617839813,,15233.813953488372
8119,,3.0,15235.046511627907
8126,0.021309923380613327,,15243.67441860465
8127,,3.0,15244.906976744185
8134,0.02133992314338684,,15253.53488372093
8135,,3.0,15254.767441860466
8148,0.021369922906160355,,15308.631578947368
8149,,3.0,15313.894736842105
8155,0.02139992266893387,,15345.473684210527
8156,,3.0,15350.736842105263
8165,0.021429922431707382,,15398.105263157895
8166,,3.0,15403.368421052632
8174,0.021459922194480896,,15445.473684210527
8175,,3.0,15450.736842105263
8193,0.02148992195725441,,15471.0
8194,,3.0,15472.0
8207,0.021519921720027924,,15485.0
8208,,3.0,15486.0
8215,0.021549921482801437,,15493.0
8216,,3.0,15494.0
8224,0.02157992124557495,,15502.0
8225,,3.0,15503.0
8237,0.021609921008348465,,15540.734693877552
8238,,3.0,15544.816326530612
8252,0.02163992077112198,,15601.959183673469
8253,,3.0,15606.040816326531
8261,0.021669920533895493,,15638.69387755102
8262,,3.0,15642.775510204081
8275,0.021699920296669006,,15695.836734693878
8276,,3.0,15699.918367346938
8291,0.02172992005944252,,15729.04347826087
8292,,3.0,15731.130434782608
8302,0.021759919822216034,,15752.0
8303,,3.0,15754.08695652174
8313,0.021789919584989548,,15774.95652173913
8314,,3.0,15777.04347826087
8323,0.02181991934776306,,15795.826086956522
8324,,3.0,15797.91304347826
8339,0.021849919110536575,,15858.536585365853
8340,,3.0,15863.414634146342
8349,0.02187991887331009,,15907.317073170732
8350,,3.0,15912.19512195122
8357,0.021909918636083603,,15946.341463414634
8358,,3.0,15951.219512195123
8366,0.021939918398857117,,15990.243902439024
8367,,3.0,15995.121951219513
8383,0.02196991816163063,,16060.46511627907
8384,,3.0,16065.116279069767
8394,0.021999917924404144,,16111.627906976744
8395,,3.0,16116.279069767443
8401,0.022029917687177658,,16144.186046511628
8402,,3.0,16148.837209302326
8411,0.022059917449951172,,16190.697674418605
8412,,3.0,16195.348837209302
8426,0.022089917212724686,,16252.380952380952
8427,,3.0,16257.142857142857
8434,0.0221199169754982,,16290.47619047619
8435,,3.0,16295.238095238095
8445,0.022149916738271713,,16342.857142857143
8446,,3.0,16347.619047619048
8455,0.022179916501045227,,16390.47619047619
8456,,3.0,16395.238095238095
8475,0.02220991626381874,,16411.574468085106
8476,,3.0,16412.297872340427
8486,0.022239916026592255,,16419.531914893618
8487,,3.0,16420.255319148935
8496,0.02226991578936577,,16426.76595744681
8497,,3.0,16427.489361702126
8504,0.022299915552139282,,16432.55319148936
8505,,3.0,16433.27659574468
8521,0.022329915314912796,,16444.5625
8522,,3.0,16445.375
8534,0.02235991507768631,,16455.125
8535,,3.0,16455.9375
8545,0.022389914840459824,,16464.0625
8546,,3.0,16464.875
8554,0.022419914603233337,,16471.375
8555,,3.0,16472.1875
8569,0.02244991436600685,,16534.11111111111
8570,,3.0,16539.666666666668
8579,0.022479914128780365,,16589.666666666668
8580,,3.0,16595.222222222223
8585,0.02250991389155388,,16623.0
8586,,3.0,16628.555555555555
8592,0.022539913654327393,,16661.88888888889
8593,,3.0,16667.444444444445
8609,0.022569913417100906,,16723.980392156864
8610,,3.0,16727.901960784315
8622,0.02259991317987442,,16774.960784313724
8623,,3.0,16778.882352941175
8636,0.022629912942647934,,16829.86274509804
8637,,3.0,16833.78431372549
8645,0.022659912705421448,,16865.156862745098
8646,,3.0,16869.07843137255
8659,0.02268991246819496,,16890.021276595744
8660,,3.0,16891.72340425532
8670,0.022719912230968475,,16908.744680851065
8671,,3.0,16910.44680851064
8681,0.02274991199374199,,16927.468085106382
8682,,3.0,16929.17021276596
8694,0.022779911756515503,,16949.59574468085
8695,,3.0,16951.297872340427
8706,0.022809911519289017,,16964.058823529413
8707,,3.0,16965.441176470587
8713,0.02283991128206253,,16973.735294117647
8714,,3.0,16975.117647058825
8723,0.022869911044836044,,16987.558823529413
8724,,3.0,16988.941176470587
8730,0.022899910807609558,,16997.235294117647
8731,,3.0,16998.617647058825
8744,0.022929910570383072,,17008.695652173912
8745,,3.0,17009.565217391304
8753,0.022959910333156586,,17016.521739130436
8754,,3.0,17017.391304347828
8764,0.0229899100959301,,17026.08695652174
8765,,3.0,17026.956521739132
8778,0.023019909858703613,,17038.260869565216
8779,,3.0,17039.130434782608
8792,0.023049909621477127,,17084.444444444445
8793,,3.0,17088.88888888889
8801,0.02307990938425064,,17124.444444444445
8802,,3.0,17128.88888888889
8816,0.023109909147024155,,17191.11111111111
8817,,3.0,17195.555555555555
8825,0.02313990890979767,,17231.11111111111
8826,,3.0,17235.555555555555
8839,0.023169908672571182,,17249.333333333332
8840,,3.0,17250.266666666666
8849,0.023199908435344696,,17258.666666666668
8850,,3.0,17259.6
8856,0.02322990819811821,,17265.2
8857,,3.0,17266.133333333335
8872,0.023259907960891724,,17280.133333333335
8873,,3.0,17281.066666666666
8887,0.023289907723665237,,17290.62745098039
8888,,3.0,17291.41176470588
8897,0.02331990748643875,,17298.470588235294
8898,,3.0,17299.254901960783
8910,0.023349907249212265,,17308.666666666668
8911,,3.0,17309.450980392157
8925,0.02337990701198578,,17320.43137254902
8926,,3.0,17321.21568627451
8941,0.023409906774759293,,17376.545454545456
8942,,3.0,17381.090909090908
8950,0.023439906537532806,,17417.454545454544
8951,,3.0,17422.0
8963,0.02346990630030632,,17476.545454545456
8964,,3.0,17481.090909090908
8971,0.023499906063079834,,17512.909090909092
8972,,3.0,17517.454545454544
8987,0.023529905825853348,,17537.3
8988,,3.0,17538.575
8999,0.02355990558862686,,17552.6
9000,,3.0,17553.875
9006,0.023589905351400375,,17561.525
9007,,3.0,17562.8
9013,0.02361990511417389,,17570.45
9014,,3.0,17571.725
9025,0.023649904876947403,,17605.0
9026,,3.0,17609.0
9033,0.023679904639720917,,17637.0
9034,,3.0,17641.0
9049,0.02370990440249443,,17701.0
9050,,3.0,17705.0
9065,0.023739904165267944,,17765.0
9066,,3.0,17769.0
9076,0.023769903928041458,,17818.16129032258
9077,,3.0,17824.612903225807
9085,0.023799903690814972,,17876.225806451614
9086,,3.0,17882.677419354837
9091,0.023829903453588486,,17914.935483870966
9092,,3.0,17921.387096774193
9098,0.023859903216362,,17960.09677419355
9099,,3.0,17966.548387096773
9116,0.023889902979135513,,18027.901960784315
9117,,3.0,18031.823529411766
9124,0.023919902741909027,,18059.274509803923
9125,,3.0,18063.196078431374
9138,0.02394990250468254,,18114.176470588234
9139,,3.0,18118.098039215685
9151,0.023979902267456055,,18165.156862745098
9152,,3.0,18169.07843137255
9160,0.02400990203022957,,18196.25581395349
9161,,3.0,18200.906976744187
9178,0.024039901793003082,,18279.976744186046
9179,,3.0,18284.627906976744
9186,0.024069901555776596,,18317.18604651163
9187,,3.0,18321.837209302324
9196,0.02409990131855011,,18363.697674418603
9197,,3.0,18368.3488372093
9208,0.024129901081323624,,18415.105263157893
9209,,3.0,18420.36842105263
9218,0.024159900844097137,,18467.736842105263
9219,,3.0,18473.0
9226,0.02418990060687065,,18509.842105263157
9227,,3.0,18515.105263157893
9236,0.024219900369644165,,18562.473684210527
9237,,3.0,18567.736842105263
9248,0.02424990013241768,,18616.243243243243
9249,,3.0,18621.64864864865
9256,0.024279899895191193,,18659.486486486487
9257,,3.0,18664.891891891893
9265,0.024309899657964706,,18708.135135135137
9266,,3.0,18713.54054054054
9275,0.02433989942073822,,18762.18918918919
9276,,3.0,18767.594594594593
9287,0.024369899183511734,,18813.0
9288,,3.0,18818.0
9294,0.024399898946285248,,18848.0
9295,,3.0,18853.0
9306,0.02442989870905876,,18908.0
9307,,3.0,18913.0
9317,0.024459898471832275,,18963.0
9318,,3.0,18968.0
9330,0.02448989823460579,,19014.86046511628
9331,,3.0,19019.511627906977
9336,0.024519897997379303,,19042.767441860466
9337,,3.0,19047.418604651164
9346,0.024549897760152817,,19089.279069767443
9347,,3.0,19093.93023255814
9362,0.02457989752292633,,19163.697674418603
9363,,3.0,19168.3488372093
9378,0.024609897285699844,,19233.0
9379,,3.0,19238.0
9386,0.024639897048473358,,19273.0
9387,,3.0,19278.0
9392,0.024669896811246872,,19303.0
9393,,3.0,19308.0
9404,0.024699896574020386,,19363.0
9405,,3.0,19368.0
9417,0.0247298963367939,,19415.85714285714
9418,,3.0,19420.619047619046
9426,0.024759896099567413,,19458.714285714286
9427,,3.0,19463.47619047619
9438,0.024789895862340927,,19515.85714285714
9439,,3.0,19520.619047619046
9448,0.02481989562511444,,19563.47619047619
9449,,3.0,19568.238095238095
9464,0.024849895387887955,,19634.53846153846
9465,,3.0,19639.666666666668
9474,0.02487989515066147,,19685.82051282051
9475,,3.0,19690.94871794872
9481,0.024909894913434982,,19721.71794871795
9482,,3.0,19726.846153846152
9489,0.024939894676208496,,19762.74358974359
9490,,3.0,19767.871794871793
9510,0.02496989443898201,,19835.962962962964
9511,,3.0,19839.666666666668
9522,0.024999894201755524,,19880.40740740741
9523,,3.0,19884.11111111111
9532,0.025029893964529037,,19917.444444444445
9533,,3.0,19921.14814814815
9545,0.02505989372730255,,19965.59259259259
9546,,3.0,19969.296296296296
9560,0.025089893490076065,,20032.45945945946
9561,,3.0,20037.864864864863
9567,0.02511989325284958,,20070.297297297297
9568,,3.0,20075.702702702703
9575,0.025149893015623093,,20113.54054054054
9576,,3.0,20118.945945945947
9584,0.025179892778396606,,20162.18918918919
9585,,3.0,20167.594594594593
9602,0.02520989254117012,,20241.29268292683
9603,,3.0,20246.170731707316
9610,0.025239892303943634,,20280.317073170732
9611,,3.0,20285.19512195122
9621,0.025269892066717148,,20333.975609756097
9622,,3.0,20338.853658536584
9627,0.02529989182949066,,20363.243902439026
9628,,3.0,20368.121951219513
9641,0.025329891592264175,,20385.894736842107
9642,,3.0,20387.184210526317
9648,0.02535989135503769,,20394.92105263158
9649,,3.0,20396.21052631579
9654,0.025389891117811203,,20402.657894736843
9655,,3.0,20403.947368421053
9667,0.025419890880584717,,20419.42105263158
9668,,3.0,20420.71052631579
9682,0.02544989064335823,,20474.380952380954
9683,,3.0,20479.14285714286
9691,0.025479890406131744,,20517.238095238095
9692,,3.0,20522.0
9701,0.025509890168905258,,20564.85714285714
9702,,3.0,20569.619047619046
9711,0.025539889931678772,,20612.47619047619
9712,,3.0,20617.238095238095
9728,0.025569889694452286,,20677.31914893617
9729,,3.0,20681.574468085106
9737,0.0255998894572258,,20715.617021276597
9738,,3.0,20719.872340425532
9749,0.025629889219999313,,20766.68085106383
9750,,3.0,20770.936170212764
9760,0.025659888982772827,,20813.489361702126
9761,,3.0,20817.744680851065
9778,0.02568988874554634,,20882.355555555554
9779,,3.0,20886.666666666668
9787,0.025719888508319855,,20921.155555555557
9788,,3.0,20925.466666666667
9796,0.02574988827109337,,20959.955555555556
9797,,3.0,20964.266666666666
9807,0.025779888033866882,,21007.37777777778
9808,,3.0,21011.68888888889
9824,0.025809887796640396,,21075.25581395349
9825,,3.0,21079.81395348837
9830,0.02583988755941391,,21102.60465116279
9831,,3.0,21107.162790697676
9843,0.025869887322187424,,21161.86046511628
9844,,3.0,21166.418604651164
9852,0.025899887084960938,,21202.883720930233
9853,,3.0,21207.441860465115
9868,0.02592988684773445,,21272.0
9869,,3.0,21277.0
9878,0.025959886610507965,,21322.0
9879,,3.0,21327.0
9886,0.02598988637328148,,21362.0
9887,,3.0,21367.0
9894,0.026019886136054993,,21402.0
9895,,3.0,21407.0
9912,0.026049885898828506,,21466.901960784315
9913,,3.0,21470.823529411766
9921,0.02607988566160202,,21502.196078431374
9922,,3.0,21506.117647058825
9937,0.026109885424375534,,21564.941176470587
9938,,3.0,21568.86274509804
9947,0.026139885187149048,,21604.156862745098
9948,,3.0,21608.07843137255
9963,0.02616988494992256,,21662.0
9964,,3.0,21666.166666666668
9973,0.026199884712696075,,21703.666666666668
9974,,3.0,21707.833333333332
9986,0.02622988447546959,,21757.833333333332
9987,,3.0,21762.0
9997,0.026259884238243103,,21803.666666666668
9998,,3.0,21807.833333333332
10015,0.026289884001016617,,21875.636363636364
10016,,3.0,21880.18181818182
10022,0.02631988376379013,,21907.454545454544
10023,,3.0,21912.0
10033,0.026349883526563644,,21957.454545454544
10034,,3.0,21962.0
10043,0.026379883289337158,,22002.909090909092
10044,,3.0,22007.454545454544
10062,0.026409883052110672,,22024.0
10063,,3.0,22024.8
10074,0.026439882814884186,,22033.6
10075,,3.0,22034.4
10083,0.0264698825776577,,22040.8
10084,,3.0,22041.6
10095,0.026499882340431213,,22050.4
10096,,3.0,22051.2
10106,0.026529882103204727,,22087.0
10107,,3.0,22092.0
10116,0.02655988186597824,,22137.0
10117,,3.0,22142.0
10125,0.026589881628751755,,22182.0
10126,,3.0,22187.0
10137,0.02661988139152527,,22242.0
10138,,3.0,22247.0
10152,0.026649881154298782,,22305.658536585364
10153,,3.0,22310.536585365855
10160,0.026679880917072296,,22344.682926829268
10161,,3.0,22349.560975609755
10172,0.02670988067984581,,22403.219512195123
10173,,3.0,22408.09756097561
10180,0.026739880442619324,,22442.243902439026
10181,,3.0,22447.121951219513
10199,0.026769880205392838,,22492.46511627907
10200,,3.0,22495.162790697676
10208,0.02679987996816635,,22516.74418604651
10209,,3.0,22519.441860465115
10218,0.026829879730939865,,22543.720930232557
10219,,3.0,22546.418604651164
10225,0.02685987949371338,,22562.60465116279
10226,,3.0,22565.302325581397
10242,0.026889879256486893,,22624.521739130436
10243,,3.0,22628.869565217392
10251,0.026919879019260406,,22663.652173913044
10252,,3.0,22668.0
10259,0.02694987878203392,,22698.434782608696
10260,,3.0,22702.782608695652
10273,0.026979878544807434,,22759.304347826088
10274,,3.0,22763.652173913044
10285,0.027009878307580948,,22776.615384615383
10286,,3.0,22777.69230769231
10294,0.02703987807035446,,22786.30769230769
10295,,3.0,22787.384615384617
10303,0.027069877833127975,,22796.0
10304,,3.0,22797.076923076922
10314,0.02709987759590149,,22807.846153846152
10315,,3.0,22808.923076923078
10327,0.027129877358675003,,22858.64864864865
10328,,3.0,22864.054054054053
10335,0.027159877121448517,,22901.891891891893
10336,,3.0,22907.297297297297
10341,0.02718987688422203,,22934.324324324323
10342,,3.0,22939.72972972973
10353,0.027219876646995544,,22999.18918918919
10354,,3.0,23004.594594594593
10368,0.027249876409769058,,23056.808510638297
10369,,3.0,23061.063829787236
10379,0.027279876172542572,,23103.617021276597
10380,,3.0,23107.872340425532
10395,0.027309875935316086,,23171.702127659573
10396,,3.0,23175.957446808512
10402,0.0273398756980896,,23201.489361702126
10403,,3.0,23205.744680851065
10419,0.027369875460863113,,23271.904761904763
10420,,3.0,23276.666666666668
10431,0.027399875223636627,,23329.04761904762
10432,,3.0,23333.809523809523
10439,0.02742987498641014,,23367.14285714286
10440,,3.0,23371.904761904763
10446,0.027459874749183655,,23400.47619047619
10447,,3.0,23405.238095238095
10464,0.02748987451195717,,23468.333333333332
10465,,3.0,23472.5
10473,0.027519874274730682,,23505.833333333332
10474,,3.0,23510.0
10487,0.027549874037504196,,23564.166666666668
10488,,3.0,23568.333333333332
10496,0.02757987380027771,,23601.666666666668
10497,,3.0,23605.833333333332
10511,0.027609873563051224,,23625.5
10512,,3.0,23626.909090909092
10517,0.027639873325824738,,23633.954545454544
10518,,3.0,23635.363636363636
10529,0.02766987308859825,,23650.863636363636
10530,,3.0,23652.272727272728
10542,0.027699872851371765,,23669.18181818182
10543,,3.0,23670.590909090908
10556,0.02772987261414528,,23719.619047619046
10557,,3.0,23724.380952380954
10564,0.027759872376918793,,23757.714285714286
10565,,3.0,23762.47619047619
10575,0.027789872139692307,,23810.095238095237
10576,,3.0,23814.85714285714
10586,0.02781987190246582,,23862.47619047619
10587,,3.0,23867.238095238095
10606,0.027849871665239334,,23940.08510638298
10607,,3.0,23944.340425531915
10614,0.027879871428012848,,23974.127659574468
10615,,3.0,23978.382978723403
10626,0.02790987119078636,,24025.191489361703
10627,,3.0,24029.44680851064
10635,0.027939870953559875,,24063.489361702126
10636,,3.0,24067.744680851065
10648,0.02796987071633339,,24100.6
10649,,3.0,24103.777777777777
10656,0.027999870479106903,,24126.022222222222
10657,,3.0,24129.2
10669,0.028029870241880417,,24167.333333333332
10670,,3.0,24170.51111111111
10682,0.02805987000465393,,24208.644444444446
10683,,3.0,24211.82222222222
10698,0.028089869767427444,,24234.024390243903
10699,,3.0,24235.60975609756
10707,0.028119869530200958,,24248.29268292683
10708,,3.0,24249.878048780487
10716,0.028149869292974472,,24262.560975609755
10717,,3.0,24264.146341463416
10725,0.028179869055747986,,24276.829268292684
10726,,3.0,24278.414634146342
10742,0.0282098688185215,,24334.166666666668
10743,,3.0,24338.333333333332
10753,0.028239868581295013,,24380.0
10754,,3.0,24384.166666666668
10765,0.028269868344068527,,24430.0
10766,,3.0,24434.166666666668
10775,0.02829986810684204,,24471.666666666668
10776,,3.0,24475.833333333332
10800,0.028329867869615555,,24556.363636363636
10801,,3.0,24560.0
10811,0.02835986763238907,,24596.363636363636
10812,,3.0,24600.0
10820,0.028389867395162582,,24629.090909090908
10821,,3.0,24632.727272727272
10832,0.028419867157936096,,24672.727272727272
10833,,3.0,24676.363636363636
10846,0.02844986692070961,,24725.454545454544
10847,,3.0,24730.0
10858,0.028479866683483124,,24780.0
10859,,3.0,24784.545454545456
10867,0.028509866446256638,,24820.909090909092
10868,,3.0,24825.454545454544
10878,0.02853986620903015,,24870.909090909092
10879,,3.0,24875.454545454544
10897,0.028569865971803665,,24948.18181818182
10898,,3.0,24952.727272727272
10904,0.02859986573457718,,24980.0
10905,,3.0,24984.545454545456
10915,0.028629865497350693,,25030.0
10916,,3.0,25034.545454545456
10924,0.028659865260124207,,25070.909090909092
10925,,3.0,25075.454545454544
10940,0.02868986502289772,,25137.14285714286
10941,,3.0,25141.904761904763
10949,0.028719864785671234,,25180.0
10950,,3.0,25184.761904761905
10957,0.028749864548444748,,25218.095238095237
10958,,3.0,25222.85714285714
10968,0.02877986431121826,,25270.47619047619
10969,,3.0,25275.238095238095
10983,0.028809864073991776,,25324.897959183672
10984,,3.0,25328.979591836734
11000,0.02883986383676529,,25394.285714285714
11001,,3.0,25398.367346938776
11011,0.028869863599538803,,25439.183673469386
11012,,3.0,25443.26530612245
11019,0.028899863362312317,,25471.836734693876
11020,,3.0,25475.918367346938
11038,0.02892986312508583,,25541.224489795917
11039,,3.0,25545.30612244898
11048,0.028959862887859344,,25582.04081632653
11049,,3.0,25586.122448979593
11057,0.02898986265063286,,25618.775510204083
11058,,3.0,25622.85714285714
11070,0.029019862413406372,,25671.836734693876
11071,,3.0,25675.918367346938
11079,0.029049862176179886,,25704.39024390244
11080,,3.0,25709.268292682926
11089,0.0290798619389534,,25753.170731707316
11090,,3.0,25758.048780487807
11102,0.029109861701726913,,25816.585365853658
11103,,3.0,25821.463414634145
11113,0.029139861464500427,,25870.243902439026
11114,,3.0,25875.121951219513
11126,0.02916986122727394,,25920.0
11127,,3.0,25924.444444444445
11138,0.029199860990047455,,25973.333333333332
11139,,3.0,25977.777777777777
11147,0.02922986075282097,,26013.333333333332
11148,,3.0,26017.777777777777
11160,0.029259860515594482,,26071.11111111111
11161,,3.0,26075.555555555555
11178,0.029289860278367996,,26146.666666666668
11179,,3.0,26151.428571428572
11187,0.02931986004114151,,26189.52380952381
11188,,3.0,26194.285714285714
11196,0.029349859803915024,,26232.380952380954
11197,,3.0,26237.14285714286
11204,0.029379859566688538,,26270.47619047619
11205,,3.0,26275.238095238095
11217,0.02940985932946205,,26321.86046511628
11218,,3.0,26326.511627906977
11228,0.029439859092235565,,26373.023255813954
11229,,3.0,26377.674418604653
11235,0.02946985885500908,,26405.581395348836
11236,,3.0,26410.232558139534
11249,0.029499858617782593,,26470.697674418603
11250,,3.0,26475.3488372093
11265,0.029529858380556107,,26537.14285714286
11266,,3.0,26541.904761904763
11272,0.02955985814332962,,26570.47619047619
11273,,3.0,26575.238095238095
11283,0.029589857906103134,,26622.85714285714
11284,,3.0,26627.619047619046
11293,0.029619857668876648,,26670.47619047619
11294,,3.0,26675.238095238095
11308,0.029649857431650162,,26725.833333333332
11309,,3.0,26730.0
11317,0.029679857194423676,,26763.333333333332
11318,,3.0,26767.5
11331,0.02970985695719719,,26821.666666666668
11332,,3.0,26825.833333333332
11343,0.029739856719970703,,26871.666666666668
11344,,3.0,26875.833333333332
11361,0.029769856482744217,,26938.333333333332
11362,,3.0,26942.5
11371,0.02979985624551773,,26980.0
11372,,3.0,26984.166666666668
11379,0.029829856008291245,,27013.333333333332
11380,,3.0,27017.5
11393,0.02985985577106476,,27071.666666666668
11394,,3.0,27075.833333333332
11405,0.029889855533838272,,27123.243243243243
11406,,3.0,27128.64864864865
11418,0.029919855296611786,,27193.513513513513
11419,,3.0,27198.91891891892
11424,0.0299498550593853,,27225.945945945947
11425,,3.0,27231.35135135135
11432,0.029979854822158813,,27269.18918918919
11433,,3.0,27274.594594594593
11446,0.030009854584932327,,27312.325581395347
11447,,3.0,27315.558139534885
11455,0.03003985434770584,,27341.418604651164
11456,,3.0,27344.6511627907
11465,0.030069854110479355,,27373.74418604651
11466,,3.0,27376.976744186046
11477,0.03009985387325287,,27412.53488372093
11478,,3.0,27415.767441860466
11493,0.030129853636026382,,27473.545454545456
11494,,3.0,27478.090909090908
11503,0.030159853398799896,,27519.0
11504,,3.0,27523.545454545456
11512,0.03018985316157341,,27559.909090909092
11513,,3.0,27564.454545454544
11523,0.030219852924346924,,27609.909090909092
11524,,3.0,27614.454545454544
11543,0.030249852687120438,,27687.08510638298
11544,,3.0,27691.340425531915
11552,0.03027985244989395,,27725.382978723403
11553,,3.0,27729.63829787234
11560,0.030309852212667465,,27759.425531914894
11561,,3.0,27763.68085106383
11572,0.03033985197544098,,27810.489361702126
11573,,3.0,27814.744680851065
11586,0.030369851738214493,,27876.14285714286
11587,,3.0,27881.85714285714
11591,0.030399851500988007,,27904.714285714286
11592,,3.0,27910.428571428572
11602,0.03042985126376152,,27967.571428571428
11603,,3.0,27973.285714285714
11609,0.030459851026535034,,28007.571428571428
11610,,3.0,28013.285714285714
11629,0.030489850789308548,,28040.91304347826
11630,,3.0,28042.282608695652
11636,0.030519850552082062,,28050.5
11637,,3.0,28051.869565217392
11650,0.030549850314855576,,28069.67391304348
11651,,3.0,28071.043478260868
11657,0.03057985007762909,,28079.260869565216
11658,,3.0,28080.630434782608
11674,0.030609849840402603,,28138.521739130436
11675,,3.0,28142.869565217392
11684,0.030639849603176117,,28182.0
11685,,3.0,28186.347826086956
11696,0.03066984936594963,,28234.17391304348
11697,,3.0,28238.521739130436
11705,0.030699849128723145,,28273.304347826088
11706,,3.0,28277.652173913044
11720,0.03072984889149666,,28300.333333333332
11721,,3.0,28302.0
11728,0.030759848654270172,,28313.666666666668
11729,,3.0,28315.333333333332
11737,0.030789848417043686,,28328.666666666668
11738,,3.0,28330.333333333332
11749,0.0308198481798172,,28348.666666666668
11750,,3.0,28350.333333333332
11762,0.030849847942590714,,28388.0
11763,,3.0,28392.0
11780,0.030879847705364227,,28460.0
11781,,3.0,28464.0
11791,0.03090984746813774,,28504.0
11792,,3.0,28508.0
11801,0.030939847230911255,,28544.0
11802,,3.0,28548.0
11818,0.03096984699368477,,28564.675
11819,,3.0,28565.65
11828,0.030999846756458282,,28574.425
11829,,3.0,28575.4
11837,0.031029846519231796,,28583.2
11838,,3.0,28584.175
11843,0.03105984628200531,,28589.05
11844,,3.0,28590.025
11855,0.031089846044778824,,28605.4
11856,,3.0,28607.2
11862,0.031119845807552338,,28618.0
11863,,3.0,28619.8
11868,0.03114984557032585,,28628.8
11869,,3.0,28630.6
11885,0.031179845333099365,,28659.4
11886,,3.0,28661.2
11903,0.03120984509587288,,28680.64
11904,,3.0,28681.9
11915,0.031239844858646393,,28695.76
11916,,3.0,28697.02
11927,0.03126984462141991,,28710.88
11928,,3.0,28712.14
11937,0.03129984438419342,,28723.48
11938,,3.0,28724.74
11956,0.031329844146966934,,28791.217391304348
11957,,3.0,28795.565217391304
11964,0.03135984390974045,,28826.0
11965,,3.0,28830.347826086956
11977,0.03138984367251396,,28882.521739130436
11978,,3.0,28886.869565217392
11985,0.031419843435287476,,28917.304347826088
11986,,3.0,28921.652173913044
12003,0.03144984319806099,,28947.291666666668
12004,,3.0,28948.8125
12012,0.0314798429608345,,28960.979166666668
12013,,3.0,28962.5
12024,0.03150984272360802,,28979.229166666668
12025,,3.0,28980.75
12035,0.03153984248638153,,28995.958333333332
12036,,3.0,28997.479166666668
12051,0.031569842249155045,,29056.14285714286
12052,,3.0,29060.904761904763
12060,0.03159984201192856,,29099.0
12061,,3.0,29103.761904761905
12068,0.03162984177470207,,29137.095238095237
12069,,3.0,29141.85714285714
12079,0.031659841537475586,,29189.47619047619
12080,,3.0,29194.238095238095
12091,0.0316898413002491,,29240.02564102564
12092,,3.0,29245.153846153848
12100,0.031719841063022614,,29286.17948717949
12101,,3.0,29291.30769230769
12108,0.03174984082579613,,29327.20512820513
12109,,3.0,29332.333333333332
12120,0.03177984058856964,,29388.74358974359
12121,,3.0,29393.871794871793
12131,0.031809840351343155,,29441.424242424244
12132,,3.0,29447.484848484848
12140,0.03183984011411667,,29495.969696969696
12141,,3.0,29502.030303030304
12150,0.03186983987689018,,29556.575757575756
12151,,3.0,29562.636363636364
12155,0.031899839639663696,,29586.878787878788
12156,,3.0,29592.939393939392
12168,0.03192983940243721,,29636.5
12169,,3.0,29640.666666666668
12181,0.031959839165210724,,29690.666666666668
12182,,3.0,29694.833333333332
12190,0.03198983892798424,,29728.166666666668
12191,,3.0,29732.333333333332
12205,0.03201983869075775,,29790.666666666668
12206,,3.0,29794.833333333332
12218,0.032049838453531265,,29811.64864864865
12219,,3.0,29813.054054054053
12226,0.03207983821630478,,29822.891891891893
12227,,3.0,29824.297297297297
12237,0.03210983797907829,,29838.35135135135
12238,,3.0,29839.756756756757
12244,0.03213983774185181,,29848.18918918919
12245,,3.0,29849.594594594593
12262,0.03216983750462532,,29872.777777777777
12263,,3.0,29874.333333333332
12270,0.032199837267398834,,29885.222222222223
12271,,3.0,29886.777777777777
12280,0.03222983703017235,,29900.777777777777
12281,,3.0,29902.333333333332
12291,0.03225983679294586,,29917.88888888889
12292,,3.0,29919.444444444445
12304,0.032289836555719376,,29931.125
12305,,3.0,29932.25
12315,0.03231983631849289,,29943.5
12316,,3.0,29944.625
12332,0.0323498360812664,,29962.625
12333,,3.0,29963.75
12341,0.03237983584403992,,29972.75
12342,,3.0,29973.875
12355,0.03240983560681343,,30020.454545454544
12356,,3.0,30025.0
12368,0.032439835369586945,,30079.545454545456
12369,,3.0,30084.090909090908
12376,0.03246983513236046,,30115.909090909092
12377,,3.0,30120.454545454544
12387,0.03249983489513397,,30165.909090909092
12388,,3.0,30170.454545454544
12406,0.032529834657907486,,30246.428571428572
12407,,3.0,30251.190476190477
12414,0.032559834420681,,30284.52380952381
12415,,3.0,30289.285714285714
12422,0.032589834183454514,,30322.619047619046
12423,,3.0,30327.380952380954
12431,0.03261983394622803,,30365.47619047619
12432,,3.0,30370.238095238095
12448,0.03264983370900154,,30427.0
12449,,3.0,30431.0
12461,0.032679833471775055,,30479.0
12462,,3.0,30483.0
12470,0.03270983323454857,,30515.0
12471,,3.0,30519.0
12483,0.03273983299732208,,30567.0
12484,,3.0,30571.0
12497,0.032769832760095596,,30633.823529411766
12498,,3.0,30639.70588235294
12505,0.03279983252286911,,30680.882352941175
12506,,3.0,30686.764705882353
12512,0.032829832285642624,,30722.058823529413
12513,,3.0,30727.941176470587
12519,0.03285983204841614,,30763.235294117647
12520,,3.0,30769.117647058825
12533,0.03288983181118965,,30825.0
12534,,3.0,30830.0
12540,0.032919831573963165,,30860.0
12541,,3.0,30865.0
12553,0.03294983133673668,,30925.0
12554,,3.0,30930.0
12561,0.03297983109951019,,30965.0
12562,,3.0,30970.0
12577,0.03300983086228371,,31018.024390243903
12578,,3.0,31021.60975609756
12588,0.03303983062505722,,31057.463414634145
12589,,3.0,31061.048780487807
12597,0.033069830387830734,,31089.731707317074
12598,,3.0,31093.317073170732
12604,0.03309983015060425,,31114.829268292684
12605,,3.0,31118.414634146342
12619,0.03312982991337776,,31172.0
12620,,3.0,31176.545454545456
12630,0.033159829676151276,,31222.0
12631,,3.0,31226.545454545456
12640,0.03318982943892479,,31267.454545454544
12641,,3.0,31272.0
12650,0.0332198292016983,,31312.909090909092
12651,,3.0,31317.454545454544
12668,0.03324982896447182,,31384.222222222223
12669,,3.0,31388.666666666668
12677,0.03327982872724533,,31424.222222222223
12678,,3.0,31428.666666666668
12687,0.033309828490018845,,31468.666666666668
12688,,3.0,31473.11111111111
12697,0.03333982825279236,,31513.11111111111
12698,,3.0,31517.555555555555
12714,0.03336982801556587,,31574.0
12715,,3.0,31578.0
12723,0.033399827778339386,,31610.0
12724,,3.0,31614.0
12738,0.0334298275411129,,31670.0
12739,,3.0,31674.0
12749,0.033459827303886414,,31714.0
12750,,3.0,31718.0
12766,0.03348982706665993,,31778.521739130436
12767,,3.0,31782.869565217392
12777,0.03351982682943344,,31826.347826086956
12778,,3.0,31830.695652173912
12790,0.033549826592206955,,31882.869565217392
12791,,3.0,31887.217391304348
12797,0.03357982635498047,,31913.304347826088
12798,,3.0,31917.652173913044
12813,0.03360982611775398,,31970.0
12814,,3.0,31974.0
12825,0.033639825880527496,,32018.0
12826,,3.0,32022.0
12837,0.03366982564330101,,32066.0
12838,,3.0,32070.0
12847,0.033699825406074524,,32106.0
12848,,3.0,32110.0
12858,0.03372982516884804,,32142.0
12859,,3.0,32146.0
12866,0.03375982493162155,,32174.0
12867,,3.0,32178.0
12879,0.033789824694395065,,32226.0
12880,,3.0,32230.0
12888,0.03381982445716858,,32262.0
12889,,3.0,32266.0
12910,0.03384982421994209,,32343.469387755104
12911,,3.0,32347.551020408162
12920,0.03387982398271561,,32384.285714285714
12921,,3.0,32388.367346938776
12929,0.03390982374548912,,32421.020408163266
12930,,3.0,32425.102040816328
12939,0.033939823508262634,,32461.836734693876
12940,,3.0,32465.918367346938
12956,0.03396982327103615,,32531.904761904763
12957,,3.0,32536.666666666668
12965,0.03399982303380966,,32574.761904761905
12966,,3.0,32579.52380952381
12974,0.034029822796583176,,32617.619047619046
12975,,3.0,32622.380952380954
12983,0.03405982255935669,,32660.47619047619
12984,,3.0,32665.238095238095
12996,0.0340898223221302,,32716.153846153848
12997,,3.0,32721.28205128205
13006,0.03411982208490372,,32767.4358974359
13007,,3.0,32772.5641025641
13013,0.03414982184767723,,32803.333333333336
13014,,3.0,32808.46153846154
13024,0.034179821610450745,,32859.743589743586
13025,,3.0,32864.8717948718
13041,0.03420982137322426,,32903.75
13042,,3.0,32906.346153846156
13055,0.03423982113599777,,32940.096153846156
13056,,3.0,32942.692307692305
13067,0.034269820898771286,,32971.25
13068,,3.0,32973.846153846156
13078,0.0342998206615448,,32999.807692307695
13079,,3.0,33002.403846153844
13093,0.034329820424318314,,33060.0
13094,,3.0,33065.0
13104,0.03435982018709183,,33115.0
13105,,3.0,33120.0
13113,0.03438981994986534,,33160.0
13114,,3.0,33165.0
13120,0.034419819712638855,,33195.0
13121,,3.0,33200.0
13136,0.03444981947541237,,33251.37837837838
13137,,3.0,33255.24324324324
13142,0.03447981923818588,,33274.56756756757
13143,,3.0,33278.43243243243
13150,0.034509819000959396,,33305.48648648649
13151,,3.0,33309.35135135135
13159,0.03453981876373291,,33340.27027027027
13160,,3.0,33344.13513513513
13177,0.034569818526506424,,33369.77777777778
13178,,3.0,33371.333333333336
13185,0.03459981828927994,,33382.22222222222
13186,,3.0,33383.77777777778
13196,0.03462981805205345,,33399.333333333336
13197,,3.0,33400.88888888889
13206,0.034659817814826965,,33414.88888888889
13207,,3.0,33416.444444444445
13217,0.03468981757760048,,33463.16129032258
13218,,3.0,33469.6129032258
13223,0.03471981734037399,,33501.87096774193
13224,,3.0,33508.32258064516
13228,0.03474981710314751,,33534.12903225807
13229,,3.0,33540.58064516129
13239,0.03477981686592102,,33605.096774193546
13240,,3.0,33611.54838709677
13255,0.034809816628694534,,33639.142857142855
13256,,3.0,33640.90476190476
13266,0.03483981639146805,,33658.52380952381
13267,,3.0,33660.28571428572
13277,0.03486981615424156,,33677.90476190476
13278,,3.0,33679.666666666664
13283,0.034899815917015076,,33688.47619047619
13284,,3.0,33690.23809523809
13298,0.03492981567978859,,33718.230769230766
13299,,3.0,33720.61538461538
13306,0.0349598154425621,,33737.307692307695
13307,,3.0,33739.692307692305
13316,0.03498981520533562,,33761.153846153844
13317,,3.0,33763.53846153846
13324,0.03501981496810913,,33780.230769230766
13325,,3.0,33782.61538461538
13341,0.035049814730882645,,33811.325
13342,,3.0,33813.35
13350,0.03507981449365616,,33829.55
13351,,3.0,33831.575
13359,0.03510981425642967,,33847.775
13360,,3.0,33849.8
13366,0.035139814019203186,,33861.95
13367,,3.0,33863.975
13378,0.0351698137819767,,33890.0
13379,,3.0,33893.0
13390,0.035199813544750214,,33926.0
13391,,3.0,33929.0
13400,0.03522981330752373,,33956.0
13401,,3.0,33959.0
13412,0.03525981307029724,,33992.0
13413,,3.0,33995.0
13426,0.035289812833070755,,34035.83783783784
13427,,3.0,34039.62162162162
13432,0.03531981259584427,,34058.54054054054
13433,,3.0,34062.32432432433
13439,0.03534981235861778,,34085.02702702703
13440,,3.0,34088.81081081081
13451,0.035379812121391296,,34130.43243243243
13452,,3.0,34134.21621621621
13467,0.03540981188416481,,34195.142857142855
13468,,3.0,34199.90476190476
13478,0.035439811646938324,,34247.52380952381
13479,,3.0,34252.28571428572
13486,0.03546981140971184,,34285.619047619046
13487,,3.0,34290.380952380954
13495,0.03549981117248535,,34328.47619047619
13496,,3.0,34333.23809523809
13509,0.035529810935258865,,34383.833333333336
13510,,3.0,34388.416666666664
13517,0.03555981069803238,,34420.5
13518,,3.0,34425.083333333336
13524,0.03558981046080589,,34452.583333333336
13525,,3.0,34457.166666666664
13533,0.03561981022357941,,34493.833333333336
13534,,3.0,34498.416666666664
13548,0.03564980998635292,,34523.0
13549,,3.0,34524.818181818184
13555,0.035679809749126434,,34535.72727272727
13556,,3.0,34537.545454545456
13569,0.03570980951189995,,34561.181818181816
13570,,3.0,34563.0
13579,0.03573980927467346,,34579.36363636364
13580,,3.0,34581.181818181816
13595,0.035769809037446976,,34634.063829787236
13596,,3.0,34638.31914893617
13607,0.03579980880022049,,34685.12765957447
13608,,3.0,34689.382978723406
13621,0.035829808562994,,34744.70212765958
13622,,3.0,34748.95744680851
13628,0.03585980832576752,,34774.48936170213
13629,,3.0,34778.744680851065
13640,0.03588980808854103,,34791.0
13641,,3.0,34792.0
13650,0.035919807851314545,,34801.0
13651,,3.0,34802.0
13659,0.03594980761408806,,34810.0
13660,,3.0,34811.0
13670,0.03597980737686157,,34821.0
13671,,3.0,34822.0
13689,0.036009807139635086,,34844.79245283019
13690,,3.0,34846.24528301887
13700,0.0360398069024086,,34860.77358490566
13701,,3.0,34862.22641509434
13713,0.036069806665182114,,34879.660377358494
13714,,3.0,34881.11320754717
13725,0.03609980642795563,,34897.09433962264
13726,,3.0,34898.54716981132
13743,0.03612980619072914,,34916.377358490565
13744,,3.0,34917.54716981132
13759,0.036159805953502655,,34935.09433962264
13760,,3.0,34936.264150943396
13772,0.03618980571627617,,34950.301886792455
13773,,3.0,34951.47169811321
13780,0.03621980547904968,,34959.660377358494
13781,,3.0,34960.83018867925
13796,0.036249805241823196,,35023.53846153846
13797,,3.0,35028.666666666664
13801,0.03627980500459671,,35049.179487179485
13802,,3.0,35054.307692307695
13811,0.036309804767370224,,35100.46153846154
13812,,3.0,35105.58974358974
13821,0.03633980453014374,,35151.743589743586
13822,,3.0,35156.8717948718
13838,0.03636980429291725,,35215.413043478264
13839,,3.0,35219.52173913043
13848,0.036399804055690765,,35256.5
13849,,3.0,35260.608695652176
13859,0.03642980381846428,,35301.69565217391
13860,,3.0,35305.80434782609
13869,0.03645980358123779,,35342.782608695656
13870,,3.0,35346.891304347824
13883,0.03648980334401131,,35363.72727272727
13884,,3.0,35365.0
13893,0.03651980310678482,,35376.454545454544
13894,,3.0,35377.72727272727
13902,0.036549802869558334,,35387.90909090909
13903,,3.0,35389.181818181816
13915,0.03657980263233185,,35404.454545454544
13916,,3.0,35405.72727272727
13928,0.03660980239510536,,35419.12244897959
13929,,3.0,35420.4693877551
13939,0.036639802157878876,,35433.93877551021
13940,,3.0,35435.28571428572
13950,0.03666980192065239,,35448.755102040814
13951,,3.0,35450.102040816324
13966,0.0366998016834259,,35470.30612244898
13967,,3.0,35471.65306122449
13989,0.03672980144619942,,35516.98148148148
13990,,3.0,35519.2962962963
13997,0.03675980120897293,,35535.5
13998,,3.0,35537.81481481482
14012,0.036789800971746445,,35570.22222222222
14013,,3.0,35572.53703703704
14022,0.03681980073451996,,35593.37037037037
14023,,3.0,35595.68518518518
14035,0.03684980049729347,,35631.06976744186
14036,,3.0,35634.74418604651
14046,0.036879800260066986,,35671.48837209302
14047,,3.0,35675.16279069767
14056,0.0369098000228405,,35708.232558139534
14057,,3.0,35711.90697674418
14067,0.036939799785614014,,35748.651162790695
14068,,3.0,35752.32558139535
14081,0.03696979954838753,,35803.89473684211
14082,,3.0,35808.68421052631
14093,0.03699979931116104,,35861.36842105263
14094,,3.0,35866.15789473684
14101,0.037029799073934555,,35899.68421052631
14102,,3.0,35904.47368421053
14107,0.03705979883670807,,35928.42105263158
14108,,3.0,35933.21052631579
14117,0.03708979859948158,,35965.27272727273
14118,,3.0,35969.818181818184
14134,0.037119798362255096,,36042.545454545456
14135,,3.0,36047.09090909091
14144,0.03714979812502861,,36088.0
14145,,3.0,36092.545454545456
14153,0.037179797887802124,,36128.90909090909
14154,,3.0,36133.454545454544
14167,0.03720979765057564,,36180.55319148936
14168,,3.0,36184.8085106383
14177,0.03723979741334915,,36223.10638297872
14178,,3.0,36227.36170212766
14192,0.037269797176122665,,36286.936170212764
14193,,3.0,36291.1914893617
14202,0.03729979693889618,,36329.48936170213
14203,,3.0,36333.744680851065
14224,0.03732979670166969,,36407.230769230766
14225,,3.0,36411.07692307692
14239,0.03735979646444321,,36464.92307692308
14240,,3.0,36468.769230769234
14248,0.03738979622721672,,36499.53846153846
14249,,3.0,36503.38461538462
14256,0.037419795989990234,,36530.307692307695
14257,,3.0,36534.153846153844
14270,0.03744979575276375,,36593.555555555555
14271,,3.0,36599.11111111111
14277,0.03747979551553726,,36632.444444444445
14278,,3.0,36638.0
14286,0.037509795278310776,,36682.444444444445
14287,,3.0,36688.0
14294,0.03753979504108429,,36726.88888888889
14295,,3.0,36732.444444444445
14305,0.0375697948038578,,36775.83783783784
14306,,3.0,36781.24324324324
14315,0.03759979456663132,,36829.89189189189
14316,,3.0,36835.2972972973
14326,0.03762979432940483,,36889.35135135135
14327,,3.0,36894.75675675676
14333,0.037659794092178345,,36927.18918918919
14334,,3.0,36932.59459459459
14347,0.03768979385495186,,36983.454545454544
14348,,3.0,36988.0
14357,0.03771979361772537,,37028.90909090909
14358,,3.0,37033.454545454544
14365,0.037749793380498886,,37065.27272727273
14366,,3.0,37069.818181818184
14379,0.0377797931432724,,37128.90909090909
14380,,3.0,37133.454545454544
14393,0.037809792906045914,,37172.05405405405
14394,,3.0,37175.45945945946
14402,0.03783979266881943,,37202.7027027027
14403,,3.0,37206.10810810811
14412,0.03786979243159294,,37236.75675675676
14413,,3.0,37240.16216216216
14418,0.037899792194366455,,37257.18918918919
14419,,3.0,37260.59459459459
14436,0.03792979195713997,,37287.0
14437,,3.0,37288.642857142855
14446,0.03795979171991348,,37303.42857142857
14447,,3.0,37305.07142857143
14455,0.037989791482686996,,37318.21428571428
14456,,3.0,37319.857142857145
14462,0.03801979124546051,,37329.71428571428
14463,,3.0,37331.357142857145
14481,0.038049791008234024,,37404.42857142857
14482,,3.0,37409.19047619047
14488,0.03807979077100754,,37437.76190476191
14489,,3.0,37442.52380952381
14496,0.03810979053378105,,37475.857142857145
14497,,3.0,37480.619047619046
14506,0.038139790296554565,,37523.47619047619
14507,,3.0,37528.23809523809
14519,0.03816979005932808,,37569.0
14520,,3.0,37573.0
14532,0.03819978982210159,,37621.0
14533,,3.0,37625.0
14545,0.03822978958487511,,37673.0
14546,,3.0,37677.0
14558,0.03825978934764862,,37725.0
14559,,3.0,37729.0
14575,0.038289789110422134,,37775.545454545456
14576,,3.0,37778.818181818184
14583,0.03831978887319565,,37801.72727272727
14584,,3.0,37805.0
14596,0.03834978863596916,,37844.27272727273
14597,,3.0,37847.545454545456
14604,0.038379788398742676,,37870.454545454544
14605,,3.0,37873.72727272727
14622,0.03840978816151619,,37900.955555555556
14623,,3.0,37902.666666666664
14631,0.0384397879242897,,37916.35555555556
14632,,3.0,37918.066666666666
14640,0.03846978768706322,,37931.75555555556
14641,,3.0,37933.46666666667
14651,0.03849978744983673,,37950.57777777778
14652,,3.0,37952.28888888889
14664,0.038529787212610245,,37964.431818181816
14665,,3.0,37965.59090909091
14674,0.03855978697538376,,37976.02272727273
14675,,3.0,37977.181818181816
14684,0.03858978673815727,,37987.61363636364
14685,,3.0,37988.77272727273
14697,0.038619786500930786,,38002.681818181816
14698,,3.0,38003.84090909091
14713,0.0386497862637043,,38065.0
14714,,3.0,38070.0
14719,0.038679786026477814,,38095.0
14720,,3.0,38100.0
14730,0.03870978578925133,,38150.0
14731,,3.0,38155.0
14739,0.03873978555202484,,38195.0
14740,,3.0,38200.0
14754,0.038769785314798355,,38261.41025641026
14755,,3.0,38266.53846153846
14762,0.03879978507757187,,38302.4358974359
14763,,3.0,38307.5641025641
14768,0.03882978484034538,,38333.205128205125
14769,,3.0,38338.333333333336
14780,0.038859784603118896,,38394.743589743586
14781,,3.0,38399.8717948718
14798,0.03888978436589241,,38473.205128205125
14799,,3.0,38478.07692307692
14804,0.038919784128665924,,38502.4358974359
14805,,3.0,38507.307692307695
14811,0.03894978389143944,,38536.53846153846
14812,,3.0,38541.41025641026
14821,0.03897978365421295,,38585.256410256414
14822,,3.0,38590.1282051282
14836,0.039009783416986465,,38635.54285714286
14837,,3.0,38639.22857142857
14844,0.03903978317975998,,38665.02857142857
14845,,3.0,38668.71428571428
14852,0.03906978294253349,,38694.514285714286
14853,,3.0,38698.2
14858,0.03909978270530701,,38716.62857142857
14859,,3.0,38720.31428571429
14871,0.03912978246808052,,38751.225
14872,,3.0,38754.25
14881,0.039159782230854034,,38781.475
14882,,3.0,38784.5
14890,0.03918978199362755,,38808.7
14891,,3.0,38811.725
14900,0.03921978175640106,,38838.95
14901,,3.0,38841.975
14917,0.039249781519174576,,38902.77777777778
14918,,3.0,38907.22222222222
14925,0.03927978128194809,,38938.333333333336
14926,,3.0,38942.77777777778
14936,0.0393097810447216,,38987.22222222222
14937,,3.0,38991.666666666664
14947,0.03933978080749512,,39036.11111111111
14948,,3.0,39040.555555555555
14963,0.03936978057026863,,39087.857142857145
14964,,3.0,39091.42857142857
14979,0.039399780333042145,,39145.0
14980,,3.0,39148.57142857143
14994,0.03942978009581566,,39198.57142857143
14995,,3.0,39202.142857142855
15005,0.03945977985858917,,39237.857142857145
15006,,3.0,39241.42857142857
15019,0.039489779621362686,,39296.282051282054
15020,,3.0,39301.41025641026
15028,0.0395197793841362,,39342.4358974359
15029,,3.0,39347.5641025641
15038,0.039549779146909714,,39393.717948717946
15039,,3.0,39398.846153846156
15046,0.03957977890968323,,39434.743589743586
15047,,3.0,39439.8717948718
15064,0.03960977867245674,,39507.333333333336
15065,,3.0,39511.78571428572
15071,0.039639778435230255,,39538.5
15072,,3.0,39542.95238095238
15079,0.03966977819800377,,39574.119047619046
15080,,3.0,39578.57142857143
15090,0.03969977796077728,,39623.09523809524
15091,,3.0,39627.54761904762
15106,0.039729777723550797,,39677.767441860466
15107,,3.0,39681.58139534884
15115,0.03975977748632431,,39712.09302325582
15116,,3.0,39715.90697674418
15127,0.039789777249097824,,39757.86046511628
15128,,3.0,39761.67441860465
15135,0.03981977701187134,,39788.37209302326
15136,,3.0,39792.186046511626
15151,0.03984977677464485,,39807.739130434784
15152,,3.0,39808.717391304344
15164,0.039879776537418365,,39820.45652173913
15165,,3.0,39821.434782608696
15176,0.03990977630019188,,39832.19565217391
15177,,3.0,39833.17391304348
15183,0.03993977606296539,,39839.04347826087
15184,,3.0,39840.02173913043
15196,0.03996977582573891,,39882.357142857145
15197,,3.0,39886.95238095238
15208,0.03999977558851242,,39937.5
15209,,3.0,39942.09523809524
15220,0.040029775351285934,,39992.642857142855
15221,,3.0,39997.23809523809
15227,0.04005977511405945,,40024.80952380953
15228,,3.0,40029.40476190476
15248,0.04008977487683296,,40106.34042553192
15249,,3.0,40110.59574468085
15258,0.040119774639606476,,40148.89361702128
15259,,3.0,40153.14893617021
15264,0.04014977440237999,,40174.425531914894
15265,,3.0,40178.68085106383
15276,0.0401797741651535,,40225.48936170213
15277,,3.0,40229.744680851065
15292,0.04020977392792702,,40273.80487804878
15293,,3.0,40277.12195121951
15301,0.04023977369070053,,40303.65853658537
15302,,3.0,40306.9756097561
15310,0.040269773453474045,,40333.51219512195
15311,,3.0,40336.829268292684
15319,0.04029977321624756,,40363.365853658535
15320,,3.0,40366.68292682927
15336,0.04032977297902107,,40433.41463414634
15337,,3.0,40438.29268292683
15343,0.040359772741794586,,40467.560975609755
15344,,3.0,40472.439024390245
15354,0.0403897725045681,,40521.21951219512
15355,,3.0,40526.09756097561
15362,0.040419772267341614,,40560.243902439026
15363,,3.0,40565.12195121951
15376,0.04044977203011513,,40603.86363636364
15377,,3.0,40607.25
15388,0.04047977179288864,,40644.5
15389,,3.0,40647.88636363636
15396,0.040509771555662155,,40671.59090909091
15397,,3.0,40674.97727272727
15408,0.04053977131843567,,40712.22727272727
15409,,3.0,40715.61363636364
15424,0.04056977108120918,,40760.217391304344
15425,,3.0,40763.65217391304
15434,0.0405997708439827,,40794.565217391304
15435,,3.0,40798.0
15446,0.04062977060675621,,40835.782608695656
15447,,3.0,40839.217391304344
15456,0.040659770369529724,,40870.13043478261
15457,,3.0,40873.565217391304
15471,0.04068977013230324,,40927.0
15472,,3.0,40931.545454545456
15480,0.04071976989507675,,40967.90909090909
15481,,3.0,40972.454545454544
15489,0.040749769657850266,,41008.818181818184
15490,,3.0,41013.36363636364
15502,0.04077976942062378,,41067.90909090909
15503,,3.0,41072.454545454544
15520,0.04080976918339729,,41126.12280701754
15521,,3.0,41129.63157894737
15533,0.04083976894617081,,41171.73684210526
15534,,3.0,41175.245614035084
15552,0.04086976870894432,,41238.40350877193
15553,,3.0,41241.912280701756
15561,0.040899768471717834,,41269.98245614035
15562,,3.0,41273.491228070176
15578,0.04092976823449135,,41343.666666666664
15579,,3.0,41348.794871794875
15587,0.04095976799726486,,41389.820512820515
15588,,3.0,41394.94871794872
15593,0.040989767760038376,,41420.58974358974
15594,,3.0,41425.717948717946
15602,0.04101976752281189,,41466.743589743586
15603,,3.0,41471.8717948718
15617,0.0410497672855854,,41502.666666666664
15618,,3.0,41505.0
15626,0.04107976704835892,,41523.666666666664
15627,,3.0,41526.0
15636,0.04110976681113243,,41547.0
15637,,3.0,41549.333333333336
15646,0.041139766573905945,,41570.333333333336
15647,,3.0,41572.666666666664
15661,0.04116976633667946,,41619.0
15662,,3.0,41623.0
15674,0.04119976609945297,,41671.0
15675,,3.0,41675.0
15685,0.041229765862226486,,41715.0
15686,,3.0,41719.0
15698,0.041259765625,,41767.0
15699,,3.0,41771.0
15712,0.041289765387773514,,41817.55319148936
15713,,3.0,41821.8085106383
15726,0.04131976515054703,,41877.12765957447
15727,,3.0,41881.382978723406
15736,0.04134976491332054,,41919.68085106383
15737,,3.0,41923.936170212764
15747,0.041379764676094055,,41966.48936170213
15748,,3.0,41970.744680851065
15763,0.04140976443886757,,42027.17391304348
15764,,3.0,42031.52173913043
15773,0.04143976420164108,,42070.65217391304
15774,,3.0,42075.0
15785,0.0414697639644146,,42122.82608695652
15786,,3.0,42127.17391304348
15795,0.04149976372718811,,42166.30434782609
15796,,3.0,42170.65217391304
15811,0.041529763489961624,,42233.53658536585
15812,,3.0,42238.41463414634
15821,0.04155976325273514,,42282.31707317073
15822,,3.0,42287.19512195122
15829,0.04158976301550865,,42321.34146341463
15830,,3.0,42326.21951219512
15838,0.041619762778282166,,42365.243902439026
15839,,3.0,42370.12195121951
15854,0.04164976254105568,,42432.142857142855
15855,,3.0,42436.90476190476
15862,0.04167976230382919,,42470.23809523809
15863,,3.0,42475.0
15872,0.04170976206660271,,42517.857142857145
15873,,3.0,42522.619047619046
15882,0.04173976182937622,,42565.47619047619
15883,,3.0,42570.23809523809
15896,0.041769761592149734,,42622.619047619046
15897,,3.0,42627.380952380954
15908,0.04179976135492325,,42679.76190476191
15909,,3.0,42684.52380952381
15914,0.04182976111769676,,42708.333333333336
15915,,3.0,42713.09523809524
15926,0.041859760880470276,,42765.47619047619
15927,,3.0,42770.23809523809
15938,0.04188976064324379,,42795.57142857143
15939,,3.0,42798.142857142855
15949,0.0419197604060173,,42823.857142857145
15950,,3.0,42826.42857142857
15956,0.04194976016879082,,42841.857142857145
15957,,3.0,42844.42857142857
15970,0.04197975993156433,,42877.857142857145
15971,,3.0,42880.42857142857
15992,0.042009759694337845,,42917.56
15993,,3.0,42919.48
16004,0.04203975945711136,,42940.6
16005,,3.0,42942.52
16014,0.04206975921988487,,42959.8
16015,,3.0,42961.72
16022,0.042099758982658386,,42975.16
16023,,3.0,42977.08
16041,0.0421297587454319,,43028.52830188679
16042,,3.0,43031.83018867925
16051,0.042159758508205414,,43061.54716981132
16052,,3.0,43064.84905660377
16063,0.04218975827097893,,43101.16981132075
16064,,3.0,43104.47169811321
16077,0.04221975803375244,,43147.3962264151
16078,,3.0,43150.698113207545
16094,0.042249757796525955,,43185.2
16095,,3.0,43187.6
16102,0.04227975755929947,,43204.4
16103,,3.0,43206.8
16116,0.04230975732207298,,43238.0
16117,,3.0,43240.4
16124,0.0423397570848465,,43257.2
16125,,3.0,43259.6
16138,0.04236975684762001,,43294.94117647059
16139,,3.0,43298.23529411765
16143,0.042399756610393524,,43311.41176470588
16144,,3.0,43314.705882352944
16152,0.04242975637316704,,43341.05882352941
16153,,3.0,43344.35294117647
16160,0.04245975613594055,,43367.41176470588
16161,,3.0,43370.705882352944
16180,0.042489755898714066,,43407.333333333336
16181,,3.0,43409.416666666664
16192,0.04251975566148758,,43432.333333333336
16193,,3.0,43434.416666666664
16202,0.04254975542426109,,43453.166666666664
16203,,3.0,43455.25
16210,0.04257975518703461,,43469.833333333336
16211,,3.0,43471.916666666664
16226,0.04260975494980812,,43507.70212765958
16227,,3.0,43510.51063829787
16237,0.042639754712581635,,43538.59574468085
16238,,3.0,43541.40425531915
16251,0.04266975447535515,,43577.914893617024
16252,,3.0,43580.72340425532
16259,0.04269975423812866,,43600.382978723406
16260,,3.0,43603.1914893617
16274,0.042729754000902176,,43638.760869565216
16275,,3.0,43641.739130434784
16286,0.04275975376367569,,43674.5
16287,,3.0,43677.47826086957
16294,0.042789753526449203,,43698.32608695652
16295,,3.0,43701.30434782609
16307,0.04281975328922272,,43737.04347826087
16308,,3.0,43740.02173913043
16324,0.04284975305199623,,43773.044444444444
16325,,3.0,43775.35555555556
16335,0.042879752814769745,,43798.46666666667
16336,,3.0,43800.77777777778
16343,0.04290975257754326,,43816.955555555556
16344,,3.0,43819.26666666667
16354,0.04293975234031677,,43842.37777777778
16355,,3.0,43844.688888888886
16373,0.042969752103090286,,43906.68085106383
16374,,3.0,43910.65957446808
16383,0.0429997518658638,,43946.46808510638
16384,,3.0,43950.44680851064
16395,0.043029751628637314,,43994.21276595745
16396,,3.0,43998.1914893617
16403,0.04305975139141083,,44026.04255319149
16404,,3.0,44030.02127659575
16418,0.04308975115418434,,44062.651162790695
16419,,3.0,44065.25581395349
16429,0.043119750916957855,,44091.3023255814
16430,,3.0,44093.90697674418
16438,0.04314975067973137,,44114.74418604651
16439,,3.0,44117.348837209305
16448,0.04317975044250488,,44140.79069767442
16449,,3.0,44143.395348837206
16463,0.0432097502052784,,44165.441860465115
16464,,3.0,44167.20930232558
16471,0.04323974996805191,,44179.58139534884
16472,,3.0,44181.348837209305
16481,0.043269749730825424,,44197.25581395349
16482,,3.0,44199.023255813954
16493,0.04329974949359894,,44218.46511627907
16494,,3.0,44220.232558139534
16509,0.04332974925637245,,44238.52830188679
16510,,3.0,44239.90566037736
16522,0.043359749019145966,,44256.43396226415
16523,,3.0,44257.811320754714
16536,0.04338974878191948,,44275.71698113208
16537,,3.0,44277.09433962264
16548,0.04341974854469299,,44292.24528301887
16549,,3.0,44293.622641509435
16562,0.04344974830746651,,44335.9756097561
16563,,3.0,44340.07317073171
16570,0.04347974807024002,,44368.756097560974
16571,,3.0,44372.85365853659
16581,0.043509747833013535,,44413.829268292684
16582,,3.0,44417.92682926829
16591,0.04353974759578705,,44454.80487804878
16592,,3.0,44458.90243902439
16610,0.04356974735856056,,44523.0
16611,,3.0,44527.0
16619,0.043599747121334076,,44559.0
16620,,3.0,44563.0
16631,0.04362974688410759,,44607.0
16632,,3.0,44611.0
16643,0.043659746646881104,,44655.0
16644,,3.0,44659.0
16659,0.04368974640965462,,44711.26666666667
16660,,3.0,44715.28888888889
16674,0.04371974617242813,,44771.6
16675,,3.0,44775.62222222222
16682,0.043749745935201645,,44803.77777777778
16683,,3.0,44807.8
16690,0.04377974569797516,,44835.955555555556
16691,,3.0,44839.97777777778
16703,0.04380974546074867,,44890.153846153844
16704,,3.0,44895.282051282054
16714,0.043839745223522186,,44946.5641025641
16715,,3.0,44951.692307692305
16723,0.0438697449862957,,44992.717948717946
16724,,3.0,44997.846153846156
16731,0.043899744749069214,,45033.743589743586
16732,,3.0,45038.8717948718
16748,0.04392974451184273,,45099.170731707316
16749,,3.0,45103.41463414634
16755,0.04395974427461624,,45128.87804878049
16756,,3.0,45133.12195121951
16765,0.043989744037389755,,45171.31707317073
16766,,3.0,45175.560975609755
16774,0.04401974380016327,,45209.51219512195
16775,,3.0,45213.756097560974
16796,0.04404974356293678,,45272.705882352944
16797,,3.0,45275.74509803922
16803,0.0440797433257103,,45293.98039215686
16804,,3.0,45297.01960784314
16812,0.04410974308848381,,45321.333333333336
16813,,3.0,45324.37254901961
16827,0.044139742851257324,,45366.92156862745
16828,,3.0,45369.96078431373
16841,0.04416974261403084,,45414.666666666664
16842,,3.0,45418.833333333336
16853,0.04419974237680435,,45464.666666666664
16854,,3.0,45468.833333333336
16867,0.044229742139577866,,45523.0
16868,,3.0,45527.166666666664
16877,0.04425974190235138,,45564.666666666664
16878,,3.0,45568.833333333336
16891,0.04428974166512489,,45618.454545454544
16892,,3.0,45623.0
16903,0.04431974142789841,,45673.0
16904,,3.0,45677.545454545456
16913,0.04434974119067192,,45718.454545454544
16914,,3.0,45723.0
16923,0.044379740953445435,,45763.90909090909
16924,,3.0,45768.454545454544
16940,0.04440974071621895,,45827.166666666664
16941,,3.0,45831.333333333336
16953,0.04443974047899246,,45881.333333333336
16954,,3.0,45885.5
16965,0.044469740241765976,,45931.333333333336
16966,,3.0,45935.5
16973,0.04449974000453949,,45964.666666666664
16974,,3.0,45968.833333333336
16989,0.044529739767313004,,46028.5
16990,,3.0,46033.125
16996,0.04455973953008652,,46060.875
16997,,3.0,46065.5
17005,0.04458973929286003,,46102.5
17006,,3.0,46107.125
17015,0.044619739055633545,,46148.75
17016,,3.0,46153.375
17036,0.04464973881840706,,46226.72340425532
17037,,3.0,46230.765957446805
17042,0.04467973858118057,,46250.97872340425
17043,,3.0,46255.02127659575
17054,0.044709738343954086,,46299.48936170213
17055,,3.0,46303.53191489362
17064,0.0447397381067276,,46339.914893617024
17065,,3.0,46343.95744680851
17076,0.044769737869501114,,46359.23809523809
17077,,3.0,46360.642857142855
17088,0.04479973763227463,,46376.09523809524
17089,,3.0,46377.5
17098,0.04482973739504814,,46390.142857142855
17099,,3.0,46391.54761904762
17108,0.044859737157821655,,46404.19047619047
17109,,3.0,46405.59523809524
17123,0.04488973692059517,,46469.857142857145
17124,,3.0,46475.57142857143
17131,0.04491973668336868,,46515.57142857143
17132,,3.0,46521.28571428572
17138,0.0449497364461422,,46555.57142857143
17139,,3.0,46561.28571428572
17145,0.04497973620891571,,46595.57142857143
17146,,3.0,46601.28571428572
17161,0.045009735971689224,,46659.17391304348
17162,,3.0,46663.52173913043
17171,0.04503973573446274,,46702.65217391304
17172,,3.0,46707.0
17183,0.04506973549723625,,46754.82608695652
17184,,3.0,46759.17391304348
17193,0.045099735260009766,,46798.30434782609
17194,,3.0,46802.65217391304
17210,0.04512973502278328,,46820.295454545456
17211,,3.0,46821.318181818184
17220,0.04515973478555679,,46830.52272727273
17221,,3.0,46831.545454545456
17232,0.04518973454833031,,46842.795454545456
17233,,3.0,46843.818181818184
17239,0.04521973431110382,,46849.954545454544
17240,,3.0,46850.97727272727
17259,0.045249734073877335,,46924.72727272727
17260,,3.0,46929.27272727273
17268,0.04527973383665085,,46965.63636363636
17269,,3.0,46970.181818181816
17278,0.04530973359942436,,47011.09090909091
17279,,3.0,47015.63636363636
17285,0.045339733362197876,,47042.90909090909
17286,,3.0,47047.454545454544
17297,0.04536973312497139,,47094.10526315789
17298,,3.0,47099.36842105263
17304,0.045399732887744904,,47130.94736842105
17305,,3.0,47136.21052631579
17314,0.04542973265051842,,47183.57894736842
17315,,3.0,47188.84210526316
17325,0.04545973241329193,,47241.47368421053
17326,,3.0,47246.73684210526
17341,0.045489732176065445,,47266.04255319149
17342,,3.0,47267.21276595745
17350,0.04551973193883896,,47276.574468085106
17351,,3.0,47277.744680851065
17358,0.04554973170161247,,47285.936170212764
17359,,3.0,47287.10638297872
17374,0.045579731464385986,,47304.65957446808
17375,,3.0,47305.82978723404
17388,0.0456097312271595,,47347.816326530614
17389,,3.0,47351.897959183676
17402,0.045639730989933014,,47404.95918367347
17403,,3.0,47409.04081632653
17414,0.04566973075270653,,47453.93877551021
17415,,3.0,47458.02040816326
17425,0.04569973051548004,,47498.836734693876
17426,,3.0,47502.91836734694
17442,0.045729730278253555,,47562.31914893617
17443,,3.0,47566.574468085106
17453,0.04575973004102707,,47609.12765957447
17454,,3.0,47613.382978723406
17463,0.04578972980380058,,47651.68085106383
17464,,3.0,47655.936170212764
17474,0.0458197295665741,,47698.48936170213
17475,,3.0,47702.744680851065
17488,0.04584972932934761,,47747.81081081081
17489,,3.0,47751.89189189189
17500,0.045879729092121124,,47796.78378378379
17501,,3.0,47800.86486486487
17507,0.04590972885489464,,47825.35135135135
17508,,3.0,47829.43243243243
17513,0.04593972861766815,,47849.83783783784
17514,,3.0,47853.91891891892
17527,0.045969728380441666,,47900.55319148936
17528,,3.0,47904.8085106383
17540,0.04599972814321518,,47955.87234042553
17541,,3.0,47960.12765957447
17547,0.04602972790598869,,47985.65957446808
17548,,3.0,47989.914893617024
17562,0.04605972766876221,,48049.48936170213
17563,,3.0,48053.744680851065
17576,0.04608972743153572,,48109.282051282054
17577,,3.0,48114.41025641026
17585,0.046119727194309235,,48155.4358974359
17586,,3.0,48160.5641025641
17595,0.04614972695708275,,48206.717948717946
17596,,3.0,48211.846153846156
17603,0.04617972671985626,,48247.743589743586
17604,,3.0,48252.8717948718
17620,0.046209726482629776,,48319.90476190476
17621,,3.0,48324.666666666664
17627,0.04623972624540329,,48353.23809523809
17628,,3.0,48358.0
17638,0.046269726008176804,,48405.619047619046
17639,,3.0,48410.380952380954
17647,0.04629972577095032,,48448.47619047619
17648,,3.0,48453.23809523809
17660,0.04632972553372383,,48508.0
17661,,3.0,48513.555555555555
17669,0.046359725296497345,,48558.0
17670,,3.0,48563.555555555555
17676,0.04638972505927086,,48596.88888888889
17677,,3.0,48602.444444444445
17685,0.04641972482204437,,48646.88888888889
17686,,3.0,48652.444444444445
17705,0.046449724584817886,,48682.93023255814
17706,,3.0,48684.48837209302
17715,0.0464797243475914,,48698.51162790698
17716,,3.0,48700.06976744186
17723,0.046509724110364914,,48710.976744186046
17724,,3.0,48712.53488372093
17730,0.04653972387313843,,48721.88372093023
17731,,3.0,48723.441860465115
17741,0.04656972363591194,,48756.5
17742,,3.0,48761.0
17754,0.046599723398685455,,48815.0
17755,,3.0,48819.5
17765,0.04662972316145897,,48864.5
17766,,3.0,48869.0
17772,0.04665972292423248,,48896.0
17773,,3.0,48900.5
17789,0.046689722687006,,48959.166666666664
17790,,3.0,48963.333333333336
17805,0.04671972244977951,,49025.833333333336
17806,,3.0,49030.0
17815,0.046749722212553024,,49067.5
17816,,3.0,49071.666666666664
17822,0.04677972197532654,,49096.666666666664
17823,,3.0,49100.833333333336
17839,0.04680972173810005,,49162.77777777778
17840,,3.0,49167.22222222222
17849,0.046839721500873566,,49207.22222222222
17850,,3.0,49211.666666666664
17858,0.04686972126364708,,49247.22222222222
17859,,3.0,49251.666666666664
17869,0.04689972102642059,,49296.11111111111
17870,,3.0,49300.555555555555
17883,0.04692972078919411,,49348.333333333336
17884,,3.0,49352.666666666664
17891,0.04695972055196762,,49383.0
17892,,3.0,49387.333333333336
17900,0.046989720314741135,,49422.0
17901,,3.0,49426.333333333336
17910,0.04701972007751465,,49465.333333333336
17911,,3.0,49469.666666666664
17924,0.04704971984028816,,49484.0
17925,,3.0,49485.0
17937,0.047079719603061676,,49497.0
17938,,3.0,49498.0
17946,0.04710971936583519,,49506.0
17947,,3.0,49507.0
17955,0.047139719128608704,,49515.0
17956,,3.0,49516.0
17971,0.04716971889138222,,49572.813953488374
17972,,3.0,49577.46511627907
17981,0.04719971865415573,,49619.32558139535
17982,,3.0,49623.976744186046
17992,0.047229718416929245,,49670.48837209302
17993,,3.0,49675.13953488372
18000,0.04725971817970276,,49707.6976744186
18001,,3.0,49712.348837209305
18012,0.04728971794247627,,49741.181818181816
18013,,3.0,49744.204545454544
18023,0.047319717705249786,,49774.431818181816
18024,,3.0,49777.454545454544
18032,0.0473497174680233,,49801.63636363636
18033,,3.0,49804.65909090909
18046,0.047379717230796814,,49843.954545454544
18047,,3.0,49846.97727272727
18059,0.04740971699357033,,49901.42857142857
18060,,3.0,49907.142857142855
18067,0.04743971675634384,,49947.142857142855
18068,,3.0,49952.857142857145
18073,0.047469716519117355,,49981.42857142857
18074,,3.0,49987.142857142855
18083,0.04749971628189087,,50038.57142857143
18084,,3.0,50044.28571428572
18097,0.04752971604466438,,50097.619047619046
18098,,3.0,50102.380952380954
18106,0.0475597158074379,,50140.47619047619
18107,,3.0,50145.23809523809
18116,0.04758971557021141,,50188.09523809524
18117,,3.0,50192.857142857145
18127,0.047619715332984924,,50240.47619047619
18128,,3.0,50245.23809523809
18146,0.04764971509575844,,50295.454545454544
18147,,3.0,50298.48484848485
18161,0.04767971485853195,,50340.90909090909
18162,,3.0,50343.93939393939
18181,0.047709714621305466,,50401.51515151515
18182,,3.0,50404.545454545456
18195,0.04773971438407898,,50443.93939393939
18196,,3.0,50446.969696969696
18209,0.04776971414685249,,50502.63157894737
18210,,3.0,50507.89473684211
18218,0.04779971390962601,,50550.0
18219,,3.0,50555.26315789474
18226,0.04782971367239952,,50592.10526315789
18227,,3.0,50597.36842105263
18235,0.047859713435173035,,50639.47368421053
18236,,3.0,50644.73684210526
18258,0.04788971319794655,,50699.32692307692
18259,,3.0,50701.92307692308
18274,0.04791971296072006,,50740.86538461538
18275,,3.0,50743.46153846154
18281,0.047949712723493576,,50759.03846153846
18282,,3.0,50761.63461538462
18289,0.04797971248626709,,50779.807692307695
18290,,3.0,50782.403846153844
18300,0.048009712249040604,,50815.0
18301,,3.0,50819.28571428572
18311,0.04803971201181412,,50862.142857142855
18312,,3.0,50866.42857142857
18318,0.04806971177458763,,50892.142857142855
18319,,3.0,50896.42857142857
18326,0.048099711537361145,,50926.42857142857
18327,,3.0,50930.71428571428
18339,0.04812971130013466,,50975.90909090909
18340,,3.0,50980.454545454544
18349,0.04815971106290817,,51021.36363636364
18350,,3.0,51025.90909090909
18357,0.048189710825681686,,51057.72727272727
18358,,3.0,51062.27272727273
18372,0.0482197105884552,,51125.90909090909
18373,,3.0,51130.454545454544
18391,0.048249710351228714,,51153.06122448979
18392,,3.0,51154.26530612245
18400,0.04827971011400223,,51163.897959183676
18401,,3.0,51165.102040816324
18409,0.04830970987677574,,51174.73469387755
18410,,3.0,51175.93877551021
18423,0.048339709639549255,,51191.5918367347
18424,,3.0,51192.795918367345
18436,0.04836970940232277,,51241.36842105263
18437,,3.0,51246.63157894737
18447,0.04839970916509628,,51299.26315789474
18448,,3.0,51304.52631578947
18454,0.0484297089278698,,51336.10526315789
18455,,3.0,51341.36842105263
18463,0.04845970869064331,,51383.47368421053
18464,,3.0,51388.73684210526
18480,0.048489708453416824,,51444.98039215686
18481,,3.0,51448.901960784315
18490,0.04851970821619034,,51484.19607843137
18491,,3.0,51488.117647058825
18502,0.04854970797896385,,51531.25490196078
18503,,3.0,51535.17647058824
18516,0.048579707741737366,,51586.1568627451
18517,,3.0,51590.07843137255
18535,0.04860970750451088,,51660.666666666664
18536,,3.0,51665.11111111111
18543,0.04863970726728439,,51696.22222222222
18544,,3.0,51700.666666666664
18553,0.04866970703005791,,51740.666666666664
18554,,3.0,51745.11111111111
18563,0.04869970679283142,,51785.11111111111
18564,,3.0,51789.555555555555
18576,0.048729706555604935,,51836.857142857145
18577,,3.0,51841.619047619046
18585,0.04875970631837845,,51879.71428571428
18586,,3.0,51884.47619047619
18597,0.04878970608115196,,51936.857142857145
18598,,3.0,51941.619047619046
18607,0.048819705843925476,,51984.47619047619
18608,,3.0,51989.23809523809
18621,0.04884970560669899,,52040.51162790698
18622,,3.0,52045.16279069767
18630,0.048879705369472504,,52082.37209302326
18631,,3.0,52087.023255813954
18641,0.04890970513224602,,52133.53488372093
18642,,3.0,52138.186046511626
18652,0.04893970489501953,,52184.6976744186
18653,,3.0,52189.348837209305
18666,0.048969704657793045,,52203.545454545456
18667,,3.0,52204.5
18676,0.04899970442056656,,52213.09090909091
18677,,3.0,52214.045454545456
18689,0.04902970418334007,,52225.5
18690,,3.0,52226.454545454544
18698,0.049059703946113586,,52234.09090909091
18699,,3.0,52235.045454545456
18712,0.0490897037088871,,52286.0
18713,,3.0,52291.0
18719,0.049119703471660614,,52321.0
18720,,3.0,52326.0
18730,0.04914970323443413,,52376.0
18731,,3.0,52381.0
18740,0.04917970299720764,,52426.0
18741,,3.0,52431.0
18751,0.049209702759981155,,52473.83783783784
18752,,3.0,52479.24324324324
18759,0.04923970252275467,,52517.08108108108
18760,,3.0,52522.48648648649
18771,0.04926970228552818,,52581.94594594595
18772,,3.0,52587.35135135135
18779,0.0492997020483017,,52625.18918918919
18780,,3.0,52630.59459459459
18798,0.04932970181107521,,52699.82978723404
18799,,3.0,52704.085106382976
18808,0.049359701573848724,,52742.382978723406
18809,,3.0,52746.63829787234
18815,0.04938970133662224,,52772.17021276596
18816,,3.0,52776.425531914894
18828,0.04941970109939575,,52827.48936170213
18829,,3.0,52831.744680851065
18840,0.049449700862169266,,52869.913043478264
18841,,3.0,52874.15217391304
18853,0.04947970062494278,,52925.02173913043
18854,,3.0,52929.260869565216
18865,0.04950970038771629,,52975.891304347824
18866,,3.0,52980.13043478261
18876,0.04953970015048981,,53022.52173913043
18877,,3.0,53026.760869565216
18891,0.04956969991326332,,53044.60526315789
18892,,3.0,53045.84210526316
18900,0.049599699676036835,,53055.73684210526
18901,,3.0,53056.97368421053
18910,0.04962969943881035,,53068.10526315789
18911,,3.0,53069.34210526316
18916,0.04965969920158386,,53075.52631578947
18917,,3.0,53076.76315789474
18932,0.049689698964357376,,53130.54054054054
18933,,3.0,53134.91891891892
18941,0.04971969872713089,,53169.94594594595
18942,,3.0,53174.32432432433
18948,0.049749698489904404,,53200.59459459459
18949,,3.0,53204.97297297297
18955,0.04977969825267792,,53231.24324324324
18956,,3.0,53235.62162162162
18973,0.04980969801545143,,53298.333333333336
18974,,3.0,53302.5
18982,0.049839697778224945,,53335.833333333336
18983,,3.0,53340.0
18995,0.04986969754099846,,53390.0
18996,,3.0,53394.166666666664
19005,0.04989969730377197,,53431.666666666664
19006,,3.0,53435.833333333336
19015,0.049929697066545486,,53448.454545454544
19016,,3.0,53449.86363636364
19030,0.049959696829319,,53469.59090909091
19031,,3.0,53471.0
19041,0.049989696592092514,,53485.09090909091
19042,,3.0,53486.5
19051,0.05001969635486603,,53499.181818181816
19052,,3.0,53500.59090909091
19069,0.05004969611763954,,53516.311111111114
19070,,3.0,53517.333333333336
19079,0.050079695880413055,,53526.53333333333
19080,,3.0,53527.555555555555
19087,0.05010969564318657,,53534.71111111111
19088,,3.0,53535.73333333333
19098,0.05013969540596008,,53545.955555555556
19099,,3.0,53546.97777777778
19120,0.0501696951687336,,53581.12
19121,,3.0,53582.96
19127,0.05019969493150711,,53594.0
19128,,3.0,53595.84
19140,0.050229694694280624,,53617.92
19141,,3.0,53619.76
19150,0.05025969445705414,,53636.32
19151,,3.0,53638.16
19164,0.05028969421982765,,53659.574468085106
19165,,3.0,53661.53191489362
19175,0.050319693982601166,,53681.10638297872
19176,,3.0,53683.063829787236
19186,0.05034969374537468,,53702.63829787234
19187,,3.0,53704.59574468085
19199,0.05037969350814819,,53728.085106382976
19200,,3.0,53730.04255319149
19221,0.05040969327092171,,53798.666666666664
19222,,3.0,53802.37037037037
19238,0.05043969303369522,,53861.62962962963
19239,,3.0,53865.333333333336
19243,0.050469692796468735,,53880.148148148146
19244,,3.0,53883.851851851854
19255,0.05049969255924225,,53924.59259259259
19256,,3.0,53928.2962962963
19272,0.05052969232201576,,53977.217391304344
19273,,3.0,53980.69565217391
19277,0.050559692084789276,,53994.608695652176
19278,,3.0,53998.086956521736
19289,0.05058969184756279,,54036.34782608696
19290,,3.0,54039.82608695652
19303,0.050619691610336304,,54085.04347826087
19304,,3.0,54088.52173913043
19314,0.05064969137310982,,54129.83783783784
19315,,3.0,54135.24324324324
19322,0.05067969113588333,,54173.08108108108
19323,,3.0,54178.48648648649
19327,0.050709690898656845,,54200.10810810811
19328,,3.0,54205.51351351351
19342,0.05073969066143036,,54281.18918918919
19343,,3.0,54286.59459459459
19359,0.05076969042420387,,54349.77777777778
19360,,3.0,54354.22222222222
19368,0.050799690186977386,,54389.77777777778
19369,,3.0,54394.22222222222
19379,0.0508296899497509,,54438.666666666664
19380,,3.0,54443.11111111111
19389,0.050859689712524414,,54483.11111111111
19390,,3.0,54487.555555555555
19400,0.05088968947529793,,54526.62162162162
19401,,3.0,54531.56756756757
19410,0.05091968923807144,,54576.08108108108
19411,,3.0,54581.02702702703
19420,0.050949689000844955,,54625.54054054054
19421,,3.0,54630.48648648649
19428,0.05097968876361847,,54665.10810810811
19429,,3.0,54670.05405405405
19441,0.05100968852639198,,54715.90909090909
19442,,3.0,54720.454545454544
19453,0.0510396882891655,,54770.454545454544
19454,,3.0,54775.0
19466,0.05106968805193901,,54829.545454545456
19467,,3.0,54834.09090909091
19474,0.051099687814712524,,54865.90909090909
19475,,3.0,54870.454545454544
19490,0.05112968757748604,,54925.0
19491,,3.0,54929.166666666664
19505,0.05115968734025955,,54987.5
19506,,3.0,54991.666666666664
19515,0.051189687103033066,,55029.166666666664
19516,,3.0,55033.333333333336
19524,0.05121968686580658,,55066.666666666664
19525,,3.0,55070.833333333336
19541,0.05124968662858009,,55132.77777777778
19542,,3.0,55137.22222222222
19552,0.05127968639135361,,55181.666666666664
19553,,3.0,55186.11111111111
19564,0.05130968615412712,,55235.0
19565,,3.0,55239.444444444445
19571,0.051339685916900635,,55266.11111111111
19572,,3.0,55270.555555555555
19589,0.05136968567967415,,55318.75
19590,,3.0,55321.875
19596,0.05139968544244766,,55340.625
19597,,3.0,55343.75
19607,0.051429685205221176,,55375.0
19608,,3.0,55378.125
19621,0.05145968496799469,,55418.75
19622,,3.0,55421.875
19640,0.051489684730768204,,55482.692307692305
19641,,3.0,55486.53846153846
19652,0.05151968449354172,,55528.846153846156
19653,,3.0,55532.692307692305
19667,0.05154968425631523,,55586.53846153846
19668,,3.0,55590.38461538462
19675,0.051579684019088745,,55617.307692307695
19676,,3.0,55621.153846153844
19695,0.05160968378186226,,55696.11111111111
19696,,3.0,55700.555555555555
19704,0.05163968354463577,,55736.11111111111
19705,,3.0,55740.555555555555
19712,0.051669683307409286,,55771.666666666664
19713,,3.0,55776.11111111111
19722,0.0516996830701828,,55816.11111111111
19723,,3.0,55820.555555555555
19743,0.051729682832956314,,55891.666666666664
19744,,3.0,55895.58823529412
19751,0.05175968259572983,,55923.03921568627
19752,,3.0,55926.96078431373
19761,0.05178968235850334,,55962.25490196078
19762,,3.0,55966.17647058824
19775,0.051819682121276855,,56017.1568627451
19776,,3.0,56021.07843137255
19788,0.05184968188405037,,56068.90243902439
19789,,3.0,56073.78048780488
19798,0.05187968164682388,,56117.68292682927
19799,,3.0,56122.560975609755
19805,0.0519096814095974,,56151.829268292684
19806,,3.0,56156.70731707317
19818,0.05193968117237091,,56215.243902439026
19819,,3.0,56220.12195121951
19832,0.051969680935144424,,56279.05405405405
19833,,3.0,56284.45945945946
19842,0.05199968069791794,,56333.10810810811
19843,,3.0,56338.51351351351
19852,0.05202968046069145,,56387.16216216216
19853,,3.0,56392.56756756757
19857,0.052059680223464966,,56414.18918918919
19858,,3.0,56419.59459459459
19878,0.05208967998623848,,56441.30612244898
19879,,3.0,56442.26530612245
19889,0.05211967974901199,,56451.857142857145
19890,,3.0,56452.816326530614
19899,0.05214967951178551,,56461.448979591834
19900,,3.0,56462.4081632653
19908,0.05217967927455902,,56470.08163265306
19909,,3.0,56471.04081632653
19920,0.052209679037332535,,56511.0243902439
19921,,3.0,56515.90243902439
19932,0.05223967880010605,,56569.560975609755
19933,,3.0,56574.439024390245
19944,0.05226967856287956,,56628.09756097561
19945,,3.0,56632.9756097561
19951,0.052299678325653076,,56662.243902439026
19952,,3.0,56667.12195121951
19965,0.05232967808842659,,56722.0
19966,,3.0,56727.0
19974,0.052359677851200104,,56767.0
19975,,3.0,56772.0
19983,0.05238967761397362,,56812.0
19984,,3.0,56817.0
19993,0.05241967737674713,,56862.0
19994,,3.0,56867.0
20009,0.052449677139520645,,56923.063829787236
20010,,3.0,56927.31914893617
20021,0.05247967690229416,,56974.12765957447
20022,,3.0,56978.382978723406
20031,0.05250967666506767,,57016.68085106383
20032,,3.0,57020.936170212764
20042,0.052539676427841187,,57063.48936170213
20043,,3.0,57067.744680851065
20057,0.0525696761906147,,57084.0
20058,,3.0,57085.09090909091
20066,0.052599675953388214,,57093.818181818184
20067,,3.0,57094.90909090909
20075,0.05262967571616173,,57103.63636363636
20076,,3.0,57104.72727272727
20088,0.05265967547893524,,57117.818181818184
20089,,3.0,57118.90909090909
20102,0.052689675241708755,,57146.58536585366
20103,,3.0,57149.243902439026
20114,0.05271967500448227,,57178.48780487805
20115,,3.0,57181.14634146341
20119,0.05274967476725578,,57191.78048780488
20120,,3.0,57194.439024390245
20131,0.0527796745300293,,57223.68292682927
20132,,3.0,57226.34146341463
20147,0.05280967429280281,,57283.545454545456
20148,,3.0,57288.09090909091
20158,0.052839674055576324,,57333.545454545456
20159,,3.0,57338.09090909091
20166,0.05286967381834984,,57369.90909090909
20167,,3.0,57374.454545454544
20177,0.05289967358112335,,57419.90909090909
20178,,3.0,57424.454545454544
20198,0.052929673343896866,,57443.527272727275
20199,,3.0,57444.38181818182
20212,0.05295967310667038,,57455.490909090906
20213,,3.0,57456.34545454545
20223,0.05298967286944389,,57464.89090909091
20224,,3.0,57465.74545454545
20234,0.05301967263221741,,57474.29090909091
20235,,3.0,57475.145454545454
20251,0.05304967239499092,,57489.975
20252,,3.0,57491.05
20260,0.053079672157764435,,57499.65
20261,,3.0,57500.725
20265,0.05310967192053795,,57505.025
20266,,3.0,57506.1
20276,0.05313967168331146,,57516.85
20277,,3.0,57517.925
20294,0.053169671446084976,,57551.666666666664
20295,,3.0,57554.0
20308,0.05319967120885849,,57584.333333333336
20309,,3.0,57586.666666666664
20319,0.053229670971632004,,57610.0
20320,,3.0,57612.333333333336
20335,0.05325967073440552,,57647.333333333336
20336,,3.0,57649.666666666664
20350,0.05328967049717903,,57703.16279069767
20351,,3.0,57707.813953488374
20359,0.053319670259952545,,57745.023255813954
20360,,3.0,57749.67441860465
20370,0.05334967002272606,,57796.186046511626
20371,,3.0,57800.83720930233
20380,0.05337966978549957,,57842.6976744186
20381,,3.0,57847.348837209305
20395,0.05340966954827309,,57899.82608695652
20396,,3.0,57904.17391304348
20406,0.0534396693110466,,57947.65217391304
20407,,3.0,57952.0
20418,0.053469669073820114,,57999.82608695652
20419,,3.0,58004.17391304348
20428,0.05349966883659363,,58043.30434782609
20429,,3.0,58047.65217391304
20450,0.05352966859936714,,58135.72093023256
20451,,3.0,58140.37209302326
20459,0.053559668362140656,,58177.58139534884
20460,,3.0,58182.232558139534
20466,0.05358966812491417,,58210.13953488372
20467,,3.0,58214.79069767442
20473,0.05361966788768768,,58242.6976744186
20474,,3.0,58247.348837209305
20488,0.0536496676504612,,58303.16279069767
20489,,3.0,58307.813953488374
20498,0.05367966741323471,,58349.67441860465
20499,,3.0,58354.32558139535
20505,0.053709667176008224,,58382.232558139534
20506,,3.0,58386.88372093023
20518,0.05373966693878174,,58442.6976744186
20519,,3.0,58447.348837209305
20532,0.05376966670155525,,58506.05405405405
20533,,3.0,58511.45945945946
20539,0.053799666464328766,,58543.89189189189
20540,,3.0,58549.2972972973
20545,0.05382966622710228,,58576.32432432433
20546,,3.0,58581.72972972973
20557,0.05385966598987579,,58641.18918918919
20558,,3.0,58646.59459459459
20573,0.05388966575264931,,58705.333333333336
20574,,3.0,58709.77777777778
20582,0.05391966551542282,,58745.333333333336
20583,,3.0,58749.77777777778
20589,0.053949665278196335,,58776.444444444445
20590,,3.0,58780.88888888889
20604,0.05397966504096985,,58843.11111111111
20605,,3.0,58847.555555555555
20616,0.05400966480374336,,58893.02564102564
20617,,3.0,58898.153846153844
20625,0.054039664566516876,,58939.179487179485
20626,,3.0,58944.307692307695
20635,0.05406966432929039,,58990.46153846154
20636,,3.0,58995.58974358974
20645,0.054099664092063904,,59041.743589743586
20646,,3.0,59046.8717948718
20665,0.05412966385483742,,59113.53846153846
20666,,3.0,59117.38461538462
20674,0.05415966361761093,,59148.153846153844
20675,,3.0,59152.0
20685,0.054189663380384445,,59190.46153846154
20686,,3.0,59194.307692307695
20699,0.05421966314315796,,59244.307692307695
20700,,3.0,59248.153846153844
20714,0.05424966290593147,,59278.71428571428
20715,,3.0,59281.142857142855
20727,0.05427966266870499,,59310.28571428572
20728,,3.0,59312.71428571428
20738,0.0543096624314785,,59337.0
20739,,3.0,59339.42857142857
20750,0.054339662194252014,,59366.142857142855
20751,,3.0,59368.57142857143
20766,0.05436966195702553,,59429.53658536585
20767,,3.0,59434.41463414634
20778,0.05439966171979904,,59488.07317073171
20779,,3.0,59492.95121951219
20787,0.054429661482572556,,59531.9756097561
20788,,3.0,59536.85365853659
20793,0.05445966124534607,,59561.243902439026
20794,,3.0,59566.12195121951
20807,0.05448966100811958,,59619.78048780488
20808,,3.0,59624.65853658537
20816,0.0545196607708931,,59663.68292682927
20817,,3.0,59668.560975609755
20826,0.05454966053366661,,59712.46341463415
20827,,3.0,59717.34146341463
20836,0.054579660296440125,,59761.243902439026
20837,,3.0,59766.12195121951
20853,0.05460966005921364,,59820.34693877551
20854,,3.0,59824.142857142855
20866,0.05463965982198715,,59869.69387755102
20867,,3.0,59873.489795918365
20875,0.054669659584760666,,59903.857142857145
20876,,3.0,59907.65306122449
20887,0.05469965934753418,,59949.4081632653
20888,,3.0,59953.204081632655
20909,0.054729659110307693,,60029.0
20910,,3.0,60033.0
20921,0.05475965887308121,,60077.0
20922,,3.0,60081.0
20928,0.05478965863585472,,60105.0
20929,,3.0,60109.0
20939,0.054819658398628235,,60149.0
20940,,3.0,60153.0
20956,0.05484965816140175,,60214.77777777778
20957,,3.0,60219.22222222222
20964,0.05487965792417526,,60250.333333333336
20965,,3.0,60254.77777777778
20974,0.054909657686948776,,60294.77777777778
20975,,3.0,60299.22222222222
20986,0.05493965744972229,,60348.11111111111
20987,,3.0,60352.555555555555
21001,0.054969657212495804,,60368.0
21002,,3.0,60369.0
21009,0.05499965697526932,,60376.0
21010,,3.0,60377.0
21021,0.05502965673804283,,60388.0
21022,,3.0,60389.0
21031,0.055059656500816345,,60398.0
21032,,3.0,60399.0
21048,0.05508965626358986,,60413.86666666667
21049,,3.0,60414.933333333334
21058,0.05511965602636337,,60424.53333333333
21059,,3.0,60425.6
21070,0.05514965578913689,,60437.333333333336
21071,,3.0,60438.4
21078,0.0551796555519104,,60445.86666666667
21079,,3.0,60446.933333333334
21092,0.055209655314683914,,60491.47826086957
21093,,3.0,60495.82608695652
21104,0.05523965507745743,,60543.65217391304
21105,,3.0,60548.0
21116,0.05526965484023094,,60595.82608695652
21117,,3.0,60600.17391304348
21126,0.055299654603004456,,60639.30434782609
21127,,3.0,60643.65217391304
21139,0.05532965436577797,,60658.8
21140,,3.0,60660.0
21148,0.05535965412855148,,60669.6
21149,,3.0,60670.8
21159,0.055389653891325,,60682.8
21160,,3.0,60684.0
21168,0.05541965365409851,,60693.6
21169,,3.0,60694.8
21180,0.055449653416872025,,60738.10526315789
21181,,3.0,60743.36842105263
21189,0.05547965317964554,,60785.47368421053
21190,,3.0,60790.73684210526
21196,0.05550965294241905,,60822.31578947369
21197,,3.0,60827.57894736842
21208,0.055539652705192566,,60885.47368421053
21209,,3.0,60890.73684210526
21227,0.05556965246796608,,60957.22448979592
21228,,3.0,60961.30612244898
21241,0.055599652230739594,,61014.36734693877
21242,,3.0,61018.448979591834
21249,0.05562965199351311,,61047.02040816326
21250,,3.0,61051.102040816324
21259,0.05565965175628662,,61087.836734693876
21260,,3.0,61091.91836734694
21270,0.055689651519060135,,61132.84210526316
21271,,3.0,61138.10526315789
21278,0.05571965128183365,,61174.94736842105
21279,,3.0,61180.21052631579
21290,0.05574965104460716,,61238.10526315789
21291,,3.0,61243.36842105263
21299,0.055779650807380676,,61285.47368421053
21300,,3.0,61290.73684210526
21313,0.05580965057015419,,61346.0
21314,,3.0,61351.0
21320,0.055839650332927704,,61381.0
21321,,3.0,61386.0
21330,0.05586965009570122,,61431.0
21331,,3.0,61436.0
21341,0.05589964985847473,,61486.0
21342,,3.0,61491.0
21360,0.055929649621248245,,61561.217391304344
21361,,3.0,61565.565217391304
21371,0.05595964938402176,,61609.04347826087
21372,,3.0,61613.391304347824
21377,0.05598964914679527,,61635.13043478261
21378,,3.0,61639.47826086957
21389,0.05601964890956879,,61687.30434782609
21390,,3.0,61691.65217391304
21403,0.0560496486723423,,61742.51162790698
21404,,3.0,61747.16279069767
21414,0.056079648435115814,,61793.67441860465
21415,,3.0,61798.32558139535
21422,0.05610964819788933,,61830.88372093023
21423,,3.0,61835.53488372093
21434,0.05613964796066284,,61886.6976744186
21435,,3.0,61891.348837209305
21450,0.056169647723436356,,61921.96363636364
21451,,3.0,61924.12727272727
21464,0.05619964748620987,,61952.25454545455
21465,,3.0,61954.41818181818
21478,0.05622964724898338,,61982.545454545456
21479,,3.0,61984.70909090909
21491,0.0562596470117569,,62010.67272727273
21492,,3.0,62012.836363636365
21508,0.05628964677453041,,62069.166666666664
21509,,3.0,62073.333333333336
21516,0.056319646537303925,,62102.5
21517,,3.0,62106.666666666664
21531,0.05634964630007744,,62165.0
21532,,3.0,62169.166666666664
21541,0.05637964606285095,,62206.666666666664
21542,,3.0,62210.833333333336
21554,0.056409645825624466,,62253.29787234042
21555,,3.0,62257.55319148936
21565,0.05643964558839798,,62300.10638297872
21566,,3.0,62304.36170212766
21577,0.056469645351171494,,62351.17021276596
21578,,3.0,62355.425531914894
21590,0.05649964511394501,,62406.48936170213
21591,,3.0,62410.744680851065
21604,0.05652964487671852,,62460.454545454544
21605,,3.0,62465.0
21614,0.056559644639492035,,62505.90909090909
21615,,3.0,62510.454545454544
21624,0.05658964440226555,,62551.36363636364
21625,,3.0,62555.90909090909
21636,0.05661964416503906,,62605.90909090909
21637,,3.0,62610.454545454544
21649,0.056649643927812576,,62662.36842105263
21650,,3.0,62667.63157894737
21658,0.05667964369058609,,62709.73684210526
21659,,3.0,62715.0
21666,0.056709643453359604,,62751.84210526316
21667,,3.0,62757.10526315789
21676,0.05673964321613312,,62804.47368421053
21677,,3.0,62809.73684210526
21692,0.05676964297890663,,62870.813953488374
21693,,3.0,62875.46511627907
21700,0.056799642741680145,,62908.023255813954
21701,,3.0,62912.67441860465
21709,0.05682964250445366,,62949.88372093023
21710,,3.0,62954.53488372093
21721,0.05685964226722717,,63005.6976744186
21722,,3.0,63010.348837209305
21738,0.05688964203000069,,63071.52173913043
21739,,3.0,63075.86956521739
21748,0.0569196417927742,,63115.0
21749,,3.0,63119.34782608696
21759,0.056949641555547714,,63162.82608695652
21760,,3.0,63167.17391304348
21769,0.05697964131832123,,63206.30434782609
21770,,3.0,63210.65217391304
21782,0.05700964108109474,,63261.153846153844
21783,,3.0,63266.282051282054
21792,0.057039640843868256,,63312.4358974359
21793,,3.0,63317.5641025641
21802,0.05706964060664177,,63363.717948717946
21803,,3.0,63368.846153846156
21810,0.05709964036941528,,63404.743589743586
21811,,3.0,63409.8717948718
21825,0.0571296401321888,,63458.13725490196
21826,,3.0,63462.05882352941
21840,0.05715963989496231,,63516.96078431373
21841,,3.0,63520.882352941175
21853,0.057189639657735825,,63567.94117647059
21854,,3.0,63571.86274509804
21863,0.05721963942050934,,63607.1568627451
21864,,3.0,63611.07843137255
21878,0.05724963918328285,,63662.82608695652
21879,,3.0,63667.17391304348
21887,0.057279638946056366,,63701.95652173913
21888,,3.0,63706.30434782609
21898,0.05730963870882988,,63749.782608695656
21899,,3.0,63754.13043478261
21911,0.057339638471603394,,63806.30434782609
21912,,3.0,63810.65217391304
21930,0.05736963823437691,,63868.57142857143
21931,,3.0,63872.142857142855
21942,0.05739963799715042,,63911.42857142857
21943,,3.0,63915.0
21952,0.057429637759923935,,63947.142857142855
21953,,3.0,63950.71428571428
21969,0.05745963752269745,,64007.857142857145
21970,,3.0,64011.42857142857
21987,0.05748963728547096,,64081.666666666664
21988,,3.0,64086.42857142857
21993,0.057519637048244476,,64110.23809523809
21994,,3.0,64115.0
22004,0.05754963681101799,,64162.619047619046
22005,,3.0,64167.380952380954
22013,0.057579636573791504,,64205.47619047619
22014,,3.0,64210.23809523809
22034,0.05760963633656502,,64274.649122807015
22035,,3.0,64278.15789473684
22044,0.05763963609933853,,64309.73684210526
22045,,3.0,64313.245614035084
22053,0.057669635862112045,,64341.31578947369
22054,,3.0,64344.82456140351
22072,0.05769963562488556,,64407.98245614035
22073,,3.0,64411.491228070176
22089,0.05772963538765907,,64480.0
22090,,3.0,64485.0
22098,0.05775963515043259,,64525.0
22099,,3.0,64530.0
22108,0.0577896349132061,,64575.0
22109,,3.0,64580.0
22114,0.057819634675979614,,64605.0
22115,,3.0,64610.0
22130,0.05784963443875313,,64670.813953488374
22131,,3.0,64675.46511627907
22135,0.05787963420152664,,64694.06976744186
22136,,3.0,64698.72093023256
22146,0.057909633964300156,,64745.232558139534
22147,,3.0,64749.88372093023
22159,0.05793963372707367,,64805.6976744186
22160,,3.0,64810.348837209305
22176,0.05796963348984718,,64887.22222222222
22177,,3.0,64892.77777777778
22182,0.0579996332526207,,64920.555555555555
22183,,3.0,64926.11111111111
22190,0.05802963301539421,,64965.0
22191,,3.0,64970.555555555555
22197,0.058059632778167725,,65003.88888888889
22198,,3.0,65009.444444444445
22218,0.05808963254094124,,65080.38461538462
22219,,3.0,65084.230769230766
22229,0.05811963230371475,,65122.692307692305
22230,,3.0,65126.53846153846
22241,0.058149632066488266,,65168.846153846156
22242,,3.0,65172.692307692305
22251,0.05817963182926178,,65207.307692307695
22252,,3.0,65211.153846153844
22263,0.058209631592035294,,65256.02564102564
22264,,3.0,65261.153846153844
22271,0.05823963135480881,,65297.05128205128
22272,,3.0,65302.179487179485
22284,0.05826963111758232,,65363.717948717946
22285,,3.0,65368.846153846156
22292,0.058299630880355835,,65404.743589743586
22293,,3.0,65409.8717948718
22306,0.05832963064312935,,65460.454545454544
22307,,3.0,65465.0
22316,0.05835963040590286,,65505.90909090909
22317,,3.0,65510.454545454544
22329,0.058389630168676376,,65565.0
22330,,3.0,65569.54545454546
22338,0.05841962993144989,,65605.90909090909
22339,,3.0,65610.45454545454
22353,0.058449629694223404,,65667.38095238095
22354,,3.0,65672.14285714286
22364,0.05847962945699692,,65719.76190476191
22365,,3.0,65724.52380952382
22373,0.05850962921977043,,65762.61904761905
22374,,3.0,65767.38095238095
22382,0.058539628982543945,,65805.47619047618
22383,,3.0,65810.23809523809
22393,0.05856962874531746,,65860.16129032258
22394,,3.0,65866.6129032258
22398,0.05859962850809097,,65892.41935483871
22399,,3.0,65898.87096774194
22403,0.05862962827086449,,65924.67741935483
22404,,3.0,65931.12903225806
22415,0.058659628033638,,66002.09677419355
22416,,3.0,66008.54838709677
22427,0.058689627796411514,,66050.55555555556
22428,,3.0,66055.0
22439,0.05871962755918503,,66103.88888888889
22440,,3.0,66108.33333333333
22450,0.05874962732195854,,66152.77777777778
22451,,3.0,66157.22222222222
22462,0.058779627084732056,,66206.11111111111
22463,,3.0,66210.55555555556
22476,0.05880962684750557,,66260.45454545454
22477,,3.0,66265.0
22487,0.05883962661027908,,66310.45454545454
22488,,3.0,66315.0
22498,0.0588696263730526,,66360.45454545454
22499,,3.0,66365.0
22508,0.05889962613582611,,66405.90909090909
22509,,3.0,66410.45454545454
22523,0.058929625898599625,,66466.16279069768
22524,,3.0,66470.81395348837
22531,0.05895962566137314,,66503.37209302325
22532,,3.0,66508.02325581395
22542,0.05898962542414665,,66554.53488372093
22543,,3.0,66559.18604651163
22553,0.059019625186920166,,66605.69767441861
22554,,3.0,66610.3488372093
22564,0.05904962494969368,,66652.83783783784
22565,,3.0,66658.24324324324
22574,0.059079624712467194,,66706.8918918919
22575,,3.0,66712.2972972973
22581,0.05910962447524071,,66744.72972972973
22582,,3.0,66750.13513513513
22592,0.05913962423801422,,66804.18918918919
22593,,3.0,66809.5945945946
22607,0.059169624000787735,,66862.82608695653
22608,,3.0,66867.17391304347
22619,0.05919962376356125,,66915.0
22620,,3.0,66919.34782608696
22630,0.05922962352633476,,66962.82608695653
22631,,3.0,66967.17391304347
22640,0.059259623289108276,,67006.30434782608
22641,,3.0,67010.65217391304
22657,0.05928962305188179,,67072.77777777778
22658,,3.0,67077.22222222222
22667,0.059319622814655304,,67117.22222222222
22668,,3.0,67121.66666666667
22678,0.05934962257742882,,67166.11111111111
22679,,3.0,67170.55555555556
22687,0.05937962234020233,,67206.11111111111
22688,,3.0,67210.55555555556
22703,0.059409622102975845,,67258.63636363637
22704,,3.0,67262.27272727272
22715,0.05943962186574936,,67302.27272727272
22716,,3.0,67305.90909090909
22731,0.05946962162852287,,67360.45454545454
22732,,3.0,67364.09090909091
22744,0.05949962139129639,,67407.72727272728
22745,,3.0,67411.36363636363
22754,0.0595296211540699,,67447.43243243243
22755,,3.0,67452.83783783784
22762,0.059559620916843414,,67490.67567567568
22763,,3.0,67496.08108108108
22777,0.05958962067961693,,67571.75675675676
22778,,3.0,67577.16216216216
22783,0.05961962044239044,,67604.18918918919
22784,,3.0,67609.5945945946
22800,0.059649620205163956,,67678.41463414633
22801,,3.0,67683.29268292683
22808,0.05967961996793747,,67717.43902439025
22809,,3.0,67722.31707317074
22819,0.05970961973071098,,67771.09756097561
22820,,3.0,67775.9756097561
22826,0.0597396194934845,,67805.24390243902
22827,,3.0,67810.12195121951
22840,0.05976961925625801,,67859.44444444444
22841,,3.0,67863.88888888889
22848,0.059799619019031525,,67895.0
22849,,3.0,67899.44444444444
22861,0.05982961878180504,,67952.77777777778
22862,,3.0,67957.22222222222
22873,0.05985961854457855,,68006.11111111111
22874,,3.0,68010.55555555556
22891,0.059889618307352066,,68073.33333333333
22892,,3.0,68077.5
22904,0.05991961807012558,,68127.5
22905,,3.0,68131.66666666667
22914,0.059949617832899094,,68169.16666666667
22915,,3.0,68173.33333333333
22923,0.05997961759567261,,68206.66666666667
22924,,3.0,68210.83333333333
22937,0.06000961735844612,,68262.61904761905
22938,,3.0,68267.38095238095
22945,0.060039617121219635,,68300.71428571429
22946,,3.0,68305.47619047618
22953,0.06006961688399315,,68338.80952380953
22954,,3.0,68343.57142857143
22967,0.06009961664676666,,68405.47619047618
22968,,3.0,68410.23809523809
22984,0.060129616409540176,,68476.90476190476
22985,,3.0,68481.66666666667
22993,0.06015961617231369,,68519.76190476191
22994,,3.0,68524.52380952382
23005,0.060189615935087204,,68576.90476190476
23006,,3.0,68581.66666666667
23011,0.06021961569786072,,68605.47619047618
23012,,3.0,68610.23809523809
23026,0.06024961546063423,,68665.0
23027,,3.0,68669.54545454546
23036,0.060279615223407745,,68710.45454545454
23037,,3.0,68715.0
23045,0.06030961498618126,,68751.36363636363
23046,,3.0,68755.90909090909
23057,0.06033961474895477,,68805.90909090909
23058,,3.0,68810.45454545454
23071,0.06036961451172829,,68827.97297297297
23072,,3.0,68829.27027027027
23082,0.0603996142745018,,68842.24324324324
23083,,3.0,68843.54054054055
23089,0.060429614037275314,,68851.32432432432
23090,,3.0,68852.62162162163
23096,0.06045961380004883,,68860.4054054054
23097,,3.0,68861.7027027027
23111,0.06048961356282234,,68916.65853658537
23112,,3.0,68921.53658536586
23121,0.060519613325595856,,68965.43902439025
23122,,3.0,68970.31707317074
23129,0.06054961308836937,,69004.46341463414
23130,,3.0,69009.34146341463
23139,0.06057961285114288,,69053.24390243902
23140,,3.0,69058.12195121951
23154,0.0606096126139164,,69118.0
23155,,3.0,69123.0
23162,0.06063961237668991,,69158.0
23163,,3.0,69163.0
23173,0.060669612139463425,,69213.0
23174,,3.0,69218.0
23181,0.06069961190223694,,69253.0
23182,,3.0,69258.0
23202,0.06072961166501045,,69312.78571428571
23203,,3.0,69315.71428571429
23207,0.060759611427783966,,69327.42857142857
23208,,3.0,69330.35714285714
23215,0.06078961119055748,,69350.85714285714
23216,,3.0,69353.78571428571
23225,0.060819610953330994,,69380.14285714286
23226,,3.0,69383.07142857143
23243,0.06084961071610451,,69451.11627906977
23244,,3.0,69455.76744186046
23251,0.06087961047887802,,69488.32558139534
23252,,3.0,69492.97674418605
23262,0.060909610241651535,,69539.48837209302
23263,,3.0,69544.13953488372
23270,0.06093961000442505,,69576.69767441861
23271,,3.0,69581.3488372093
23284,0.06096960976719856,,69638.63157894737
23285,,3.0,69643.8947368421
23295,0.060999609529972076,,69696.52631578948
23296,,3.0,69701.78947368421
23302,0.06102960929274559,,69733.36842105263
23303,,3.0,69738.63157894737
23310,0.061059609055519104,,69775.47368421052
23311,,3.0,69780.73684210527
23323,0.06108960881829262,,69822.73469387754
23324,,3.0,69826.8163265306
23333,0.06111960858106613,,69863.55102040817
23334,,3.0,69867.63265306123
23347,0.061149608343839645,,69920.69387755102
23348,,3.0,69924.77551020408
23361,0.06117960810661316,,69977.83673469388
23362,,3.0,69981.91836734694
23377,0.06120960786938667,,70047.53846153847
23378,,3.0,70052.66666666667
23384,0.06123960763216019,,70083.43589743589
23385,,3.0,70088.56410256411
23393,0.0612696073949337,,70129.58974358975
23394,,3.0,70134.71794871795
23402,0.061299607157707214,,70175.7435897436
23403,,3.0,70180.8717948718
23417,0.06132960692048073,,70233.82608695653
23418,,3.0,70238.17391304347
23429,0.06135960668325424,,70286.0
23430,,3.0,70290.34782608696
23442,0.061389606446027756,,70342.52173913043
23443,,3.0,70346.86956521739
23450,0.06141960620880127,,70377.30434782608
23451,,3.0,70381.65217391304
23466,0.06144960597157478,,70396.95652173914
23467,,3.0,70397.86956521739
23476,0.0614796057343483,,70406.08695652174
23477,,3.0,70407.0
23484,0.06150960549712181,,70413.39130434782
23485,,3.0,70414.30434782608
23498,0.061539605259895325,,70426.17391304347
23499,,3.0,70427.08695652174
23511,0.06156960502266884,,70460.14285714286
23512,,3.0,70463.71428571429
23519,0.06159960478544235,,70488.71428571429
23520,,3.0,70492.28571428571
23529,0.061629604548215866,,70524.42857142857
23530,,3.0,70528.0
23542,0.06165960431098938,,70570.85714285714
23543,,3.0,70574.42857142857
23560,0.061689604073762894,,70614.0425531915
23561,,3.0,70616.6170212766
23566,0.06171960383653641,,70629.48936170213
23567,,3.0,70632.06382978724
23579,0.06174960359930992,,70662.9574468085
23580,,3.0,70665.53191489361
23591,0.061779603362083435,,70693.85106382979
23592,,3.0,70696.4255319149
23606,0.06180960312485695,,70711.41025641025
23607,,3.0,70712.53846153847
23614,0.06183960288763046,,70720.43589743589
23615,,3.0,70721.56410256411
23623,0.061869602650403976,,70730.58974358975
23624,,3.0,70731.71794871795
23632,0.06189960241317749,,70740.7435897436
23633,,3.0,70741.8717948718
23647,0.061929602175951004,,70793.0
23648,,3.0,70797.54545454546
23657,0.06195960193872452,,70838.45454545454
23658,,3.0,70843.0
23671,0.06198960170149803,,70902.09090909091
23672,,3.0,70906.63636363637
23678,0.062019601464271545,,70933.90909090909
23679,,3.0,70938.45454545454
23694,0.06204960122704506,,70966.02702702703
23695,,3.0,70967.94594594595
23699,0.06207960098981857,,70975.62162162163
23700,,3.0,70977.54054054055
23709,0.06210960075259209,,70994.81081081081
23710,,3.0,70996.72972972973
23717,0.0621396005153656,,71010.16216216216
23718,,3.0,71012.08108108108
23736,0.062169600278139114,,71075.22448979592
23737,,3.0,71079.30612244898
23745,0.06219960004091263,,71111.95918367348
23746,,3.0,71116.04081632652
23757,0.06222959980368614,,71160.9387755102
23758,,3.0,71165.02040816327
23768,0.062259599566459656,,71205.83673469388
23769,,3.0,71209.91836734694
23788,0.06228959932923317,,71235.45454545454
23789,,3.0,71236.79545454546
23795,0.06231959909200668,,71244.84090909091
23796,,3.0,71246.18181818182
23806,0.0623495988547802,,71259.59090909091
23807,,3.0,71260.93181818182
23814,0.06237959861755371,,71270.31818181818
23815,,3.0,71271.65909090909
23830,0.062409598380327225,,71287.20408163265
23831,,3.0,71288.38775510204
23842,0.06243959814310074,,71301.40816326531
23843,,3.0,71302.59183673469
23854,0.06246959790587425,,71315.61224489796
23855,,3.0,71316.79591836735
23865,0.062499597668647766,,71328.63265306123
23866,,3.0,71329.8163265306
23883,0.06252960115671158,,71393.22222222222
23884,,3.0,71397.66666666667
23894,0.06255960464477539,,71442.11111111111
23895,,3.0,71446.55555555556
23901,0.0625896081328392,,71473.22222222222
23902,,3.0,71477.66666666667
23912,0.06261961162090302,,71522.11111111111
23913,,3.0,71526.55555555556
23933,0.06264961510896683,,71585.33333333333
23934,,3.0,71588.5294117647
23942,0.06267961859703064,,71614.09803921569
23943,,3.0,71617.29411764706
23954,0.06270962208509445,,71652.45098039215
23955,,3.0,71655.64705882352
23965,0.06273962557315826,,71687.60784313726
23966,,3.0,71690.80392156863
23981,0.06276962906122208,,71751.14285714286
23982,,3.0,71755.90476190476
23993,0.06279963254928589,,71808.28571428571
23994,,3.0,71813.04761904762
24000,0.0628296360373497,,71841.61904761905
24001,,3.0,71846.38095238095
24009,0.06285963952541351,,71884.47619047618
24010,,3.0,71889.23809523809
24028,0.06288964301347733,,71942.6
24029,,3.0,71945.84
24037,0.06291964650154114,,71971.76
24038,,3.0,71975.0
24052,0.06294964998960495,,72020.36
24053,,3.0,72023.6
24061,0.06297965347766876,,72049.52
24062,,3.0,72052.76
24074,0.06300965696573257,,72096.90909090909
24075,,3.0,72101.45454545454
24083,0.06303966045379639,,72137.81818181818
24084,,3.0,72142.36363636363
24093,0.0630696639418602,,72183.27272727272
24094,,3.0,72187.81818181818
24107,0.06309966742992401,,72246.90909090909
24108,,3.0,72251.45454545454
24122,0.06312967091798782,,72297.68421052632
24123,,3.0,72301.47368421052
24133,0.06315967440605164,,72339.36842105263
24134,,3.0,72343.15789473684
24141,0.06318967789411545,,72369.68421052632
24142,,3.0,72373.47368421052
24147,0.06321968138217926,,72392.42105263157
24148,,3.0,72396.21052631579
24165,0.06324968487024307,,72433.06382978724
24166,,3.0,72435.4255319149
24176,0.06327968835830688,,72459.0425531915
24177,,3.0,72461.40425531915
24187,0.0633096918463707,,72485.02127659574
24188,,3.0,72487.3829787234
24196,0.06333969533443451,,72506.27659574468
24197,,3.0,72508.63829787234
24216,0.06336969882249832,,72554.75510204081
24217,,3.0,72557.48979591837
24224,0.06339970231056213,,72576.63265306123
24225,,3.0,72579.36734693877
24239,0.06342970579862595,,72617.6530612245
24240,,3.0,72620.38775510204
24247,0.06345970928668976,,72639.5306122449
24248,,3.0,72642.26530612246
24267,0.06348971277475357,,72705.37735849057
24268,,3.0,72709.15094339622
24278,0.06351971626281738,,72746.88679245283
24279,,3.0,72750.6603773585
24289,0.0635497197508812,,72788.39622641509
24290,,3.0,72792.16981132075
24302,0.06357972323894501,,72837.45283018867
24303,,3.0,72841.22641509434
24319,0.06360972672700882,,72910.0
24320,,3.0,72915.0
24326,0.06363973021507263,,72945.0
24327,,3.0,72950.0
24337,0.06366973370313644,,73000.0
24338,,3.0,73005.0
24344,0.06369973719120026,,73035.0
24345,,3.0,73040.0
24364,0.06372974067926407,,73088.38461538461
24365,,3.0,73091.09615384616
24375,0.06375974416732788,,73118.21153846153
24376,,3.0,73120.92307692308
24388,0.0637897476553917,,73153.46153846153
24389,,3.0,73156.17307692308
24398,0.0638197511434555,,73180.57692307692
24399,,3.0,73183.28846153847
24409,0.06384975463151932,,73227.17647058824
24410,,3.0,73233.05882352941
24419,0.06387975811958313,,73286.0
24420,,3.0,73291.88235294117
24426,0.06390976160764694,,73327.17647058824
24427,,3.0,73333.05882352941
24434,0.06393976509571075,,73374.23529411765
24435,,3.0,73380.11764705883
24451,0.06396976858377457,,73407.85106382979
24452,,3.0,73409.53191489361
24460,0.06399977207183838,,73422.97872340426
24461,,3.0,73424.65957446808
24472,0.06402977555990219,,73443.14893617021
24473,,3.0,73444.82978723405
24483,0.064059779047966,,73461.63829787234
24484,,3.0,73463.31914893616
24495,0.06408978253602982,,73495.32558139534
24496,,3.0,73499.11627906977
24502,0.06411978602409363,,73521.86046511628
24503,,3.0,73525.6511627907
24512,0.06414978951215744,,73559.76744186046
24513,,3.0,73563.55813953489
24528,0.06417979300022125,,73620.41860465116
24529,,3.0,73624.20930232559
24542,0.06420979648828506,,73638.24390243902
24543,,3.0,73639.26829268293
24547,0.06423979997634888,,73643.36585365854
24548,,3.0,73644.39024390244
24560,0.06426980346441269,,73656.68292682926
24561,,3.0,73657.70731707317
24571,0.0642998069524765,,73667.9512195122
24572,,3.0,73668.9756097561
24588,0.06432981044054031,,73689.20454545454
24589,,3.0,73690.68181818182
24596,0.06435981392860413,,73701.02272727272
24597,,3.0,73702.5
24605,0.06438981741666794,,73714.31818181818
24606,,3.0,73715.79545454546
24617,0.06441982090473175,,73732.04545454546
24618,,3.0,73733.52272727272
24639,0.06444982439279556,,73748.57894736843
24640,,3.0,73749.33333333333
24650,0.06447982788085938,,73756.87719298246
24651,,3.0,73757.63157894737
24663,0.06450983136892319,,73766.68421052632
24664,,3.0,73767.43859649122
24676,0.064539834856987,,73776.49122807017
24677,,3.0,73777.24561403508
24686,0.06456983834505081,,73786.8
24687,,3.0,73788.26666666666
24693,0.06459984183311462,,73797.06666666667
24694,,3.0,73798.53333333334
24702,0.06462984532117844,,73810.26666666666
24703,,3.0,73811.73333333334
24708,0.06465984880924225,,73819.06666666667
24709,,3.0,73820.53333333334
24724,0.06467984616756439,,73872.51162790698
24725,,2.0,73876.72093023256
24734,0.06469984352588654,,73914.6046511628
24735,,2.0,73918.81395348837
24744,0.06471984088420868,,73956.69767441861
24745,,2.0,73960.90697674418
24753,0.06473983824253082,,73994.58139534884
24754,,2.0,73998.79069767441
24771,0.06476984173059464,,74016.02325581395
24772,,3.0,74016.95348837209
24781,0.06479984521865845,,74025.32558139534
24782,,3.0,74026.25581395348
24788,0.06482984870672226,,74031.83720930232
24789,,3.0,74032.76744186046
24798,0.06485985219478607,,74041.13953488372
24799,,3.0,74042.06976744186
24813,0.06488985568284988,,74054.91666666667
24814,,3.0,74056.0
24825,0.0649198591709137,,74067.91666666667
24826,,3.0,74069.0
24838,0.06494986265897751,,74082.0
24839,,3.0,74083.08333333333
24848,0.06497986614704132,,74092.83333333333
24849,,3.0,74093.91666666667
24862,0.06500986963510513,,74131.25
24863,,3.0,74134.875
24872,0.06503987312316895,,74167.5
24873,,3.0,74171.125
24881,0.06506987661123276,,74200.125
24882,,3.0,74203.75
24890,0.06509988009929657,,74232.75
24891,,3.0,74236.375
24904,0.06512988358736038,,74260.2564102564
24905,,3.0,74262.28205128205
24913,0.0651598870754242,,74278.48717948717
24914,,3.0,74280.51282051283
24920,0.065189890563488,,74292.66666666667
24921,,3.0,74294.69230769231
24931,0.06521989405155182,,74314.94871794872
24932,,3.0,74316.97435897436
24948,0.06524989753961563,,74361.10869565218
24949,,3.0,74364.34782608696
24957,0.06527990102767944,,74390.26086956522
24958,,3.0,74393.5
24970,0.06530990451574326,,74432.36956521739
24971,,3.0,74435.60869565218
24979,0.06533990800380707,,74461.52173913043
24980,,3.0,74464.76086956522
24993,0.06536991149187088,,74485.22222222222
24994,,3.0,74486.94444444444
25002,0.06539991497993469,,74500.72222222222
25003,,3.0,74502.44444444444
25011,0.0654299184679985,,74516.22222222222
25012,,3.0,74517.94444444444
25017,0.06545992195606232,,74526.55555555556
25018,,3.0,74528.27777777778
25030,0.06548992544412613,,74537.23529411765
25031,,3.0,74538.03921568628
25045,0.06551992893218994,,74549.29411764706
25046,,3.0,74550.09803921569
25059,0.06554993242025375,,74560.54901960785
25060,,3.0,74561.35294117648
25070,0.06557993590831757,,74569.39215686274
25071,,3.0,74570.19607843137
25085,0.06560993939638138,,74615.0
25086,,3.0,74619.0
25097,0.06563994288444519,,74663.0
25098,,3.0,74667.0
25110,0.065669946372509,,74715.0
25111,,3.0,74719.0
25122,0.06569994986057281,,74763.0
25123,,3.0,74767.0
25136,0.06572995334863663,,74802.16279069768
25137,,3.0,74805.27906976744
25146,0.06575995683670044,,74833.32558139534
25147,,3.0,74836.44186046511
25153,0.06578996032476425,,74855.13953488372
25154,,3.0,74858.25581395348
25167,0.06581996381282806,,74898.76744186046
25168,,3.0,74901.88372093023
25183,0.06584996730089188,,74916.71428571429
25184,,3.0,74917.69047619047
25194,0.06587997078895569,,74927.45238095238
25195,,3.0,74928.42857142857
25202,0.0659099742770195,,74935.26190476191
25203,,3.0,74936.23809523809
25211,0.06593997776508331,,74944.04761904762
25212,,3.0,74945.02380952382
25223,0.06596998125314713,,74954.0
25224,,3.0,74955.0
25234,0.06599998474121094,,74965.0
25235,,3.0,74966.0
25246,0.06602998822927475,,74977.0
25247,,3.0,74978.0
25256,0.06605999171733856,,74987.0
25257,,3.0,74988.0
25275,0.06608999520540237,,75040.72413793103
25276,,3.0,75044.1724137931
25287,0.06611999869346619,,75082.10344827586
25288,,3.0,75085.55172413793
25303,0.06615000218153,,75137.27586206897
25304,,3.0,75140.72413793103
25316,0.06618000566959381,,75182.10344827586
25317,,3.0,75185.55172413793
25332,0.06621000915765762,,75239.0
25333,,3.0,75243.16666666667
25344,0.06624001264572144,,75289.0
25345,,3.0,75293.16666666667
25355,0.06627001613378525,,75334.83333333333
25356,,3.0,75339.0
25366,0.06630001962184906,,75380.66666666667
25367,,3.0,75384.83333333333
25385,0.06633002310991287,,75454.21739130435
25386,,3.0,75458.56521739131
25395,0.06636002659797668,,75497.69565217392
25396,,3.0,75502.04347826086
25406,0.0663900300860405,,75545.52173913043
25407,,3.0,75549.86956521739
25414,0.06642003357410431,,75580.30434782608
25415,,3.0,75584.65217391304
25431,0.06645003706216812,,75639.98039215687
25432,,3.0,75643.90196078431
25440,0.06648004055023193,,75675.27450980392
25441,,3.0,75679.19607843137
25456,0.06651004403829575,,75738.01960784313
25457,,3.0,75741.94117647059
25467,0.06654004752635956,,75781.1568627451
25468,,3.0,75785.07843137255
25481,0.06657005101442337,,75832.47826086957
25482,,3.0,75836.82608695653
25493,0.06660005450248718,,75884.65217391304
25494,,3.0,75889.0
25504,0.066630057990551,,75932.47826086957
25505,,3.0,75936.82608695653
25515,0.06666006147861481,,75980.30434782608
25516,,3.0,75984.65217391304
25530,0.06669006496667862,,76035.8085106383
25531,,3.0,76040.06382978724
25539,0.06672006845474243,,76074.10638297872
25540,,3.0,76078.36170212766
25550,0.06675007194280624,,76120.91489361702
25551,,3.0,76125.17021276595
25564,0.06678007543087006,,76180.48936170213
25565,,3.0,76184.74468085106
25586,0.06681007891893387,,76259.58823529411
25587,,3.0,76263.50980392157
25598,0.06684008240699768,,76306.64705882352
25599,,3.0,76310.56862745098
25607,0.06687008589506149,,76341.94117647059
25608,,3.0,76345.86274509804
25617,0.0669000893831253,,76381.1568627451
25618,,3.0,76385.07843137255
25629,0.06693009287118912,,76409.88888888889
25630,,3.0,76412.5
25638,0.06696009635925293,,76433.38888888889
25639,,3.0,76436.0
25647,0.06699009984731674,,76456.88888888889
25648,,3.0,76459.5
25655,0.06702010333538055,,76477.77777777778
25656,,3.0,76480.38888888889
25673,0.06705010682344437,,76548.11627906977
25674,,3.0,76552.76744186046
25680,0.06708011031150818,,76580.67441860466
25681,,3.0,76585.32558139534
25691,0.06711011379957199,,76631.83720930232
25692,,3.0,76636.48837209302
25700,0.0671401172876358,,76673.69767441861
25701,,3.0,76678.3488372093
25718,0.06717012077569962,,76733.21739130435
25719,,3.0,76736.80434782608
25725,0.06720012426376343,,76758.32608695653
25726,,3.0,76761.91304347826
25739,0.06723012775182724,,76808.54347826086
25740,,3.0,76812.13043478261
25748,0.06726013123989105,,76840.82608695653
25749,,3.0,76844.41304347826
25764,0.06729013472795486,,76905.14285714286
25765,,3.0,76909.90476190476
25771,0.06732013821601868,,76938.47619047618
25772,,3.0,76943.23809523809
25782,0.06735014170408249,,76990.85714285714
25783,,3.0,76995.61904761905
25792,0.0673801451921463,,77038.47619047618
25793,,3.0,77043.23809523809
25805,0.06741014868021011,,77074.2
25806,,3.0,77077.11111111111
25814,0.06744015216827393,,77100.4
25815,,3.0,77103.3111111111
25828,0.06747015565633774,,77141.15555555555
25829,,3.0,77144.06666666667
25839,0.06750015914440155,,77173.17777777778
25840,,3.0,77176.08888888889
25854,0.06753016263246536,,77221.95238095238
25855,,3.0,77225.85714285714
25864,0.06756016612052917,,77261.0
25865,,3.0,77264.90476190476
25876,0.06759016960859299,,77307.85714285714
25877,,3.0,77311.76190476191
25883,0.0676201730966568,,77335.19047619047
25884,,3.0,77339.09523809524
25900,0.06765017658472061,,77397.16666666667
25901,,3.0,77401.33333333333
25910,0.06768018007278442,,77438.83333333333
25911,,3.0,77443.0
25923,0.06771018356084824,,77493.0
25924,,3.0,77497.16666666667
25933,0.06774018704891205,,77534.66666666667
25934,,3.0,77538.83333333333
25950,0.06777019053697586,,77592.05660377358
25951,,3.0,77595.83018867925
25963,0.06780019402503967,,77641.11320754717
25964,,3.0,77644.88679245283
25972,0.06783019751310349,,77675.07547169812
25973,,3.0,77678.84905660378
25988,0.0678602010011673,,77735.45283018867
25989,,3.0,77739.22641509434
26006,0.06789020448923111,,77797.90196078431
26007,,3.0,77801.82352941176
26016,0.06792020797729492,,77837.11764705883
26017,,3.0,77841.03921568628
26026,0.06795021146535873,,77876.33333333333
26027,,3.0,77880.25490196078
26041,0.06798021495342255,,77935.1568627451
26042,,3.0,77939.07843137255
26061,0.06801021844148636,,78012.56521739131
26062,,3.0,78016.91304347826
26070,0.06804022192955017,,78051.69565217392
26071,,3.0,78056.04347826086
26080,0.06807022541761398,,78095.17391304347
26081,,3.0,78099.52173913043
26089,0.0681002289056778,,78134.30434782608
26090,,3.0,78138.65217391304
26105,0.06813023239374161,,78156.26315789473
26106,,3.0,78157.36842105263
26114,0.06816023588180542,,78166.21052631579
26115,,3.0,78167.31578947368
26119,0.06819023936986923,,78171.73684210527
26120,,3.0,78172.84210526316
26129,0.06822024285793304,,78182.78947368421
26130,,3.0,78183.8947368421
26144,0.06825024634599686,,78244.85294117648
26145,,3.0,78250.29411764706
26151,0.06828024983406067,,78282.94117647059
26152,,3.0,78288.38235294117
26158,0.06831025332212448,,78321.0294117647
26159,,3.0,78326.4705882353
26165,0.0683402568101883,,78359.11764705883
26166,,3.0,78364.55882352941
26177,0.0683702602982521,,78411.02564102564
26178,,3.0,78416.15384615384
26187,0.06840026378631592,,78462.30769230769
26188,,3.0,78467.43589743589
26195,0.06843026727437973,,78503.33333333333
26196,,3.0,78508.46153846153
26206,0.06846027076244354,,78559.7435897436
26207,,3.0,78564.8717948718
26221,0.06849027425050735,,78621.16279069768
26222,,3.0,78625.81395348837
26230,0.06852027773857117,,78663.02325581395
26231,,3.0,78667.67441860466
26239,0.06855028122663498,,78704.88372093023
26240,,3.0,78709.53488372093
26251,0.06858028471469879,,78760.69767441861
26252,,3.0,78765.3488372093
26266,0.0686102882027626,,78798.38
26267,,3.0,78800.96
26279,0.06864029169082642,,78831.92
26280,,3.0,78834.5
26289,0.06867029517889023,,78857.72
26290,,3.0,78860.3
26303,0.06870029866695404,,78893.84
26304,,3.0,78896.42
26323,0.06873030215501785,,78956.14285714286
26324,,3.0,78959.71428571429
26335,0.06876030564308167,,78999.0
26336,,3.0,79002.57142857143
26348,0.06879030913114548,,79045.42857142857
26349,,3.0,79049.0
26361,0.06882031261920929,,79091.85714285714
26362,,3.0,79095.42857142857
26380,0.0688503161072731,,79167.18181818182
26381,,3.0,79171.72727272728
26392,0.06888031959533691,,79221.72727272728
26393,,3.0,79226.27272727272
26398,0.06891032308340073,,79249.0
26399,,3.0,79253.54545454546
26407,0.06894032657146454,,79289.90909090909
26408,,3.0,79294.45454545454
26427,0.06897033005952835,,79350.9298245614
26428,,3.0,79354.17543859649
26438,0.06900033354759216,,79386.63157894737
26439,,3.0,79389.87719298246
26454,0.06903033703565598,,79438.56140350878
26455,,3.0,79441.80701754386
26466,0.06906034052371979,,79477.50877192983
26467,,3.0,79480.75438596492
26484,0.0690903440117836,,79540.0
26485,,3.0,79544.0
26493,0.06912034749984741,,79576.0
26494,,3.0,79580.0
26502,0.06915035098791122,,79612.0
26503,,3.0,79616.0
26516,0.06918035447597504,,79668.0
26517,,3.0,79672.0
26534,0.06921035796403885,,79730.90196078431
26535,,3.0,79734.82352941176
26549,0.06924036145210266,,79789.72549019608
26550,,3.0,79793.64705882352
26559,0.06927036494016647,,79828.94117647059
26560,,3.0,79832.86274509804
26569,0.06930036842823029,,79868.1568627451
26570,,3.0,79872.07843137255
26585,0.0693303719162941,,79934.53658536586
26586,,3.0,79939.41463414633
26594,0.06936037540435791,,79978.43902439025
26595,,3.0,79983.31707317074
26605,0.06939037889242172,,80032.09756097561
26606,,3.0,80036.9756097561
26612,0.06942038238048553,,80066.24390243902
26613,,3.0,80071.12195121951
26630,0.06945038586854935,,80144.29268292683
26631,,3.0,80149.17073170732
26637,0.06948038935661316,,80178.43902439025
26638,,3.0,80183.31707317074
26647,0.06951039284467697,,80227.21951219512
26648,,3.0,80232.09756097561
26655,0.06954039633274078,,80266.24390243902
26656,,3.0,80271.12195121951
26668,0.0695703998208046,,80324.64864864865
26669,,3.0,80330.05405405405
26678,0.06960040330886841,,80378.7027027027
26679,,3.0,80384.1081081081
26685,0.06963040679693222,,80416.54054054055
26686,,3.0,80421.94594594595
26694,0.06966041028499603,,80465.18918918919
26695,,3.0,80470.5945945946
26709,0.06969041377305984,,80491.4
26710,,3.0,80492.8
26716,0.06972041726112366,,80501.2
26717,,3.0,80502.6
26723,0.06975042074918747,,80511.0
26724,,3.0,80512.4
26736,0.06978042423725128,,80529.2
26737,,3.0,80530.6
26754,0.0698104277253151,,80595.63636363637
26755,,3.0,80600.18181818182
26762,0.0698404312133789,,80632.0
26763,,3.0,80636.54545454546
26772,0.06987043470144272,,80677.45454545454
26773,,3.0,80682.0
26782,0.06990043818950653,,80722.90909090909
26783,,3.0,80727.45454545454
26798,0.06993044167757034,,80792.0
26799,,3.0,80797.0
26806,0.06996044516563416,,80832.0
26807,,3.0,80837.0
26816,0.06999044865369797,,80882.0
26817,,3.0,80887.0
26824,0.07002045214176178,,80922.0
26825,,3.0,80927.0
26837,0.07005045562982559,,80946.25
26838,,3.0,80947.83333333333
26847,0.0700804591178894,,80962.08333333333
26848,,3.0,80963.66666666667
26861,0.07011046260595322,,80984.25
26862,,3.0,80985.83333333333
26874,0.07014046609401703,,81004.83333333333
26875,,3.0,81006.41666666667
26892,0.07017046958208084,,81065.14285714286
26893,,3.0,81069.22448979592
26904,0.07020047307014465,,81114.12244897959
26905,,3.0,81118.20408163265
26916,0.07023047655820847,,81163.10204081633
26917,,3.0,81167.1836734694
26925,0.07026048004627228,,81199.83673469388
26926,,3.0,81203.91836734694
26942,0.07029048353433609,,81273.0
26943,,3.0,81278.0
26951,0.0703204870223999,,81318.0
26952,,3.0,81323.0
26958,0.07035049051046371,,81353.0
26959,,3.0,81358.0
26967,0.07038049399852753,,81398.0
26968,,3.0,81403.0
26980,0.07041049748659134,,81433.77272727272
26981,,3.0,81436.63636363637
26991,0.07044050097465515,,81465.27272727272
26992,,3.0,81468.13636363637
27003,0.07047050446271896,,81499.63636363637
27004,,3.0,81502.5
27013,0.07050050795078278,,81528.27272727272
27014,,3.0,81531.13636363637
27028,0.07053051143884659,,81554.32608695653
27029,,3.0,81556.17391304347
27039,0.0705605149269104,,81574.65217391304
27040,,3.0,81576.5
27049,0.07059051841497421,,81593.13043478261
27050,,3.0,81594.97826086957
27061,0.07062052190303802,,81615.30434782608
27062,,3.0,81617.15217391304
27082,0.07065052539110184,,81692.91304347826
27083,,3.0,81697.26086956522
27091,0.07068052887916565,,81732.04347826086
27092,,3.0,81736.39130434782
27099,0.07071053236722946,,81766.82608695653
27100,,3.0,81771.17391304347
27109,0.07074053585529327,,81810.30434782608
27110,,3.0,81814.65217391304
27123,0.07077053934335709,,81870.28205128205
27124,,3.0,81875.41025641025
27134,0.0708005428314209,,81926.69230769231
27135,,3.0,81931.82051282052
27143,0.07083054631948471,,81972.84615384616
27144,,3.0,81977.97435897436
27150,0.07086054980754852,,82008.7435897436
27151,,3.0,82013.8717948718
27171,0.07089055329561234,,82046.90566037736
27172,,3.0,82048.54716981133
27181,0.07092055678367615,,82063.32075471699
27182,,3.0,82064.96226415095
27191,0.07095056027173996,,82079.7358490566
27192,,3.0,82081.37735849057
27205,0.07098056375980377,,82102.71698113208
27206,,3.0,82104.35849056604
27221,0.07101056724786758,,82152.15384615384
27222,,3.0,82156.0
27231,0.0710405707359314,,82190.61538461539
27232,,3.0,82194.46153846153
27245,0.07107057422399521,,82244.46153846153
27246,,3.0,82248.30769230769
27259,0.07110057771205902,,82298.30769230769
27260,,3.0,82302.15384615384
27275,0.07113058120012283,,82361.81395348837
27276,,3.0,82366.46511627907
27286,0.07116058468818665,,82412.97674418605
27287,,3.0,82417.62790697675
27295,0.07119058817625046,,82454.83720930232
27296,,3.0,82459.48837209302
27304,0.07122059166431427,,82496.69767441861
27305,,3.0,82501.3488372093
27316,0.07125059515237808,,82541.55555555556
27317,,3.0,82546.0
27327,0.0712805986404419,,82590.44444444444
27328,,3.0,82594.88888888889
27337,0.0713106021285057,,82634.88888888889
27338,,3.0,82639.33333333333
27351,0.07134060561656952,,82697.11111111111
27352,,3.0,82701.55555555556
27370,0.07137060910463333,,82775.76744186046
27371,,3.0,82780.41860465116
27380,0.07140061259269714,,82822.27906976744
27381,,3.0,82826.93023255814
27390,0.07143061608076096,,82868.79069767441
27391,,3.0,82873.44186046511
27396,0.07146061956882477,,82896.69767441861
27397,,3.0,82901.3488372093
27409,0.07149062305688858,,82958.94117647059
27410,,3.0,82964.82352941176
27418,0.07152062654495239,,83011.88235294117
27419,,3.0,83017.76470588235
27423,0.0715506300330162,,83041.29411764706
27424,,3.0,83047.17647058824
27432,0.07158063352108002,,83094.23529411765
27433,,3.0,83100.11764705883
27447,0.07161063700914383,,83158.38095238095
27448,,3.0,83163.14285714286
27458,0.07164064049720764,,83210.76190476191
27459,,3.0,83215.52380952382
27466,0.07167064398527145,,83248.85714285714
27467,,3.0,83253.61904761905
27476,0.07170064747333527,,83296.47619047618
27477,,3.0,83301.23809523809
27495,0.07173065096139908,,83363.69230769231
27496,,3.0,83367.53846153847
27502,0.07176065444946289,,83390.61538461539
27503,,3.0,83394.46153846153
27516,0.0717906579375267,,83444.46153846153
27517,,3.0,83448.30769230769
27530,0.07182066142559052,,83498.30769230769
27531,,3.0,83502.15384615384
27542,0.07185066491365433,,83518.73469387754
27543,,3.0,83520.32653061225
27555,0.07188066840171814,,83539.42857142857
27556,,3.0,83541.02040816327
27570,0.07191067188978195,,83563.30612244898
27571,,3.0,83564.89795918367
27581,0.07194067537784576,,83580.8163265306
27582,,3.0,83582.40816326531
27599,0.07197067886590958,,83621.69230769231
27600,,3.0,83624.38461538461
27612,0.07200068235397339,,83656.69230769231
27613,,3.0,83659.38461538461
27625,0.0720306858420372,,83691.69230769231
27626,,3.0,83694.38461538461
27635,0.07206068933010101,,83718.61538461539
27636,,3.0,83721.30769230769
27654,0.07209069281816483,,83781.69230769231
27655,,3.0,83785.53846153847
27666,0.07212069630622864,,83827.84615384616
27667,,3.0,83831.69230769231
27681,0.07215069979429245,,83885.53846153847
27682,,3.0,83889.38461538461
27689,0.07218070328235626,,83916.30769230769
27690,,3.0,83920.15384615384
27711,0.07221070677042007,,83997.4693877551
27712,,3.0,84001.55102040817
27722,0.07224071025848389,,84042.36734693877
27723,,3.0,84046.44897959183
27729,0.0722707137465477,,84070.9387755102
27730,,3.0,84075.02040816327
27740,0.07230071723461151,,84115.83673469388
27741,,3.0,84119.91836734694
27759,0.07233072072267532,,84190.66666666667
27760,,3.0,84195.11111111111
27768,0.07236072421073914,,84230.66666666667
27769,,3.0,84235.11111111111
27779,0.07239072769880295,,84279.55555555556
27780,,3.0,84284.0
27787,0.07242073118686676,,84315.11111111111
27788,,3.0,84319.55555555556
27797,0.07245073467493057,,84355.57894736843
27798,,3.0,84360.84210526316
27802,0.07248073816299438,,84381.8947368421
27803,,3.0,84387.15789473684
27811,0.0725107416510582,,84429.26315789473
27812,,3.0,84434.52631578948
27827,0.07254074513912201,,84513.47368421052
27828,,3.0,84518.73684210527
27840,0.07257074862718582,,84569.0
27841,,3.0,84574.0
27847,0.07260075211524963,,84604.0
27848,,3.0,84609.0
27857,0.07263075560331345,,84654.0
27858,,3.0,84659.0
27869,0.07266075909137726,,84714.0
27870,,3.0,84719.0
27885,0.07269076257944107,,84774.0
27886,,3.0,84778.16666666667
27897,0.07272076606750488,,84824.0
27898,,3.0,84828.16666666667
27906,0.0727507695555687,,84861.5
27907,,3.0,84865.66666666667
27919,0.07278077304363251,,84915.66666666667
27920,,3.0,84919.83333333333
27935,0.07281077653169632,,84934.4
27936,,3.0,84935.26666666666
27947,0.07284078001976013,,84944.8
27948,,3.0,84945.66666666667
27955,0.07287078350782394,,84951.73333333334
27956,,3.0,84952.6
27966,0.07290078699588776,,84961.26666666666
27967,,3.0,84962.13333333333
27985,0.07293079048395157,,85024.22448979592
27986,,3.0,85028.30612244898
27995,0.07296079397201538,,85065.04081632652
27996,,3.0,85069.12244897959
28009,0.0729907974600792,,85122.1836734694
28010,,3.0,85126.26530612246
28017,0.073020800948143,,85154.83673469388
28018,,3.0,85158.91836734694
28037,0.07305080443620682,,85205.12244897959
28038,,3.0,85207.75510204081
28047,0.07308080792427063,,85231.44897959183
28048,,3.0,85234.08163265306
28058,0.07311081141233444,,85260.40816326531
28059,,3.0,85263.04081632652
28068,0.07314081490039825,,85286.73469387754
28069,,3.0,85289.36734693877
28087,0.07317081838846207,,85354.5
28088,,3.0,85358.66666666667
28096,0.07320082187652588,,85392.0
28097,,3.0,85396.16666666667
28108,0.07323082536458969,,85442.0
28109,,3.0,85446.16666666667
28118,0.0732608288526535,,85483.66666666667
28119,,3.0,85487.83333333333
28128,0.07329083234071732,,85526.28571428571
28129,,3.0,85532.0
28135,0.07332083582878113,,85566.28571428571
28136,,3.0,85572.0
28147,0.07335083931684494,,85634.85714285714
28148,,3.0,85640.57142857143
28155,0.07338084280490875,,85680.57142857143
28156,,3.0,85686.28571428571
28172,0.07341084629297256,,85751.09090909091
28173,,3.0,85755.63636363637
28184,0.07344084978103638,,85805.63636363637
28185,,3.0,85810.18181818182
28193,0.07347085326910019,,85846.54545454546
28194,,3.0,85851.09090909091
28201,0.073500856757164,,85882.90909090909
28202,,3.0,85887.45454545454
28219,0.07353086024522781,,85913.6862745098
28220,,3.0,85915.23529411765
28231,0.07356086373329163,,85932.27450980392
28232,,3.0,85933.82352941176
28247,0.07359086722135544,,85957.05882352941
28248,,3.0,85958.60784313726
28254,0.07362087070941925,,85967.90196078431
28255,,3.0,85969.45098039215
28270,0.07365087419748306,,86001.57142857143
28271,,3.0,86004.11904761905
28278,0.07368087768554688,,86021.95238095238
28279,,3.0,86024.5
28290,0.07371088117361069,,86052.52380952382
28291,,3.0,86055.07142857143
28298,0.0737408846616745,,86072.90476190476
28299,,3.0,86075.45238095238
28318,0.07377088814973831,,86147.56521739131
28319,,3.0,86151.91304347826
28326,0.07380089163780212,,86182.34782608696
28327,,3.0,86186.69565217392
28339,0.07383089512586594,,86238.86956521739
28340,,3.0,86243.21739130435
28346,0.07386089861392975,,86269.30434782608
28347,,3.0,86273.65217391304
28366,0.07389090210199356,,86316.46808510639
28367,,3.0,86318.87234042553
28375,0.07392090559005737,,86338.10638297872
28376,,3.0,86340.51063829787
28387,0.07395090907812119,,86366.9574468085
28388,,3.0,86369.36170212766
28395,0.073980912566185,,86386.1914893617
28396,,3.0,86388.59574468085
28409,0.07401091605424881,,86422.46341463414
28410,,3.0,86425.60975609756
28418,0.07404091954231262,,86450.78048780488
28419,,3.0,86453.9268292683
28427,0.07407092303037643,,86479.09756097561
28428,,3.0,86482.24390243902
28438,0.07410092651844025,,86513.70731707317
28439,,3.0,86516.85365853658
28456,0.07413093000650406,,86578.33333333333
28457,,3.0,86582.5
28467,0.07416093349456787,,86624.16666666667
28468,,3.0,86628.33333333333
28475,0.07419093698263168,,86657.5
28476,,3.0,86661.66666666667
28488,0.0742209404706955,,86711.66666666667
28489,,3.0,86715.83333333333
28502,0.07425094395875931,,86760.0
28503,,3.0,86764.0
28514,0.07428094744682312,,86808.0
28515,,3.0,86812.0
28526,0.07431095093488693,,86856.0
28527,,3.0,86860.0
28540,0.07434095442295074,,86912.0
28541,,3.0,86916.0
28555,0.07437095791101456,,86958.07692307692
28556,,3.0,86961.53846153847
28563,0.07440096139907837,,86985.76923076923
28564,,3.0,86989.23076923077
28573,0.07443096488714218,,87020.38461538461
28574,,3.0,87023.84615384616
28581,0.074460968375206,,87048.07692307692
28582,,3.0,87051.53846153847
28599,0.0744909718632698,,87123.29268292683
28600,,3.0,87128.17073170732
28606,0.07452097535133362,,87157.43902439025
28607,,3.0,87162.31707317074
28617,0.07455097883939743,,87211.09756097561
28618,,3.0,87215.9756097561
28624,0.07458098232746124,,87245.24390243902
28625,,3.0,87250.12195121951
28642,0.07461098581552505,,87309.90196078431
28643,,3.0,87313.82352941176
28652,0.07464098930358887,,87349.11764705883
28653,,3.0,87353.03921568628
28665,0.07467099279165268,,87400.09803921569
28666,,3.0,87404.01960784313
28677,0.07470099627971649,,87447.1568627451
28678,,3.0,87451.07843137255
28695,0.0747309997677803,,87479.03773584905
28696,,3.0,87480.75471698113
28705,0.07476100325584412,,87496.2075471698
28706,,3.0,87497.92452830188
28716,0.07479100674390793,,87515.09433962264
28717,,3.0,87516.81132075471
28732,0.07482101023197174,,87542.56603773584
28733,,3.0,87544.28301886792
28750,0.07485101372003555,,87574.0
28751,,3.0,87576.0
28756,0.07488101720809937,,87586.0
28757,,3.0,87588.0
28768,0.07491102069616318,,87610.0
28769,,3.0,87612.0
28780,0.07494102418422699,,87634.0
28781,,3.0,87636.0
28796,0.0749710276722908,,87667.88235294117
28797,,3.0,87670.37254901961
28806,0.07500103116035461,,87692.7843137255
28807,,3.0,87695.27450980392
28819,0.07503103464841843,,87725.1568627451
28820,,3.0,87727.64705882352
28833,0.07506103813648224,,87760.01960784313
28834,,3.0,87762.50980392157
28852,0.07509104162454605,,87780.6
28853,,3.0,87781.64
28861,0.07512104511260986,,87789.96
28862,,3.0,87791.0
28873,0.07515104860067368,,87802.44
28874,,3.0,87803.48
28885,0.07518105208873749,,87814.92
28886,,3.0,87815.96
28896,0.0752110555768013,,87849.55813953489
28897,,3.0,87854.20930232559
28904,0.07524105906486511,,87886.76744186046
28905,,3.0,87891.41860465116
28917,0.07527106255292892,,87947.23255813954
28918,,3.0,87951.88372093023
28930,0.07530106604099274,,88007.69767441861
28931,,3.0,88012.3488372093
28945,0.07533106952905655,,88079.85714285714
28946,,3.0,88085.57142857143
28954,0.07536107301712036,,88131.28571428571
28955,,3.0,88137.0
28959,0.07539107650518417,,88159.85714285714
28960,,3.0,88165.57142857143
28967,0.07542107999324799,,88205.57142857143
28968,,3.0,88211.28571428571
28983,0.0754510834813118,,88275.53658536586
28984,,3.0,88280.41463414633
28991,0.07548108696937561,,88314.56097560975
28992,,3.0,88319.43902439025
29001,0.07551109045743942,,88363.34146341463
29002,,3.0,88368.21951219512
29010,0.07554109394550323,,88407.24390243902
29011,,3.0,88412.12195121951
29027,0.07557109743356705,,88480.41463414633
29028,,3.0,88485.29268292683
29036,0.07560110092163086,,88524.31707317074
29037,,3.0,88529.19512195123
29045,0.07563110440969467,,88568.21951219512
29046,,3.0,88573.09756097561
29053,0.07566110789775848,,88607.24390243902
29054,,3.0,88612.12195121951
29070,0.0756911113858223,,88689.22222222222
29071,,3.0,88694.77777777778
29077,0.07572111487388611,,88728.11111111111
29078,,3.0,88733.66666666667
29085,0.07575111836194992,,88772.55555555556
29086,,3.0,88778.11111111111
29091,0.07578112185001373,,88805.88888888889
29092,,3.0,88811.44444444444
29106,0.07581112533807755,,88876.45945945945
29107,,3.0,88881.86486486487
29115,0.07584112882614136,,88925.1081081081
29116,,3.0,88930.51351351352
29123,0.07587113231420517,,88968.35135135135
29124,,3.0,88973.75675675676
29130,0.07590113580226898,,89006.18918918919
29131,,3.0,89011.5945945946
29150,0.0759311392903328,,89088.11111111111
29151,,3.0,89092.55555555556
29158,0.0759611427783966,,89123.66666666667
29159,,3.0,89128.11111111111
29169,0.07599114626646042,,89172.55555555556
29170,,3.0,89177.0
29177,0.07602114975452423,,89208.11111111111
29178,,3.0,89212.55555555556
29197,0.07605115324258804,,89275.18181818182
29198,,3.0,89278.81818181818
29211,0.07608115673065186,,89326.09090909091
29212,,3.0,89329.72727272728
29223,0.07611116021871567,,89369.72727272728
29224,,3.0,89373.36363636363
29234,0.07614116370677948,,89409.72727272728
29235,,3.0,89413.36363636363
29253,0.07617116719484329,,89486.76744186046
29254,,3.0,89491.41860465116
29261,0.0762011706829071,,89523.97674418605
29262,,3.0,89528.62790697675
29269,0.07623117417097092,,89561.18604651163
29270,,3.0,89565.83720930232
29279,0.07626117765903473,,89607.69767441861
29280,,3.0,89612.3488372093
29291,0.07629118114709854,,89651.78260869565
29292,,3.0,89656.13043478261
29302,0.07632118463516235,,89699.60869565218
29303,,3.0,89703.95652173914
29316,0.07635118812322617,,89760.47826086957
29317,,3.0,89764.82608695653
29327,0.07638119161128998,,89808.30434782608
29328,,3.0,89812.65217391304
29340,0.07641119509935379,,89858.86046511628
29341,,3.0,89863.51162790698
29347,0.0764411985874176,,89891.41860465116
29348,,3.0,89896.06976744186
29358,0.07647120207548141,,89942.58139534884
29359,,3.0,89947.23255813954
29372,0.07650120556354523,,90007.69767441861
29373,,3.0,90012.3488372093
29387,0.07653120905160904,,90070.65853658537
29388,,3.0,90075.53658536586
29393,0.07656121253967285,,90099.9268292683
29394,,3.0,90104.80487804877
29404,0.07659121602773666,,90153.58536585367
29405,,3.0,90158.46341463414
29415,0.07662121951580048,,90207.24390243902
29416,,3.0,90212.12195121951
29430,0.07665122300386429,,90267.0
29431,,3.0,90271.54545454546
29441,0.0766812264919281,,90317.0
29442,,3.0,90321.54545454546
29451,0.07671122997999191,,90362.45454545454
29452,,3.0,90367.0
29461,0.07674123346805573,,90407.90909090909
29462,,3.0,90412.45454545454
29479,0.07677123695611954,,90445.63636363637
29480,,3.0,90447.68181818182
29487,0.07680124044418335,,90462.0
29488,,3.0,90464.04545454546
29496,0.07683124393224716,,90480.40909090909
29497,,3.0,90482.45454545454
29507,0.07686124742031097,,90502.90909090909
29508,,3.0,90504.95454545454
29525,0.07689125090837479,,90573.66666666667
29526,,3.0,90578.42857142857
29534,0.0769212543964386,,90616.52380952382
29535,,3.0,90621.28571428571
29544,0.07695125788450241,,90664.14285714286
29545,,3.0,90668.90476190476
29551,0.07698126137256622,,90697.47619047618
29552,,3.0,90702.23809523809
29568,0.07701126486063004,,90754.97619047618
29569,,3.0,90758.66666666667
29576,0.07704126834869385,,90784.5
29577,,3.0,90788.19047619047
29587,0.07707127183675766,,90825.09523809524
29588,,3.0,90828.78571428571
29595,0.07710127532482147,,90854.61904761905
29596,,3.0,90858.30952380953
29609,0.07713127881288528,,90920.82352941176
29610,,3.0,90926.70588235294
29617,0.0771612823009491,,90967.88235294117
29618,,3.0,90973.76470588235
29623,0.07719128578901291,,91003.17647058824
29624,,3.0,91009.05882352941
29631,0.07722128927707672,,91050.23529411765
29632,,3.0,91056.11764705883
29649,0.07725129276514053,,91102.75555555556
29650,,3.0,91105.66666666667
29656,0.07728129625320435,,91123.13333333333
29657,,3.0,91126.04444444444
29661,0.07731129974126816,,91137.6888888889
29662,,3.0,91140.6
29678,0.07734130322933197,,91187.17777777778
29679,,3.0,91190.08888888889
29694,0.07737130671739578,,91222.71428571429
29695,,3.0,91225.19047619047
29702,0.0774013102054596,,91242.52380952382
29703,,3.0,91245.0
29711,0.07743131369352341,,91264.80952380953
29712,,3.0,91267.28571428571
29722,0.07746131718158722,,91292.04761904762
29723,,3.0,91294.52380952382
29739,0.07749132066965103,,91353.52173913043
29740,,3.0,91357.86956521739
29752,0.07752132415771484,,91410.04347826086
29753,,3.0,91414.39130434782
29759,0.07755132764577866,,91440.47826086957
29760,,3.0,91444.82608695653
29770,0.07758133113384247,,91488.30434782608
29771,,3.0,91492.65217391304
29787,0.07761133462190628,,91524.18181818182
29788,,3.0,91526.27272727272
29798,0.07764133810997009,,91547.18181818182
29799,,3.0,91549.27272727272
29805,0.0776713415980339,,91561.81818181818
29806,,3.0,91563.90909090909
29816,0.07770134508609772,,91584.81818181818
29817,,3.0,91586.90909090909
29833,0.07773134857416153,,91646.77777777778
29834,,3.0,91651.22222222222
29842,0.07776135206222534,,91686.77777777778
29843,,3.0,91691.22222222222
29849,0.07779135555028915,,91717.88888888889
29850,,3.0,91722.33333333333
29863,0.07782135903835297,,91780.11111111111
29864,,3.0,91784.55555555556
29878,0.07785136252641678,,91836.82608695653
29879,,3.0,91841.17391304347
29890,0.07788136601448059,,91889.0
29891,,3.0,91893.34782608696
29900,0.0779113695025444,,91932.47826086957
29901,,3.0,91936.82608695653
29911,0.07794137299060822,,91980.30434782608
29912,,3.0,91984.65217391304
29928,0.07797137647867203,,92054.0
29929,,3.0,92059.0
29937,0.07800137996673584,,92099.0
29938,,3.0,92104.0
29945,0.07803138345479965,,92139.0
29946,,3.0,92144.0
29953,0.07806138694286346,,92179.0
29954,,3.0,92184.0
29965,0.07809139043092728,,92227.0
29966,,3.0,92231.75
29972,0.07812139391899109,,92260.25
29973,,3.0,92265.0
29982,0.0781513974070549,,92307.75
29983,,3.0,92312.5
29991,0.07818140089511871,,92350.5
29992,,3.0,92355.25
30001,0.07821140438318253,,92368.57142857143
30002,,3.0,92370.0
30012,0.07824140787124634,,92384.28571428571
30013,,3.0,92385.71428571429
30018,0.07827141135931015,,92392.85714285714
30019,,3.0,92394.28571428571
30028,0.07830141484737396,,92407.14285714286
30029,,3.0,92408.57142857143
30046,0.07833141833543777,,92468.33333333333
30047,,3.0,92472.5
30056,0.07836142182350159,,92510.0
30057,,3.0,92514.16666666667
30066,0.0783914253115654,,92551.66666666667
30067,,3.0,92555.83333333333
30078,0.07842142879962921,,92601.66666666667
30079,,3.0,92605.83333333333
30095,0.07845143228769302,,92631.35714285714
30096,,3.0,92633.0
30104,0.07848143577575684,,92646.14285714286
30105,,3.0,92647.78571428571
30114,0.07851143926382065,,92662.57142857143
30115,,3.0,92664.21428571429
30122,0.07854144275188446,,92675.71428571429
30123,,3.0,92677.35714285714
30137,0.07857144623994827,,92731.38095238095
30138,,3.0,92736.14285714286
30150,0.07860144972801208,,92793.28571428571
30151,,3.0,92798.04761904762
30157,0.0786314532160759,,92826.61904761905
30158,,3.0,92831.38095238095
30166,0.07866145670413971,,92869.47619047618
30167,,3.0,92874.23809523809
30183,0.07869146019220352,,92906.90243902439
30184,,3.0,92909.0487804878
30192,0.07872146368026733,,92926.21951219512
30193,,3.0,92928.36585365854
30204,0.07875146716833115,,92951.9756097561
30205,,3.0,92954.12195121951
30209,0.07878147065639496,,92962.70731707317
30210,,3.0,92964.85365853658
30224,0.07881147414445877,,92992.21951219512
30225,,3.0,92994.51219512195
30233,0.07884147763252258,,93012.85365853658
30234,,3.0,93015.14634146342
30242,0.0788714811205864,,93033.48780487805
30243,,3.0,93035.78048780488
30252,0.07890148460865021,,93056.41463414633
30253,,3.0,93058.70731707317
30268,0.07893148809671402,,93090.51351351352
30269,,3.0,93092.97297297297
30278,0.07896149158477783,,93115.1081081081
30279,,3.0,93117.56756756757
30284,0.07899149507284164,,93129.86486486487
30285,,3.0,93132.32432432432
30291,0.07902149856090546,,93147.08108108108
30292,,3.0,93149.54054054055
30313,0.07905150204896927,,93183.30434782608
30314,,3.0,93185.04347826086
30322,0.07908150553703308,,93198.95652173914
30323,,3.0,93200.69565217392
30330,0.0791115090250969,,93212.86956521739
30331,,3.0,93214.60869565218
30339,0.0791415125131607,,93228.52173913043
30340,,3.0,93230.26086956522
30357,0.07917151600122452,,93289.14285714286
30358,,3.0,93293.22448979592
30366,0.07920151948928833,,93325.87755102041
30367,,3.0,93329.95918367348
30376,0.07923152297735214,,93366.69387755102
30377,,3.0,93370.77551020408
30390,0.07926152646541595,,93423.83673469388
30391,,3.0,93427.91836734694
30404,0.07929152995347977,,93460.0
30405,,3.0,93462.8
30411,0.07932153344154358,,93479.6
30412,,3.0,93482.4
30423,0.07935153692960739,,93513.2
30424,,3.0,93516.0
30432,0.0793815404176712,,93538.4
30433,,3.0,93541.2
30444,0.07941154390573502,,93585.02564102564
30445,,3.0,93590.15384615384
30450,0.07944154739379883,,93615.79487179487
30451,,3.0,93620.92307692308
30461,0.07947155088186264,,93672.20512820513
30462,,3.0,93677.33333333333
30473,0.07950155436992645,,93733.7435897436
30474,,3.0,93738.8717948718
30484,0.07953155785799026,,93774.83783783784
30485,,3.0,93779.24324324324
30493,0.07956156134605408,,93814.48648648648
30494,,3.0,93818.8918918919
30501,0.07959156483411789,,93849.72972972973
30502,,3.0,93854.13513513513
30512,0.0796215683221817,,93898.18918918919
30513,,3.0,93902.5945945946
30528,0.07965157181024551,,93928.0
30529,,3.0,93929.75
30537,0.07968157529830933,,93943.75
30538,,3.0,93945.5
30546,0.07971157878637314,,93959.5
30547,,3.0,93961.25
30554,0.07974158227443695,,93973.5
30555,,3.0,93975.25
30568,0.07977158576250076,,94026.47368421052
30569,,3.0,94031.42105263157
30580,0.07980158925056458,,94085.84210526316
30581,,3.0,94090.78947368421
30586,0.07983159273862839,,94115.52631578948
30587,,3.0,94120.47368421052
30594,0.0798615962266922,,94155.1052631579
30595,,3.0,94160.05263157895
30610,0.07989159971475601,,94183.85714285714
30611,,3.0,94185.42857142857
30618,0.07992160320281982,,94196.42857142857
30619,,3.0,94198.0
30628,0.07995160669088364,,94212.14285714286
30629,,3.0,94213.71428571429
30638,0.07998161017894745,,94227.85714285714
30639,,3.0,94229.42857142857
30653,0.08001161366701126,,94279.88888888889
30654,,3.0,94284.33333333333
30663,0.08004161715507507,,94324.33333333333
30664,,3.0,94328.77777777778
30674,0.08007162064313889,,94373.22222222222
30675,,3.0,94377.66666666667
30685,0.0801016241312027,,94422.11111111111
30686,,3.0,94426.55555555556
30703,0.08013162761926651,,94465.51162790698
30704,,3.0,94467.97674418605
30713,0.08016163110733032,,94490.16279069768
30714,,3.0,94492.62790697675
30721,0.08019163459539413,,94509.88372093023
30722,,3.0,94512.3488372093
30730,0.08022163808345795,,94532.06976744186
30731,,3.0,94534.53488372093
30747,0.08024163544178009,,94578.85365853658
30748,,2.0,94582.0731707317
30756,0.08026163280010223,,94607.82926829268
30757,,2.0,94611.0487804878
30767,0.08028163015842438,,94643.24390243902
30768,,2.0,94646.46341463414
30773,0.08030162751674652,,94662.56097560975
30774,,2.0,94665.78048780488
30789,0.08033163100481033,,94727.53658536586
30790,,3.0,94732.41463414633
30800,0.08036163449287415,,94781.19512195123
30801,,3.0,94786.0731707317
30807,0.08039163798093796,,94815.34146341463
30808,,3.0,94820.21951219512
30816,0.08042164146900177,,94859.24390243902
30817,,3.0,94864.12195121951
30833,0.08045164495706558,,94894.69767441861
30834,,3.0,94896.67441860466
30844,0.0804816484451294,,94916.44186046511
30845,,3.0,94918.41860465116
30853,0.0805116519331932,,94934.23255813954
30854,,3.0,94936.20930232559
30861,0.08054165542125702,,94950.04651162791
30862,,3.0,94952.02325581395
30875,0.08057165890932083,,94994.8163265306
30876,,3.0,94998.89795918367
30889,0.08060166239738464,,95051.95918367348
30890,,3.0,95056.04081632652
30900,0.08063166588544846,,95096.85714285714
30901,,3.0,95100.9387755102
30912,0.08066166937351227,,95145.83673469388
30913,,3.0,95149.91836734694
30928,0.08069167286157608,,95217.15789473684
30929,,3.0,95222.42105263157
30934,0.08072167634963989,,95248.73684210527
30935,,3.0,95254.0
30942,0.0807516798377037,,95290.84210526316
30943,,3.0,95296.1052631579
30952,0.08078168332576752,,95343.47368421052
30953,,3.0,95348.73684210527
30968,0.08081168681383133,,95408.54545454546
30969,,3.0,95413.09090909091
30976,0.08084169030189514,,95444.90909090909
30977,,3.0,95449.45454545454
30987,0.08087169378995895,,95494.90909090909
30988,,3.0,95499.45454545454
30998,0.08090169727802277,,95544.90909090909
30999,,3.0,95549.45454545454
31013,0.08093170076608658,,95604.0
31014,,3.0,95608.54545454546
31023,0.08096170425415039,,95649.45454545454
31024,,3.0,95654.0
31031,0.0809917077422142,,95685.81818181818
31032,,3.0,95690.36363636363
31044,0.08102171123027802,,95744.90909090909
31045,,3.0,95749.45454545454
31059,0.08105171471834183,,95809.0
31060,,3.0,95814.0
31071,0.08108171820640564,,95869.0
31072,,3.0,95874.0
31079,0.08111172169446945,,95909.0
31080,,3.0,95914.0
31086,0.08114172518253326,,95944.0
31087,,3.0,95949.0
31106,0.08117172867059708,,96025.11111111111
31107,,3.0,96029.55555555556
31112,0.08120173215866089,,96051.77777777778
31113,,3.0,96056.22222222222
31123,0.0812317356467247,,96100.66666666667
31124,,3.0,96105.11111111111
31133,0.08126173913478851,,96145.11111111111
31134,,3.0,96149.55555555556
31148,0.08129174262285233,,96206.38095238095
31149,,3.0,96211.14285714286
31163,0.08132174611091614,,96277.80952380953
31164,,3.0,96282.57142857143
31168,0.08135174959897995,,96301.61904761905
31169,,3.0,96306.38095238095
31177,0.08138175308704376,,96344.47619047618
31178,,3.0,96349.23809523809
31194,0.08141175657510757,,96415.90476190476
31195,,3.0,96420.66666666667
31202,0.08144176006317139,,96454.0
31203,,3.0,96458.76190476191
31210,0.0814717635512352,,96492.09523809524
31211,,3.0,96496.85714285714
31221,0.08150176703929901,,96544.47619047618
31222,,3.0,96549.23809523809
31240,0.08153177052736282,,96620.66666666667
31241,,3.0,96625.11111111111
31250,0.08156177401542664,,96665.11111111111
31251,,3.0,96669.55555555556
31258,0.08159177750349045,,96700.66666666667
31259,,3.0,96705.11111111111
31268,0.08162178099155426,,96745.11111111111
31269,,3.0,96749.55555555556
31281,0.08165178447961807,,96802.64864864865
31282,,3.0,96808.05405405405
31290,0.08168178796768188,,96851.2972972973
31291,,3.0,96856.7027027027
31299,0.0817117914557457,,96899.94594594595
31300,,3.0,96905.35135135135
31307,0.08174179494380951,,96943.18918918919
31308,,3.0,96948.5945945946
31322,0.08177179843187332,,97002.88888888889
31323,,3.0,97007.33333333333
31332,0.08180180191993713,,97047.33333333333
31333,,3.0,97051.77777777778
31344,0.08183180540800095,,97100.66666666667
31345,,3.0,97105.11111111111
31354,0.08186180889606476,,97145.11111111111
31355,,3.0,97149.55555555556
31369,0.08189181238412857,,97199.83333333333
31370,,3.0,97204.0
31377,0.08192181587219238,,97233.16666666667
31378,,3.0,97237.33333333333
31393,0.0819518193602562,,97299.83333333333
31394,,3.0,97304.0
31404,0.08198182284832001,,97345.66666666667
31405,,3.0,97349.83333333333
31421,0.08200182020664215,,97411.61363636363
31422,,2.0,97416.04545454546
31431,0.0820218175649643,,97455.93181818182
31432,,2.0,97460.36363636363
31442,0.08204181492328644,,97504.68181818182
31443,,2.0,97509.11363636363
31450,0.08206181228160858,,97540.13636363637
31451,,2.0,97544.56818181818
31465,0.0820918157696724,,97593.89795918367
31466,,3.0,97597.97959183673
31480,0.0821218192577362,,97655.12244897959
31481,,3.0,97659.20408163265
31489,0.08215182274580002,,97691.85714285714
31490,,3.0,97695.9387755102
31501,0.08218182623386383,,97740.83673469388
31502,,3.0,97744.91836734694
31516,0.08221182972192764,,97766.45652173914
31517,,3.0,97768.04347826086
31526,0.08224183320999146,,97782.32608695653
31527,,3.0,97783.91304347826
31538,0.08227183669805527,,97801.36956521739
31539,,3.0,97802.95652173914
31549,0.08230184018611908,,97818.82608695653
31550,,3.0,97820.41304347826
31564,0.08233184367418289,,97873.16279069768
31565,,3.0,97877.81395348837
31573,0.0823618471622467,,97915.02325581395
31574,,3.0,97919.67441860466
31584,0.08239185065031052,,97966.18604651163
31585,,3.0,97970.83720930232
31594,0.08242185413837433,,98012.69767441861
31595,,3.0,98017.3488372093
31609,0.08245185762643814,,98034.1
31610,,3.0,98035.2
31623,0.08248186111450195,,98049.5
31624,,3.0,98050.6
31634,0.08251186460256577,,98061.6
31635,,3.0,98062.7
31646,0.08254186809062958,,98074.8
31647,,3.0,98075.9
31658,0.08257187157869339,,98118.02564102564
31659,,3.0,98123.15384615384
31667,0.0826018750667572,,98164.17948717948
31668,,3.0,98169.30769230769
31677,0.08263187855482101,,98215.46153846153
31678,,3.0,98220.58974358975
31687,0.08266188204288483,,98266.7435897436
31688,,3.0,98271.8717948718
31700,0.08268187940120697,,98327.14285714286
31701,,2.0,98332.71428571429
31710,0.08270187675952911,,98382.85714285714
31711,,2.0,98388.42857142857
31716,0.08272187411785126,,98416.28571428571
31717,,2.0,98421.85714285714
31724,0.0827418714761734,,98460.85714285714
31725,,2.0,98466.42857142857
31736,0.08277187496423721,,98516.44444444444
31737,,3.0,98522.0
31746,0.08280187845230103,,98572.0
31747,,3.0,98577.55555555556
31754,0.08283188194036484,,98616.44444444444
31755,,3.0,98622.0
31762,0.08286188542842865,,98660.88888888889
31763,,3.0,98666.44444444444
31775,0.0828818827867508,,98714.14634146342
31776,,2.0,98718.82926829268
31786,0.08290188014507294,,98765.65853658537
31787,,2.0,98770.34146341463
31796,0.08292187750339508,,98812.48780487805
31797,,2.0,98817.17073170732
31805,0.08294187486171722,,98854.63414634146
31806,,2.0,98859.31707317074
31823,0.08296187222003937,,98896.2
31824,,2.0,98898.5
31834,0.08298186957836151,,98921.5
31835,,2.0,98923.8
31846,0.08300186693668365,,98949.1
31847,,2.0,98951.4
31857,0.0830218642950058,,98974.4
31858,,2.0,98976.7
31873,0.08304186165332794,,99030.0
31874,,2.0,99034.25
31879,0.08306185901165009,,99055.5
31880,,2.0,99059.75
31885,0.08308185636997223,,99081.0
31886,,2.0,99085.25
31895,0.08310185372829437,,99123.5
31896,,2.0,99127.75
31911,0.08313185721635818,,99192.0
31912,,3.0,99197.0
31919,0.083161860704422,,99232.0
31920,,3.0,99237.0
31927,0.08319186419248581,,99272.0
31928,,3.0,99277.0
31937,0.08322186768054962,,99322.0
31938,,3.0,99327.0
31954,0.08325187116861343,,99391.09090909091
31955,,3.0,99395.63636363637
31964,0.08328187465667725,,99436.54545454546
31965,,3.0,99441.09090909091
31973,0.08331187814474106,,99477.45454545454
31974,,3.0,99482.0
31983,0.08334188163280487,,99522.90909090909
31984,,3.0,99527.45454545454
31998,0.08337188512086868,,99598.66666666667
31999,,3.0,99604.72727272728
32005,0.0834018886089325,,99641.09090909091
32006,,3.0,99647.15151515152
32010,0.08343189209699631,,99671.39393939394
32011,,3.0,99677.45454545454
32018,0.08346189558506012,,99719.87878787878
32019,,3.0,99725.93939393939
32036,0.08348189294338226,,99780.19230769231
32037,,2.0,99783.63461538461
32050,0.0835018903017044,,99828.38461538461
32051,,2.0,99831.82692307692
32060,0.08352188766002655,,99862.80769230769
32061,,2.0,99866.25
32072,0.0835418850183487,,99904.11538461539
32073,,2.0,99907.55769230769
32084,0.0835718885064125,,99955.44444444444
32085,,3.0,99961.0
32092,0.08360189199447632,,99999.88888888889
32093,,3.0,100005.44444444444
32101,0.08363189548254013,,100049.88888888889
32102,,3.0,100055.44444444444
32110,0.08366189897060394,,100099.88888888889
32111,,3.0,100105.44444444444
32128,0.08368189632892609,,100150.08333333333
32129,,2.0,100152.875
32135,0.08370189368724823,,100169.625
32136,,2.0,100172.41666666667
32148,0.08372189104557037,,100205.91666666667
32149,,2.0,100208.70833333333
32160,0.08374188840389252,,100239.41666666667
32161,,2.0,100242.20833333333
32179,0.08376188576221466,,100284.3
32180,,2.0,100286.92
32189,0.0837818831205368,,100310.5
32190,,2.0,100313.12
32197,0.08380188047885895,,100331.46
32198,,2.0,100334.08
32212,0.08382187783718109,,100370.76
32213,,2.0,100373.38
32225,0.08383187651634216,,100396.25
32226,,1.0,100398.5
32235,0.08384187519550323,,100418.75
32236,,1.0,100421.0
32247,0.0838518738746643,,100445.75
32248,,1.0,100448.0
32254,0.08386187255382538,,100461.5
32255,,1.0,100463.75
32274,0.08387187123298645,,100501.40425531915
32275,,1.0,100503.6170212766
32285,0.08388186991214752,,100525.74468085106
32286,,1.0,100527.9574468085
32295,0.0838918685913086,,100547.87234042553
32296,,1.0,100550.08510638298
32303,0.08390186727046967,,100565.5744680851
32304,,1.0,100567.78723404255
32319,0.08393187075853348,,100612.52173913043
32320,,3.0,100616.06521739131
32328,0.08396187424659729,,100644.41304347826
32329,,3.0,100647.95652173914
32336,0.0839918777346611,,100672.76086956522
32337,,3.0,100676.30434782608
32351,0.08402188122272491,,100725.91304347826
32352,,3.0,100729.45652173914
32367,0.08403187990188599,,100759.23255813954
32368,,1.0,100761.41860465116
32376,0.08404187858104706,,100778.90697674418
32377,,1.0,100781.09302325582
32386,0.08405187726020813,,100800.76744186046
32387,,1.0,100802.95348837209
32396,0.0840618759393692,,100822.62790697675
32397,,1.0,100824.81395348837
32411,0.08409187942743301,,100874.82608695653
32412,,3.0,100879.17391304347
32420,0.08412188291549683,,100913.95652173914
32421,,3.0,100918.30434782608
32431,0.08415188640356064,,100961.78260869565
32432,,3.0,100966.13043478261
32444,0.08418188989162445,,101018.30434782608
32445,,3.0,101022.65217391304
32454,0.0842018872499466,,101052.62162162163
32455,,2.0,101056.8918918919
32462,0.08422188460826874,,101086.78378378379
32463,,2.0,101091.05405405405
32471,0.08424188196659088,,101125.21621621621
32472,,2.0,101129.48648648648
32483,0.08426187932491302,,101176.45945945945
32484,,2.0,101180.72972972973
32501,0.08429188281297684,,101217.23255813954
32502,,3.0,101219.53488372093
32510,0.08432188630104065,,101237.95348837209
32511,,3.0,101240.25581395348
32521,0.08435188978910446,,101263.27906976744
32522,,3.0,101265.58139534884
32528,0.08438189327716827,,101279.3953488372
32529,,3.0,101281.69767441861
32545,0.08439189195632935,,101320.45652173914
32546,,1.0,101323.26086956522
32555,0.08440189063549042,,101348.5
32556,,1.0,101351.30434782608
32562,0.08441188931465149,,101368.13043478261
32563,,1.0,101370.93478260869
32576,0.08442188799381256,,101407.39130434782
32577,,1.0,101410.19565217392
32587,0.08445189148187637,,101451.88888888889
32588,,3.0,101457.44444444444
32594,0.08448189496994019,,101490.77777777778
32595,,3.0,101496.33333333333
32604,0.084511898458004,,101546.33333333333
32605,,3.0,101551.88888888889
32614,0.08454190194606781,,101601.88888888889
32615,,3.0,101607.44444444444
32627,0.08456189930438995,,101650.5
32628,,2.0,101654.66666666667
32637,0.0845818966627121,,101692.16666666667
32638,,2.0,101696.33333333333
32646,0.08460189402103424,,101729.66666666667
32647,,2.0,101733.83333333333
32652,0.08462189137935638,,101754.66666666667
32653,,2.0,101758.83333333333
32668,0.0846518948674202,,101807.22857142857
32669,,3.0,101810.91428571429
32675,0.08468189835548401,,101833.02857142857
32676,,3.0,101836.71428571429
32684,0.08471190184354782,,101866.2
32685,,3.0,101869.88571428572
32689,0.08474190533161163,,101884.62857142858
32690,,3.0,101888.31428571428
32704,0.08477190881967545,,101958.66666666667
32705,,3.0,101964.72727272728
32712,0.08480191230773926,,102007.15151515152
32713,,3.0,102013.21212121213
32719,0.08483191579580307,,102049.57575757576
32720,,3.0,102055.63636363637
32724,0.08486191928386688,,102079.87878787878
32725,,3.0,102085.93939393939
32740,0.0848919227719307,,102147.81395348837
32741,,3.0,102152.46511627907
32753,0.0849219262599945,,102208.27906976744
32754,,3.0,102212.93023255814
32760,0.08495192974805832,,102240.83720930232
32761,,3.0,102245.48837209302
32769,0.08498193323612213,,102282.69767441861
32770,,3.0,102287.3488372093
32786,0.08501193672418594,,102349.77777777778
32787,,3.0,102354.22222222222
32791,0.08504194021224976,,102372.0
32792,,3.0,102376.44444444444
32801,0.08507194370031357,,102416.44444444444
32802,,3.0,102420.88888888889
32816,0.08510194718837738,,102483.11111111111
32817,,3.0,102487.55555555556
32837,0.08513195067644119,,102512.89583333333
32838,,3.0,102514.125
32846,0.085161954164505,,102523.95833333333
32847,,3.0,102525.1875
32855,0.08519195765256882,,102535.02083333333
32856,,3.0,102536.25
32866,0.08522196114063263,,102548.54166666667
32867,,3.0,102549.77083333333
32881,0.08524195849895477,,102598.5
32882,,2.0,102602.81818181818
32891,0.08526195585727692,,102641.68181818182
32892,,2.0,102646.0
32902,0.08528195321559906,,102689.18181818182
32903,,2.0,102693.5
32912,0.0853019505739212,,102732.36363636363
32913,,2.0,102736.68181818182
32925,0.08532194793224335,,102769.65789473684
32926,,2.0,102772.84210526316
32935,0.08534194529056549,,102801.5
32936,,2.0,102804.68421052632
32942,0.08536194264888763,,102823.78947368421
32943,,2.0,102826.97368421052
32952,0.08538194000720978,,102855.63157894737
32953,,2.0,102858.81578947368
32970,0.08540193736553192,,102911.0
32971,,2.0,102914.5
32984,0.08542193472385406,,102960.0
32985,,2.0,102963.5
32996,0.08544193208217621,,103002.0
32997,,2.0,103005.5
33004,0.08546192944049835,,103030.0
33005,,2.0,103033.5
33021,0.0854819267988205,,103095.825
33022,,2.0,103100.35
33029,0.08550192415714264,,103132.025
33030,,2.0,103136.55
33037,0.08552192151546478,,103168.225
33038,,2.0,103172.75
33046,0.08554191887378693,,103208.95
33047,,2.0,103213.475
33060,0.08556191623210907,,103255.04545454546
33061,,2.0,103258.75
33071,0.08558191359043121,,103295.79545454546
33072,,2.0,103299.5
33079,0.08560191094875336,,103325.43181818182
33080,,2.0,103329.13636363637
33092,0.0856219083070755,,103373.59090909091
33093,,2.0,103377.29545454546
33111,0.08565191179513931,,103442.22448979592
33112,,3.0,103446.30612244898
33122,0.08568191528320312,,103487.12244897959
33123,,3.0,103491.20408163265
33129,0.08571191877126694,,103515.69387755102
33130,,3.0,103519.77551020408
33143,0.08574192225933075,,103572.83673469388
33144,,3.0,103576.91836734694
33160,0.0857619196176529,,103630.4
33161,,2.0,103634.2
33168,0.08578191697597504,,103660.8
33169,,2.0,103664.6
33175,0.08580191433429718,,103687.4
33176,,2.0,103691.2
33185,0.08582191169261932,,103725.4
33186,,2.0,103729.2
33201,0.08584190905094147,,103796.33333333333
33202,,2.0,103801.61111111111
33212,0.08586190640926361,,103854.38888888889
33213,,2.0,103859.66666666667
33217,0.08588190376758575,,103880.77777777778
33218,,2.0,103886.05555555556
33223,0.0859019011259079,,103912.44444444444
33224,,2.0,103917.72222222222
33241,0.08592189848423004,,103995.21052631579
33242,,2.0,104000.36842105263
33248,0.08594189584255219,,104031.31578947368
33249,,2.0,104036.47368421052
33256,0.08596189320087433,,104072.57894736843
33257,,2.0,104077.73684210527
33263,0.08598189055919647,,104108.68421052632
33264,,2.0,104113.84210526316
33279,0.08600188791751862,,104158.29411764706
33280,,2.0,104161.56862745098
33295,0.08602188527584076,,104210.6862745098
33296,,2.0,104213.96078431372
33306,0.0860418826341629,,104246.70588235294
33307,,2.0,104249.98039215687
33316,0.08606187999248505,,104279.45098039215
33317,,2.0,104282.72549019608
33333,0.08609188348054886,,104340.16666666667
33334,,3.0,104344.33333333333
33341,0.08612188696861267,,104373.5
33342,,3.0,104377.66666666667
33350,0.08615189045667648,,104411.0
33351,,3.0,104415.16666666667
33366,0.0861818939447403,,104477.66666666667
33367,,3.0,104481.83333333333
33374,0.08621189743280411,,104505.04761904762
33375,,3.0,104509.80952380953
33385,0.08624190092086792,,104557.42857142857
33386,,3.0,104562.19047619047
33395,0.08627190440893173,,104605.04761904762
33396,,3.0,104609.80952380953
33410,0.08630190789699554,,104676.47619047618
33411,,3.0,104681.23809523809
33423,0.08633191138505936,,104708.02127659574
33424,,3.0,104710.46808510639
33434,0.08636191487312317,,104734.93617021276
33435,,3.0,104737.3829787234
33450,0.08639191836118698,,104774.08510638298
33451,,3.0,104776.53191489361
33459,0.0864219218492508,,104796.10638297872
33460,,3.0,104798.55319148937
33474,0.0864519253373146,,104854.65853658537
33475,,3.0,104859.53658536586
33486,0.08648192882537842,,104913.19512195123
33487,,3.0,104918.0731707317
33494,0.08651193231344223,,104952.21951219512
33495,,3.0,104957.09756097561
33502,0.08654193580150604,,104991.24390243902
33503,,3.0,104996.12195121951
33518,0.08657193928956985,,105059.53658536586
33519,,3.0,105064.41463414633
33530,0.08660194277763367,,105118.0731707317
33531,,3.0,105122.9512195122
33539,0.08663194626569748,,105161.9756097561
33540,,3.0,105166.85365853658
33545,0.08666194975376129,,105191.24390243902
33546,,3.0,105196.12195121951
33562,0.0866919532418251,,105255.02222222222
33563,,3.0,105259.17777777778
33575,0.08672195672988892,,105309.04444444444
33576,,3.0,105313.2
33583,0.08675196021795273,,105342.28888888888
33584,,3.0,105346.44444444444
33592,0.08678196370601654,,105379.6888888889
33593,,3.0,105383.84444444445
33606,0.08681196719408035,,105439.28205128205
33607,,3.0,105444.41025641025
33617,0.08684197068214417,,105495.69230769231
33618,,3.0,105500.82051282052
33624,0.08687197417020798,,105531.58974358975
33625,,3.0,105536.71794871795
33633,0.08690197765827179,,105577.7435897436
33634,,3.0,105582.8717948718
33648,0.08692197501659393,,105634.35714285714
33649,,2.0,105638.57142857143
33658,0.08694197237491608,,105676.5
33659,,2.0,105680.71428571429
33666,0.08696196973323822,,105710.21428571429
33667,,2.0,105714.42857142857
33677,0.08698196709156036,,105756.57142857143
33678,,2.0,105760.78571428571
33694,0.08701197057962418,,105818.54761904762
33695,,3.0,105822.66666666667
33704,0.08704197406768799,,105859.73809523809
33705,,3.0,105863.85714285714
33712,0.0870719775557518,,105892.69047619047
33713,,3.0,105896.80952380953
33721,0.08710198104381561,,105929.76190476191
33722,,3.0,105933.88095238095
33745,0.08713198453187943,,105970.91666666667
33746,,3.0,105972.5625
33751,0.08716198801994324,,105980.79166666667
33752,,3.0,105982.4375
33763,0.08719199150800705,,106000.54166666667
33764,,3.0,106002.1875
33771,0.08722199499607086,,106013.70833333333
33772,,3.0,106015.35416666667
33785,0.08725199848413467,,106030.57142857143
33786,,3.0,106031.92857142857
33792,0.08728200197219849,,106040.07142857143
33793,,3.0,106041.42857142857
33802,0.0873120054602623,,106053.64285714286
33803,,3.0,106055.0
33815,0.08734200894832611,,106071.28571428571
33816,,3.0,106072.64285714286
33826,0.08737201243638992,,106114.0
33827,,3.0,106119.71428571429
33834,0.08740201592445374,,106159.71428571429
33835,,3.0,106165.42857142857
33844,0.08743201941251755,,106216.85714285714
33845,,3.0,106222.57142857143
33852,0.08746202290058136,,106262.57142857143
33853,,3.0,106268.28571428571
33871,0.08749202638864517,,106322.6
33872,,3.0,106325.84
33883,0.08752202987670898,,106361.48
33884,,3.0,106364.72
33892,0.0875520333647728,,106390.64
33893,,3.0,106393.88
33904,0.08758203685283661,,106429.52
33905,,3.0,106432.76
33916,0.08761204034090042,,106476.0
33917,,3.0,106481.0
33927,0.08764204382896423,,106531.0
33928,,3.0,106536.0
33936,0.08767204731702805,,106576.0
33937,,3.0,106581.0
33946,0.08770205080509186,,106626.0
33947,,3.0,106631.0
33959,0.08773205429315567,,106681.0
33960,,3.0,106686.0
33967,0.08776205778121948,,106721.0
33968,,3.0,106726.0
33978,0.0877920612692833,,106776.0
33979,,3.0,106781.0
33988,0.0878220647573471,,106826.0
33989,,3.0,106831.0
34005,0.08785206824541092,,106886.0
34006,,3.0,106889.84615384616
34018,0.08788207173347473,,106936.0
34019,,3.0,106939.84615384616
34029,0.08791207522153854,,106978.30769230769
34030,,3.0,106982.15384615384
34042,0.08794207870960236,,107028.30769230769
34043,,3.0,107032.15384615384
34055,0.0879620760679245,,107072.41860465116
34056,,2.0,107076.46511627907
34065,0.08798207342624664,,107112.88372093023
34066,,2.0,107116.93023255814
34077,0.08800207078456879,,107161.44186046511
34078,,2.0,107165.48837209302
34087,0.08802206814289093,,107201.90697674418
34088,,2.0,107205.95348837209
34108,0.08805207163095474,,107269.31914893616
34109,,3.0,107272.8085106383
34119,0.08808207511901855,,107307.70212765958
34120,,3.0,107311.1914893617
34127,0.08811207860708237,,107335.6170212766
34128,,3.0,107339.10638297872
34136,0.08814208209514618,,107367.02127659574
34137,,3.0,107370.51063829787
34153,0.08816207945346832,,107417.24489795919
34154,,2.0,107420.57142857143
34162,0.08818207681179047,,107447.1836734694
34163,,2.0,107450.51020408163
34176,0.08820207417011261,,107493.75510204081
34177,,2.0,107497.08163265306
34187,0.08822207152843475,,107530.3469387755
34188,,2.0,107533.67346938775
34202,0.08825207501649857,,107596.45945945945
34203,,3.0,107601.86486486487
34208,0.08828207850456238,,107628.8918918919
34209,,3.0,107634.2972972973
34216,0.08831208199262619,,107672.13513513513
34217,,3.0,107677.54054054055
34226,0.08834208548069,,107726.18918918919
34227,,3.0,107731.5945945946
34240,0.08836208283901215,,107775.22222222222
34241,,2.0,107779.04444444444
34251,0.08838208019733429,,107817.26666666666
34252,,2.0,107821.08888888889
34263,0.08840207755565643,,107863.13333333333
34264,,2.0,107866.95555555556
34273,0.08842207491397858,,107901.35555555555
34274,,2.0,107905.17777777778
34285,0.08845207840204239,,107943.34146341463
34286,,3.0,107947.63414634146
34298,0.0884820818901062,,107999.14634146342
34299,,3.0,108003.43902439025
34304,0.08851208537817001,,108024.90243902439
34305,,3.0,108029.19512195123
34316,0.08854208886623383,,108076.41463414633
34317,,3.0,108080.70731707317
34329,0.08857209235429764,,108137.94117647059
34330,,3.0,108143.82352941176
34336,0.08860209584236145,,108179.11764705883
34337,,3.0,108185.0
34343,0.08863209933042526,,108220.29411764706
34344,,3.0,108226.17647058824
34352,0.08866210281848907,,108273.23529411765
34353,,3.0,108279.11764705883
34373,0.08868210017681122,,108327.31914893616
34374,,2.0,108329.8085106383
34385,0.08870209753513336,,108357.1914893617
34386,,2.0,108359.68085106384
34391,0.0887220948934555,,108372.12765957447
34392,,2.0,108374.6170212766
34401,0.08874209225177765,,108397.02127659574
34402,,2.0,108399.51063829787
34416,0.08876208961009979,,108435.95652173914
34417,,2.0,108439.04347826086
34427,0.08878208696842194,,108469.91304347826
34428,,2.0,108473.0
34437,0.08880208432674408,,108500.78260869565
34438,,2.0,108503.86956521739
34449,0.08882208168506622,,108537.82608695653
34450,,2.0,108540.91304347826
34470,0.08885208517313004,,108617.91304347826
34471,,3.0,108622.26086956522
34480,0.08888208866119385,,108661.39130434782
34481,,3.0,108665.73913043478
34489,0.08891209214925766,,108700.52173913043
34490,,3.0,108704.86956521739
34497,0.08894209563732147,,108735.30434782608
34498,,3.0,108739.65217391304
34511,0.08897209912538528,,108798.05405405405
34512,,3.0,108803.45945945945
34521,0.0890021026134491,,108852.1081081081
34522,,3.0,108857.51351351352
34528,0.08903210610151291,,108889.94594594595
34529,,3.0,108895.35135135135
34536,0.08906210958957672,,108933.18918918919
34537,,3.0,108938.5945945946
34549,0.08909211307764053,,108976.53846153847
34550,,3.0,108980.15384615384
34555,0.08912211656570435,,108998.23076923077
34556,,3.0,109001.84615384616
34566,0.08915212005376816,,109038.0
34567,,3.0,109041.61538461539
34577,0.08918212354183197,,109077.76923076923
34578,,3.0,109081.38461538461
34594,0.08920212090015411,,109147.78048780488
34595,,2.0,109152.60975609756
34602,0.08922211825847626,,109186.41463414633
34603,,2.0,109191.24390243902
34610,0.0892421156167984,,109225.0487804878
34611,,2.0,109229.87804878049
34620,0.08926211297512054,,109273.34146341463
34621,,2.0,109278.17073170732
34637,0.08929211646318436,,109346.41463414633
34638,,3.0,109351.29268292683
34646,0.08932211995124817,,109390.31707317074
34647,,3.0,109395.19512195123
34652,0.08935212343931198,,109419.58536585367
34653,,3.0,109424.46341463414
34663,0.0893821269273758,,109473.24390243902
34664,,3.0,109478.12195121951
34680,0.0894121304154396,,109538.31914893616
34681,,3.0,109542.5744680851
34691,0.08944213390350342,,109585.12765957447
34692,,3.0,109589.3829787234
34704,0.08947213739156723,,109640.44680851063
34705,,3.0,109644.70212765958
34712,0.08950214087963104,,109674.48936170213
34713,,3.0,109678.74468085106
34727,0.08953214436769485,,109731.88888888889
34728,,3.0,109736.33333333333
34739,0.08956214785575867,,109785.22222222222
34740,,3.0,109789.66666666667
34749,0.08959215134382248,,109829.66666666667
34750,,3.0,109834.11111111111
34759,0.08962215483188629,,109874.11111111111
34760,,3.0,109878.55555555556
34775,0.08964215219020844,,109935.9756097561
34776,,2.0,109940.39024390244
34782,0.08966214954853058,,109966.87804878049
34783,,2.0,109971.29268292683
34793,0.08968214690685272,,110015.43902439025
34794,,2.0,110019.85365853658
34802,0.08970214426517487,,110055.17073170732
34803,,2.0,110059.58536585367
34821,0.08973214775323868,,110116.63157894737
34822,,3.0,110120.14035087719
34832,0.08976215124130249,,110155.22807017544
34833,,3.0,110158.73684210527
34847,0.0897921547293663,,110207.85964912281
34848,,3.0,110211.36842105263
34861,0.08982215821743011,,110256.98245614035
34862,,3.0,110260.49122807017
34876,0.08985216170549393,,110320.41025641025
34877,,3.0,110325.53846153847
34886,0.08988216519355774,,110371.69230769231
34887,,3.0,110376.82051282052
34894,0.08991216868162155,,110412.71794871795
34895,,3.0,110417.84615384616
34902,0.08994217216968536,,110453.7435897436
34903,,3.0,110458.8717948718
34914,0.08996216952800751,,110490.43478260869
34915,,2.0,110493.73913043478
34931,0.08998216688632965,,110546.60869565218
34932,,2.0,110549.91304347826
34943,0.0900021642446518,,110586.26086956522
34944,,2.0,110589.56521739131
34950,0.09002216160297394,,110609.39130434782
34951,,2.0,110612.69565217392
34963,0.09005216509103775,,110664.64864864865
34964,,3.0,110670.05405405405
34971,0.09008216857910156,,110707.8918918919
34972,,3.0,110713.2972972973
34981,0.09011217206716537,,110761.94594594595
34982,,3.0,110767.35135135135
34989,0.09014217555522919,,110805.18918918919
34990,,3.0,110810.5945945946
35004,0.090172179043293,,110869.65853658537
35005,,3.0,110874.53658536586
35013,0.09020218253135681,,110913.56097560975
35014,,3.0,110918.43902439025
35022,0.09023218601942062,,110957.46341463414
35023,,3.0,110962.34146341463
35032,0.09026218950748444,,111006.24390243902
35033,,3.0,111011.12195121951
35051,0.09029219299554825,,111076.0
35052,,3.0,111080.0
35060,0.09032219648361206,,111112.0
35061,,3.0,111116.0
35073,0.09035219997167587,,111164.0
35074,,3.0,111168.0
35084,0.09038220345973969,,111208.0
35085,,3.0,111212.0
35100,0.09040220081806183,,111278.52631578948
35101,,2.0,111283.73684210527
35110,0.09042219817638397,,111330.63157894737
35111,,2.0,111335.84210526316
35117,0.09044219553470612,,111367.1052631579
35118,,2.0,111372.31578947368
35124,0.09046219289302826,,111403.57894736843
35125,,2.0,111408.78947368421
35141,0.09049219638109207,,111475.90476190476
35142,,3.0,111480.66666666667
35152,0.09052219986915588,,111528.28571428571
35153,,3.0,111533.04761904762
35161,0.0905522033572197,,111571.14285714286
35162,,3.0,111575.90476190476
35168,0.09058220684528351,,111604.47619047618
35169,,3.0,111609.23809523809
35187,0.09061221033334732,,111674.0
35188,,3.0,111678.0
35200,0.09064221382141113,,111726.0
35201,,3.0,111730.0
35209,0.09067221730947495,,111762.0
35210,,3.0,111766.0
35220,0.09070222079753876,,111806.0
35221,,3.0,111810.0
35235,0.0907222181558609,,111859.1282051282
35236,,2.0,111863.23076923077
35244,0.09074221551418304,,111896.05128205128
35245,,2.0,111900.15384615384
35252,0.09076221287250519,,111928.8717948718
35253,,2.0,111932.97435897436
35261,0.09078221023082733,,111965.79487179487
35262,,2.0,111969.89743589744
35279,0.09080220758914948,,112029.41666666667
35280,,2.0,112033.375
35287,0.09082220494747162,,112061.08333333333
35288,,2.0,112065.04166666667
35296,0.09084220230579376,,112096.70833333333
35297,,2.0,112100.66666666667
35311,0.0908621996641159,,112156.08333333333
35312,,2.0,112160.04166666667
35326,0.09088219702243805,,112204.16279069768
35327,,2.0,112207.81395348837
35335,0.09090219438076019,,112237.02325581395
35336,,2.0,112240.67441860466
35344,0.09092219173908234,,112269.88372093023
35345,,2.0,112273.53488372093
35356,0.09094218909740448,,112313.69767441861
35357,,2.0,112317.3488372093
35372,0.09096218645572662,,112372.73333333334
35373,,2.0,112377.04444444444
35383,0.09098218381404877,,112420.15555555555
35384,,2.0,112424.46666666666
35393,0.09100218117237091,,112463.26666666666
35394,,2.0,112467.57777777778
35403,0.09102217853069305,,112506.37777777777
35404,,2.0,112510.6888888889
35422,0.0910421758890152,,112561.82926829268
35423,,2.0,112564.9512195122
35428,0.09106217324733734,,112580.56097560975
35429,,2.0,112583.68292682926
35439,0.09108217060565948,,112614.90243902439
35440,,2.0,112618.0243902439
35446,0.09110216796398163,,112636.75609756098
35447,,2.0,112639.87804878049
35466,0.09113217145204544,,112661.9387755102
35467,,3.0,112663.12244897959
35478,0.09116217494010925,,112676.14285714286
35479,,3.0,112677.32653061225
35489,0.09119217842817307,,112689.16326530612
35490,,3.0,112690.3469387755
35497,0.09122218191623688,,112698.63265306123
35498,,3.0,112699.8163265306
35512,0.09125218540430069,,112753.38095238095
35513,,3.0,112758.14285714286
35522,0.0912821888923645,,112801.0
35523,,3.0,112805.76190476191
35530,0.09131219238042831,,112839.09523809524
35531,,3.0,112843.85714285714
35541,0.09134219586849213,,112891.47619047618
35542,,3.0,112896.23809523809
35556,0.09136219322681427,,112945.28205128205
35557,,2.0,112949.30769230769
35566,0.09138219058513641,,112985.53846153847
35567,,2.0,112989.56410256411
35573,0.09140218794345856,,113013.71794871795
35574,,2.0,113017.7435897436
35582,0.0914221853017807,,113049.94871794872
35583,,2.0,113053.97435897436
35596,0.09145218878984451,,113108.0
35597,,3.0,113113.0
35603,0.09148219227790833,,113143.0
35604,,3.0,113148.0
35614,0.09151219576597214,,113198.0
35615,,3.0,113203.0
35624,0.09154219925403595,,113248.0
35625,,3.0,113253.0
35638,0.0915621966123581,,113287.76190476191
35639,,2.0,113290.73809523809
35648,0.09158219397068024,,113317.52380952382
35649,,2.0,113320.5
35659,0.09160219132900238,,113350.26190476191
35660,,2.0,113353.23809523809
35668,0.09162218868732452,,113377.04761904762
35669,,2.0,113380.02380952382
35687,0.09165219217538834,,113401.57142857143
35688,,3.0,113402.80952380953
35696,0.09168219566345215,,113412.71428571429
35697,,3.0,113413.95238095238
35707,0.09171219915151596,,113426.33333333333
35708,,3.0,113427.57142857143
35712,0.09174220263957977,,113432.52380952382
35713,,3.0,113433.76190476191
35723,0.09176219999790192,,113465.33333333333
35724,,2.0,113469.66666666667
35732,0.09178219735622406,,113504.33333333333
35733,,2.0,113508.66666666667
35741,0.0918021947145462,,113543.33333333333
35742,,2.0,113547.66666666667
35753,0.09182219207286835,,113595.33333333333
35754,,2.0,113599.66666666667
35768,0.09184218943119049,,113648.0
35769,,2.0,113652.0
35775,0.09186218678951263,,113676.0
35776,,2.0,113680.0
35788,0.09188218414783478,,113728.0
35789,,2.0,113732.0
35803,0.09190218150615692,,113788.0
35804,,2.0,113792.0
35816,0.09192217886447906,,113829.45652173914
35817,,2.0,113833.17391304347
35827,0.09194217622280121,,113870.34782608696
35828,,2.0,113874.06521739131
35839,0.09196217358112335,,113914.95652173914
35840,,2.0,113918.67391304347
35851,0.0919821709394455,,113959.56521739131
35852,,2.0,113963.28260869565
35867,0.09200216829776764,,114016.71428571429
35868,,2.0,114020.85714285714
35876,0.09202216565608978,,114054.0
35877,,2.0,114058.14285714286
35885,0.09204216301441193,,114091.28571428571
35886,,2.0,114095.42857142857
35895,0.09206216037273407,,114132.71428571429
35896,,2.0,114136.85714285714
35908,0.09208215773105621,,114181.15384615384
35909,,2.0,114185.61538461539
35917,0.09210215508937836,,114221.30769230769
35918,,2.0,114225.76923076923
35925,0.0921221524477005,,114257.0
35926,,2.0,114261.46153846153
35936,0.09214214980602264,,114306.07692307692
35937,,2.0,114310.53846153847
35948,0.09217215329408646,,114352.20930232559
35949,,3.0,114356.86046511628
35961,0.09220215678215027,,114412.67441860466
35962,,3.0,114417.32558139534
35969,0.09223216027021408,,114449.88372093023
35970,,3.0,114454.53488372093
35981,0.0922621637582779,,114505.69767441861
35982,,3.0,114510.3488372093
36000,0.09228216111660004,,114565.58823529411
36001,,2.0,114568.96078431372
36009,0.09230215847492218,,114595.94117647059
36010,,2.0,114599.3137254902
36021,0.09232215583324432,,114636.41176470589
36022,,2.0,114639.7843137255
36034,0.09234215319156647,,114680.25490196078
36035,,2.0,114683.62745098039
36051,0.09236215054988861,,114728.75
36052,,2.0,114731.96153846153
36064,0.09238214790821075,,114770.5
36065,,2.0,114773.71153846153
36074,0.0924021452665329,,114802.61538461539
36075,,2.0,114805.82692307692
36088,0.09242214262485504,,114847.57692307692
36089,,2.0,114850.78846153847
36103,0.09245214611291885,,114898.0
36104,,3.0,114902.0
36117,0.09248214960098267,,114954.0
36118,,3.0,114958.0
36129,0.09251215308904648,,115002.0
36130,,3.0,115006.0
36140,0.09254215657711029,,115046.0
36141,,3.0,115050.0
36157,0.09256215393543243,,115105.42222222222
36158,,2.0,115109.37777777777
36167,0.09258215129375458,,115144.97777777778
36168,,2.0,115148.93333333333
36176,0.09260214865207672,,115180.57777777778
36177,,2.0,115184.53333333334
36187,0.09262214601039886,,115224.08888888889
36188,,2.0,115228.04444444444
36200,0.09264214336872101,,115275.57894736843
36201,,2.0,115280.42105263157
36205,0.09266214072704315,,115299.78947368421
36206,,2.0,115304.63157894737
36217,0.0926821380853653,,115357.8947368421
36218,,2.0,115362.73684210527
36227,0.09270213544368744,,115406.31578947368
36228,,2.0,115411.15789473684
36241,0.09273213893175125,,115442.57142857143
36242,,3.0,115445.22857142857
36248,0.09276214241981506,,115461.17142857143
36249,,3.0,115463.82857142857
36256,0.09279214590787888,,115482.42857142857
36257,,3.0,115485.08571428571
36264,0.09282214939594269,,115503.68571428572
36265,,3.0,115506.34285714285
36279,0.09284214675426483,,115561.31707317074
36280,,2.0,115566.0731707317
36286,0.09286214411258698,,115594.60975609756
36287,,2.0,115599.36585365854
36295,0.09288214147090912,,115637.41463414633
36296,,2.0,115642.17073170732
36307,0.09290213882923126,,115694.48780487805
36308,,2.0,115699.24390243902
36323,0.09293214231729507,,115716.76595744681
36324,,3.0,115717.82978723405
36334,0.09296214580535889,,115728.46808510639
36335,,3.0,115729.53191489361
36348,0.0929921492934227,,115743.36170212766
36349,,3.0,115744.4255319149
36356,0.09302215278148651,,115751.87234042553
36357,,3.0,115752.93617021276
36367,0.09305215626955032,,115789.89743589744
36368,,3.0,115795.02564102564
36377,0.09308215975761414,,115841.17948717948
36378,,3.0,115846.30769230769
36388,0.09311216324567795,,115897.58974358975
36389,,3.0,115902.71794871795
36397,0.09314216673374176,,115943.7435897436
36398,,3.0,115948.8717948718
36410,0.09317217022180557,,115962.07692307692
36411,,3.0,115962.97435897436
36419,0.09320217370986938,,115970.15384615384
36420,,3.0,115971.05128205128
36428,0.0932321771979332,,115978.23076923077
36429,,3.0,115979.1282051282
36438,0.09326218068599701,,115987.20512820513
36439,,3.0,115988.10256410256
36458,0.09329218417406082,,116055.66666666667
36459,,3.0,116059.83333333333
36466,0.09332218766212463,,116089.0
36467,,3.0,116093.16666666667
36475,0.09335219115018845,,116126.5
36476,,3.0,116130.66666666667
36488,0.09338219463825226,,116180.66666666667
36489,,3.0,116184.83333333333
36501,0.09341219812631607,,116229.90909090909
36502,,3.0,116234.45454545454
36517,0.09344220161437988,,116302.63636363637
36518,,3.0,116307.18181818182
36524,0.0934722051024437,,116334.45454545454
36525,,3.0,116339.0
36534,0.09350220859050751,,116379.90909090909
36535,,3.0,116384.45454545454
36547,0.09353221207857132,,116429.0
36548,,3.0,116433.44444444444
36555,0.09356221556663513,,116464.55555555556
36556,,3.0,116469.0
36565,0.09359221905469894,,116509.0
36566,,3.0,116513.44444444444
36581,0.09362222254276276,,116580.11111111111
36582,,3.0,116584.55555555556
36600,0.0936422199010849,,116642.4
36601,,2.0,116645.96
36610,0.09366221725940704,,116678.0
36611,,2.0,116681.56
36622,0.09368221461772919,,116720.72
36623,,2.0,116724.28
36633,0.09370221197605133,,116759.88
36634,,2.0,116763.44
36647,0.09372220933437347,,116809.82051282052
36648,,2.0,116814.10256410256
36660,0.09374220669269562,,116865.48717948717
36661,,2.0,116869.76923076923
36667,0.09376220405101776,,116895.46153846153
36668,,2.0,116899.7435897436
36674,0.0937822014093399,,116925.43589743589
36675,,2.0,116929.71794871795
36693,0.09381220489740372,,116961.85714285714
36694,,3.0,116963.71428571429
36699,0.09384220838546753,,116973.0
36700,,3.0,116974.85714285714
36706,0.09387221187353134,,116986.0
36707,,3.0,116987.85714285714
36718,0.09390221536159515,,117008.28571428571
36719,,3.0,117010.14285714286
36733,0.09393221884965897,,117056.0
36734,,3.0,117060.0
36747,0.09396222233772278,,117112.0
36748,,3.0,117116.0
36757,0.09399222582578659,,117152.0
36758,,3.0,117156.0
36770,0.0940222293138504,,117204.0
36771,,3.0,117208.0
36787,0.09405223280191422,,117275.41463414633
36788,,3.0,117280.29268292683
36795,0.09408223628997803,,117314.43902439025
36796,,3.0,117319.31707317074
36803,0.09411223977804184,,117353.46341463414
36804,,3.0,117358.34146341463
36813,0.09414224326610565,,117402.24390243902
36814,,3.0,117407.12195121951
36826,0.09417224675416946,,117455.8
36827,,3.0,117460.66666666667
36833,0.09420225024223328,,117489.86666666667
36834,,3.0,117494.73333333334
36840,0.09423225373029709,,117523.93333333333
36841,,3.0,117528.8
36845,0.0942622572183609,,117548.26666666666
36846,,3.0,117553.13333333333
36857,0.09429226070642471,,117564.0
36858,,3.0,117564.75
36871,0.09432226419448853,,117574.5
36872,,3.0,117575.25
36880,0.09435226768255234,,117581.25
36881,,3.0,117582.0
36891,0.09438227117061615,,117589.5
36892,,3.0,117590.25
36903,0.09441227465867996,,117635.44444444444
36904,,3.0,117641.0
36913,0.09444227814674377,,117691.0
36914,,3.0,117696.55555555556
36920,0.09447228163480759,,117729.88888888889
36921,,3.0,117735.44444444444
36929,0.0945022851228714,,117779.88888888889
36930,,3.0,117785.44444444444
36946,0.09453228861093521,,117851.46511627907
36947,,3.0,117856.11627906977
36957,0.09456229209899902,,117902.62790697675
36958,,3.0,117907.27906976744
36965,0.09459229558706284,,117939.83720930232
36966,,3.0,117944.48837209302
36974,0.09462229907512665,,117981.69767441861
36975,,3.0,117986.3488372093
36990,0.09464229643344879,,118036.91304347826
36991,,2.0,118040.73913043478
37002,0.09466229379177094,,118082.82608695653
37003,,2.0,118086.65217391304
37012,0.09468229115009308,,118121.08695652174
37013,,2.0,118124.91304347826
37022,0.09470228850841522,,118159.34782608696
37023,,2.0,118163.17391304347
37043,0.09473229199647903,,118188.16326530612
37044,,3.0,118189.40816326531
37051,0.09476229548454285,,118198.12244897959
37052,,3.0,118199.36734693877
37062,0.09479229897260666,,118211.8163265306
37063,,3.0,118213.0612244898
37073,0.09482230246067047,,118225.51020408163
37074,,3.0,118226.75510204081
37091,0.09485230594873428,,118290.22222222222
37092,,3.0,118294.66666666667
37100,0.0948823094367981,,118330.22222222222
37101,,3.0,118334.66666666667
37109,0.09491231292486191,,118370.22222222222
37110,,3.0,118374.66666666667
37120,0.09494231641292572,,118419.11111111111
37121,,3.0,118423.55555555556
37137,0.09497231990098953,,118440.72916666667
37138,,3.0,118441.70833333333
37148,0.09500232338905334,,118451.5
37149,,3.0,118452.47916666667
37160,0.09503232687711716,,118463.25
37161,,3.0,118464.22916666667
37170,0.09506233036518097,,118473.04166666667
37171,,3.0,118474.02083333333
37182,0.09508232772350311,,118509.82352941176
37183,,2.0,118514.17647058824
37188,0.09510232508182526,,118535.94117647059
37189,,2.0,118540.29411764706
37196,0.0951223224401474,,118570.76470588235
37197,,2.0,118575.11764705883
37206,0.09514231979846954,,118614.29411764706
37207,,2.0,118618.64705882352
37223,0.09517232328653336,,118678.31914893616
37224,,3.0,118682.5744680851
37232,0.09520232677459717,,118716.6170212766
37233,,3.0,118720.87234042553
37241,0.09523233026266098,,118754.91489361702
37242,,3.0,118759.17021276595
37255,0.09526233375072479,,118814.48936170213
37256,,3.0,118818.74468085106
37271,0.0952923372387886,,118849.45454545454
37272,,3.0,118851.65909090909
37281,0.09532234072685242,,118871.5
37282,,3.0,118873.70454545454
37290,0.09535234421491623,,118891.34090909091
37291,,3.0,118893.54545454546
37301,0.09538234770298004,,118915.59090909091
37302,,3.0,118917.79545454546
37318,0.09541235119104385,,118951.0731707317
37319,,3.0,118953.46341463414
37326,0.09544235467910767,,118970.19512195123
37327,,3.0,118972.58536585367
37334,0.09547235816717148,,118989.31707317074
37335,,3.0,118991.70731707317
37344,0.09550236165523529,,119013.21951219512
37345,,3.0,119015.60975609756
37358,0.0955323651432991,,119066.78048780488
37359,,3.0,119071.65853658537
37366,0.09556236863136292,,119105.80487804877
37367,,3.0,119110.68292682926
37377,0.09559237211942673,,119159.46341463414
37378,,3.0,119164.34146341463
37387,0.09562237560749054,,119208.24390243902
37388,,3.0,119213.12195121951
37402,0.09565237909555435,,119230.75
37403,,3.0,119231.90909090909
37413,0.09568238258361816,,119243.5
37414,,3.0,119244.65909090909
37422,0.09571238607168198,,119253.93181818182
37423,,3.0,119255.09090909091
37433,0.09574238955974579,,119266.68181818182
37434,,3.0,119267.84090909091
37445,0.0957723930478096,,119279.5945945946
37446,,3.0,119280.91891891892
37454,0.09580239653587341,,119291.51351351352
37455,,3.0,119292.83783783784
37465,0.09583240002393723,,119306.08108108108
37466,,3.0,119307.4054054054
37472,0.09586240351200104,,119315.35135135135
37473,,3.0,119316.67567567568
37487,0.09589240700006485,,119374.41025641025
37488,,3.0,119379.53846153847
37494,0.09592241048812866,,119410.30769230769
37495,,3.0,119415.43589743589
37503,0.09595241397619247,,119456.46153846153
37504,,3.0,119461.58974358975
37513,0.09598241746425629,,119507.7435897436
37514,,3.0,119512.8717948718
37531,0.0960124209523201,,119577.5744680851
37532,,3.0,119581.82978723405
37544,0.09604242444038391,,119632.89361702128
37545,,3.0,119637.14893617021
37551,0.09607242792844772,,119662.68085106384
37552,,3.0,119666.93617021276
37562,0.09610243141651154,,119709.48936170213
37563,,3.0,119713.74468085106
37583,0.09613243490457535,,119780.96296296296
37584,,3.0,119784.66666666667
37596,0.09616243839263916,,119829.11111111111
37597,,3.0,119832.81481481482
37606,0.09619244188070297,,119866.14814814815
37607,,3.0,119869.85185185185
37618,0.09622244536876678,,119910.5925925926
37619,,3.0,119914.29629629629
37634,0.0962524488568306,,119935.56097560975
37635,,3.0,119937.0243902439
37642,0.09628245234489441,,119947.26829268293
37643,,3.0,119948.73170731707
37650,0.09631245583295822,,119958.9756097561
37651,,3.0,119960.43902439025
37661,0.09634245932102203,,119975.0731707317
37662,,3.0,119976.53658536586
37676,0.09637246280908585,,120026.88888888889
37677,,3.0,120031.33333333333
37685,0.09640246629714966,,120066.88888888889
37686,,3.0,120071.33333333333
37695,0.09643246978521347,,120111.33333333333
37696,,3.0,120115.77777777778
37708,0.09646247327327728,,120169.11111111111
37709,,3.0,120173.55555555556
37722,0.0964924767613411,,120221.47826086957
37723,,3.0,120225.82608695653
37733,0.09652248024940491,,120269.30434782608
37734,,3.0,120273.65217391304
37744,0.09655248373746872,,120317.13043478261
37745,,3.0,120321.47826086957
37756,0.09658248722553253,,120369.30434782608
37757,,3.0,120373.65217391304
37769,0.09661249071359634,,120394.75
37770,,3.0,120396.61111111111
37780,0.09664249420166016,,120415.22222222222
37781,,3.0,120417.08333333333
37787,0.09667249768972397,,120428.25
37788,,3.0,120430.11111111111
37794,0.09670250117778778,,120441.27777777778
37795,,3.0,120443.13888888889
37806,0.09673250466585159,,120488.24324324324
37807,,3.0,120493.64864864865
37816,0.0967625081539154,,120542.2972972973
37817,,3.0,120547.7027027027
37824,0.09679251164197922,,120585.54054054055
37825,,3.0,120590.94594594595
37833,0.09682251513004303,,120634.18918918919
37834,,3.0,120639.5945945946
37846,0.09685251861810684,,120656.13157894737
37847,,3.0,120657.36842105263
37856,0.09688252210617065,,120668.5
37857,,3.0,120669.73684210527
37864,0.09691252559423447,,120678.3947368421
37865,,3.0,120679.63157894737
37873,0.09694252908229828,,120689.52631578948
37874,,3.0,120690.76315789473
37890,0.09697253257036209,,120747.31914893616
37891,,3.0,120751.5744680851
37900,0.0970025360584259,,120789.87234042553
37901,,3.0,120794.12765957447
37911,0.09703253954648972,,120836.68085106384
37912,,3.0,120840.93617021276
37922,0.09706254303455353,,120883.48936170213
37923,,3.0,120887.74468085106
37938,0.09709254652261734,,120947.81395348837
37939,,3.0,120952.46511627907
37947,0.09712255001068115,,120989.67441860466
37948,,3.0,120994.32558139534
37958,0.09715255349874496,,121040.83720930232
37959,,3.0,121045.48837209302
37967,0.09718255698680878,,121082.69767441861
37968,,3.0,121087.3488372093
37981,0.09721256047487259,,121143.28205128205
37982,,3.0,121148.41025641025
37989,0.0972425639629364,,121184.30769230769
37990,,3.0,121189.43589743589
37999,0.09727256745100021,,121235.58974358975
38000,,3.0,121240.71794871795
38008,0.09730257093906403,,121281.7435897436
38009,,3.0,121286.8717948718
38024,0.09733257442712784,,121340.97959183673
38025,,3.0,121345.0612244898
38034,0.09736257791519165,,121381.79591836735
38035,,3.0,121385.87755102041
38047,0.09739258140325546,,121434.85714285714
38048,,3.0,121438.9387755102
38059,0.09742258489131927,,121483.83673469388
38060,,3.0,121487.91836734694
38077,0.09744258224964142,,121534.89361702128
38078,,2.0,121537.9574468085
38086,0.09746257960796356,,121562.46808510639
38087,,2.0,121565.53191489361
38097,0.0974825769662857,,121596.17021276595
38098,,2.0,121599.23404255319
38108,0.09750257432460785,,121629.87234042553
38109,,2.0,121632.93617021276
38123,0.09753257781267166,,121648.87804878049
38124,,3.0,121650.0487804878
38133,0.09756258130073547,,121660.58536585367
38134,,3.0,121661.75609756098
38143,0.09759258478879929,,121672.29268292683
38144,,3.0,121673.46341463414
38151,0.0976225882768631,,121681.65853658537
38152,,3.0,121682.82926829268
38166,0.09765259176492691,,121701.95918367348
38167,,3.0,121703.59183673469
38180,0.09768259525299072,,121724.8163265306
38181,,3.0,121726.44897959183
38191,0.09771259874105453,,121742.77551020408
38192,,3.0,121744.40816326531
38202,0.09774260222911835,,121760.73469387754
38203,,3.0,121762.36734693877
38214,0.09777260571718216,,121775.45945945945
38215,,3.0,121776.8918918919
38222,0.09780260920524597,,121786.91891891892
38223,,3.0,121788.35135135135
38234,0.09783261269330978,,121804.1081081081
38235,,3.0,121805.54054054055
38241,0.0978626161813736,,121814.13513513513
38242,,3.0,121815.56756756757
38257,0.09788261353969574,,121866.3953488372
38258,,2.0,121870.51162790698
38267,0.09790261089801788,,121907.55813953489
38268,,2.0,121911.67441860466
38277,0.09792260825634003,,121948.72093023256
38278,,2.0,121952.83720930232
38286,0.09794260561466217,,121985.76744186046
38287,,2.0,121989.88372093023
38303,0.09797260910272598,,122047.0612244898
38304,,3.0,122051.14285714286
38313,0.0980026125907898,,122087.87755102041
38314,,3.0,122091.95918367348
38327,0.09803261607885361,,122145.02040816327
38328,,3.0,122149.10204081633
38337,0.09806261956691742,,122185.83673469388
38338,,3.0,122189.91836734694
38357,0.09809262305498123,,122265.11111111111
38358,,3.0,122269.55555555556
38367,0.09812262654304504,,122309.55555555556
38368,,3.0,122314.0
38375,0.09815263003110886,,122345.11111111111
38376,,3.0,122349.55555555556
38384,0.09818263351917267,,122385.11111111111
38385,,3.0,122389.55555555556
38402,0.09821263700723648,,122413.83333333333
38403,,3.0,122415.25
38412,0.09824264049530029,,122428.0
38413,,3.0,122429.41666666667
38423,0.0982726439833641,,122443.58333333333
38424,,3.0,122445.0
38434,0.09830264747142792,,122459.16666666667
38435,,3.0,122460.58333333333
38448,0.09833265095949173,,122473.95652173914
38449,,3.0,122475.15217391304
38459,0.09836265444755554,,122487.10869565218
38460,,3.0,122488.30434782608
38470,0.09839265793561935,,122500.26086956522
38471,,3.0,122501.45652173914
38482,0.09842266142368317,,122514.60869565218
38483,,3.0,122515.80434782608
38500,0.09845266491174698,,122540.90243902439
38501,,3.0,122542.60975609756
38509,0.09848266839981079,,122556.26829268293
38510,,3.0,122557.9756097561
38519,0.0985126718878746,,122573.34146341463
38520,,3.0,122575.0487804878
38525,0.09854267537593842,,122583.58536585367
38526,,3.0,122585.29268292683
38537,0.09857267886400223,,122610.08571428571
38538,,3.0,122612.97142857143
38547,0.09860268235206604,,122638.94285714286
38548,,3.0,122641.82857142857
38555,0.09863268584012985,,122662.02857142857
38556,,3.0,122664.91428571429
38562,0.09866268932819366,,122682.22857142857
38563,,3.0,122685.11428571428
38578,0.09868268668651581,,122733.44680851063
38579,,2.0,122737.23404255319
38587,0.09870268404483795,,122767.53191489361
38588,,2.0,122771.31914893616
38600,0.0987226814031601,,122816.76595744681
38601,,2.0,122820.55319148937
38611,0.09874267876148224,,122858.4255319149
38612,,2.0,122862.21276595745
38628,0.09877268224954605,,122926.46511627907
38629,,3.0,122931.11627906977
38636,0.09880268573760986,,122963.67441860466
38637,,3.0,122968.32558139534
38643,0.09883268922567368,,122996.23255813954
38644,,3.0,123000.88372093023
38656,0.09886269271373749,,123056.69767441861
38657,,3.0,123061.3488372093
38672,0.0988926962018013,,123126.0
38673,,3.0,123131.0
38683,0.09892269968986511,,123181.0
38684,,3.0,123186.0
38692,0.09895270317792892,,123226.0
38693,,3.0,123231.0
38698,0.09898270666599274,,123256.0
38699,,3.0,123261.0
38713,0.09901271015405655,,123275.75
38714,,3.0,123276.63636363637
38722,0.09904271364212036,,123283.72727272728
38723,,3.0,123284.61363636363
38731,0.09907271713018417,,123291.70454545454
38732,,3.0,123292.59090909091
38744,0.09910272061824799,,123303.22727272728
38745,,3.0,123304.11363636363
38758,0.0991327241063118,,123332.61904761905
38759,,3.0,123335.38095238095
38766,0.09916272759437561,,123354.71428571429
38767,,3.0,123357.47619047618
38777,0.09919273108243942,,123385.09523809524
38778,,3.0,123387.85714285714
38788,0.09922273457050323,,123415.47619047618
38789,,3.0,123418.23809523809
38804,0.09925273805856705,,123446.11627906977
38805,,3.0,123448.20930232559
38810,0.09928274154663086,,123458.67441860466
38811,,3.0,123460.76744186046
38820,0.09931274503469467,,123479.6046511628
38821,,3.0,123481.69767441861
38833,0.09934274852275848,,123506.81395348837
38834,,3.0,123508.90697674418
38847,0.09936274588108063,,123546.9574468085
38848,,2.0,123550.55319148937
38857,0.09938274323940277,,123582.91489361702
38858,,2.0,123586.51063829787
38865,0.09940274059772491,,123611.68085106384
38866,,2.0,123615.27659574468
38882,0.09942273795604706,,123672.8085106383
38883,,2.0,123676.40425531915
38894,0.0994427353143692,,123705.47368421052
38895,,2.0,123708.65789473684
38903,0.09946273267269135,,123734.13157894737
38904,,2.0,123737.31578947368
38911,0.09948273003101349,,123759.6052631579
38912,,2.0,123762.78947368421
38922,0.09950272738933563,,123794.63157894737
38923,,2.0,123797.81578947368
38937,0.09953273087739944,,123845.0
38938,,3.0,123849.0
38950,0.09956273436546326,,123897.0
38951,,3.0,123901.0
38961,0.09959273785352707,,123941.0
38962,,3.0,123945.0
38974,0.09962274134159088,,123993.0
38975,,3.0,123997.0
38989,0.09964273869991302,,124045.55
38990,,2.0,124049.6
38995,0.09966273605823517,,124069.85
38996,,2.0,124073.9
39007,0.09968273341655731,,124118.45
39008,,2.0,124122.5
39016,0.09970273077487946,,124154.9
39017,,2.0,124158.95
39036,0.09973273426294327,,124184.76
39037,,3.0,124186.12
39048,0.09976273775100708,,124201.08
39049,,3.0,124202.44
39056,0.09979274123907089,,124211.96
39057,,3.0,124213.32
39068,0.0998227447271347,,124228.28
39069,,3.0,124229.64
39083,0.09985274821519852,,124256.94871794872
39084,,3.0,124259.30769230769
39090,0.09988275170326233,,124273.46153846153
39091,,3.0,124275.82051282052
39098,0.09991275519132614,,124292.33333333333
39099,,3.0,124294.69230769231
39109,0.09994275867938995,,124318.28205128205
39110,,3.0,124320.64102564103
39122,0.0999627560377121,,124368.47368421052
39123,,2.0,124373.52631578948
39130,0.09998275339603424,,124408.8947368421
39131,,2.0,124413.94736842105
39142,0.10000275075435638,,124469.52631578948
39143,,2.0,124474.57894736843
39149,0.10002274811267853,,124504.8947368421
39150,,2.0,124509.94736842105
39169,0.10005275160074234,,124589.41860465116
39170,,3.0,124594.06976744186
39178,0.10008275508880615,,124631.27906976744
39179,,3.0,124635.93023255814
39186,0.10011275857686996,,124668.48837209302
39187,,3.0,124673.13953488372
39194,0.10014276206493378,,124705.69767441861
39195,,3.0,124710.3488372093
39210,0.10016275942325592,,124751.0
39211,,2.0,124754.0
39218,0.10018275678157806,,124775.0
39219,,2.0,124778.0
39227,0.10020275413990021,,124802.0
39228,,2.0,124805.0
39240,0.10022275149822235,,124841.0
39241,,2.0,124844.0
39255,0.1002427488565445,,124882.04651162791
39256,,2.0,124885.23255813954
39265,0.10026274621486664,,124913.90697674418
39266,,2.0,124917.09302325582
39273,0.10028274357318878,,124939.3953488372
39274,,2.0,124942.58139534884
39285,0.10030274093151093,,124977.62790697675
39286,,2.0,124980.81395348837
39307,0.10033274441957474,,125028.11764705883
39308,,3.0,125030.56862745098
39314,0.10036274790763855,,125045.27450980392
39315,,3.0,125047.72549019608
39324,0.10039275139570236,,125069.7843137255
39325,,3.0,125072.23529411765
39338,0.10042275488376617,,125104.09803921569
39339,,3.0,125106.54901960785
39355,0.10045275837182999,,125149.625
39356,,3.0,125152.75
39369,0.1004827618598938,,125193.375
39370,,3.0,125196.5
39376,0.10051276534795761,,125215.25
39377,,3.0,125218.375
39388,0.10054276883602142,,125252.75
39389,,3.0,125255.875
39398,0.10057277232408524,,125281.05
39399,,3.0,125284.725
39408,0.10060277581214905,,125317.8
39409,,3.0,125321.475
39420,0.10063277930021286,,125361.9
39421,,3.0,125365.575
39430,0.10066278278827667,,125398.65
39431,,3.0,125402.325
39445,0.10068278014659882,,125446.65217391304
39446,,2.0,125450.34782608696
39455,0.10070277750492096,,125483.60869565218
39456,,2.0,125487.30434782608
39467,0.1007227748632431,,125527.95652173914
39468,,2.0,125531.65217391304
39478,0.10074277222156525,,125568.60869565218
39479,,2.0,125572.30434782608
39493,0.10077277570962906,,125605.40816326531
39494,,3.0,125608.08163265306
39507,0.10080277919769287,,125642.83673469388
39508,,3.0,125645.51020408163
39519,0.10083278268575668,,125674.91836734694
39520,,3.0,125677.59183673469
39529,0.1008627861738205,,125701.6530612245
39530,,3.0,125704.32653061225
39549,0.10089278966188431,,125755.60377358491
39550,,3.0,125758.64150943396
39561,0.10092279314994812,,125792.05660377358
39562,,3.0,125795.09433962264
39573,0.10095279663801193,,125828.50943396226
39574,,3.0,125831.54716981133
39584,0.10098280012607574,,125861.92452830188
39585,,3.0,125864.96226415095
39596,0.10100279748439789,,125896.68292682926
39597,,2.0,125900.26829268293
39606,0.10102279484272003,,125932.53658536586
39607,,2.0,125936.12195121951
39617,0.10104279220104218,,125971.9756097561
39618,,2.0,125975.56097560975
39627,0.10106278955936432,,126007.82926829268
39628,,2.0,126011.41463414633
39644,0.10108278691768646,,126060.20454545454
39645,,2.0,126063.68181818182
39653,0.1011027842760086,,126091.5
39654,,2.0,126094.97727272728
39663,0.10112278163433075,,126126.27272727272
39664,,2.0,126129.75
39673,0.1011427789926529,,126161.04545454546
39674,,2.0,126164.52272727272
39690,0.1011727824807167,,126182.59183673469
39691,,3.0,126183.71428571429
39702,0.10120278596878052,,126196.0612244898
39703,,3.0,126197.1836734694
39710,0.10123278945684433,,126205.04081632652
39711,,3.0,126206.16326530612
39724,0.10126279294490814,,126220.75510204081
39725,,3.0,126221.87755102041
39740,0.10128279030323029,,126265.28571428571
39741,,2.0,126268.80952380953
39750,0.10130278766155243,,126300.52380952382
39751,,2.0,126304.04761904762
39756,0.10132278501987457,,126321.66666666667
39757,,2.0,126325.19047619047
39768,0.10134278237819672,,126363.95238095238
39769,,2.0,126367.47619047618
39783,0.10137278586626053,,126423.38095238095
39784,,3.0,126428.14285714286
39797,0.10140278935432434,,126490.04761904762
39798,,3.0,126494.80952380953
39807,0.10143279284238815,,126537.66666666667
39808,,3.0,126542.42857142857
39812,0.10146279633045197,,126561.47619047618
39813,,3.0,126566.23809523809
39830,0.10149279981851578,,126605.73076923077
39831,,3.0,126608.21153846153
39839,0.10152280330657959,,126628.05769230769
39840,,3.0,126630.53846153847
39853,0.1015528067946434,,126662.78846153847
39854,,3.0,126665.26923076923
39866,0.10158281028270721,,126695.03846153847
39867,,3.0,126697.51923076923
39882,0.10161281377077103,,126724.85714285714
39883,,3.0,126726.92857142857
39891,0.10164281725883484,,126743.5
39892,,3.0,126745.57142857143
39903,0.10167282074689865,,126768.35714285714
39904,,3.0,126770.42857142857
39910,0.10170282423496246,,126782.85714285714
39911,,3.0,126784.92857142857
39924,0.1017228215932846,,126825.20512820513
39925,,2.0,126829.02564102564
39935,0.10174281895160675,,126867.23076923077
39936,,2.0,126871.05128205128
39946,0.1017628163099289,,126909.2564102564
39947,,2.0,126913.07692307692
39951,0.10178281366825104,,126928.35897435897
39952,,2.0,126932.17948717948
39968,0.10181281715631485,,126956.51111111112
39969,,3.0,126958.08888888889
39980,0.10184282064437866,,126975.44444444444
39981,,3.0,126977.02222222222
39989,0.10187282413244247,,126989.64444444445
39990,,3.0,126991.22222222222
39998,0.10190282762050629,,127003.84444444445
39999,,3.0,127005.42222222222
40013,0.1019328311085701,,127025.33333333333
40014,,3.0,127027.0
40025,0.10196283459663391,,127045.33333333333
40026,,3.0,127047.0
40041,0.10199283808469772,,127072.0
40042,,3.0,127073.66666666667
40054,0.10202284157276154,,127093.66666666667
40055,,3.0,127095.33333333333
40070,0.10205284506082535,,127157.0
40071,,3.0,127162.0
40082,0.10208284854888916,,127217.0
40083,,3.0,127222.0
40088,0.10211285203695297,,127247.0
40089,,3.0,127252.0
40096,0.10214285552501678,,127287.0
40097,,3.0,127292.0
40110,0.1021728590130806,,127317.0
40111,,3.0,127319.0
40120,0.10220286250114441,,127337.0
40121,,3.0,127339.0
40133,0.10223286598920822,,127363.0
40134,,3.0,127365.0
40142,0.10226286947727203,,127381.0
40143,,3.0,127383.0
40160,0.10229287296533585,,127404.72727272728
40161,,3.0,127406.13636363637
40168,0.10232287645339966,,127416.0
40169,,3.0,127417.40909090909
40178,0.10235287994146347,,127430.09090909091
40179,,3.0,127431.5
40188,0.10238288342952728,,127444.18181818182
40189,,3.0,127445.59090909091
40200,0.10240288078784943,,127478.13513513513
40201,,2.0,127482.02702702703
40212,0.10242287814617157,,127524.83783783784
40213,,2.0,127528.72972972973
40218,0.10244287550449371,,127548.18918918919
40219,,2.0,127552.08108108108
40227,0.10246287286281586,,127583.21621621621
40228,,2.0,127587.1081081081
40243,0.102482870221138,,127640.71428571429
40244,,2.0,127644.85714285714
40254,0.10250286757946014,,127686.28571428571
40255,,2.0,127690.42857142857
40262,0.10252286493778229,,127719.42857142857
40263,,2.0,127723.57142857143
40271,0.10254286229610443,,127756.71428571429
40272,,2.0,127760.85714285714
40283,0.10257286578416824,,127799.0425531915
40284,,3.0,127803.29787234042
40295,0.10260286927223206,,127850.10638297872
40296,,3.0,127854.36170212766
40309,0.10263287276029587,,127909.68085106384
40310,,3.0,127913.93617021276
40320,0.10266287624835968,,127956.48936170213
40321,,3.0,127960.74468085106
40337,0.10267287492752075,,127993.36363636363
40338,,1.0,127995.54545454546
40345,0.10268287360668182,,128010.81818181818
40346,,1.0,128013.0
40353,0.1026928722858429,,128028.27272727272
40354,,1.0,128030.45454545454
40366,0.10270287096500397,,128056.63636363637
40367,,1.0,128058.81818181818
40382,0.10273287445306778,,128091.73170731707
40383,,3.0,128094.29268292683
40391,0.10276287794113159,,128114.78048780488
40392,,3.0,128117.34146341463
40402,0.1027928814291954,,128142.9512195122
40403,,3.0,128145.51219512195
40409,0.10282288491725922,,128160.87804878049
40410,,3.0,128163.43902439025
40427,0.10284288227558136,,128215.74468085106
40428,,2.0,128219.29787234042
40433,0.1028628796339035,,128237.06382978724
40434,,2.0,128240.6170212766
40446,0.10288287699222565,,128283.25531914894
40447,,2.0,128286.8085106383
40458,0.10290287435054779,,128325.89361702128
40459,,2.0,128329.44680851063
40476,0.1029328778386116,,128391.33333333333
40477,,3.0,128395.5
40485,0.10296288132667542,,128428.83333333333
40486,,3.0,128433.0
40497,0.10299288481473923,,128478.83333333333
40498,,3.0,128483.0
40508,0.10302288830280304,,128524.66666666667
40509,,3.0,128528.83333333333
40523,0.10304288566112518,,128577.57894736843
40524,,2.0,128581.63157894737
40530,0.10306288301944733,,128605.94736842105
40531,,2.0,128610.0
40540,0.10308288037776947,,128646.47368421052
40541,,2.0,128650.52631578948
40548,0.10310287773609161,,128678.8947368421
40549,,2.0,128682.94736842105
40569,0.10313288122415543,,128717.03333333334
40570,,3.0,128718.8
40583,0.10316288471221924,,128741.76666666666
40584,,3.0,128743.53333333334
40595,0.10319288820028305,,128762.96666666666
40596,,3.0,128764.73333333334
40610,0.10322289168834686,,128789.46666666666
40611,,3.0,128791.23333333334
40626,0.103242889046669,,128824.75
40627,,2.0,128827.39583333333
40638,0.10326288640499115,,128856.5
40639,,2.0,128859.14583333333
40648,0.1032828837633133,,128882.95833333333
40649,,2.0,128885.60416666667
40660,0.10330288112163544,,128914.70833333333
40661,,2.0,128917.35416666667
40676,0.10333288460969925,,128959.5744680851
40677,,3.0,128962.87234042553
40688,0.10336288809776306,,128999.14893617021
40689,,3.0,129002.44680851063
40700,0.10339289158582687,,129038.72340425532
40701,,3.0,129042.02127659574
40709,0.10342289507389069,,129068.40425531915
40710,,3.0,129071.70212765958
40721,0.1034528985619545,,129100.43589743589
40722,,3.0,129103.61538461539
40733,0.10348290205001831,,129138.58974358975
40734,,3.0,129141.76923076923
40741,0.10351290553808212,,129164.02564102564
40742,,3.0,129167.20512820513
40750,0.10354290902614594,,129192.64102564103
40751,,3.0,129195.82051282052
40767,0.10357291251420975,,129214.4375
40768,,3.0,129215.625
40777,0.10360291600227356,,129226.3125
40778,,3.0,129227.5
40789,0.10363291949033737,,129240.5625
40790,,3.0,129241.75
40800,0.10366292297840118,,129253.625
40801,,3.0,129254.8125
40817,0.103692926466465,,129309.0612244898
40818,,3.0,129313.14285714286
40828,0.10372292995452881,,129353.95918367348
40829,,3.0,129358.04081632652
40839,0.10375293344259262,,129398.85714285714
40840,,3.0,129402.9387755102
40851,0.10378293693065643,,129447.83673469388
40852,,3.0,129451.91836734694
40863,0.10381294041872025,,129464.19512195123
40864,,3.0,129465.21951219512
40873,0.10384294390678406,,129474.43902439025
40874,,3.0,129475.46341463414
40883,0.10387294739484787,,129484.68292682926
40884,,3.0,129485.70731707317
40894,0.10390295088291168,,129495.9512195122
40895,,3.0,129496.9756097561
40910,0.1039329543709755,,129546.97959183673
40911,,3.0,129551.0612244898
40923,0.1039629578590393,,129600.04081632652
40924,,3.0,129604.12244897959
40937,0.10399296134710312,,129657.1836734694
40938,,3.0,129661.26530612246
40945,0.10402296483516693,,129689.83673469388
40946,,3.0,129693.91836734694
40963,0.10405296832323074,,129721.22727272728
40964,,3.0,129722.88636363637
40974,0.10408297181129456,,129739.47727272728
40975,,3.0,129741.13636363637
40982,0.10411297529935837,,129752.75
40983,,3.0,129754.40909090909
40991,0.10414297878742218,,129767.68181818182
40992,,3.0,129769.34090909091
41003,0.10417298227548599,,129803.51612903226
41004,,3.0,129807.58064516129
41009,0.1042029857635498,,129827.90322580645
41010,,3.0,129831.96774193548
41014,0.10423298925161362,,129848.2258064516
41015,,3.0,129852.29032258065
41024,0.10426299273967743,,129888.87096774194
41025,,3.0,129892.93548387097
41039,0.10429299622774124,,129949.38095238095
41040,,3.0,129954.14285714286
41051,0.10432299971580505,,130006.52380952382
41052,,3.0,130011.28571428571
41063,0.10435300320386887,,130063.66666666667
41064,,3.0,130068.42857142857
41068,0.10438300669193268,,130087.47619047618
41069,,3.0,130092.23809523809
41088,0.10441301017999649,,130123.03921568628
41089,,3.0,130124.66666666667
41096,0.1044430136680603,,130136.05882352941
41097,,3.0,130137.6862745098
41107,0.10447301715612411,,130153.96078431372
41108,,3.0,130155.58823529411
41121,0.10450302064418793,,130176.74509803922
41122,,3.0,130178.37254901961
41135,0.10452301800251007,,130218.63636363637
41136,,2.0,130222.5
41142,0.10454301536083221,,130245.68181818182
41143,,2.0,130249.54545454546
41153,0.10456301271915436,,130288.18181818182
41154,,2.0,130292.04545454546
41167,0.1045830100774765,,130342.27272727272
41168,,2.0,130346.13636363637
41180,0.10461301356554031,,130390.0
41181,,3.0,130394.44444444444
41191,0.10464301705360413,,130438.88888888889
41192,,3.0,130443.33333333333
41203,0.10467302054166794,,130492.22222222222
41204,,3.0,130496.66666666667
41214,0.10470302402973175,,130541.11111111111
41215,,3.0,130545.55555555556
41227,0.10473302751779556,,130590.0
41228,,3.0,130594.44444444444
41235,0.10476303100585938,,130625.55555555556
41236,,3.0,130630.0
41250,0.10479303449392319,,130692.22222222222
41251,,3.0,130696.66666666667
41261,0.104823037981987,,130741.11111111111
41262,,3.0,130745.55555555556
41278,0.10485304147005081,,130810.46511627907
41279,,3.0,130815.11627906977
41287,0.10488304495811462,,130852.32558139534
41288,,3.0,130856.97674418605
41297,0.10491304844617844,,130898.83720930232
41298,,3.0,130903.48837209302
41306,0.10494305193424225,,130940.69767441861
41307,,3.0,130945.3488372093
41316,0.10497305542230606,,130982.43243243243
41317,,3.0,130987.83783783784
41327,0.10500305891036987,,131041.8918918919
41328,,3.0,131047.2972972973
41336,0.10503306239843369,,131090.54054054053
41337,,3.0,131095.94594594595
41345,0.1050630658864975,,131139.1891891892
41346,,3.0,131144.5945945946
41358,0.10508306324481964,,131177.2
41359,,2.0,131180.22222222222
41370,0.10510306060314178,,131213.46666666667
41371,,2.0,131216.48888888888
41384,0.10512305796146393,,131255.77777777778
41385,,2.0,131258.8
41392,0.10514305531978607,,131279.95555555556
41393,,2.0,131282.97777777776
41407,0.10516305267810822,,131316.3111111111
41408,,2.0,131319.06666666668
41420,0.10518305003643036,,131352.13333333333
41421,,2.0,131354.88888888888
41430,0.1052030473947525,,131379.6888888889
41431,,2.0,131382.44444444444
41439,0.10522304475307465,,131404.48888888888
41440,,2.0,131407.24444444446
41460,0.10525304824113846,,131446.24528301886
41461,,3.0,131448.37735849057
41466,0.10528305172920227,,131459.03773584907
41467,,3.0,131461.16981132075
41482,0.10531305521726608,,131493.15094339623
41483,,3.0,131495.28301886792
41494,0.1053430587053299,,131518.7358490566
41495,,3.0,131520.8679245283
41509,0.10537306219339371,,131561.5
41510,,3.0,131565.0
41517,0.10540306568145752,,131589.5
41518,,3.0,131593.0
41528,0.10543306916952133,,131628.0
41529,,3.0,131631.5
41540,0.10546307265758514,,131670.0
41541,,3.0,131673.5
41559,0.10548307001590729,,131734.55102040817
41560,,2.0,131738.38775510204
41566,0.10550306737422943,,131761.4081632653
41567,,2.0,131765.24489795917
41579,0.10552306473255157,,131811.2857142857
41580,,2.0,131815.1224489796
41591,0.10554306209087372,,131857.32653061225
41592,,2.0,131861.16326530612
41607,0.10557306557893753,,131916.06382978722
41608,,3.0,131920.31914893616
41620,0.10560306906700134,,131971.3829787234
41621,,3.0,131975.63829787233
41631,0.10563307255506516,,132018.1914893617
41632,,3.0,132022.44680851063
41640,0.10566307604312897,,132056.48936170212
41641,,3.0,132060.74468085106
41656,0.10569307953119278,,132084.41176470587
41657,,3.0,132086.0294117647
41661,0.10572308301925659,,132092.5
41662,,3.0,132094.11764705883
41671,0.1057530865073204,,132108.67647058822
41672,,3.0,132110.29411764705
41676,0.10578308999538422,,132116.76470588235
41677,,3.0,132118.38235294117
41689,0.10581309348344803,,132138.25
41690,,3.0,132140.27777777778
41696,0.10584309697151184,,132152.44444444444
41697,,3.0,132154.47222222222
41705,0.10587310045957565,,132170.69444444444
41706,,3.0,132172.72222222222
41714,0.10590310394763947,,132188.94444444444
41715,,3.0,132190.97222222222
41729,0.10593310743570328,,132230.35416666666
41730,,3.0,132233.75
41744,0.10596311092376709,,132281.29166666666
41745,,3.0,132284.6875
41755,0.1059931144118309,,132318.64583333334
41756,,3.0,132322.04166666666
41764,0.10602311789989471,,132349.20833333334
41765,,3.0,132352.60416666666
41783,0.10604311525821686,,132414.17073170733
41784,,2.0,132418.0487804878
41790,0.106063112616539,,132441.31707317074
41791,,2.0,132445.19512195123
41800,0.10608310997486115,,132480.0975609756
41801,,2.0,132483.9756097561
41807,0.10610310733318329,,132507.24390243902
41808,,2.0,132511.1219512195
41823,0.1061331108212471,,132528.8947368421
41824,,3.0,132530.05263157896
41831,0.10616311430931091,,132538.15789473685
41832,,3.0,132539.31578947368
41841,0.10619311779737473,,132549.73684210525
41842,,3.0,132550.8947368421
41847,0.10622312128543854,,132556.68421052632
41848,,3.0,132557.84210526315
41863,0.10625312477350235,,132609.4
41864,,3.0,132613.6
41872,0.10628312826156616,,132647.2
41873,,3.0,132651.4
41883,0.10631313174962997,,132693.4
41884,,3.0,132697.6
41894,0.10634313523769379,,132739.6
41895,,3.0,132743.8
41917,0.1063731387257576,,132824.0
41918,,3.0,132828.0
41928,0.10640314221382141,,132868.0
41929,,3.0,132872.0
41939,0.10643314570188522,,132912.0
41940,,3.0,132916.0
41946,0.10646314918994904,,132940.0
41947,,3.0,132944.0
41956,0.10649315267801285,,132957.0810810811
41957,,3.0,132958.5945945946
41963,0.10652315616607666,,132967.67567567568
41964,,3.0,132969.1891891892
41971,0.10655315965414047,,132979.7837837838
41972,,3.0,132981.2972972973
41985,0.10658316314220428,,133000.97297297296
41986,,3.0,133002.48648648648
42000,0.1066131666302681,,133036.06382978722
42001,,3.0,133038.97872340426
42009,0.10664317011833191,,133062.29787234042
42010,,3.0,133065.21276595743
42022,0.10667317360639572,,133100.1914893617
42023,,3.0,133103.10638297873
42034,0.10670317709445953,,133135.17021276595
42035,,3.0,133138.085106383
42049,0.10673318058252335,,133196.0
42050,,3.0,133201.0
42057,0.10676318407058716,,133236.0
42058,,3.0,133241.0
42065,0.10679318755865097,,133276.0
42066,,3.0,133281.0
42076,0.10682319104671478,,133331.0
42077,,3.0,133336.0
42091,0.1068531945347786,,133393.38095238095
42092,,3.0,133398.14285714287
42100,0.10688319802284241,,133436.2380952381
42101,,3.0,133441.0
42111,0.10691320151090622,,133488.61904761905
42112,,3.0,133493.38095238095
42120,0.10694320499897003,,133531.47619047618
42121,,3.0,133536.2380952381
42137,0.10697320848703384,,133558.24489795917
42138,,3.0,133559.57142857142
42149,0.10700321197509766,,133574.16326530612
42150,,3.0,133575.48979591837
42161,0.10703321546316147,,133590.08163265305
42162,,3.0,133591.4081632653
42171,0.10706321895122528,,133603.3469387755
42172,,3.0,133604.67346938775
42186,0.10709322243928909,,133659.1219512195
42187,,3.0,133663.9512195122
42196,0.1071232259273529,,133707.41463414635
42197,,3.0,133712.24390243902
42204,0.10715322941541672,,133746.0487804878
42205,,3.0,133750.8780487805
42214,0.10718323290348053,,133794.34146341463
42215,,3.0,133799.17073170733
42227,0.10721323639154434,,133845.5588235294
42228,,3.0,133850.17647058822
42235,0.10724323987960815,,133882.5
42236,,3.0,133887.11764705883
42241,0.10727324336767197,,133910.20588235295
42242,,3.0,133914.82352941178
42250,0.10730324685573578,,133951.76470588235
42251,,3.0,133956.38235294117
42265,0.10733325034379959,,133973.1224489796
42266,,3.0,133974.22448979592
42276,0.1073632538318634,,133985.24489795917
42277,,3.0,133986.3469387755
42289,0.10739325731992722,,133999.57142857142
42290,,3.0,134000.67346938775
42301,0.10742326080799103,,134012.79591836734
42302,,3.0,134013.89795918367
42320,0.10745326429605484,,134073.5
42321,,3.0,134077.4
42329,0.10748326778411865,,134108.6
42330,,3.0,134112.5
42341,0.10751327127218246,,134155.4
42342,,3.0,134159.3
42353,0.10754327476024628,,134202.2
42354,,3.0,134206.1
42367,0.10757327824831009,,134226.4705882353
42368,,3.0,134228.11764705883
42372,0.1076032817363739,,134234.70588235295
42373,,3.0,134236.35294117648
42381,0.10763328522443771,,134249.5294117647
42382,,3.0,134251.17647058822
42389,0.10766328871250153,,134262.70588235295
42390,,3.0,134264.35294117648
42404,0.10768328607082367,,134309.53191489363
42405,,2.0,134313.48936170212
42417,0.10770328342914581,,134360.97872340426
42418,,2.0,134364.93617021278
42424,0.10772328078746796,,134388.68085106384
42425,,2.0,134392.63829787233
42438,0.1077432781457901,,134444.085106383
42439,,2.0,134448.04255319148
42451,0.10777328163385391,,134491.06818181818
42452,,3.0,134495.4090909091
42458,0.10780328512191772,,134521.45454545456
42459,,3.0,134525.79545454544
42467,0.10783328860998154,,134560.52272727274
42468,,3.0,134564.86363636365
42484,0.10786329209804535,,134634.31818181818
42485,,3.0,134638.6590909091
42501,0.10789329558610916,,134699.52173913043
42502,,3.0,134703.86956521738
42514,0.10792329907417297,,134756.04347826086
42515,,3.0,134760.39130434784
42525,0.10795330256223679,,134803.86956521738
42526,,3.0,134808.21739130435
42532,0.1079833060503006,,134834.30434782608
42533,,3.0,134838.65217391305
42546,0.10800330340862274,,134870.25
42547,,2.0,134872.975
42554,0.10802330076694489,,134892.05
42555,,2.0,134894.775
42566,0.10804329812526703,,134924.75
42567,,2.0,134927.475
42574,0.10806329548358917,,134946.55
42575,,2.0,134949.275
42591,0.10809329897165298,,135004.0
42592,,3.0,135008.0
42602,0.1081233024597168,,135048.0
42603,,3.0,135052.0
42612,0.10815330594778061,,135088.0
42613,,3.0,135092.0
42626,0.10818330943584442,,135144.0
42627,,3.0,135148.0
42648,0.10821331292390823,,135221.23076923078
42649,,3.0,135225.07692307694
42657,0.10824331641197205,,135255.84615384616
42658,,3.0,135259.6923076923
42668,0.10827331990003586,,135298.15384615384
42669,,3.0,135302.0
42680,0.10830332338809967,,135344.3076923077
42681,,3.0,135348.15384615384
42699,0.10830332338809967,,135377.10869565216
42700,,0.0,135378.78260869565
42708,0.10830332338809967,,135392.1739130435
42709,,0.0,135393.84782608695
42719,0.10830332338809967,,135410.58695652173
42720,,0.0,135412.26086956522
42728,0.10830332338809967,,135425.65217391305
42729,,0.0,135427.3260869565
42740,0.10833332687616348,,135453.63157894736
42741,,3.0,135456.7105263158
42748,0.1083633303642273,,135478.26315789475
42749,,3.0,135481.34210526315
42757,0.10839333385229111,,135505.97368421053
42758,,3.0,135509.05263157896
42768,0.10842333734035492,,135539.84210526315
42769,,3.0,135542.92105263157
42788,0.10843333601951599,,135575.17647058822
42789,,1.0,135577.0
42800,0.10844333469867706,,135597.0588235294
42801,,1.0,135598.88235294117
42808,0.10845333337783813,,135611.64705882352
42809,,1.0,135613.4705882353
42821,0.1084633320569992,,135635.35294117648
42822,,1.0,135637.17647058822
42836,0.10849333554506302,,135667.83783783784
42837,,3.0,135670.45945945947
42843,0.10852333903312683,,135686.1891891892
42844,,3.0,135688.8108108108
42849,0.10855334252119064,,135701.9189189189
42850,,3.0,135704.54054054053
42860,0.10858334600925446,,135730.75675675675
42861,,3.0,135733.37837837837
42878,0.1086033433675766,,135770.03921568627
42879,,2.0,135772.4705882353
42887,0.10862334072589874,,135791.92156862744
42888,,2.0,135794.35294117648
42897,0.10864333808422089,,135816.23529411765
42898,,2.0,135818.66666666666
42913,0.10866333544254303,,135855.13725490196
42914,,2.0,135857.568627451
42928,0.10869333893060684,,135907.8260869565
42929,,3.0,135912.1739130435
42936,0.10872334241867065,,135942.60869565216
42937,,3.0,135946.95652173914
42948,0.10875334590673447,,135994.78260869565
42949,,3.0,135999.13043478262
42961,0.10878334939479828,,136051.30434782608
42962,,3.0,136055.65217391305
42976,0.10881335288286209,,136108.88888888888
42977,,3.0,136113.33333333334
42990,0.1088433563709259,,136171.11111111112
42991,,3.0,136175.55555555556
42997,0.10887335985898972,,136202.22222222222
42998,,3.0,136206.66666666666
43008,0.10890336334705353,,136251.11111111112
43009,,3.0,136255.55555555556
43030,0.10893336683511734,,136280.34782608695
43031,,3.0,136281.47826086957
43043,0.10896337032318115,,136295.04347826086
43044,,3.0,136296.1739130435
43050,0.10899337381124496,,136302.95652173914
43051,,3.0,136304.08695652173
43056,0.10902337729930878,,136309.73913043478
43057,,3.0,136310.86956521738
43071,0.10905338078737259,,136360.19047619047
43072,,3.0,136364.57142857142
43080,0.1090833842754364,,136399.61904761905
43081,,3.0,136404.0
43089,0.10911338776350021,,136439.04761904763
43090,,3.0,136443.42857142858
43100,0.10914339125156403,,136487.2380952381
43101,,3.0,136491.61904761905
43116,0.10917339473962784,,136511.29411764705
43117,,3.0,136512.568627451
43130,0.10920339822769165,,136529.13725490196
43131,,3.0,136530.41176470587
43141,0.10923340171575546,,136543.1568627451
43142,,3.0,136544.431372549
43153,0.10926340520381927,,136558.45098039217
43154,,3.0,136559.72549019608
43168,0.10929340869188309,,136591.30188679244
43169,,3.0,136594.05660377358
43183,0.1093234121799469,,136632.62264150943
43184,,3.0,136635.37735849057
43200,0.10935341566801071,,136679.45283018867
43201,,3.0,136682.20754716982
43208,0.10938341915607452,,136701.49056603774
43209,,3.0,136704.24528301886
43219,0.10940341651439667,,136735.6222222222
43220,,2.0,136739.7111111111
43231,0.10942341387271881,,136784.6888888889
43232,,2.0,136788.77777777778
43243,0.10944341123104095,,136833.75555555554
43244,,2.0,136837.84444444443
43255,0.1094634085893631,,136882.82222222222
43256,,2.0,136886.9111111111
43271,0.10949341207742691,,136948.14285714287
43272,,3.0,136952.90476190476
43276,0.10952341556549072,,136971.95238095237
43277,,3.0,136976.7142857143
43290,0.10955341905355453,,137038.61904761905
43291,,3.0,137043.38095238095
43299,0.10958342254161835,,137081.47619047618
43300,,3.0,137086.2380952381
43312,0.10960341989994049,,137121.88235294117
43313,,2.0,137125.3137254902
43330,0.10962341725826263,,137183.64705882352
43331,,2.0,137187.07843137256
43339,0.10964341461658478,,137214.5294117647
43340,,2.0,137217.96078431373
43352,0.10966341197490692,,137259.13725490196
43353,,2.0,137262.568627451
43370,0.10969341546297073,,137307.3
43371,,3.0,137310.25
43382,0.10972341895103455,,137342.7
43383,,3.0,137345.65
43388,0.10975342243909836,,137360.4
43389,,3.0,137363.35
43394,0.10978342592716217,,137378.1
43395,,3.0,137381.05
43413,0.10981342941522598,,137402.3673469388
43414,,3.0,137403.5918367347
43427,0.1098434329032898,,137419.51020408163
43428,,3.0,137420.73469387754
43438,0.10987343639135361,,137432.97959183675
43439,,3.0,137434.20408163266
43445,0.10990343987941742,,137441.55102040817
43446,,3.0,137442.77551020408
43460,0.10993344336748123,,137495.16279069768
43461,,3.0,137499.81395348837
43467,0.10996344685554504,,137527.72093023255
43468,,3.0,137532.37209302327
43479,0.10999345034360886,,137583.53488372092
43480,,3.0,137588.18604651163
43490,0.11002345383167267,,137634.6976744186
43491,,3.0,137639.3488372093
43505,0.11005345731973648,,137699.0
43506,,3.0,137704.0
43513,0.11008346080780029,,137739.0
43514,,3.0,137744.0
43525,0.1101134642958641,,137799.0
43526,,3.0,137804.0
43532,0.11014346778392792,,137834.0
43533,,3.0,137839.0
43549,0.11016346514225006,,137891.66666666666
43550,,2.0,137895.33333333334
43558,0.1101834625005722,,137924.66666666666
43559,,2.0,137928.33333333334
43567,0.11020345985889435,,137957.66666666666
43568,,2.0,137961.33333333334
43576,0.11022345721721649,,137990.66666666666
43577,,2.0,137994.33333333334
43596,0.1102534607052803,,138069.11111111112
43597,,3.0,138073.55555555556
43606,0.11028346419334412,,138113.55555555556
43607,,3.0,138118.0
43614,0.11031346768140793,,138149.11111111112
43615,,3.0,138153.55555555556
43623,0.11034347116947174,,138189.11111111112
43624,,3.0,138193.55555555556
43637,0.11036346852779388,,138229.5
43638,,2.0,138232.65
43646,0.11038346588611603,,138257.85
43647,,2.0,138261.0
43655,0.11040346324443817,,138286.2
43656,,2.0,138289.35
43665,0.11042346060276031,,138317.7
43666,,2.0,138320.85
43681,0.11044345796108246,,138377.82857142857
43682,,2.0,138382.3142857143
43686,0.1104634553194046,,138400.25714285715
43687,,2.0,138404.74285714285
43694,0.11048345267772675,,138436.14285714287
43695,,2.0,138440.62857142856
43702,0.11050345003604889,,138472.0285714286
43703,,2.0,138476.51428571428
43719,0.11052344739437103,,138519.42222222223
43720,,2.0,138522.3777777778
43728,0.11054344475269318,,138546.02222222224
43729,,2.0,138548.97777777776
43740,0.11056344211101532,,138581.48888888888
43741,,2.0,138584.44444444444
43749,0.11058343946933746,,138608.0888888889
43750,,2.0,138611.04444444444
43765,0.11061344295740128,,138664.0
43766,,3.0,138668.16666666666
43776,0.11064344644546509,,138709.83333333334
43777,,3.0,138714.0
43788,0.1106734499335289,,138759.83333333334
43789,,3.0,138764.0
43799,0.11070345342159271,,138805.66666666666
43800,,3.0,138809.83333333334
43814,0.11073345690965652,,138833.3111111111
43815,,3.0,138835.06666666668
43829,0.11076346039772034,,138859.64444444445
43830,,3.0,138861.4
43838,0.11079346388578415,,138875.44444444444
43839,,3.0,138877.2
43846,0.11082346737384796,,138889.48888888888
43847,,3.0,138891.24444444446
43868,0.11085347086191177,,138971.26086956522
43869,,3.0,138975.60869565216
43876,0.11088347434997559,,139006.04347826086
43877,,3.0,139010.39130434784
43886,0.1109134778380394,,139049.52173913043
43887,,3.0,139053.86956521738
43894,0.11094348132610321,,139084.30434782608
43895,,3.0,139088.65217391305
43914,0.11097348481416702,,139159.66666666666
43915,,3.0,139163.83333333334
43926,0.11100348830223083,,139209.66666666666
43927,,3.0,139213.83333333334
43933,0.11103349179029465,,139238.83333333334
43934,,3.0,139243.0
43944,0.11106349527835846,,139284.66666666666
43945,,3.0,139288.83333333334
43956,0.1110834926366806,,139320.8918918919
43957,,2.0,139324.37837837837
43963,0.11110348999500275,,139345.2972972973
43964,,2.0,139348.7837837838
43969,0.11112348735332489,,139366.2162162162
43970,,2.0,139369.7027027027
43983,0.11114348471164703,,139415.02702702704
43984,,2.0,139418.51351351352
43994,0.1111534833908081,,139448.95
43995,,1.0,139452.8
44008,0.11116348206996918,,139502.85
44009,,1.0,139506.7
44017,0.11117348074913025,,139537.5
44018,,1.0,139541.35
44025,0.11118347942829132,,139568.3
44026,,1.0,139572.15
44041,0.11121348291635513,,139593.87234042553
44042,,3.0,139595.36170212767
44052,0.11124348640441895,,139610.25531914894
44053,,3.0,139611.74468085106
44063,0.11127348989248276,,139626.63829787233
44064,,3.0,139628.12765957447
44074,0.11130349338054657,,139643.02127659574
44075,,3.0,139644.51063829788
44088,0.11133349686861038,,139665.03846153847
44089,,3.0,139666.9423076923
44099,0.1113635003566742,,139685.98076923078
44100,,3.0,139687.88461538462
44116,0.111393503844738,,139718.34615384616
44117,,3.0,139720.25
44128,0.11142350733280182,,139741.1923076923
44129,,3.0,139743.09615384616
44142,0.11143350601196289,,139768.7837837838
44143,,1.0,139771.16216216216
44151,0.11144350469112396,,139790.1891891892
44152,,1.0,139792.56756756757
44161,0.11145350337028503,,139813.97297297296
44162,,1.0,139816.35135135136
44167,0.1114635020494461,,139828.24324324325
44168,,1.0,139830.62162162163
44186,0.11147350072860718,,139880.1875
44187,,1.0,139883.33333333334
44198,0.11148349940776825,,139917.9375
44199,,1.0,139921.08333333334
44209,0.11149349808692932,,139952.54166666666
44210,,1.0,139955.6875
44217,0.1115034967660904,,139977.70833333334
44218,,1.0,139980.85416666666
44234,0.1115335002541542,,140034.0
44235,,3.0,140037.84615384616
44251,0.11156350374221802,,140099.38461538462
44252,,3.0,140103.23076923078
44262,0.11159350723028183,,140141.6923076923
44263,,3.0,140145.53846153847
44271,0.11162351071834564,,140176.3076923077
44272,,3.0,140180.15384615384
44287,0.11164350807666779,,140214.3829787234
44288,,2.0,140216.914893617
44295,0.11166350543498993,,140234.63829787233
44296,,2.0,140237.17021276595
44305,0.11168350279331207,,140259.95744680852
44306,,2.0,140262.48936170212
44320,0.11170350015163422,,140297.93617021278
44321,,2.0,140300.46808510637
44340,0.11172349750995636,,140346.77358490566
44341,,2.0,140349.50943396226
44354,0.1117434948682785,,140385.0754716981
44355,,2.0,140387.81132075473
44362,0.11176349222660065,,140406.96226415093
44363,,2.0,140409.69811320756
44375,0.11178348958492279,,140442.5283018868
44376,,2.0,140445.2641509434
44396,0.11180348694324493,,140504.54347826086
44397,,2.0,140507.86956521738
44407,0.11182348430156708,,140541.13043478262
44408,,2.0,140544.45652173914
44416,0.11184348165988922,,140571.0652173913
44417,,2.0,140574.39130434784
44423,0.11186347901821136,,140594.34782608695
44424,,2.0,140597.6739130435
44439,0.11188347637653351,,140628.92727272728
44440,,2.0,140631.25454545455
44454,0.11190347373485565,,140663.83636363636
44455,,2.0,140666.16363636364
44467,0.1119234710931778,,140694.0909090909
44468,,2.0,140696.41818181818
44480,0.11194346845149994,,140724.34545454546
44481,,2.0,140726.67272727273
44495,0.11195346713066101,,140755.0652173913
44496,,1.0,140757.4347826087
44509,0.11196346580982208,,140788.23913043478
44510,,1.0,140790.60869565216
44521,0.11197346448898315,,140816.6739130435
44522,,1.0,140819.04347826086
44528,0.11198346316814423,,140833.26086956522
44529,,1.0,140835.63043478262
44544,0.11201346665620804,,140886.6
44545,,3.0,140890.65
44552,0.11204347014427185,,140919.0
44553,,3.0,140923.05
44561,0.11207347363233566,,140955.45
44562,,3.0,140959.5
44570,0.11210347712039948,,140991.9
44571,,3.0,140995.95
44591,0.11211347579956055,,141040.61111111112
44592,,1.0,141043.0
44603,0.11212347447872162,,141069.27777777778
44604,,1.0,141071.66666666666
44616,0.11213347315788269,,141100.33333333334
44617,,1.0,141102.72222222222
44626,0.11214347183704376,,141124.22222222222
44627,,1.0,141126.61111111112
44638,0.11215347051620483,,141148.42857142858
44639,,1.0,141150.85714285713
44647,0.1121634691953659,,141170.2857142857
44648,,1.0,141172.7142857143
44656,0.11217346787452698,,141192.14285714287
44657,,1.0,141194.57142857142
44670,0.11218346655368805,,141226.14285714287
44671,,1.0,141228.57142857142
44692,0.11220346391201019,,141281.32653061225
44693,,2.0,141284.1224489796
44701,0.11222346127033234,,141306.48979591837
44702,,2.0,141309.2857142857
44714,0.11224345862865448,,141342.83673469388
44715,,2.0,141345.6326530612
44721,0.11226345598697662,,141362.4081632653
44722,,2.0,141365.20408163266
44742,0.11229345947504044,,141433.22448979592
44743,,3.0,141437.0612244898
44753,0.11232346296310425,,141475.42857142858
44754,,3.0,141479.26530612246
44763,0.11235346645116806,,141513.79591836734
44764,,3.0,141517.6326530612
44772,0.11238346993923187,,141548.32653061225
44773,,3.0,141552.16326530612
44788,0.11241347342729568,,141608.1739130435
44789,,3.0,141612.52173913043
44796,0.1124434769153595,,141642.95652173914
44797,,3.0,141647.30434782608
44807,0.11247348040342331,,141690.78260869565
44808,,3.0,141695.13043478262
44820,0.11250348389148712,,141747.30434782608
44821,,3.0,141751.65217391305
44837,0.11253348737955093,,141790.25
44838,,3.0,141792.88461538462
44850,0.11256349086761475,,141824.5
44851,,3.0,141827.13461538462
44862,0.11259349435567856,,141856.11538461538
44863,,3.0,141858.75
44874,0.11262349784374237,,141887.73076923078
44875,,3.0,141890.36538461538
44896,0.11264349520206451,,141944.375
44897,,2.0,141947.22916666666
44905,0.11266349256038666,,141970.0625
44906,,2.0,141972.91666666666
44914,0.1126834899187088,,141995.75
44915,,2.0,141998.60416666666
44924,0.11270348727703094,,142024.29166666666
44925,,2.0,142027.14583333334
44940,0.11272348463535309,,142068.45454545456
44941,,2.0,142071.6590909091
44946,0.11274348199367523,,142087.68181818182
44947,,2.0,142090.88636363635
44960,0.11276347935199738,,142132.54545454544
44961,,2.0,142135.75
44970,0.11278347671031952,,142164.5909090909
44971,,2.0,142167.79545454544
44989,0.11281348019838333,,142224.57142857142
44990,,3.0,142228.14285714287
45000,0.11284348368644714,,142263.85714285713
45001,,3.0,142267.42857142858
45013,0.11287348717451096,,142310.2857142857
45014,,3.0,142313.85714285713
45028,0.11290349066257477,,142363.85714285713
45029,,3.0,142367.42857142858
45040,0.11293349415063858,,142410.0243902439
45041,,3.0,142414.9024390244
45053,0.11296349763870239,,142473.43902439025
45054,,3.0,142478.31707317074
45063,0.1129935011267662,,142522.21951219512
45064,,3.0,142527.0975609756
45071,0.11302350461483002,,142561.24390243902
45072,,3.0,142566.1219512195
45092,0.11305350810289383,,142615.0612244898
45093,,3.0,142617.6530612245
45100,0.11308351159095764,,142635.79591836734
45101,,3.0,142638.38775510204
45110,0.11311351507902145,,142661.7142857143
45111,,3.0,142664.306122449
45122,0.11314351856708527,,142692.81632653062
45123,,3.0,142695.4081632653
45135,0.11317352205514908,,142733.75
45136,,3.0,142737.72222222222
45144,0.11320352554321289,,142769.5
45145,,3.0,142773.47222222222
45150,0.1132335290312767,,142793.33333333334
45151,,3.0,142797.30555555556
45160,0.11326353251934052,,142833.05555555556
45161,,3.0,142837.02777777778
45182,0.11329353600740433,,142911.58823529413
45183,,3.0,142915.50980392157
45196,0.11332353949546814,,142966.49019607843
45197,,3.0,142970.41176470587
45203,0.11335354298353195,,142993.9411764706
45204,,3.0,142997.86274509804
45213,0.11338354647159576,,143033.1568627451
45214,,3.0,143037.07843137256
45226,0.11341354995965958,,143083.85714285713
45227,,3.0,143088.61904761905
45238,0.11344355344772339,,143141.0
45239,,3.0,143145.7619047619
45249,0.1134735569357872,,143193.38095238095
45250,,3.0,143198.14285714287
45257,0.11350356042385101,,143231.47619047618
45258,,3.0,143236.2380952381
45273,0.11353356391191483,,143291.0
45274,,3.0,143295.16666666666
45286,0.11356356739997864,,143345.16666666666
45287,,3.0,143349.33333333334
45299,0.11359357088804245,,143399.33333333334
45300,,3.0,143403.5
45307,0.11362357437610626,,143432.66666666666
45308,,3.0,143436.83333333334
45326,0.11363357305526733,,143474.75
45327,,1.0,143477.0
45334,0.1136435717344284,,143492.75
45335,,1.0,143495.0
45343,0.11365357041358948,,143513.0
45344,,1.0,143515.25
45353,0.11366356909275055,,143535.5
45354,,1.0,143537.75
45369,0.11369357258081436,,143591.06382978722
45370,,3.0,143595.31914893616
45380,0.11372357606887817,,143637.87234042553
45381,,3.0,143642.12765957447
45391,0.11375357955694199,,143684.68085106384
45392,,3.0,143688.93617021278
45402,0.1137835830450058,,143731.48936170212
45403,,3.0,143735.74468085106
45418,0.11381358653306961,,143760.37209302327
45419,,3.0,143762.06976744186
45426,0.11384359002113342,,143773.9534883721
45427,,3.0,143775.6511627907
45435,0.11387359350919724,,143789.23255813954
45436,,3.0,143790.93023255814
45447,0.11390359699726105,,143809.60465116278
45448,,3.0,143811.3023255814
45461,0.11392359435558319,,143849.66666666666
45462,,2.0,143853.33333333334
45472,0.11394359171390533,,143890.0
45473,,2.0,143893.66666666666
45484,0.11396358907222748,,143934.0
45485,,2.0,143937.66666666666
45497,0.11398358643054962,,143981.66666666666
45498,,2.0,143985.33333333334
45513,0.1139935851097107,,144027.7906976744
45514,,1.0,144031.02325581395
45525,0.11400358378887177,,144066.58139534883
45526,,1.0,144069.81395348837
45533,0.11401358246803284,,144092.44186046513
45534,,1.0,144095.67441860464
45542,0.11402358114719391,,144121.53488372092
45543,,1.0,144124.76744186046
45561,0.11405358463525772,,144193.21739130435
45562,,3.0,144197.5652173913
45571,0.11408358812332153,,144236.69565217392
45572,,3.0,144241.04347826086
45580,0.11411359161138535,,144275.8260869565
45581,,3.0,144280.1739130435
45590,0.11414359509944916,,144319.30434782608
45591,,3.0,144323.65217391305
45602,0.11417359858751297,,144372.44444444444
45603,,3.0,144378.0
45608,0.11420360207557678,,144405.77777777778
45609,,3.0,144411.33333333334
45619,0.1142336055636406,,144466.88888888888
45620,,3.0,144472.44444444444
45628,0.1142636090517044,,144516.88888888888
45629,,3.0,144522.44444444444
45640,0.11429361253976822,,144538.44444444444
45641,,3.0,144539.75
45649,0.11432361602783203,,144550.19444444444
45650,,3.0,144551.5
45657,0.11435361951589584,,144560.63888888888
45658,,3.0,144561.94444444444
45666,0.11438362300395966,,144572.38888888888
45667,,3.0,144573.69444444444
45680,0.11441362649202347,,144626.28205128206
45681,,3.0,144631.41025641025
45688,0.11444362998008728,,144667.3076923077
45689,,3.0,144672.4358974359
45697,0.11447363346815109,,144713.46153846153
45698,,3.0,144718.58974358975
45707,0.1145036369562149,,144764.7435897436
45708,,3.0,144769.87179487178
45724,0.11451363563537598,,144823.82926829267
45725,,1.0,144827.58536585365
45732,0.11452363431453705,,144853.8780487805
45733,,1.0,144857.63414634147
45742,0.11453363299369812,,144891.43902439025
45743,,1.0,144895.19512195123
45750,0.11454363167285919,,144921.48780487804
45751,,1.0,144925.24390243902
45764,0.114573635160923,,144975.51162790696
45765,,3.0,144980.16279069768
45771,0.11460363864898682,,145008.06976744186
45772,,3.0,145012.72093023255
45784,0.11463364213705063,,145068.53488372092
45785,,3.0,145073.18604651163
45795,0.11466364562511444,,145119.6976744186
45796,,3.0,145124.3488372093
45813,0.11467364430427551,,145182.5652173913
45814,,1.0,145186.39130434784
45825,0.11468364298343658,,145228.47826086957
45826,,1.0,145232.30434782608
45834,0.11469364166259766,,145262.91304347827
45835,,1.0,145266.73913043478
45843,0.11470364034175873,,145297.34782608695
45844,,1.0,145301.1739130435
45860,0.1147136390209198,,145355.91666666666
45861,,1.0,145359.83333333334
45870,0.11472363770008087,,145395.08333333334
45871,,1.0,145399.0
45877,0.11473363637924194,,145422.5
45878,,1.0,145426.41666666666
45893,0.11474363505840302,,145485.16666666666
45894,,1.0,145489.08333333334
45908,0.11477363854646683,,145545.38095238095
45909,,3.0,145550.14285714287
45916,0.11480364203453064,,145583.47619047618
45917,,3.0,145588.2380952381
45926,0.11483364552259445,,145631.09523809524
45927,,3.0,145635.85714285713
45937,0.11486364901065826,,145683.47619047618
45938,,3.0,145688.2380952381
45954,0.11489365249872208,,145752.0909090909
45955,,3.0,145756.63636363635
45964,0.11492365598678589,,145797.54545454544
45965,,3.0,145802.0909090909
45976,0.1149536594748497,,145852.0909090909
45977,,3.0,145856.63636363635
45983,0.11498366296291351,,145883.9090909091
45984,,3.0,145888.45454545456
46000,0.11500366032123566,,145943.86956521738
46001,,2.0,145947.78260869565
46008,0.1150236576795578,,145975.1739130435
46009,,2.0,145979.08695652173
46020,0.11504365503787994,,146022.13043478262
46021,,2.0,146026.04347826086
46031,0.11506365239620209,,146065.1739130435
46032,,2.0,146069.08695652173
46042,0.11507365107536316,,146109.55555555556
46043,,1.0,146114.77777777778
46050,0.11508364975452423,,146151.33333333334
46051,,1.0,146156.55555555556
46058,0.1150936484336853,,146193.11111111112
46059,,1.0,146198.33333333334
46069,0.11510364711284637,,146250.55555555556
46070,,1.0,146255.77777777778
46080,0.11513365060091019,,146292.11111111112
46081,,3.0,146296.55555555556
46096,0.115163654088974,,146363.22222222222
46097,,3.0,146367.66666666666
46106,0.11519365757703781,,146407.66666666666
46107,,3.0,146412.11111111112
46116,0.11522366106510162,,146452.11111111112
46117,,3.0,146456.55555555556
46137,0.11524365842342377,,146514.68421052632
46138,,2.0,146517.84210526315
46151,0.11526365578174591,,146558.8947368421
46152,,2.0,146562.05263157896
46168,0.11528365314006805,,146612.57894736843
46169,,2.0,146615.73684210525
46175,0.1153036504983902,,146634.68421052632
46176,,2.0,146637.84210526315
46189,0.11533365398645401,,146681.81632653062
46190,,3.0,146685.89795918367
46202,0.11536365747451782,,146734.8775510204
46203,,3.0,146738.95918367346
46216,0.11539366096258163,,146792.02040816325
46217,,3.0,146796.10204081633
46226,0.11542366445064545,,146832.83673469388
46227,,3.0,146836.91836734695
46244,0.11545366793870926,,146909.29268292684
46245,,3.0,146914.17073170733
46252,0.11548367142677307,,146948.31707317074
46253,,3.0,146953.19512195123
46259,0.11551367491483688,,146982.46341463414
46260,,3.0,146987.34146341463
46269,0.1155436784029007,,147031.24390243902
46270,,3.0,147036.1219512195
46280,0.11557368189096451,,147074.33333333334
46281,,3.0,147079.09523809524
46292,0.11560368537902832,,147131.47619047618
46293,,3.0,147136.2380952381
46300,0.11563368886709213,,147169.57142857142
46301,,3.0,147174.33333333334
46313,0.11566369235515594,,147231.47619047618
46314,,3.0,147236.2380952381
46333,0.11568368971347809,,147290.70212765958
46334,,2.0,147293.8085106383
46341,0.11570368707180023,,147315.55319148937
46342,,2.0,147318.6595744681
46351,0.11572368443012238,,147346.6170212766
46352,,2.0,147349.72340425532
46362,0.11574368178844452,,147380.78723404257
46363,,2.0,147383.89361702127
46383,0.11577368527650833,,147429.31914893616
46384,,3.0,147431.8085106383
46392,0.11580368876457214,,147451.72340425532
46393,,3.0,147454.21276595743
46402,0.11583369225263596,,147476.6170212766
46403,,3.0,147479.10638297873
46411,0.11586369574069977,,147499.02127659574
46412,,3.0,147501.51063829788
46427,0.11588369309902191,,147554.0
46428,,2.0,147558.16666666666
46436,0.11590369045734406,,147591.5
46437,,2.0,147595.66666666666
46445,0.1159236878156662,,147629.0
46446,,2.0,147633.16666666666
46455,0.11594368517398834,,147670.66666666666
46456,,2.0,147674.83333333334
46473,0.11597368866205215,,147738.5744680851
46474,,3.0,147742.82978723405
46484,0.11600369215011597,,147785.3829787234
46485,,3.0,147789.63829787233
46493,0.11603369563817978,,147823.68085106384
46494,,3.0,147827.93617021278
46504,0.11606369912624359,,147870.48936170212
46505,,3.0,147874.74468085106
46519,0.1160937026143074,,147935.41025641025
46520,,3.0,147940.53846153847
46527,0.11612370610237122,,147976.4358974359
46528,,3.0,147981.5641025641
46536,0.11615370959043503,,148022.58974358975
46537,,3.0,148027.71794871794
46545,0.11618371307849884,,148068.7435897436
46546,,3.0,148073.87179487178
46563,0.11621371656656265,,148139.86956521738
46564,,3.0,148144.21739130435
46571,0.11624372005462646,,148174.65217391305
46572,,3.0,148179.0
46584,0.11627372354269028,,148231.1739130435
46585,,3.0,148235.52173913043
46593,0.11630372703075409,,148270.30434782608
46594,,3.0,148274.65217391305
46607,0.1163337305188179,,148334.55555555556
46608,,3.0,148340.11111111112
46614,0.11636373400688171,,148373.44444444444
46615,,3.0,148379.0
46622,0.11639373749494553,,148417.88888888888
46623,,3.0,148423.44444444444
46631,0.11642374098300934,,148467.88888888888
46632,,3.0,148473.44444444444
46640,0.11645374447107315,,148512.33333333334
46641,,3.0,148519.0
46649,0.11648374795913696,,148572.33333333334
46650,,3.0,148579.0
46656,0.11651375144720078,,148619.0
46657,,3.0,148625.66666666666
46663,0.11654375493526459,,148665.66666666666
46664,,3.0,148672.33333333334
46678,0.1165737584233284,,148735.41025641025
46679,,3.0,148740.53846153847
46686,0.11660376191139221,,148776.4358974359
46687,,3.0,148781.5641025641
46694,0.11663376539945602,,148817.46153846153
46695,,3.0,148822.58974358975
46704,0.11666376888751984,,148868.7435897436
46705,,3.0,148873.87179487178
46720,0.11669377237558365,,148918.54545454544
46721,,3.0,148921.8409090909
46737,0.11672377586364746,,148974.56818181818
46738,,3.0,148977.86363636365
46743,0.11675377935171127,,148994.3409090909
46744,,3.0,148997.63636363635
46750,0.11678378283977509,,149017.4090909091
46751,,3.0,149020.70454545456
46764,0.1168137863278389,,149072.78048780488
46765,,3.0,149077.65853658537
46775,0.11684378981590271,,149126.43902439025
46776,,3.0,149131.31707317074
46784,0.11687379330396652,,149170.34146341463
46785,,3.0,149175.21951219512
46793,0.11690379679203033,,149214.24390243902
46794,,3.0,149219.1219512195
46812,0.11693380028009415,,149289.21739130435
46813,,3.0,149293.5652173913
46822,0.11696380376815796,,149332.69565217392
46823,,3.0,149337.04347826086
46828,0.11699380725622177,,149358.78260869565
46829,,3.0,149363.13043478262
46841,0.11702381074428558,,149415.30434782608
46842,,3.0,149419.65217391305
46855,0.1170538142323494,,149469.45454545456
46856,,3.0,149474.0
46864,0.11708381772041321,,149510.36363636365
46865,,3.0,149514.9090909091
46879,0.11711382120847702,,149578.54545454544
46880,,3.0,149583.0909090909
46887,0.11714382469654083,,149614.9090909091
46888,,3.0,149619.45454545456
46905,0.11717382818460464,,149689.11627906977
46906,,3.0,149693.76744186046
46917,0.11720383167266846,,149744.93023255814
46918,,3.0,149749.58139534883
46925,0.11723383516073227,,149782.13953488372
46926,,3.0,149786.7906976744
46932,0.11726383864879608,,149814.6976744186
46933,,3.0,149819.3488372093
46944,0.1172938421368599,,149864.0
46945,,3.0,149869.0
46955,0.1173238456249237,,149919.0
46956,,3.0,149924.0
46966,0.11735384911298752,,149974.0
46967,,3.0,149979.0
46974,0.11738385260105133,,150014.0
46975,,3.0,150019.0
46998,0.11741385608911514,,150104.0
46999,,3.0,150108.0
47008,0.11744385957717896,,150144.0
47009,,3.0,150148.0
47016,0.11747386306524277,,150176.0
47017,,3.0,150180.0
47026,0.11750386655330658,,150216.0
47027,,3.0,150220.0
47050,0.11753387004137039,,150302.431372549
47051,,3.0,150306.35294117648
47060,0.1175638735294342,,150341.64705882352
47061,,3.0,150345.568627451
47069,0.11759387701749802,,150376.9411764706
47070,,3.0,150380.86274509804
47079,0.11762388050556183,,150416.1568627451
47080,,3.0,150420.07843137256
47094,0.11765388399362564,,150470.8085106383
47095,,3.0,150475.06382978722
47107,0.11768388748168945,,150526.12765957447
47108,,3.0,150530.3829787234
47115,0.11771389096975327,,150560.17021276595
47116,,3.0,150564.4255319149
47128,0.11774389445781708,,150615.48936170212
47129,,3.0,150619.74468085106
47145,0.11776389181613922,,150677.44444444444
47146,,2.0,150681.55555555556
47151,0.11778388917446136,,150702.11111111112
47152,,2.0,150706.22222222222
47158,0.11780388653278351,,150730.88888888888
47159,,2.0,150735.0
47166,0.11782388389110565,,150763.77777777778
47167,,2.0,150767.88888888888
47177,0.11785388737916946,,150812.0
47178,,3.0,150817.7142857143
47188,0.11788389086723328,,150874.85714285713
47189,,3.0,150880.57142857142
47196,0.11791389435529709,,150920.57142857142
47197,,3.0,150926.2857142857
47203,0.1179438978433609,,150960.57142857142
47204,,3.0,150966.2857142857
47222,0.11797390133142471,,151034.5
47223,,3.0,151038.66666666666
47233,0.11800390481948853,,151080.33333333334
47234,,3.0,151084.5
47242,0.11803390830755234,,151117.83333333334
47243,,3.0,151122.0
47253,0.11806391179561615,,151163.66666666666
47254,,3.0,151167.83333333334
47270,0.1180839091539383,,151212.32653061225
47271,,2.0,151215.42857142858
47280,0.11810390651226044,,151243.3469387755
47281,,2.0,151246.44897959183
47290,0.11812390387058258,,151274.3673469388
47291,,2.0,151277.4693877551
47304,0.11814390122890472,,151317.79591836734
47305,,2.0,151320.89795918367
47322,0.1181538999080658,,151357.86046511628
47323,,1.0,151360.27906976745
47331,0.11816389858722687,,151379.62790697673
47332,,1.0,151382.0465116279
47340,0.11817389726638794,,151401.39534883722
47341,,1.0,151403.81395348837
47349,0.11818389594554901,,151423.16279069768
47350,,1.0,151425.58139534883
47375,0.11820389330387115,,151500.16
47376,,2.0,151503.44
47385,0.1182238906621933,,151532.96
47386,,2.0,151536.24
47393,0.11824388802051544,,151559.2
47394,,2.0,151562.48
47401,0.11826388537883759,,151585.44
47402,,2.0,151588.72
47414,0.1182938888669014,,151638.15384615384
47415,,3.0,151643.28205128206
47424,0.11832389235496521,,151689.4358974359
47425,,3.0,151694.5641025641
47434,0.11835389584302902,,151740.71794871794
47435,,3.0,151745.84615384616
47442,0.11838389933109283,,151781.7435897436
47443,,3.0,151786.87179487178
47456,0.11841390281915665,,151837.45454545456
47457,,3.0,151842.0
47465,0.11844390630722046,,151878.36363636365
47466,,3.0,151882.9090909091
47477,0.11847390979528427,,151932.9090909091
47478,,3.0,151937.45454545456
47488,0.11850391328334808,,151982.9090909091
47489,,3.0,151987.45454545456
47504,0.11851391196250916,,152030.60869565216
47505,,1.0,152033.8260869565
47518,0.11852391064167023,,152075.65217391305
47519,,1.0,152078.86956521738
47526,0.1185339093208313,,152101.39130434784
47527,,1.0,152104.60869565216
47536,0.11854390799999237,,152133.5652173913
47537,,1.0,152136.78260869565
47553,0.11856390535831451,,152172.22916666666
47554,,2.0,152174.70833333334
47565,0.11858390271663666,,152201.97916666666
47566,,2.0,152204.45833333334
47576,0.1186039000749588,,152229.25
47577,,2.0,152231.72916666666
47586,0.11862389743328094,,152254.04166666666
47587,,2.0,152256.52083333334
47600,0.11864389479160309,,152298.26829268291
47601,,2.0,152302.19512195123
47606,0.11866389214992523,,152321.82926829267
47607,,2.0,152325.75609756098
47619,0.11868388950824738,,152372.8780487805
47620,,2.0,152376.80487804877
47629,0.11870388686656952,,152412.1463414634
47630,,2.0,152416.07317073172
47645,0.11872388422489166,,152462.3829787234
47646,,2.0,152465.914893617
47653,0.1187438815832138,,152490.63829787233
47654,,2.0,152494.17021276595
47666,0.11876387894153595,,152536.55319148937
47667,,2.0,152540.085106383
47678,0.1187838762998581,,152578.93617021278
47679,,2.0,152582.46808510637
47697,0.1188138797879219,,152613.07317073172
47698,,3.0,152614.8780487805
47704,0.11884388327598572,,152625.70731707316
47705,,3.0,152627.51219512196
47713,0.11887388676404953,,152641.9512195122
47714,,3.0,152643.75609756098
47721,0.11890389025211334,,152656.39024390245
47722,,3.0,152658.19512195123
47735,0.11893389374017715,,152703.47826086957
47736,,3.0,152707.8260869565
47747,0.11896389722824097,,152755.65217391305
47748,,3.0,152760.0
47759,0.11899390071630478,,152807.8260869565
47760,,3.0,152812.1739130435
47769,0.11902390420436859,,152851.30434782608
47770,,3.0,152855.65217391305
47781,0.1190539076924324,,152900.0
47782,,3.0,152905.0
47788,0.11908391118049622,,152935.0
47789,,3.0,152940.0
47798,0.11911391466856003,,152985.0
47799,,3.0,152990.0
47811,0.11914391815662384,,153050.0
47812,,3.0,153055.0
47825,0.11917392164468765,,153105.45454545456
47826,,3.0,153110.0
47835,0.11920392513275146,,153150.9090909091
47836,,3.0,153155.45454545456
47846,0.11923392862081528,,153200.9090909091
47847,,3.0,153205.45454545456
47857,0.11926393210887909,,153250.9090909091
47858,,3.0,153255.45454545456
47877,0.11928392946720123,,153312.09302325582
47878,,2.0,153315.3488372093
47887,0.11930392682552338,,153344.6511627907
47888,,2.0,153347.90697674418
47897,0.11932392418384552,,153377.2093023256
47898,,2.0,153380.46511627908
47902,0.11934392154216766,,153393.48837209304
47903,,2.0,153396.7441860465
47921,0.11937392503023148,,153462.5
47922,,3.0,153466.66666666666
47931,0.11940392851829529,,153504.16666666666
47932,,3.0,153508.33333333334
47943,0.1194339320063591,,153554.16666666666
47944,,3.0,153558.33333333334
47952,0.11946393549442291,,153591.66666666666
47953,,3.0,153595.83333333334
47965,0.11949393898248672,,153643.9024390244
47966,,3.0,153648.78048780488
47976,0.11952394247055054,,153697.56097560975
47977,,3.0,153702.43902439025
47985,0.11955394595861435,,153741.46341463414
47986,,3.0,153746.34146341463
47995,0.11958394944667816,,153790.24390243902
47996,,3.0,153795.1219512195
48010,0.11961395293474197,,153856.41025641025
48011,,3.0,153861.53846153847
48020,0.11964395642280579,,153907.6923076923
48021,,3.0,153912.8205128205
48031,0.1196739599108696,,153964.10256410256
48032,,3.0,153969.23076923078
48036,0.11970396339893341,,153989.7435897436
48037,,3.0,153994.87179487178
48051,0.11973396688699722,,154014.40476190476
48052,,3.0,154015.7142857143
48059,0.11976397037506104,,154024.88095238095
48060,,3.0,154026.19047619047
48070,0.11979397386312485,,154039.2857142857
48071,,3.0,154040.59523809524
48080,0.11982397735118866,,154052.38095238095
48081,,3.0,154053.69047619047
48099,0.11983397603034973,,154089.39024390245
48100,,1.0,154091.68292682926
48109,0.1198439747095108,,154112.31707317074
48110,,1.0,154114.60975609755
48115,0.11985397338867188,,154126.07317073172
48116,,1.0,154128.36585365853
48123,0.11986397206783295,,154144.41463414635
48124,,1.0,154146.70731707316
48138,0.11988396942615509,,154189.0888888889
48139,,2.0,154192.73333333334
48148,0.11990396678447723,,154225.53333333333
48149,,2.0,154229.17777777778
48158,0.11992396414279938,,154261.97777777776
48159,,2.0,154265.6222222222
48170,0.11994396150112152,,154305.7111111111
48171,,2.0,154309.35555555555
48187,0.11996395885944366,,154369.56756756757
48188,,2.0,154373.9189189189
48196,0.11998395621776581,,154408.72972972973
48197,,2.0,154413.0810810811
48202,0.12000395357608795,,154434.83783783784
48203,,2.0,154439.1891891892
48209,0.1200239509344101,,154465.2972972973
48210,,2.0,154469.64864864864
48224,0.12005395442247391,,154518.52380952382
48225,,3.0,154522.57142857142
48235,0.12008395791053772,,154563.04761904763
48236,,3.0,154567.09523809524
48246,0.12011396139860153,,154607.57142857142
48247,,3.0,154611.61904761905
48253,0.12014396488666534,,154635.90476190476
48254,,3.0,154639.95238095237
48272,0.12017396837472916,,154662.0612244898
48273,,3.0,154663.26530612246
48284,0.12020397186279297,,154676.51020408163
48285,,3.0,154677.7142857143
48291,0.12023397535085678,,154684.9387755102
48292,,3.0,154686.14285714287
48304,0.1202639788389206,,154700.5918367347
48305,,3.0,154701.79591836734
48313,0.1202939823269844,,154727.39024390245
48314,,3.0,154732.26829268291
48327,0.12032398581504822,,154795.68292682926
48328,,3.0,154800.56097560975
48337,0.12035398930311203,,154844.46341463414
48338,,3.0,154849.34146341463
48347,0.12038399279117584,,154893.24390243902
48348,,3.0,154898.1219512195
48358,0.12041399627923965,,154941.88888888888
48359,,3.0,154947.44444444444
48369,0.12044399976730347,,155003.0
48370,,3.0,155008.55555555556
48380,0.12047400325536728,,155064.11111111112
48381,,3.0,155069.66666666666
48385,0.12050400674343109,,155091.88888888888
48386,,3.0,155097.44444444444
48401,0.1205340102314949,,155161.53658536586
48402,,3.0,155166.41463414635
48408,0.12056401371955872,,155195.68292682926
48409,,3.0,155200.56097560975
48414,0.12059401720762253,,155224.9512195122
48415,,3.0,155229.82926829267
48428,0.12062402069568634,,155293.24390243902
48429,,3.0,155298.1219512195
48441,0.12064401805400848,,155347.0
48442,,2.0,155351.88888888888
48449,0.12066401541233063,,155386.11111111112
48450,,2.0,155391.0
48460,0.12068401277065277,,155439.88888888888
48461,,2.0,155444.77777777778
48466,0.12070401012897491,,155469.22222222222
48467,,2.0,155474.11111111112
48479,0.12073401361703873,,155497.0
48480,,3.0,155499.0
48489,0.12076401710510254,,155517.0
48490,,3.0,155519.0
48498,0.12079402059316635,,155535.0
48499,,3.0,155537.0
48510,0.12082402408123016,,155559.0
48511,,3.0,155561.0
48524,0.12085402756929398,,155580.1739130435
48525,,3.0,155581.89130434784
48537,0.12088403105735779,,155602.5
48538,,3.0,155604.21739130435
48545,0.1209140345454216,,155616.23913043478
48546,,3.0,155617.95652173914
48558,0.12094403803348541,,155638.5652173913
48559,,3.0,155640.28260869565
48574,0.12096403539180756,,155696.13953488372
48575,,2.0,155700.6511627907
48582,0.1209840327501297,,155732.23255813954
48583,,2.0,155736.7441860465
48590,0.12100403010845184,,155768.32558139536
48591,,2.0,155772.83720930232
48603,0.12102402746677399,,155826.97674418605
48604,,2.0,155831.48837209304
48617,0.1210540309548378,,155853.88461538462
48618,,3.0,155855.67307692306
48630,0.12108403444290161,,155877.13461538462
48631,,3.0,155878.92307692306
48645,0.12111403793096542,,155903.96153846153
48646,,3.0,155905.75
48657,0.12114404141902924,,155925.42307692306
48658,,3.0,155927.21153846153
48672,0.12117404490709305,,155981.38095238095
48673,,3.0,155986.14285714287
48682,0.12120404839515686,,156029.0
48683,,3.0,156033.7619047619
48691,0.12123405188322067,,156071.85714285713
48692,,3.0,156076.61904761905
48701,0.12126405537128448,,156119.47619047618
48702,,3.0,156124.2380952381
48720,0.1212940588593483,,156181.8125
48721,,3.0,156185.33333333334
48730,0.12132406234741211,,156217.02083333334
48731,,3.0,156220.54166666666
48739,0.12135406583547592,,156248.70833333334
48740,,3.0,156252.22916666666
48751,0.12138406932353973,,156290.95833333334
48752,,3.0,156294.47916666666
48771,0.12141407281160355,,156319.91304347827
48772,,3.0,156321.28260869565
48780,0.12144407629966736,,156332.23913043478
48781,,3.0,156333.60869565216
48789,0.12147407978773117,,156344.5652173913
48790,,3.0,156345.9347826087
48799,0.12150408327579498,,156358.26086956522
48800,,3.0,156359.63043478262
48817,0.1215340867638588,,156427.66666666666
48818,,3.0,156432.42857142858
48826,0.12156409025192261,,156470.52380952382
48827,,3.0,156475.2857142857
48833,0.12159409373998642,,156503.85714285713
48834,,3.0,156508.61904761905
48843,0.12162409722805023,,156551.47619047618
48844,,3.0,156556.2380952381
48864,0.12165410071611404,,156629.0
48865,,3.0,156633.0
48875,0.12168410420417786,,156673.0
48876,,3.0,156677.0
48884,0.12171410769224167,,156709.0
48885,,3.0,156713.0
48895,0.12174411118030548,,156753.0
48896,,3.0,156757.0
48912,0.1217741146683693,,156817.52173913043
48913,,3.0,156821.86956521738
48919,0.1218041181564331,,156847.95652173914
48920,,3.0,156852.30434782608
48933,0.12183412164449692,,156908.8260869565
48934,,3.0,156913.1739130435
48943,0.12186412513256073,,156952.30434782608
48944,,3.0,156956.65217391305
48958,0.12189412862062454,,157020.45945945947
48959,,3.0,157025.86486486485
48965,0.12192413210868835,,157058.2972972973
48966,,3.0,157063.7027027027
48972,0.12195413559675217,,157096.13513513515
48973,,3.0,157101.54054054053
48982,0.12198413908481598,,157150.1891891892
48983,,3.0,157155.5945945946
49000,0.12200413644313812,,157212.73913043478
49001,,2.0,157216.4347826087
49008,0.12202413380146027,,157242.30434782608
49009,,2.0,157246.0
49017,0.12204413115978241,,157275.5652173913
49018,,2.0,157279.26086956522
49030,0.12206412851810455,,157323.60869565216
49031,,2.0,157327.30434782608
49047,0.1220841258764267,,157371.41304347827
49048,,2.0,157374.52173913043
49058,0.12210412323474884,,157405.60869565216
49059,,2.0,157408.71739130435
49067,0.12212412059307098,,157433.58695652173
49068,,2.0,157436.69565217392
49078,0.12214411795139313,,157467.78260869565
49079,,2.0,157470.89130434784
49091,0.12216411530971527,,157505.4
49092,,2.0,157508.88888888888
49102,0.12218411266803741,,157543.77777777778
49103,,2.0,157547.26666666666
49110,0.12220411002635956,,157571.6888888889
49111,,2.0,157575.17777777778
49125,0.1222241073846817,,157624.02222222224
49126,,2.0,157627.51111111112
49137,0.12225411087274551,,157669.09523809524
49138,,3.0,157673.85714285713
49146,0.12228411436080933,,157711.95238095237
49147,,3.0,157716.7142857143
49158,0.12231411784887314,,157769.09523809524
49159,,3.0,157773.85714285713
49169,0.12234412133693695,,157821.47619047618
49170,,3.0,157826.2380952381
49186,0.12237412482500076,,157894.41463414635
49187,,3.0,157899.29268292684
49195,0.12240412831306458,,157938.31707317074
49196,,3.0,157943.19512195123
49205,0.12243413180112839,,157987.0975609756
49206,,3.0,157991.9756097561
49212,0.1224641352891922,,158021.24390243902
49213,,3.0,158026.1219512195
49228,0.12249413877725601,,158088.14285714287
49229,,3.0,158092.90476190476
49238,0.12252414226531982,,158135.7619047619
49239,,3.0,158140.52380952382
49250,0.12255414575338364,,158192.90476190476
49251,,3.0,158197.66666666666
49256,0.12258414924144745,,158221.47619047618
49257,,3.0,158226.2380952381
49271,0.12260414659976959,,158269.9024390244
49272,,2.0,158273.43902439025
49279,0.12262414395809174,,158298.19512195123
49280,,2.0,158301.73170731709
49289,0.12264414131641388,,158333.56097560975
49290,,2.0,158337.0975609756
49299,0.12266413867473602,,158368.92682926828
49300,,2.0,158372.46341463414
49318,0.12269414216279984,,158438.5
49319,,3.0,158442.66666666666
49329,0.12272414565086365,,158484.33333333334
49330,,3.0,158488.5
49340,0.12275414913892746,,158530.16666666666
49341,,3.0,158534.33333333334
49349,0.12278415262699127,,158567.66666666666
49350,,3.0,158571.83333333334
49361,0.12280414998531342,,158605.2093023256
49362,,2.0,158608.86046511628
49373,0.12282414734363556,,158649.02325581395
49374,,2.0,158652.67441860464
49384,0.1228441447019577,,158689.18604651163
49385,,2.0,158692.83720930232
49394,0.12286414206027985,,158725.6976744186
49395,,2.0,158729.3488372093
49404,0.12289414554834366,,158743.1052631579
49405,,3.0,158744.7894736842
49414,0.12292414903640747,,158759.94736842104
49415,,3.0,158761.63157894736
49424,0.12295415252447128,,158776.7894736842
49425,,3.0,158778.47368421053
49434,0.1229841560125351,,158793.63157894736
49435,,3.0,158795.31578947368
49447,0.12301415950059891,,158844.36842105264
49448,,3.0,158849.63157894736
49457,0.12304416298866272,,158897.0
49458,,3.0,158902.26315789475
49465,0.12307416647672653,,158939.1052631579
49466,,3.0,158944.36842105264
49474,0.12310416996479034,,158986.47368421053
49475,,3.0,158991.73684210525
49491,0.12313417345285416,,159053.52173913043
49492,,3.0,159057.86956521738
49503,0.12316417694091797,,159105.69565217392
49504,,3.0,159110.04347826086
49516,0.12319418042898178,,159162.21739130435
49517,,3.0,159166.5652173913
49522,0.1232241839170456,,159188.30434782608
49523,,3.0,159192.65217391305
49541,0.12324418127536774,,159259.1875
49542,,2.0,159263.33333333334
49548,0.12326417863368988,,159288.20833333334
49549,,2.0,159292.35416666666
49564,0.12328417599201202,,159354.54166666666
49565,,2.0,159358.6875
49572,0.12330417335033417,,159387.70833333334
49573,,2.0,159391.85416666666
49587,0.12333417683839798,,159419.6603773585
49588,,3.0,159421.81132075473
49601,0.12336418032646179,,159449.77358490566
49602,,3.0,159451.9245283019
49611,0.1233941838145256,,159471.28301886792
49612,,3.0,159473.43396226416
49627,0.12342418730258942,,159505.69811320756
49628,,3.0,159507.84905660377
49644,0.12345419079065323,,159534.06382978722
49645,,3.0,159535.914893617
49652,0.12348419427871704,,159548.87234042553
49653,,3.0,159550.72340425532
49662,0.12351419776678085,,159567.3829787234
49663,,3.0,159569.2340425532
49676,0.12354420125484467,,159593.29787234042
49677,,3.0,159595.1489361702
49696,0.12357420474290848,,159669.72727272726
49697,,3.0,159674.27272727274
49706,0.12360420823097229,,159715.18181818182
49707,,3.0,159719.72727272726
49714,0.1236342117190361,,159751.54545454544
49715,,3.0,159756.0909090909
49722,0.12366421520709991,,159787.9090909091
49723,,3.0,159792.45454545456
49739,0.12369421869516373,,159857.46511627908
49740,,3.0,159862.11627906977
49747,0.12372422218322754,,159894.67441860464
49748,,3.0,159899.32558139536
49755,0.12375422567129135,,159931.88372093023
49756,,3.0,159936.53488372092
49767,0.12378422915935516,,159987.6976744186
49768,,3.0,159992.3488372093
49788,0.12381423264741898,,160063.66666666666
49789,,3.0,160067.58823529413
49802,0.12384423613548279,,160118.568627451
49803,,3.0,160122.49019607843
49812,0.1238742396235466,,160157.78431372548
49813,,3.0,160161.70588235295
49820,0.12390424311161041,,160189.1568627451
49821,,3.0,160193.07843137256
49836,0.12392424046993256,,160234.63636363635
49837,,2.0,160237.77272727274
49847,0.1239442378282547,,160269.13636363635
49848,,2.0,160272.27272727274
49856,0.12396423518657684,,160297.36363636365
49857,,2.0,160300.5
49866,0.12398423254489899,,160328.72727272726
49867,,2.0,160331.86363636365
49884,0.1240142360329628,,160398.63636363635
49885,,3.0,160403.18181818182
49896,0.12404423952102661,,160453.18181818182
49897,,3.0,160457.72727272726
49905,0.12407424300909042,,160494.0909090909
49906,,3.0,160498.63636363635
49912,0.12410424649715424,,160525.9090909091
49913,,3.0,160530.45454545456
49930,0.12411424517631531,,160572.33333333334
49931,,1.0,160575.0
49942,0.12412424385547638,,160604.33333333334
49943,,1.0,160607.0
49947,0.12413424253463745,,160617.66666666666
49948,,1.0,160620.33333333334
49962,0.12414424121379852,,160657.66666666666
49963,,1.0,160660.33333333334
49982,0.1241542398929596,,160693.3673469388
49983,,1.0,160695.26530612246
49992,0.12416423857212067,,160712.3469387755
49993,,1.0,160714.24489795917
50002,0.12417423725128174,,160731.32653061225
50003,,1.0,160733.22448979592
50013,0.12418423593044281,,160752.20408163266
50014,,1.0,160754.10204081633
50028,0.12421423941850662,,160766.32653061225
50029,,3.0,160767.26530612246
50039,0.12424424290657043,,160776.6530612245
50040,,3.0,160777.5918367347
50053,0.12427424639463425,,160789.79591836734
50054,,3.0,160790.73469387754
50064,0.12430424988269806,,160800.1224489796
50065,,3.0,160801.0612244898
50077,0.12433425337076187,,160849.36842105264
50078,,3.0,160854.63157894736
50084,0.12436425685882568,,160886.2105263158
50085,,3.0,160891.47368421053
50096,0.1243942603468895,,160949.36842105264
50097,,3.0,160954.63157894736
50104,0.12442426383495331,,160991.47368421053
50105,,3.0,160996.73684210525
50119,0.12443426251411438,,161034.71794871794
50120,,1.0,161037.6923076923
50127,0.12444426119327545,,161058.5128205128
50128,,1.0,161061.4871794872
50133,0.12445425987243652,,161076.35897435897
50134,,1.0,161079.33333333334
50145,0.1244642585515976,,161112.05128205128
50146,,1.0,161115.02564102566
50157,0.12449426203966141,,161158.0
50158,,3.0,161163.0
50168,0.12452426552772522,,161213.0
50169,,3.0,161218.0
50177,0.12455426901578903,,161258.0
50178,,3.0,161263.0
50187,0.12458427250385284,,161308.0
50188,,3.0,161313.0
50205,0.12459427118301392,,161350.13636363635
50206,,1.0,161352.43181818182
50215,0.12460426986217499,,161373.0909090909
50216,,1.0,161375.38636363635
50224,0.12461426854133606,,161393.75
50225,,1.0,161396.04545454544
50233,0.12462426722049713,,161414.4090909091
50234,,1.0,161416.70454545456
50254,0.12465427070856094,,161482.39583333334
50255,,3.0,161486.125
50261,0.12468427419662476,,161508.5
50262,,3.0,161512.22916666666
50276,0.12471427768468857,,161564.4375
50277,,3.0,161568.16666666666
50283,0.12474428117275238,,161590.54166666666
50284,,3.0,161594.27083333334
50299,0.12475427985191345,,161620.61538461538
50300,,1.0,161622.5
50309,0.12476427853107452,,161639.46153846153
50310,,1.0,161641.34615384616
50326,0.1247742772102356,,161671.5
50327,,1.0,161673.38461538462
50337,0.12478427588939667,,161692.23076923078
50338,,1.0,161694.11538461538
50363,0.12480427324771881,,161764.27586206896
50364,,2.0,161767.37931034484
50371,0.12482427060604095,,161789.10344827586
50372,,2.0,161792.2068965517
50385,0.1248442679643631,,161832.55172413794
50386,,2.0,161835.6551724138
50397,0.12486426532268524,,161869.7931034483
50398,,2.0,161872.89655172414
50412,0.12489426881074905,,161931.0
50413,,3.0,161936.0
50421,0.12492427229881287,,161976.0
50422,,3.0,161981.0
50429,0.12495427578687668,,162016.0
50430,,3.0,162021.0
50439,0.12498427927494049,,162066.0
50440,,3.0,162071.0
50454,0.12500427663326263,,162117.88461538462
50455,,2.0,162121.6923076923
50469,0.12502427399158478,,162175.0
50470,,2.0,162178.8076923077
50481,0.12504427134990692,,162220.6923076923
50482,,2.0,162224.5
50493,0.12506426870822906,,162266.38461538462
50494,,2.0,162270.1923076923
50501,0.1250842660665512,,162292.27027027027
50502,,2.0,162296.83783783784
50509,0.12510426342487335,,162328.8108108108
50510,,2.0,162333.37837837837
50521,0.1251242607831955,,162383.62162162163
50522,,2.0,162388.1891891892
50532,0.12514425814151764,,162433.86486486485
50533,,2.0,162438.43243243243
50551,0.12516425549983978,,162488.97826086957
50552,,2.0,162492.04347826086
50560,0.12518425285816193,,162516.5652173913
50561,,2.0,162519.63043478262
50572,0.12520425021648407,,162553.34782608695
50573,,2.0,162556.41304347827
50580,0.1252242475748062,,162577.86956521738
50581,,2.0,162580.9347826087
50599,0.12524424493312836,,162633.66666666666
50600,,2.0,162636.97777777776
50610,0.1252642422914505,,162670.0888888889
50611,,2.0,162673.4
50619,0.12528423964977264,,162699.88888888888
50620,,2.0,162703.2
50627,0.1253042370080948,,162726.3777777778
50628,,2.0,162729.6888888889
50642,0.125334233045578,,162748.75
50643,,3.0,162750.18181818182
50656,0.12536422908306122,,162768.79545454544
50657,,3.0,162770.22727272726
50665,0.12539422512054443,,162781.68181818182
50666,,3.0,162783.11363636365
50673,0.12542422115802765,,162793.13636363635
50674,,3.0,162794.56818181818
50687,0.12545421719551086,,162839.5
50688,,3.0,162843.85
50696,0.12548421323299408,,162878.65
50697,,3.0,162883.0
50709,0.1255142092704773,,162935.2
50710,,3.0,162939.55
50715,0.1255442053079605,,162961.3
50716,,3.0,162965.65
50733,0.12557420134544373,,163000.96153846153
50734,,3.0,163003.17307692306
50744,0.12560419738292694,,163025.28846153847
50745,,3.0,163027.5
50757,0.12563419342041016,,163054.03846153847
50758,,3.0,163056.25
50769,0.12566418945789337,,163080.57692307694
50770,,3.0,163082.78846153847
50786,0.12568418681621552,,163135.7619047619
50787,,2.0,163139.66666666666
50799,0.12570418417453766,,163186.52380952382
50800,,2.0,163190.42857142858
50806,0.1257241815328598,,163213.85714285713
50807,,2.0,163217.7619047619
50813,0.12574417889118195,,163241.19047619047
50814,,2.0,163245.09523809524
50830,0.1257641762495041,,163282.42857142858
50831,,2.0,163285.0
50841,0.12578417360782623,,163310.7142857143
50842,,2.0,163313.2857142857
50853,0.12580417096614838,,163341.57142857142
50854,,2.0,163344.14285714287
50864,0.12582416832447052,,163369.85714285713
50865,,2.0,163372.42857142858
50878,0.12585416436195374,,163401.0465116279
50879,,3.0,163403.6511627907
50891,0.12588416039943695,,163434.90697674418
50892,,3.0,163437.51162790696
50899,0.12591415643692017,,163455.7441860465
50900,,3.0,163458.3488372093
50909,0.12594415247440338,,163481.7906976744
50910,,3.0,163484.39534883722
50929,0.12596414983272552,,163531.72727272726
50930,,2.0,163534.52272727274
50940,0.12598414719104767,,163562.47727272726
50941,,2.0,163565.27272727274
50944,0.1260041445493698,,163573.6590909091
50945,,2.0,163576.45454545456
50955,0.12602414190769196,,163604.4090909091
50956,,2.0,163607.20454545456
50970,0.12605413794517517,,163662.38095238095
50971,,3.0,163667.14285714287
50977,0.1260841339826584,,163695.7142857143
50978,,3.0,163700.47619047618
50989,0.1261141300201416,,163752.85714285713
50990,,3.0,163757.61904761905
50999,0.12614412605762482,,163800.47619047618
51000,,3.0,163805.2380952381
51018,0.12616412341594696,,163855.0
51019,,2.0,163858.0
51029,0.1261841207742691,,163888.0
51030,,2.0,163891.0
51042,0.12620411813259125,,163927.0
51043,,2.0,163930.0
51052,0.1262241154909134,,163957.0
51053,,2.0,163960.0
51065,0.1262541115283966,,163992.75
51066,,3.0,163996.05555555556
51072,0.12628410756587982,,164015.88888888888
51073,,3.0,164019.19444444444
51082,0.12631410360336304,,164048.94444444444
51083,,3.0,164052.25
51090,0.12634409964084625,,164075.38888888888
51091,,3.0,164078.69444444444
51107,0.1263640969991684,,164121.8125
51108,,2.0,164124.875
51118,0.12638409435749054,,164155.5
51119,,2.0,164158.5625
51130,0.12640409171581268,,164192.25
51131,,2.0,164195.3125
51140,0.12642408907413483,,164222.875
51141,,2.0,164225.9375
51154,0.12644408643245697,,164270.13636363635
51155,,2.0,164274.25
51166,0.1264640837907791,,164319.5
51167,,2.0,164323.61363636365
51176,0.12648408114910126,,164360.63636363635
51177,,2.0,164364.75
51186,0.1265040785074234,,164401.77272727274
51187,,2.0,164405.88636363635
51201,0.12652407586574554,,164455.52777777778
51202,,2.0,164459.66666666666
51207,0.1265440732240677,,164480.36111111112
51208,,2.0,164484.5
51215,0.12656407058238983,,164513.47222222222
51216,,2.0,164517.61111111112
51224,0.12658406794071198,,164550.72222222222
51225,,2.0,164554.86111111112
51240,0.1266140639781952,,164620.53846153847
51241,,3.0,164625.66666666666
51247,0.1266440600156784,,164656.4358974359
51248,,3.0,164661.5641025641
51255,0.12667405605316162,,164697.46153846153
51256,,3.0,164702.58974358975
51265,0.12670405209064484,,164748.7435897436
51266,,3.0,164753.87179487178
51279,0.12672404944896698,,164799.0
51280,,2.0,164803.0
51286,0.12674404680728912,,164827.0
51287,,2.0,164831.0
51295,0.12676404416561127,,164863.0
51296,,2.0,164867.0
51302,0.1267840415239334,,164891.0
51303,,2.0,164895.0
51319,0.12681403756141663,,164953.16666666666
51320,,3.0,164957.33333333334
51332,0.12684403359889984,,165007.33333333334
51333,,3.0,165011.5
51342,0.12687402963638306,,165049.0
51343,,3.0,165053.16666666666
51352,0.12690402567386627,,165090.66666666666
51353,,3.0,165094.83333333334
51370,0.1269340217113495,,165137.5
51371,,3.0,165140.25
51379,0.1269640177488327,,165162.25
51380,,3.0,165165.0
51389,0.12699401378631592,,165189.75
51390,,3.0,165192.5
51398,0.12702400982379913,,165214.5
51399,,3.0,165217.25
51412,0.12704400718212128,,165248.09523809524
51413,,2.0,165250.90476190476
51423,0.12706400454044342,,165279.0
51424,,2.0,165281.80952380953
51429,0.12708400189876556,,165295.85714285713
51430,,2.0,165298.66666666666
51442,0.1271039992570877,,165332.38095238095
51443,,2.0,165335.19047619047
51463,0.12711399793624878,,165374.17021276595
51464,,1.0,165376.29787234042
51469,0.12712399661540985,,165386.93617021278
51470,,1.0,165389.06382978722
51480,0.12713399529457092,,165410.3404255319
51481,,1.0,165412.46808510637
51491,0.127143993973732,,165433.74468085106
51492,,1.0,165435.87234042553
51505,0.1271739900112152,,165448.95238095237
51506,,3.0,165450.04761904763
51514,0.12720398604869843,,165458.80952380953
51515,,3.0,165459.90476190476
51526,0.12723398208618164,,165471.95238095237
51527,,3.0,165473.04761904763
51535,0.12726397812366486,,165481.80952380953
51536,,3.0,165482.90476190476
51547,0.12729397416114807,,165512.32432432432
51548,,3.0,165515.86486486485
51556,0.1273239701986313,,165544.1891891892
51557,,3.0,165547.72972972973
51564,0.1273539662361145,,165572.51351351352
51565,,3.0,165576.05405405405
51574,0.12738396227359772,,165607.9189189189
51575,,3.0,165611.45945945947
51591,0.12741395831108093,,165628.86666666667
51592,,3.0,165629.93333333332
51600,0.12744395434856415,,165638.46666666667
51601,,3.0,165639.53333333333
51613,0.12747395038604736,,165652.33333333334
51614,,3.0,165653.4
51621,0.12750394642353058,,165660.86666666667
51622,,3.0,165661.93333333332
51640,0.1275339424610138,,165695.28260869565
51641,,3.0,165697.4347826087
51652,0.127563938498497,,165721.10869565216
51653,,3.0,165723.26086956522
51662,0.12759393453598022,,165742.63043478262
51663,,3.0,165744.78260869565
51669,0.12762393057346344,,165757.69565217392
51670,,3.0,165759.84782608695
51691,0.12764392793178558,,165805.07142857142
51692,,2.0,165807.4642857143
51703,0.12766392529010773,,165833.7857142857
51704,,2.0,165836.17857142858
51715,0.12768392264842987,,165862.5
51716,,2.0,165864.89285714287
51727,0.12770392000675201,,165891.2142857143
51728,,2.0,165893.60714285713
51737,0.12772391736507416,,165926.7894736842
51738,,2.0,165931.92105263157
51746,0.1277439147233963,,165972.97368421053
51747,,2.0,165978.1052631579
51755,0.12776391208171844,,166019.15789473685
51756,,2.0,166024.2894736842
51767,0.1277839094400406,,166080.73684210525
51768,,2.0,166085.86842105264
51782,0.1278139054775238,,166146.0
51783,,3.0,166151.0
51791,0.12784390151500702,,166191.0
51792,,3.0,166196.0
51800,0.12787389755249023,,166236.0
51801,,3.0,166241.0
51809,0.12790389358997345,,166281.0
51810,,3.0,166286.0
51825,0.12793388962745667,,166306.21951219512
51826,,3.0,166307.48780487804
51836,0.12796388566493988,,166320.17073170733
51837,,3.0,166321.43902439025
51844,0.1279938817024231,,166330.31707317074
51845,,3.0,166331.58536585365
51852,0.1280238777399063,,166340.46341463414
51853,,3.0,166341.73170731709
51863,0.12803387641906738,,166361.725
51864,,1.0,166364.4
51875,0.12804387509822845,,166393.825
51876,,1.0,166396.5
51887,0.12805387377738953,,166425.925
51888,,1.0,166428.6
51894,0.1280638724565506,,166444.65
51895,,1.0,166447.325
51910,0.1280938684940338,,166498.97959183675
51911,,3.0,166503.0612244898
51917,0.12812386453151703,,166527.55102040817
51918,,3.0,166531.6326530612
51930,0.12815386056900024,,166580.61224489796
51931,,3.0,166584.693877551
51945,0.12818385660648346,,166641.83673469388
51946,,3.0,166645.91836734695
51963,0.1282038539648056,,166702.2857142857
51964,,2.0,166706.02040816325
51973,0.12822385132312775,,166739.6326530612
51974,,2.0,166743.3673469388
51985,0.1282438486814499,,166784.44897959183
51986,,2.0,166788.18367346938
51996,0.12826384603977203,,166825.5306122449
51997,,2.0,166829.26530612246
52016,0.12829384207725525,,166862.44
52017,,3.0,166864.28
52028,0.12832383811473846,,166884.52
52029,,3.0,166886.36
52038,0.12835383415222168,,166902.92
52039,,3.0,166904.76
52048,0.1283838301897049,,166921.32
52049,,3.0,166923.16
52067,0.12840382754802704,,166955.88235294117
52068,,2.0,166957.9411764706
52077,0.12842382490634918,,166976.4705882353
52078,,2.0,166978.5294117647
52089,0.12844382226467133,,167001.17647058822
52090,,2.0,167003.23529411765
52101,0.12846381962299347,,167025.88235294117
52102,,2.0,167027.9411764706
52119,0.12849381566047668,,167045.4
52120,,3.0,167046.5
52124,0.1285238116979599,,167050.9
52125,,3.0,167052.0
52134,0.12855380773544312,,167061.9
52135,,3.0,167063.0
52143,0.12858380377292633,,167071.8
52144,,3.0,167072.9
52160,0.12861379981040955,,167107.11904761905
52161,,3.0,167109.66666666666
52169,0.12864379584789276,,167130.04761904763
52170,,3.0,167132.59523809524
52177,0.12867379188537598,,167150.42857142858
52178,,3.0,167152.97619047618
52187,0.1287037879228592,,167175.90476190476
52188,,3.0,167178.45238095237
52200,0.12872378528118134,,167216.79545454544
52201,,2.0,167220.77272727274
52210,0.12874378263950348,,167256.56818181818
52211,,2.0,167260.54545454544
52221,0.12876377999782562,,167300.31818181818
52222,,2.0,167304.29545454544
52233,0.12878377735614777,,167348.04545454544
52234,,2.0,167352.02272727274
52249,0.12881377339363098,,167378.63636363635
52250,,3.0,167380.52272727274
52260,0.1288437694311142,,167399.38636363635
52261,,3.0,167401.27272727274
52272,0.1288737654685974,,167422.02272727274
52273,,3.0,167423.9090909091
52279,0.12890376150608063,,167435.22727272726
52280,,3.0,167437.11363636365
52291,0.12892375886440277,,167470.11111111112
52292,,2.0,167474.0
52301,0.12894375622272491,,167509.0
52302,,2.0,167512.88888888888
52313,0.12896375358104706,,167555.66666666666
52314,,2.0,167559.55555555556
52326,0.1289837509393692,,167606.22222222222
52327,,2.0,167610.11111111112
52343,0.12901374697685242,,167636.95744680852
52344,,3.0,167638.72340425532
52356,0.12904374301433563,,167659.914893617
52357,,3.0,167661.68085106384
52365,0.12907373905181885,,167675.8085106383
52366,,3.0,167677.5744680851
52375,0.12910373508930206,,167693.46808510637
52376,,3.0,167695.2340425532
52389,0.12911373376846313,,167719.12765957447
52390,,1.0,167721.3404255319
52398,0.1291237324476242,,167739.04255319148
52399,,1.0,167741.25531914894
52412,0.12913373112678528,,167770.02127659574
52413,,1.0,167772.2340425532
52424,0.12914372980594635,,167796.5744680851
52425,,1.0,167798.78723404257
52442,0.12917372584342957,,167871.0
52443,,3.0,167876.0
52451,0.12920372188091278,,167916.0
52452,,3.0,167921.0
52460,0.129233717918396,,167961.0
52461,,3.0,167966.0
52466,0.1292637139558792,,167991.0
52467,,3.0,167996.0
52477,0.12929370999336243,,168039.88888888888
52478,,3.0,168045.44444444444
52487,0.12932370603084564,,168095.44444444444
52488,,3.0,168101.0
52496,0.12935370206832886,,168145.44444444444
52497,,3.0,168151.0
52504,0.12938369810581207,,168189.88888888888
52505,,3.0,168195.44444444444
52515,0.1294136941432953,,168215.36842105264
52516,,3.0,168217.42105263157
52524,0.1294436901807785,,168233.84210526315
52525,,3.0,168235.8947368421
52534,0.12947368621826172,,168254.36842105264
52535,,3.0,168256.42105263157
52544,0.12950368225574493,,168274.8947368421
52545,,3.0,168276.94736842104
52558,0.12952367961406708,,168308.52380952382
52559,,2.0,168311.47619047618
52567,0.12954367697238922,,168335.09523809524
52568,,2.0,168338.04761904763
52576,0.12956367433071136,,168361.66666666666
52577,,2.0,168364.61904761905
52588,0.1295836716890335,,168397.09523809524
52589,,2.0,168400.04761904763
52606,0.12960366904735565,,168451.8510638298
52607,,2.0,168455.3404255319
52616,0.1296236664056778,,168486.74468085106
52617,,2.0,168490.2340425532
52623,0.12964366376399994,,168511.17021276595
52624,,2.0,168514.6595744681
52637,0.12966366112232208,,168560.02127659574
52638,,2.0,168563.51063829788
52657,0.1296936571598053,,168649.05128205128
52658,,3.0,168654.1794871795
52664,0.1297236531972885,,168684.94871794872
52665,,3.0,168690.07692307694
52670,0.12975364923477173,,168715.71794871794
52671,,3.0,168720.84615384616
52678,0.12978364527225494,,168756.7435897436
52679,,3.0,168761.87179487178
52692,0.12981364130973816,,168781.48979591837
52693,,3.0,168782.9387755102
52708,0.12984363734722137,,168804.67346938775
52709,,3.0,168806.1224489796
52718,0.1298736333847046,,168819.16326530612
52719,,3.0,168820.61224489796
52729,0.1299036294221878,,168835.10204081633
52730,,3.0,168836.55102040817
52748,0.12992362678050995,,168882.1
52749,,2.0,168885.04
52759,0.1299436241388321,,168914.44
52760,,2.0,168917.38
52769,0.12996362149715424,,168943.84
52770,,2.0,168946.78
52781,0.12998361885547638,,168979.12
52782,,2.0,168982.06
52801,0.13000361621379852,,169049.68085106384
52802,,2.0,169053.72340425532
52812,0.13002361357212067,,169094.1489361702
52813,,2.0,169098.1914893617
52817,0.1300436109304428,,169114.36170212767
52818,,2.0,169118.40425531915
52830,0.13006360828876495,,169166.914893617
52831,,2.0,169170.95744680852
52843,0.1300836056470871,,169213.1891891892
52844,,2.0,169217.43243243243
52852,0.13010360300540924,,169251.37837837837
52853,,2.0,169255.62162162163
52859,0.13012360036373138,,169281.0810810811
52860,,2.0,169285.32432432432
52869,0.13014359772205353,,169323.51351351352
52870,,2.0,169327.75675675675
52886,0.13017359375953674,,169397.0
52887,,3.0,169402.0
52896,0.13020358979701996,,169447.0
52897,,3.0,169452.0
52906,0.13023358583450317,,169497.0
52907,,3.0,169502.0
52911,0.1302635818719864,,169522.0
52912,,3.0,169527.0
52927,0.1302935779094696,,169589.14285714287
52928,,3.0,169593.90476190476
52936,0.13032357394695282,,169632.0
52937,,3.0,169636.7619047619
52943,0.13035356998443604,,169665.33333333334
52944,,3.0,169670.09523809524
52955,0.13038356602191925,,169722.47619047618
52956,,3.0,169727.2380952381
52971,0.13041356205940247,,169789.14285714287
52972,,3.0,169793.90476190476
52981,0.13044355809688568,,169836.7619047619
52982,,3.0,169841.52380952382
52990,0.1304735541343689,,169879.61904761905
52991,,3.0,169884.38095238095
52999,0.1305035501718521,,169922.47619047618
53000,,3.0,169927.2380952381
53014,0.13051354885101318,,169952.36170212767
53015,,1.0,169954.21276595743
53027,0.13052354753017426,,169976.4255319149
53028,,1.0,169978.27659574468
53037,0.13053354620933533,,169994.93617021278
53038,,1.0,169996.78723404257
53048,0.1305435448884964,,170015.29787234042
53049,,1.0,170017.1489361702
53060,0.13056354224681854,,170042.0909090909
53061,,2.0,170044.97727272726
53067,0.13058353960514069,,170062.29545454544
53068,,2.0,170065.18181818182
53081,0.13060353696346283,,170102.70454545456
53082,,2.0,170105.5909090909
53094,0.13062353432178497,,170140.22727272726
53095,,2.0,170143.11363636365
53113,0.1306535303592682,,170175.74137931035
53114,,3.0,170177.72413793104
53131,0.1306835263967514,,170211.43103448275
53132,,3.0,170213.41379310345
53140,0.13071352243423462,,170229.27586206896
53141,,3.0,170231.25862068965
53154,0.13074351847171783,,170257.0344827586
53155,,3.0,170259.0172413793
53171,0.13077351450920105,,170278.33333333334
53172,,3.0,170279.66666666666
53183,0.13080351054668427,,170294.33333333334
53184,,3.0,170295.66666666666
53193,0.13083350658416748,,170307.66666666666
53194,,3.0,170309.0
53204,0.1308635026216507,,170322.33333333334
53205,,3.0,170323.66666666666
53220,0.13088349997997284,,170363.46153846153
53221,,2.0,170366.66666666666
53230,0.13090349733829498,,170395.5128205128
53231,,2.0,170398.71794871794
53238,0.13092349469661713,,170421.15384615384
53239,,2.0,170424.35897435897
53245,0.13094349205493927,,170443.58974358975
53246,,2.0,170446.79487179487
53263,0.1309634894132614,,170486.63829787233
53264,,2.0,170489.25531914894
53275,0.13098348677158356,,170518.04255319148
53276,,2.0,170520.6595744681
53284,0.1310034841299057,,170541.59574468085
53285,,2.0,170544.21276595743
53294,0.13102348148822784,,170567.7659574468
53295,,2.0,170570.3829787234
53306,0.13104347884655,,170609.8
53307,,2.0,170614.4
53315,0.13106347620487213,,170651.2
53316,,2.0,170655.8
53325,0.13108347356319427,,170697.2
53326,,2.0,170701.8
53336,0.13110347092151642,,170747.8
53337,,2.0,170752.4
53355,0.13113346695899963,,170815.82352941178
53356,,3.0,170819.74509803922
53366,0.13116346299648285,,170858.96078431373
53367,,3.0,170862.88235294117
53377,0.13119345903396606,,170902.0980392157
53378,,3.0,170906.01960784313
53389,0.13122345507144928,,170949.1568627451
53390,,3.0,170953.07843137256
53409,0.13124345242977142,,170999.2068965517
53410,,2.0,171001.8448275862
53420,0.13126344978809357,,171028.22413793104
53421,,2.0,171030.8620689655
53430,0.1312834471464157,,171054.60344827586
53431,,2.0,171057.24137931035
53449,0.13130344450473785,,171104.72413793104
53450,,2.0,171107.3620689655
53462,0.13132344186306,,171145.72727272726
53463,,2.0,171149.69696969696
53469,0.13134343922138214,,171173.51515151514
53470,,2.0,171177.48484848486
53477,0.13136343657970428,,171205.27272727274
53478,,2.0,171209.24242424243
53484,0.13138343393802643,,171233.0606060606
53485,,2.0,171237.0303030303
53501,0.13141342997550964,,171293.0
53502,,3.0,171297.0
53514,0.13144342601299286,,171345.0
53515,,3.0,171349.0
53527,0.13147342205047607,,171397.0
53528,,3.0,171401.0
53536,0.1315034180879593,,171433.0
53537,,3.0,171437.0
53548,0.13152341544628143,,171475.1052631579
53549,,2.0,171479.36842105264
53558,0.13154341280460358,,171517.73684210525
53559,,2.0,171522.0
53569,0.13156341016292572,,171564.63157894736
53570,,2.0,171568.8947368421
53576,0.13158340752124786,,171594.47368421053
53577,,2.0,171598.73684210525
53591,0.13160340487957,,171637.32
53592,,2.0,171640.44
53606,0.13162340223789215,,171684.12
53607,,2.0,171687.24
53617,0.1316433995962143,,171718.44
53618,,2.0,171721.56
53628,0.13166339695453644,,171752.76
53629,,2.0,171755.88
53644,0.13168339431285858,,171795.24
53645,,2.0,171798.26
53659,0.13170339167118073,,171840.54
53660,,2.0,171843.56
53669,0.13172338902950287,,171870.74
53670,,2.0,171873.76
53680,0.131743386387825,,171903.96
53681,,2.0,171906.98
53694,0.13177338242530823,,171935.2380952381
53695,,3.0,171937.7619047619
53704,0.13180337846279144,,171960.47619047618
53705,,3.0,171963.0
53714,0.13183337450027466,,171985.7142857143
53715,,3.0,171988.2380952381
53724,0.13186337053775787,,172010.95238095237
53725,,3.0,172013.47619047618
53746,0.1318933665752411,,172099.72093023255
53747,,3.0,172104.37209302327
53754,0.1319233626127243,,172136.93023255814
53755,,3.0,172141.58139534883
53762,0.13195335865020752,,172174.13953488372
53763,,3.0,172178.7906976744
53769,0.13198335468769073,,172206.6976744186
53770,,3.0,172211.3488372093
53783,0.13201335072517395,,172280.51612903227
53784,,3.0,172286.96774193548
53790,0.13204334676265717,,172325.67741935485
53791,,3.0,172332.12903225806
53795,0.13207334280014038,,172357.93548387097
53796,,3.0,172364.38709677418
53802,0.1321033388376236,,172403.09677419355
53803,,3.0,172409.5483870968
53813,0.1321333348751068,,172422.70212765958
53814,,3.0,172423.6595744681
53825,0.13216333091259003,,172434.1914893617
53826,,3.0,172435.1489361702
53837,0.13219332695007324,,172445.68085106384
53838,,3.0,172446.63829787233
53851,0.13222332298755646,,172459.085106383
53852,,3.0,172460.04255319148
53868,0.1322433203458786,,172501.3
53869,,2.0,172504.4
53877,0.13226331770420074,,172529.2
53878,,2.0,172532.3
53884,0.1322833150625229,,172550.9
53885,,2.0,172554.0
53893,0.13230331242084503,,172578.8
53894,,2.0,172581.9
53905,0.13232330977916718,,172618.94594594595
53906,,2.0,172623.1891891892
53913,0.13234330713748932,,172652.8918918919
53914,,2.0,172657.13513513515
53922,0.13236330449581146,,172691.0810810811
53923,,2.0,172695.32432432432
53932,0.1323833018541336,,172733.51351351352
53933,,2.0,172737.75675675675
53951,0.13240329921245575,,172805.0
53952,,2.0,172809.2
53961,0.1324232965707779,,172847.0
53962,,2.0,172851.2
53970,0.13244329392910004,,172884.8
53971,,2.0,172889.0
53979,0.13246329128742218,,172922.6
53980,,2.0,172926.8
53997,0.13247328996658325,,172956.57692307694
53998,,1.0,172958.40384615384
54013,0.13248328864574432,,172985.8076923077
54014,,1.0,172987.63461538462
54024,0.1324932873249054,,173005.90384615384
54025,,1.0,173007.73076923078
54033,0.13250328600406647,,173022.34615384616
54034,,1.0,173024.17307692306
54057,0.13251328468322754,,173065.5918367347
54058,,1.0,173067.57142857142
54063,0.1325232833623886,,173077.4693877551
54064,,1.0,173079.44897959183
54071,0.13253328204154968,,173093.306122449
54072,,1.0,173095.2857142857
54084,0.13254328072071075,,173119.04081632654
54085,,1.0,173121.02040816325
54099,0.1325632780790329,,173172.775
54100,,2.0,173177.3
54107,0.13258327543735504,,173208.975
54108,,2.0,173213.5
54116,0.13260327279567719,,173249.7
54117,,2.0,173254.225
54126,0.13262327015399933,,173294.95
54127,,2.0,173299.475
54137,0.13265326619148254,,173335.75609756098
54138,,3.0,173340.29268292684
54149,0.13268326222896576,,173390.19512195123
54150,,3.0,173394.73170731709
54158,0.13271325826644897,,173431.0243902439
54159,,3.0,173435.56097560975
54169,0.1327432543039322,,173480.92682926828
54170,,3.0,173485.46341463414
54187,0.13276325166225433,,173526.0888888889
54188,,2.0,173528.66666666666
54196,0.13278324902057648,,173549.2888888889
54197,,2.0,173551.86666666667
54204,0.13280324637889862,,173569.9111111111
54205,,2.0,173572.48888888888
54216,0.13282324373722076,,173600.84444444443
54217,,2.0,173603.42222222223
54235,0.13285323977470398,,173669.82978723405
54236,,3.0,173674.085106383
54243,0.1328832358121872,,173703.87234042553
54244,,3.0,173708.12765957447
54254,0.1329132318496704,,173750.68085106384
54255,,3.0,173754.93617021278
54265,0.13294322788715363,,173797.48936170212
54266,,3.0,173801.74468085106
54281,0.13297322392463684,,173819.36363636365
54282,,3.0,173820.47727272726
54289,0.13300321996212006,,173828.27272727274
54290,,3.0,173829.38636363635
54303,0.13303321599960327,,173843.86363636365
54304,,3.0,173844.97727272726
54311,0.1330632120370865,,173852.77272727274
54312,,3.0,173853.88636363635
54326,0.1330932080745697,,173874.3947368421
54327,,3.0,173876.15789473685
54337,0.13312320411205292,,173893.7894736842
54338,,3.0,173895.55263157896
54345,0.13315320014953613,,173907.8947368421
54346,,3.0,173909.65789473685
54351,0.13318319618701935,,173918.47368421053
54352,,3.0,173920.23684210525
54362,0.13321319222450256,,173950.57142857142
54363,,3.0,173954.6530612245
54374,0.13324318826198578,,173999.55102040817
54375,,3.0,174003.6326530612
54389,0.133273184299469,,174060.77551020408
54390,,3.0,174064.85714285713
54402,0.1333031803369522,,174113.83673469388
54403,,3.0,174117.91836734695
54416,0.13333317637443542,,174166.44444444444
54417,,3.0,174170.88888888888
54427,0.13336317241191864,,174215.33333333334
54428,,3.0,174219.77777777778
54435,0.13339316844940186,,174250.88888888888
54436,,3.0,174255.33333333334
54449,0.13342316448688507,,174313.11111111112
54450,,3.0,174317.55555555556
54466,0.13344316184520721,,174368.60975609755
54467,,2.0,174372.19512195123
54474,0.13346315920352936,,174397.29268292684
54475,,2.0,174400.8780487805
54485,0.1334831565618515,,174436.73170731709
54486,,2.0,174440.31707317074
54492,0.13350315392017365,,174461.82926829267
54493,,2.0,174465.41463414635
54511,0.13353314995765686,,174496.71739130435
54512,,3.0,174498.5652173913
54520,0.13356314599514008,,174513.34782608695
54521,,3.0,174515.19565217392
54534,0.1335931420326233,,174539.21739130435
54535,,3.0,174541.0652173913
54540,0.1336231380701065,,174550.30434782608
54541,,3.0,174552.15217391305
54557,0.13364313542842865,,174605.6976744186
54558,,2.0,174609.67441860464
54566,0.1336631327867508,,174641.48837209304
54567,,2.0,174645.46511627908
54575,0.13368313014507294,,174677.27906976745
54576,,2.0,174681.2558139535
54585,0.13370312750339508,,174717.0465116279
54586,,2.0,174721.02325581395
54604,0.13372312486171722,,174763.6170212766
54605,,2.0,174766.1914893617
54618,0.13374312222003937,,174799.6595744681
54619,,2.0,174802.2340425532
54625,0.1337631195783615,,174817.68085106384
54626,,2.0,174820.25531914894
54634,0.13378311693668365,,174840.8510638298
54635,,2.0,174843.4255319149
54649,0.1338031142950058,,174867.34
54650,,2.0,174869.28
54660,0.13382311165332794,,174888.68
54661,,2.0,174890.62
54672,0.13384310901165009,,174911.96
54673,,2.0,174913.9
54686,0.13386310636997223,,174939.12
54687,,2.0,174941.06
54703,0.13389310240745544,,174962.085106383
54704,,3.0,174963.55319148937
54712,0.13392309844493866,,174975.29787234042
54713,,3.0,174976.7659574468
54721,0.13395309448242188,,174988.51063829788
54722,,3.0,174989.97872340426
54735,0.1339830905199051,,175009.06382978722
54736,,3.0,175010.53191489363
54749,0.13400308787822723,,175052.95238095237
54750,,2.0,175057.04761904763
54758,0.13402308523654938,,175089.80952380953
54759,,2.0,175093.90476190476
54768,0.13404308259487152,,175130.7619047619
54769,,2.0,175134.85714285713
54779,0.13406307995319366,,175175.80952380953
54780,,2.0,175179.90476190476
54795,0.1340830773115158,,175223.7142857143
54796,,2.0,175227.02380952382
54804,0.13410307466983795,,175253.5
54805,,2.0,175256.80952380953
54814,0.1341230720281601,,175286.59523809524
54815,,2.0,175289.90476190476
54823,0.13414306938648224,,175316.38095238095
54824,,2.0,175319.69047619047
54832,0.13414306938648224,,175335.63157894736
54833,,0.0,175338.15789473685
54844,0.13414306938648224,,175365.94736842104
54845,,0.0,175368.47368421053
54855,0.13414306938648224,,175393.73684210525
54856,,0.0,175396.26315789475
54863,0.13414306938648224,,175413.94736842104
54864,,0.0,175416.47368421053
54879,0.13417306542396545,,175482.15789473685
54880,,3.0,175487.42105263157
54887,0.13420306146144867,,175524.26315789475
54888,,3.0,175529.52631578947
54892,0.13423305749893188,,175550.57894736843
54893,,3.0,175555.84210526315
54903,0.1342630535364151,,175608.47368421053
54904,,3.0,175613.73684210525
54919,0.13427305221557617,,175641.4
54920,,1.0,175643.26666666666
54926,0.13428305089473724,,175654.46666666667
54927,,1.0,175656.33333333334
54941,0.13429304957389832,,175682.46666666667
54942,,1.0,175684.33333333334
54950,0.1343030482530594,,175699.26666666666
54951,,1.0,175701.13333333333
54965,0.1343330442905426,,175721.33333333334
54966,,3.0,175723.0
54976,0.13436304032802582,,175739.66666666666
54977,,3.0,175741.33333333334
54987,0.13439303636550903,,175758.0
54988,,3.0,175759.66666666666
55000,0.13442303240299225,,175779.66666666666
55001,,3.0,175781.33333333334
55019,0.1344430297613144,,175847.0243902439
55020,,2.0,175851.29268292684
55027,0.13446302711963654,,175881.17073170733
55028,,2.0,175885.43902439025
55037,0.13448302447795868,,175923.8536585366
55038,,2.0,175928.1219512195
55043,0.13450302183628082,,175949.46341463414
55044,,2.0,175953.73170731709
55060,0.13453301787376404,,176012.16666666666
55061,,3.0,176016.33333333334
55075,0.13456301391124725,,176074.66666666666
55076,,3.0,176078.83333333334
55083,0.13459300994873047,,176108.0
55084,,3.0,176112.16666666666
55093,0.13462300598621368,,176149.66666666666
55094,,3.0,176153.83333333334
55108,0.13464300334453583,,176192.76
55109,,2.0,176195.92
55119,0.13466300070285797,,176227.52
55120,,2.0,176230.68
55132,0.13468299806118011,,176268.6
55133,,2.0,176271.76
55145,0.13470299541950226,,176309.68
55146,,2.0,176312.84
55162,0.13473299145698547,,176343.0612244898
55163,,3.0,176345.14285714287
55172,0.1347629874944687,,176363.8775510204
55173,,3.0,176365.95918367346
55182,0.1347929835319519,,176384.693877551
55183,,3.0,176386.77551020408
55196,0.13482297956943512,,176413.83673469388
55197,,3.0,176415.91836734695
55214,0.1348329782485962,,176445.69565217392
55215,,1.0,176447.6739130435
55223,0.13484297692775726,,176463.5
55224,,1.0,176465.47826086957
55233,0.13485297560691833,,176483.28260869565
55234,,1.0,176485.26086956522
55244,0.1348629742860794,,176505.04347826086
55245,,1.0,176507.02173913043
55256,0.13489297032356262,,176524.08571428573
55257,,3.0,176525.9714285714
55263,0.13492296636104584,,176537.2857142857
55264,,3.0,176539.17142857143
55271,0.13495296239852905,,176552.37142857144
55272,,3.0,176554.25714285715
55281,0.13498295843601227,,176571.22857142857
55282,,3.0,176573.11428571428
55297,0.1350029557943344,,176615.85714285713
55298,,2.0,176619.2619047619
55307,0.13502295315265656,,176649.90476190476
55308,,2.0,176653.30952380953
55315,0.1350429505109787,,176677.14285714287
55316,,2.0,176680.54761904763
55325,0.13506294786930084,,176711.19047619047
55326,,2.0,176714.59523809524
55341,0.13508294522762299,,176756.88
55342,,2.0,176760.12
55351,0.13510294258594513,,176789.28
55352,,2.0,176792.52
55370,0.13512293994426727,,176850.84
55371,,2.0,176854.08
55377,0.13514293730258942,,176873.52
55378,,2.0,176876.76
55390,0.13517293334007263,,176925.0
55391,,3.0,176930.0
55402,0.13520292937755585,,176985.0
55403,,3.0,176990.0
55413,0.13523292541503906,,177040.0
55414,,3.0,177045.0
55419,0.13526292145252228,,177070.0
55420,,3.0,177075.0
55431,0.13526292145252228,,177095.44186046513
55432,,0.0,177097.37209302327
55442,0.13526292145252228,,177116.67441860464
55443,,0.0,177118.60465116278
55453,0.13526292145252228,,177137.90697674418
55454,,0.0,177139.83720930232
55464,0.13526292145252228,,177159.13953488372
55465,,0.0,177161.06976744186
55482,0.13528291881084442,,177203.07843137256
55483,,2.0,177205.9411764706
55497,0.13530291616916656,,177246.01960784313
55498,,2.0,177248.88235294117
55506,0.1353229135274887,,177271.78431372548
55507,,2.0,177274.64705882352
55517,0.13534291088581085,,177303.27450980392
55518,,2.0,177306.13725490196
55533,0.135362908244133,,177351.5
55534,,2.0,177355.04166666666
55543,0.13538290560245514,,177386.91666666666
55544,,2.0,177390.45833333334
55554,0.13540290296077728,,177425.875
55555,,2.0,177429.41666666666
55567,0.13542290031909943,,177471.91666666666
55568,,2.0,177475.45833333334
55582,0.13545289635658264,,177527.88888888888
55583,,3.0,177532.33333333334
55591,0.13548289239406586,,177567.88888888888
55592,,3.0,177572.33333333334
55605,0.13551288843154907,,177630.11111111112
55606,,3.0,177634.55555555556
55614,0.1355428844690323,,177670.11111111112
55615,,3.0,177674.55555555556
55630,0.1355728805065155,,177696.14285714287
55631,,3.0,177697.57142857142
55637,0.13560287654399872,,177706.14285714287
55638,,3.0,177707.57142857142
55647,0.13563287258148193,,177720.42857142858
55648,,3.0,177721.85714285713
55658,0.13566286861896515,,177736.14285714287
55659,,3.0,177737.57142857142
55671,0.1356828659772873,,177777.3076923077
55672,,2.0,177781.5641025641
55678,0.13570286333560944,,177807.10256410256
55679,,2.0,177811.35897435897
55685,0.13572286069393158,,177836.89743589744
55686,,2.0,177841.15384615384
55699,0.13574285805225372,,177896.4871794872
55700,,2.0,177900.7435897436
55712,0.13577285408973694,,177938.23076923078
55713,,3.0,177941.92307692306
55722,0.13580285012722015,,177975.15384615384
55723,,3.0,177978.84615384616
55731,0.13583284616470337,,178008.38461538462
55732,,3.0,178012.07692307694
55740,0.13586284220218658,,178041.61538461538
55741,,3.0,178045.3076923077
55756,0.13588283956050873,,178095.0465116279
55757,,2.0,178098.88372093023
55765,0.13590283691883087,,178129.58139534883
55766,,2.0,178133.41860465117
55778,0.13592283427715302,,178179.46511627908
55779,,2.0,178183.3023255814
55785,0.13594283163547516,,178206.32558139536
55786,,2.0,178210.16279069768
55801,0.1359628289937973,,178241.0
55802,,2.0,178243.25
55814,0.13598282635211945,,178270.25
55815,,2.0,178272.5
55822,0.1360028237104416,,178288.25
55823,,2.0,178290.5
55831,0.13602282106876373,,178308.5
55832,,2.0,178310.75
55849,0.13605281710624695,,178363.4
55850,,3.0,178367.0
55860,0.13608281314373016,,178403.0
55861,,3.0,178406.6
55870,0.13611280918121338,,178439.0
55871,,3.0,178442.6
55878,0.1361428052186966,,178467.8
55879,,3.0,178471.4
55900,0.13616280257701874,,178519.4255319149
55901,,2.0,178521.89361702127
55910,0.13618279993534088,,178544.10638297873
55911,,2.0,178546.5744680851
55920,0.13620279729366302,,178568.78723404257
55921,,2.0,178571.25531914894
55927,0.13622279465198517,,178586.06382978722
55928,,2.0,178588.53191489363
55943,0.13625279068946838,,178601.63636363635
55944,,3.0,178602.52272727274
55954,0.1362827867269516,,178611.38636363635
55955,,3.0,178612.27272727274
55961,0.13631278276443481,,178617.5909090909
55962,,3.0,178618.47727272726
55973,0.13634277880191803,,178628.22727272726
55974,,3.0,178629.11363636365
55991,0.13636277616024017,,178699.62162162163
55992,,2.0,178704.5945945946
55997,0.13638277351856232,,178729.45945945947
55998,,2.0,178734.43243243243
56004,0.13640277087688446,,178764.27027027027
56005,,2.0,178769.24324324325
56012,0.1364227682352066,,178804.05405405405
56013,,2.0,178809.02702702704
56028,0.13645276427268982,,178871.14285714287
56029,,3.0,178875.90476190476
56037,0.13648276031017303,,178914.0
56038,,3.0,178918.7619047619
56046,0.13651275634765625,,178956.85714285713
56047,,3.0,178961.61904761905
56056,0.13654275238513947,,179004.47619047618
56057,,3.0,179009.2380952381
56072,0.13657274842262268,,179039.0
56073,,3.0,179041.08333333334
56077,0.1366027444601059,,179049.41666666666
56078,,3.0,179051.5
56085,0.1366327404975891,,179066.08333333334
56086,,3.0,179068.16666666666
56094,0.13666273653507233,,179084.83333333334
56095,,3.0,179086.91666666666
56106,0.13669273257255554,,179098.0810810811
56107,,3.0,179099.2162162162
56115,0.13672272861003876,,179108.2972972973
56116,,3.0,179109.43243243243
56124,0.13675272464752197,,179118.51351351352
56125,,3.0,179119.64864864864
56133,0.1367827206850052,,179128.72972972973
56134,,3.0,179129.86486486485
56152,0.1368127167224884,,179172.320754717
56153,,3.0,179175.0754716981
56162,0.13684271275997162,,179199.8679245283
56163,,3.0,179202.62264150943
56175,0.13687270879745483,,179235.679245283
56176,,3.0,179238.43396226416
56188,0.13690270483493805,,179271.49056603774
56189,,3.0,179274.24528301886
56204,0.1369227021932602,,179310.33333333334
56205,,2.0,179313.11111111112
56214,0.13694269955158234,,179338.11111111112
56215,,2.0,179340.88888888888
56222,0.13696269690990448,,179360.33333333334
56223,,2.0,179363.11111111112
56235,0.13698269426822662,,179396.44444444444
56236,,2.0,179399.22222222222
56251,0.13700269162654877,,179432.25
56252,,2.0,179434.77083333334
56264,0.1370226889848709,,179465.02083333334
56265,,2.0,179467.54166666666
56275,0.13704268634319305,,179492.75
56276,,2.0,179495.27083333334
56285,0.1370626837015152,,179517.95833333334
56286,,2.0,179520.47916666666
56306,0.1370926797389984,,179540.0
56307,,3.0,179541.0
56317,0.13712267577648163,,179551.0
56318,,3.0,179552.0
56327,0.13715267181396484,,179561.0
56328,,3.0,179562.0
56334,0.13718266785144806,,179568.0
56335,,3.0,179569.0
56353,0.13721266388893127,,179627.6923076923
56354,,3.0,179631.53846153847
56364,0.1372426599264145,,179670.0
56365,,3.0,179673.84615384616
56374,0.1372726559638977,,179708.46153846153
56375,,3.0,179712.3076923077
56388,0.13730265200138092,,179762.3076923077
56389,,3.0,179766.15384615384
56404,0.13732264935970306,,179803.86666666667
56405,,2.0,179806.6888888889
56413,0.1373426467180252,,179829.26666666666
56414,,2.0,179832.0888888889
56424,0.13736264407634735,,179860.3111111111
56425,,2.0,179863.13333333333
56435,0.1373826414346695,,179891.35555555555
56436,,2.0,179894.17777777778
56454,0.13740263879299164,,179948.875
56455,,2.0,179952.33333333334
56465,0.13742263615131378,,179986.91666666666
56466,,2.0,179990.375
56475,0.13744263350963593,,180021.5
56476,,2.0,180024.95833333334
56485,0.13746263086795807,,180056.08333333334
56486,,2.0,180059.54166666666
56503,0.13747262954711914,,180087.72340425532
56504,,1.0,180089.48936170212
56523,0.1374826282262802,,180123.04255319148
56524,,1.0,180124.8085106383
56527,0.13749262690544128,,180130.10638297873
56528,,1.0,180131.87234042553
56534,0.13750262558460236,,180142.46808510637
56535,,1.0,180144.2340425532
56555,0.13751262426376343,,180180.3469387755
56556,,1.0,180182.3673469388
56564,0.1375226229429245,,180198.5306122449
56565,,1.0,180200.55102040817
56573,0.13753262162208557,,180216.7142857143
56574,,1.0,180218.73469387754
56585,0.13754262030124664,,180240.95918367346
56586,,1.0,180242.97959183675
56601,0.13757261633872986,,180309.86486486485
56602,,3.0,180315.27027027027
56610,0.13760261237621307,,180358.51351351352
56611,,3.0,180363.9189189189
56620,0.1376326084136963,,180412.56756756757
56621,,3.0,180417.97297297296
56624,0.1376626044511795,,180434.1891891892
56625,,3.0,180439.5945945946
56639,0.13767260313034058,,180473.14705882352
56640,,1.0,180475.70588235295
56645,0.13768260180950165,,180488.5
56646,,1.0,180491.0588235294
56653,0.13769260048866272,,180508.9705882353
56654,,1.0,180511.5294117647
56660,0.1377025991678238,,180526.88235294117
56661,,1.0,180529.4411764706
56670,0.137732595205307,,180559.27272727274
56671,,3.0,180563.81818181818
56684,0.13776259124279022,,180622.9090909091
56685,,3.0,180627.45454545456
56696,0.13779258728027344,,180677.45454545456
56697,,3.0,180682.0
56706,0.13782258331775665,,180722.9090909091
56707,,3.0,180727.45454545456
56719,0.1378425806760788,,180754.725
56720,,2.0,180757.25
56727,0.13786257803440094,,180774.925
56728,,2.0,180777.45
56738,0.13788257539272308,,180802.7
56739,,2.0,180805.225
56748,0.13790257275104523,,180827.95
56749,,2.0,180830.475
56768,0.13793256878852844,,180907.41860465117
56769,,3.0,180912.06976744186
56777,0.13796256482601166,,180949.27906976745
56778,,3.0,180953.93023255814
56786,0.13799256086349487,,180991.13953488372
56787,,3.0,180995.7906976744
56793,0.1380225569009781,,181023.6976744186
56794,,3.0,181028.3488372093
56808,0.13804255425930023,,181066.84615384616
56809,,2.0,181069.92307692306
56818,0.13806255161762238,,181097.61538461538
56819,,2.0,181100.6923076923
56824,0.13808254897594452,,181116.07692307694
56825,,2.0,181119.15384615384
56834,0.13810254633426666,,181146.84615384616
56835,,2.0,181149.92307692306
56849,0.13811254501342773,,181174.48837209304
56850,,1.0,181176.44186046513
56863,0.1381225436925888,,181201.83720930232
56864,,1.0,181203.7906976744
56870,0.13813254237174988,,181215.51162790696
56871,,1.0,181217.46511627908
56879,0.13814254105091095,,181233.09302325582
56880,,1.0,181235.0465116279
56897,0.1381625384092331,,181288.1
56898,,2.0,181291.75
56904,0.13818253576755524,,181313.65
56905,,2.0,181317.3
56912,0.13820253312587738,,181342.85
56913,,2.0,181346.5
56921,0.13822253048419952,,181375.7
56922,,2.0,181379.35
56934,0.13825252652168274,,181410.85714285713
56935,,3.0,181413.95238095237
56943,0.13828252255916595,,181438.7142857143
56944,,3.0,181441.80952380953
56955,0.13831251859664917,,181475.85714285713
56956,,3.0,181478.95238095237
56965,0.13834251463413239,,181506.80952380953
56966,,3.0,181509.90476190476
56984,0.13836251199245453,,181548.45454545456
56985,,2.0,181550.81818181818
56995,0.13838250935077667,,181574.45454545456
56996,,2.0,181576.81818181818
57003,0.13840250670909882,,181593.36363636365
57004,,2.0,181595.72727272726
57011,0.13842250406742096,,181612.27272727274
57012,,2.0,181614.63636363635
57030,0.1384425014257431,,181662.61224489796
57031,,2.0,181665.6530612245
57043,0.13846249878406525,,181702.14285714287
57044,,2.0,181705.18367346938
57056,0.1384824961423874,,181741.67346938775
57057,,2.0,181744.7142857143
57062,0.13850249350070953,,181759.91836734695
57063,,2.0,181762.95918367346
57075,0.13852249085903168,,181796.0
57076,,2.0,181799.33333333334
57084,0.13854248821735382,,181826.0
57085,,2.0,181829.33333333334
57093,0.13856248557567596,,181856.0
57094,,2.0,181859.33333333334
57100,0.1385824829339981,,181879.33333333334
57101,,2.0,181882.66666666666
57114,0.13860248029232025,,181918.61904761905
57115,,2.0,181921.88095238095
57122,0.1386224776506424,,181944.7142857143
57123,,2.0,181947.97619047618
57133,0.13864247500896454,,181980.59523809524
57134,,2.0,181983.85714285713
57144,0.13866247236728668,,182016.47619047618
57145,,2.0,182019.7380952381
57162,0.1386924684047699,,182043.16
57163,,3.0,182044.6
57172,0.1387224644422531,,182057.56
57173,,3.0,182059.0
57186,0.13875246047973633,,182077.72
57187,,3.0,182079.16
57196,0.13878245651721954,,182092.12
57197,,3.0,182093.56
57210,0.13881245255470276,,182113.09523809524
57211,,3.0,182114.90476190476
57219,0.13884244859218597,,182129.38095238095
57220,,3.0,182131.19047619047
57230,0.1388724446296692,,182149.2857142857
57231,,3.0,182151.09523809524
57240,0.1389024406671524,,182167.38095238095
57241,,3.0,182169.19047619047
57255,0.13893243670463562,,182216.83333333334
57256,,3.0,182221.0
57264,0.13896243274211884,,182254.33333333334
57265,,3.0,182258.5
57278,0.13899242877960205,,182312.66666666666
57279,,3.0,182316.83333333334
57290,0.13902242481708527,,182362.66666666666
57291,,3.0,182366.83333333334
57303,0.1390424221754074,,182410.6
57304,,2.0,182415.0
57312,0.13906241953372955,,182450.2
57313,,2.0,182454.6
57317,0.1390824168920517,,182472.2
57318,,2.0,182476.6
57327,0.13910241425037384,,182516.2
57328,,2.0,182520.6
57346,0.13912241160869598,,182578.20754716982
57347,,2.0,182581.75471698114
57352,0.13914240896701813,,182599.49056603774
57353,,2.0,182603.03773584907
57369,0.13916240632534027,,182659.79245283018
57370,,2.0,182663.3396226415
57382,0.13918240368366241,,182705.90566037735
57383,,2.0,182709.45283018867
57399,0.13921239972114563,,182735.95744680852
57400,,3.0,182737.72340425532
57411,0.13924239575862885,,182757.1489361702
57412,,3.0,182758.914893617
57421,0.13927239179611206,,182774.8085106383
57422,,3.0,182776.5744680851
57431,0.13930238783359528,,182792.46808510637
57432,,3.0,182794.2340425532
57447,0.13932238519191742,,182831.16279069768
57448,,2.0,182834.09302325582
57457,0.13934238255023956,,182860.46511627908
57458,,2.0,182863.39534883722
57468,0.1393623799085617,,182892.6976744186
57469,,2.0,182895.62790697673
57476,0.13938237726688385,,182916.13953488372
57477,,2.0,182919.06976744186
57491,0.13941237330436707,,182933.24444444446
57492,,3.0,182934.26666666666
57503,0.13944236934185028,,182945.51111111112
57504,,3.0,182946.53333333333
57511,0.1394723653793335,,182953.6888888889
57512,,3.0,182954.7111111111
57523,0.1395023614168167,,182965.95555555556
57524,,3.0,182966.97777777776
57535,0.13951236009597778,,182986.92682926828
57536,,1.0,182989.29268292684
57548,0.13952235877513885,,183017.68292682926
57549,,1.0,183020.0487804878
57557,0.13953235745429993,,183038.9756097561
57558,,1.0,183041.34146341463
57566,0.139542356133461,,183060.26829268291
57567,,1.0,183062.63414634147
57583,0.139542356133461,,183088.93181818182
57584,,0.0,183090.77272727274
57592,0.139542356133461,,183105.5
57593,,0.0,183107.3409090909
57601,0.139542356133461,,183122.06818181818
57602,,0.0,183123.9090909091
57612,0.139542356133461,,183142.31818181818
57613,,0.0,183144.1590909091
57628,0.1395723521709442,,183172.93333333332
57629,,3.0,183175.17777777778
57639,0.13960234820842743,,183197.6222222222
57640,,3.0,183199.86666666667
57647,0.13963234424591064,,183215.57777777777
57648,,3.0,183217.82222222222
57659,0.13966234028339386,,183242.51111111112
57660,,3.0,183244.75555555554
57670,0.13969233632087708,,183290.75
57671,,3.0,183297.0
57677,0.1397223323583603,,183334.5
57678,,3.0,183340.75
57683,0.1397523283958435,,183372.0
57684,,3.0,183378.25
57693,0.13978232443332672,,183434.5
57694,,3.0,183440.75
57709,0.13981232047080994,,183502.14285714287
57710,,3.0,183506.7380952381
57719,0.13984231650829315,,183548.09523809524
57720,,3.0,183552.69047619047
57729,0.13987231254577637,,183594.04761904763
57730,,3.0,183598.64285714287
57737,0.13990230858325958,,183630.80952380953
57738,,3.0,183635.40476190476
57753,0.13991230726242065,,183663.42857142858
57754,,1.0,183665.38095238095
57762,0.13992230594158173,,183681.0
57763,,1.0,183682.95238095237
57771,0.1399323046207428,,183698.57142857142
57772,,1.0,183700.52380952382
57781,0.13994230329990387,,183718.09523809524
57782,,1.0,183720.04761904763
57797,0.13997229933738708,,183781.68421052632
57798,,3.0,183786.65789473685
57807,0.1400022953748703,,183831.42105263157
57808,,3.0,183836.3947368421
57814,0.14003229141235352,,183866.23684210525
57815,,3.0,183871.2105263158
57821,0.14006228744983673,,183901.05263157896
57822,,3.0,183906.02631578947
57840,0.14008228480815887,,183961.1
57841,,2.0,183964.44
57851,0.14010228216648102,,183997.84
57852,,2.0,184001.18
57861,0.14012227952480316,,184031.24
57862,,2.0,184034.58
57873,0.1401422768831253,,184071.32
57874,,2.0,184074.66
57887,0.1401422768831253,,184101.61111111112
57888,,0.0,184103.97222222222
57896,0.1401422768831253,,184122.86111111112
57897,,0.0,184125.22222222222
57903,0.1401422768831253,,184139.38888888888
57904,,0.0,184141.75
57911,0.1401422768831253,,184158.27777777778
57912,,0.0,184160.63888888888
57927,0.14016227424144745,,184191.89795918367
57928,,2.0,184194.306122449
57940,0.1401822715997696,,184223.20408163266
57941,,2.0,184225.61224489796
57953,0.14020226895809174,,184254.51020408163
57954,,2.0,184256.91836734695
57962,0.14022226631641388,,184276.18367346938
57963,,2.0,184278.5918367347
57978,0.14023226499557495,,184311.43902439025
57979,,1.0,184313.9756097561
57986,0.14024226367473602,,184331.73170731709
57987,,1.0,184334.26829268291
57996,0.1402522623538971,,184357.0975609756
57997,,1.0,184359.63414634147
58005,0.14026226103305817,,184379.92682926828
58006,,1.0,184382.46341463414
58023,0.1402822583913803,,184448.31818181818
58024,,2.0,184452.8409090909
58033,0.14030225574970245,,184493.54545454544
58034,,2.0,184498.06818181818
58044,0.1403222531080246,,184543.29545454544
58045,,2.0,184547.81818181818
58051,0.14034225046634674,,184574.95454545456
58052,,2.0,184579.47727272726
58071,0.14037224650382996,,184649.306122449
58072,,3.0,184653.38775510204
58081,0.14040224254131317,,184690.1224489796
58082,,3.0,184694.20408163266
58090,0.1404322385787964,,184726.85714285713
58091,,3.0,184730.9387755102
58102,0.1404622346162796,,184775.83673469388
58103,,3.0,184779.91836734695
58117,0.14047223329544067,,184827.69444444444
58118,,1.0,184831.66666666666
58123,0.14048223197460175,,184851.52777777778
58124,,1.0,184855.5
58130,0.14049223065376282,,184879.33333333334
58131,,1.0,184883.30555555556
58140,0.1405022293329239,,184919.05555555556
58141,,1.0,184923.02777777778
58154,0.1405322253704071,,184945.57142857142
58155,,3.0,184947.42857142858
58163,0.14056222140789032,,184962.2857142857
58164,,3.0,184964.14285714287
58173,0.14059221744537354,,184980.85714285713
58174,,3.0,184982.7142857143
58184,0.14062221348285675,,185001.2857142857
58185,,3.0,185003.14285714287
58201,0.14063221216201782,,185033.6
58202,,1.0,185035.8
58210,0.1406422108411789,,185053.4
58211,,1.0,185055.6
58220,0.14065220952033997,,185075.4
58221,,1.0,185077.6
58231,0.14066220819950104,,185099.6
58232,,1.0,185101.8
58249,0.14068220555782318,,185149.87234042553
58250,,2.0,185153.1489361702
58260,0.14070220291614532,,185185.914893617
58261,,2.0,185189.1914893617
58271,0.14072220027446747,,185221.95744680852
58272,,2.0,185225.2340425532
58280,0.1407421976327896,,185251.44680851063
58281,,2.0,185254.72340425532
58291,0.14075219631195068,,185281.16666666666
58292,,1.0,185284.47619047618
58301,0.14076219499111176,,185314.2619047619
58302,,1.0,185317.57142857142
58313,0.14077219367027283,,185353.97619047618
58314,,1.0,185357.2857142857
58324,0.1407821923494339,,185390.38095238095
58325,,1.0,185393.69047619047
58342,0.14081218838691711,,185437.72727272726
58343,,3.0,185440.63636363635
58353,0.14084218442440033,,185469.72727272726
58354,,3.0,185472.63636363635
58363,0.14087218046188354,,185498.81818181818
58364,,3.0,185501.72727272726
58370,0.14090217649936676,,185519.18181818182
58371,,3.0,185522.0909090909
58381,0.14093217253684998,,185560.89743589744
58382,,3.0,185566.02564102566
58391,0.1409621685743332,,185612.1794871795
58392,,3.0,185617.3076923077
58400,0.1409921646118164,,185658.33333333334
58401,,3.0,185663.46153846153
58411,0.14102216064929962,,185714.7435897436
58412,,3.0,185719.87179487178
58428,0.14104215800762177,,185772.125
58429,,2.0,185775.75
58436,0.1410621553659439,,185801.125
58437,,2.0,185804.75
58443,0.14108215272426605,,185826.5
58444,,2.0,185830.125
58453,0.1411021500825882,,185862.75
58454,,2.0,185866.375
58465,0.14112214744091034,,185897.6
58466,,2.0,185901.05
58475,0.14114214479923248,,185932.1
58476,,2.0,185935.55
58486,0.14116214215755463,,185970.05
58487,,2.0,185973.5
58495,0.14118213951587677,,186001.1
58496,,2.0,186004.55
58514,0.1412021368741989,,186041.3
58515,,2.0,186043.52
58528,0.14122213423252106,,186072.38
58529,,2.0,186074.6
58538,0.1412421315908432,,186094.58
58539,,2.0,186096.8
58547,0.14126212894916534,,186114.56
58548,,2.0,186116.78
58560,0.14129212498664856,,186173.54545454544
58561,,3.0,186179.60606060605
58567,0.14132212102413177,,186215.9696969697
58568,,3.0,186222.0303030303
58574,0.141352117061615,,186258.39393939395
58575,,3.0,186264.45454545456
58582,0.1413821130990982,,186306.87878787878
58583,,3.0,186312.9393939394
58599,0.14141210913658142,,186380.90476190476
58600,,3.0,186385.66666666666
58606,0.14144210517406464,,186414.2380952381
58607,,3.0,186419.0
58616,0.14147210121154785,,186461.85714285713
58617,,3.0,186466.61904761905
58626,0.14150209724903107,,186509.47619047618
58627,,3.0,186514.2380952381
58643,0.14151209592819214,,186554.95744680852
58644,,1.0,186557.72340425532
58655,0.1415220946073532,,186588.1489361702
58656,,1.0,186590.914893617
58665,0.14153209328651428,,186615.8085106383
58666,,1.0,186618.5744680851
58675,0.14154209196567535,,186643.46808510637
58676,,1.0,186646.2340425532
58689,0.14157208800315857,,186669.95238095237
58690,,3.0,186672.04761904763
58700,0.14160208404064178,,186693.0
58701,,3.0,186695.09523809524
58708,0.141632080078125,,186709.7619047619
58709,,3.0,186711.85714285713
58719,0.14166207611560822,,186732.80952380953
58720,,3.0,186734.90476190476
58731,0.1416720747947693,,186752.66666666666
58732,,1.0,186754.625
58744,0.14168207347393036,,186778.125
58745,,1.0,186780.08333333334
58757,0.14169207215309143,,186803.58333333334
58758,,1.0,186805.54166666666
58769,0.1417020708322525,,186827.08333333334
58770,,1.0,186829.04166666666
58780,0.14173206686973572,,186839.33333333334
58781,,3.0,186840.52380952382
58788,0.14176206290721893,,186848.85714285713
58789,,3.0,186850.04761904763
58802,0.14179205894470215,,186865.52380952382
58803,,3.0,186866.7142857143
58813,0.14182205498218536,,186878.61904761905
58814,,3.0,186879.80952380953
58828,0.14185205101966858,,186932.16279069768
58829,,3.0,186936.81395348837
58836,0.1418820470571518,,186969.37209302327
58837,,3.0,186974.02325581395
58851,0.141912043094635,,187039.13953488372
58852,,3.0,187043.7906976744
58858,0.14194203913211823,,187071.6976744186
58859,,3.0,187076.3488372093
58872,0.14196203649044037,,187131.2857142857
58873,,2.0,187136.3142857143
58877,0.1419820338487625,,187156.42857142858
58878,,2.0,187161.45714285714
58886,0.14200203120708466,,187201.6857142857
58887,,2.0,187206.7142857143
58895,0.1420220285654068,,187246.94285714286
58896,,2.0,187251.9714285714
58911,0.14204202592372894,,187290.70212765958
58912,,2.0,187293.51063829788
58922,0.1420620232820511,,187321.59574468085
58923,,2.0,187324.40425531915
58935,0.14208202064037323,,187358.10638297873
58936,,2.0,187360.914893617
58944,0.14210201799869537,,187383.3829787234
58945,,2.0,187386.1914893617
58963,0.1421320140361786,,187417.72340425532
58964,,3.0,187419.63829787233
58973,0.1421620100736618,,187436.87234042553
58974,,3.0,187438.78723404257
58985,0.14219200611114502,,187459.8510638298
58986,,3.0,187461.7659574468
58993,0.14222200214862823,,187475.17021276595
58994,,3.0,187477.085106383
59009,0.1422320008277893,,187518.14285714287
59010,,1.0,187521.40476190476
59018,0.14224199950695038,,187547.5
59019,,1.0,187550.7619047619
59027,0.14225199818611145,,187576.85714285713
59028,,1.0,187580.11904761905
59037,0.14226199686527252,,187609.47619047618
59038,,1.0,187612.7380952381
59053,0.14229199290275574,,187659.2558139535
59054,,3.0,187662.86046511628
59062,0.14232198894023895,,187691.6976744186
59063,,3.0,187695.3023255814
59071,0.14235198497772217,,187724.13953488372
59072,,3.0,187727.7441860465
59082,0.14238198101520538,,187763.7906976744
59083,,3.0,187767.39534883722
59095,0.1424119770526886,,187790.8
59096,,3.0,187793.0
59104,0.14244197309017181,,187810.6
59105,,3.0,187812.8
59111,0.14247196912765503,,187826.0
59112,,3.0,187828.2
59119,0.14250196516513824,,187843.6
59120,,3.0,187845.8
59133,0.1425219625234604,,187887.0243902439
59134,,2.0,187890.92682926828
59142,0.14254195988178253,,187922.1463414634
59143,,2.0,187926.0487804878
59155,0.14256195724010468,,187972.8780487805
59156,,2.0,187976.78048780488
59162,0.14258195459842682,,188000.19512195123
59163,,2.0,188004.0975609756
59186,0.14261195063591003,,188080.72727272726
59187,,3.0,188084.36363636365
59199,0.14264194667339325,,188128.0
59200,,3.0,188131.63636363635
59209,0.14267194271087646,,188164.36363636365
59210,,3.0,188168.0
59219,0.14270193874835968,,188200.72727272726
59220,,3.0,188204.36363636365
59234,0.1427319347858429,,188230.28205128206
59235,,3.0,188232.3076923077
59242,0.1427619308233261,,188246.4871794872
59243,,3.0,188248.5128205128
59254,0.14279192686080933,,188270.79487179487
59255,,3.0,188272.8205128205
59260,0.14282192289829254,,188282.94871794872
59261,,3.0,188284.97435897434
59277,0.14285191893577576,,188309.68085106384
59278,,3.0,188311.4255319149
59286,0.14288191497325897,,188325.3829787234
59287,,3.0,188327.12765957447
59296,0.1429119110107422,,188342.82978723405
59297,,3.0,188344.5744680851
59309,0.1429419070482254,,188365.51063829788
59310,,3.0,188367.25531914894
59325,0.14297190308570862,,188381.92307692306
59326,,3.0,188383.0
59333,0.14300189912319183,,188390.53846153847
59334,,3.0,188391.61538461538
59343,0.14303189516067505,,188401.3076923077
59344,,3.0,188402.38461538462
59350,0.14306189119815826,,188408.84615384616
59351,,3.0,188409.92307692306
59368,0.14309188723564148,,188430.21568627452
59369,,3.0,188431.58823529413
59380,0.1431218832731247,,188446.6862745098
59381,,3.0,188448.0588235294
59391,0.1431518793106079,,188461.78431372548
59392,,3.0,188463.1568627451
59403,0.14318187534809113,,188478.25490196078
59404,,3.0,188479.6274509804
59421,0.14320187270641327,,188526.18181818182
59422,,2.0,188529.4090909091
59428,0.1432218700647354,,188548.77272727274
59429,,2.0,188552.0
59438,0.14324186742305756,,188581.04545454544
59439,,2.0,188584.27272727274
59449,0.1432618647813797,,188616.54545454544
59450,,2.0,188619.77272727274
59464,0.14329186081886292,,188644.25
59465,,3.0,188646.18181818182
59474,0.14332185685634613,,188663.56818181818
59475,,3.0,188665.5
59487,0.14335185289382935,,188688.68181818182
59488,,3.0,188690.61363636365
59495,0.14338184893131256,,188704.13636363635
59496,,3.0,188706.06818181818
59511,0.14341184496879578,,188733.36363636365
59512,,3.0,188735.47727272726
59522,0.143441841006279,,188756.61363636365
59523,,3.0,188758.72727272726
59531,0.1434718370437622,,188775.63636363635
59532,,3.0,188777.75
59541,0.14350183308124542,,188796.77272727274
59542,,3.0,188798.88636363635
59555,0.14350183308124542,,188825.25
59556,,0.0,188827.675
59562,0.14350183308124542,,188842.225
59563,,0.0,188844.65
59573,0.14350183308124542,,188868.9
59574,,0.0,188871.325
59583,0.14350183308124542,,188893.15
59584,,0.0,188895.575
59599,0.14352183043956757,,188947.23076923078
59600,,2.0,188951.33333333334
59609,0.1435418277978897,,188988.2564102564
59610,,2.0,188992.35897435897
59617,0.14356182515621185,,189021.07692307694
59618,,2.0,189025.1794871795
59624,0.143581822514534,,189049.79487179487
59625,,2.0,189053.89743589744
59639,0.1436118185520172,,189070.375
59640,,3.0,189071.5
59650,0.14364181458950043,,189082.75
59651,,3.0,189083.875
59662,0.14367181062698364,,189096.25
59663,,3.0,189097.375
59674,0.14370180666446686,,189109.75
59675,,3.0,189110.875
59691,0.14373180270195007,,189162.98039215687
59692,,3.0,189166.9019607843
59701,0.1437617987394333,,189202.19607843139
59702,,3.0,189206.11764705883
59716,0.1437917947769165,,189261.01960784313
59717,,3.0,189264.9411764706
59727,0.14382179081439972,,189304.1568627451
59728,,3.0,189308.07843137256
59741,0.14385178685188293,,189343.42857142858
59742,,3.0,189346.57142857142
59757,0.14388178288936615,,189393.7142857143
59758,,3.0,189396.85714285713
59767,0.14391177892684937,,189425.14285714287
59768,,3.0,189428.2857142857
59778,0.14394177496433258,,189459.7142857143
59779,,3.0,189462.85714285713
59790,0.14396177232265472,,189491.24444444446
59791,,2.0,189494.4
59800,0.14398176968097687,,189522.8
59801,,2.0,189525.95555555556
59812,0.144001767039299,,189560.66666666666
59813,,2.0,189563.82222222222
59825,0.14402176439762115,,189601.6888888889
59826,,2.0,189604.84444444443
59842,0.14405176043510437,,189629.86363636365
59843,,3.0,189631.54545454544
59850,0.14408175647258759,,189643.31818181818
59851,,3.0,189645.0
59861,0.1441117525100708,,189661.81818181818
59862,,3.0,189663.5
59871,0.14414174854755402,,189678.63636363635
59872,,3.0,189680.31818181818
59890,0.14417174458503723,,189748.66666666666
59891,,3.0,189753.11111111112
59896,0.14420174062252045,,189775.33333333334
59897,,3.0,189779.77777777778
59909,0.14423173666000366,,189833.11111111112
59910,,3.0,189837.55555555556
59918,0.14426173269748688,,189873.11111111112
59919,,3.0,189877.55555555556
59934,0.1442917287349701,,189912.43902439025
59935,,3.0,189914.9756097561
59942,0.1443217247724533,,189932.73170731709
59943,,3.0,189935.26829268291
59953,0.14435172080993652,,189960.63414634147
59954,,3.0,189963.17073170733
59961,0.14438171684741974,,189980.92682926828
59962,,3.0,189983.46341463414
59976,0.14440171420574188,,190007.29787234042
59977,,2.0,190009.2340425532
59986,0.14442171156406403,,190026.6595744681
59987,,2.0,190028.59574468085
59999,0.14444170892238617,,190051.82978723405
60000,,2.0,190053.7659574468
60010,0.1444617062807083,,190073.12765957447
60011,,2.0,190075.06382978722
60025,0.14449170231819153,,190136.45945945947
60026,,3.0,190141.86486486485
60032,0.14452169835567474,,190174.2972972973
60033,,3.0,190179.7027027027
60038,0.14455169439315796,,190206.72972972973
60039,,3.0,190212.13513513515
60049,0.14458169043064117,,190266.1891891892
60050,,3.0,190271.5945945946
60066,0.1446116864681244,,190332.31914893616
60067,,3.0,190336.5744680851
60077,0.1446416825056076,,190379.12765957447
60078,,3.0,190383.3829787234
60087,0.14467167854309082,,190421.68085106384
60088,,3.0,190425.93617021278
60098,0.14470167458057404,,190468.48936170212
60099,,3.0,190472.74468085106
60115,0.1447116732597351,,190518.72093023255
60116,,1.0,190521.93023255814
60123,0.14472167193889618,,190544.39534883722
60124,,1.0,190547.60465116278
60136,0.14473167061805725,,190586.11627906977
60137,,1.0,190589.32558139536
60143,0.14474166929721832,,190608.58139534883
60144,,1.0,190611.7906976744
60164,0.14477166533470154,,190632.0
60165,,3.0,190633.0
60173,0.14480166137218475,,190641.0
60174,,3.0,190642.0
60185,0.14483165740966797,,190653.0
60186,,3.0,190654.0
60195,0.14486165344715118,,190663.0
60196,,3.0,190664.0
60212,0.14488165080547333,,190705.13043478262
60213,,2.0,190708.21739130435
60223,0.14490164816379547,,190739.08695652173
60224,,2.0,190742.1739130435
60233,0.14492164552211761,,190769.95652173914
60234,,2.0,190773.04347826086
60243,0.14494164288043976,,190800.8260869565
60244,,2.0,190803.91304347827
60258,0.14497163891792297,,190820.53846153847
60259,,3.0,190821.76923076922
60268,0.1450016349554062,,190832.84615384616
60269,,3.0,190834.07692307694
60276,0.1450316309928894,,190842.6923076923
60277,,3.0,190843.92307692306
60284,0.14506162703037262,,190852.53846153847
60285,,3.0,190853.76923076922
60296,0.14508162438869476,,190881.77551020408
60297,,2.0,190885.1224489796
60308,0.1451016217470169,,190921.9387755102
60309,,2.0,190925.2857142857
60321,0.14512161910533905,,190965.44897959183
60322,,2.0,190968.79591836734
60335,0.1451416164636612,,191012.306122449
60336,,2.0,191015.6530612245
60351,0.14516161382198334,,191047.68292682926
60352,,2.0,191050.07317073172
60360,0.14518161118030548,,191069.19512195123
60361,,2.0,191071.58536585365
60370,0.14520160853862762,,191093.0975609756
60371,,2.0,191095.48780487804
60378,0.14522160589694977,,191112.21951219512
60379,,2.0,191114.60975609755
60391,0.1452416032552719,,191137.25
60392,,2.0,191139.5
60401,0.14526160061359406,,191159.75
60402,,2.0,191162.0
60416,0.1452815979719162,,191193.5
60417,,2.0,191195.75
60428,0.14530159533023834,,191220.5
60429,,2.0,191222.75
60443,0.14532159268856049,,191252.2380952381
60444,,2.0,191254.7142857143
60451,0.14534159004688263,,191272.04761904763
60452,,2.0,191274.52380952382
60463,0.14536158740520477,,191301.7619047619
60464,,2.0,191304.2380952381
60472,0.14538158476352692,,191324.04761904763
60473,,2.0,191326.52380952382
60486,0.145391583442688,,191354.0
60487,,1.0,191356.5
60492,0.14540158212184906,,191369.0
60493,,1.0,191371.5
60503,0.14541158080101013,,191396.5
60504,,1.0,191399.0
60512,0.1454215794801712,,191419.0
60513,,1.0,191421.5
60531,0.14545157551765442,,191459.1923076923
60532,,3.0,191461.53846153847
60542,0.14548157155513763,,191485.0
60543,,3.0,191487.34615384616
60556,0.14551156759262085,,191517.84615384616
60557,,3.0,191520.1923076923
60566,0.14554156363010406,,191541.3076923077
60567,,3.0,191543.65384615384
60583,0.1455615609884262,,191574.97916666666
60584,,2.0,191577.20833333334
60594,0.14558155834674835,,191599.5
60595,,2.0,191601.72916666666
60606,0.1456015557050705,,191626.25
60607,,2.0,191628.47916666666
60616,0.14562155306339264,,191648.54166666666
60617,,2.0,191650.77083333334
60631,0.14565154910087585,,191703.0
60632,,3.0,191707.54545454544
60640,0.14568154513835907,,191743.9090909091
60641,,3.0,191748.45454545456
60653,0.14571154117584229,,191803.0
60654,,3.0,191807.54545454544
60662,0.1457415372133255,,191843.9090909091
60663,,3.0,191848.45454545456
60674,0.14577153325080872,,191872.0909090909
60675,,3.0,191874.47727272726
60685,0.14580152928829193,,191898.3409090909
60686,,3.0,191900.72727272726
60696,0.14583152532577515,,191924.5909090909
60697,,3.0,191926.97727272726
60708,0.14586152136325836,,191953.22727272726
60709,,3.0,191955.61363636365
60721,0.14589151740074158,,191971.275
60722,,3.0,191972.75
60730,0.1459215134382248,,191984.55
60731,,3.0,191986.025
60739,0.145951509475708,,191997.825
60740,,3.0,191999.3
60750,0.14598150551319122,,192014.05
60751,,3.0,192015.525
60765,0.14600150287151337,,192037.46
60766,,2.0,192039.32
60775,0.1460215002298355,,192056.06
60776,,2.0,192057.92
60787,0.14604149758815765,,192078.38
60788,,2.0,192080.24
60802,0.1460614949464798,,192106.28
60803,,2.0,192108.14
60815,0.14608149230480194,,192136.79545454544
60816,,2.0,192139.77272727274
60829,0.14610148966312408,,192178.47727272726
60830,,2.0,192181.45454545456
60838,0.14612148702144623,,192205.27272727274
60839,,2.0,192208.25
60848,0.14614148437976837,,192235.04545454544
60849,,2.0,192238.02272727274
60865,0.1461714804172516,,192300.0909090909
60866,,3.0,192304.63636363635
60874,0.1462014764547348,,192341.0
60875,,3.0,192345.54545454544
60884,0.14623147249221802,,192386.45454545456
60885,,3.0,192391.0
60894,0.14626146852970123,,192431.9090909091
60895,,3.0,192436.45454545456
60907,0.14629146456718445,,192467.1219512195
60908,,3.0,192470.0243902439
60915,0.14632146060466766,,192490.34146341463
60916,,3.0,192493.24390243902
60925,0.14635145664215088,,192519.36585365853
60926,,3.0,192522.26829268291
60937,0.1463814526796341,,192554.19512195123
60938,,3.0,192557.0975609756
60951,0.14640145003795624,,192588.83720930232
60952,,2.0,192591.72093023255
60959,0.14642144739627838,,192611.90697674418
60960,,2.0,192614.7906976744
60967,0.14644144475460052,,192634.97674418605
60968,,2.0,192637.86046511628
60982,0.14646144211292267,,192678.23255813954
60983,,2.0,192681.11627906977
61003,0.1464814394712448,,192731.66666666666
61004,,2.0,192734.4705882353
61014,0.14650143682956696,,192762.50980392157
61015,,2.0,192765.3137254902
61023,0.1465214341878891,,192787.74509803922
61024,,2.0,192790.54901960783
61035,0.14654143154621124,,192821.39215686274
61036,,2.0,192824.19607843139
61050,0.1465614289045334,,192852.10869565216
61051,,2.0,192854.39130434784
61061,0.14658142626285553,,192877.21739130435
61062,,2.0,192879.5
61073,0.14660142362117767,,192904.60869565216
61074,,2.0,192906.89130434784
61083,0.14662142097949982,,192927.4347826087
61084,,2.0,192929.71739130435
61100,0.14665141701698303,,192958.9512195122
61101,,3.0,192961.0243902439
61111,0.14668141305446625,,192981.75609756098
61112,,3.0,192983.82926829267
61118,0.14671140909194946,,192996.26829268291
61119,,3.0,192998.34146341463
61126,0.14674140512943268,,193012.8536585366
61127,,3.0,193014.92682926828
61148,0.1467714011669159,,193057.97872340426
61149,,3.0,193060.25531914894
61157,0.1468013972043991,,193078.46808510637
61158,,3.0,193080.74468085106
61166,0.14683139324188232,,193098.95744680852
61167,,3.0,193101.2340425532
61175,0.14686138927936554,,193119.44680851063
61176,,3.0,193121.72340425532
61188,0.14689138531684875,,193138.44186046513
61189,,3.0,193140.0465116279
61198,0.14692138135433197,,193154.48837209304
61199,,3.0,193156.09302325582
61207,0.14695137739181519,,193168.93023255814
61208,,3.0,193170.53488372092
61220,0.1469813734292984,,193189.7906976744
61221,,3.0,193191.39534883722
61237,0.14701136946678162,,193252.0909090909
61238,,3.0,193256.63636363635
61244,0.14704136550426483,,193283.9090909091
61245,,3.0,193288.45454545456
61256,0.14707136154174805,,193338.45454545456
61257,,3.0,193343.0
61266,0.14710135757923126,,193383.9090909091
61267,,3.0,193388.45454545456
61279,0.14713135361671448,,193425.44736842104
61280,,3.0,193429.05263157896
61289,0.1471613496541977,,193461.5
61290,,3.0,193465.1052631579
61296,0.1471913456916809,,193486.73684210525
61297,,3.0,193490.34210526315
61306,0.14722134172916412,,193522.7894736842
61307,,3.0,193526.3947368421
61322,0.14724133908748627,,193567.17073170733
61323,,2.0,193570.26829268291
61332,0.1472613364458084,,193598.1463414634
61333,,2.0,193601.24390243902
61341,0.14728133380413055,,193626.0243902439
61342,,2.0,193629.1219512195
61349,0.1473013311624527,,193650.80487804877
61350,,2.0,193653.9024390244
61366,0.1473313271999359,,193684.3829787234
61367,,3.0,193686.48936170212
61378,0.14736132323741913,,193709.6595744681
61379,,3.0,193711.7659574468
61391,0.14739131927490234,,193737.04255319148
61392,,3.0,193739.1489361702
61398,0.14742131531238556,,193751.78723404257
61399,,3.0,193753.89361702127
61412,0.14745131134986877,,193793.07317073172
61413,,3.0,193796.78048780488
61422,0.147481307387352,,193830.1463414634
61423,,3.0,193833.8536585366
61432,0.1475113034248352,,193867.21951219512
61433,,3.0,193870.92682926828
61441,0.14754129946231842,,193900.58536585365
61442,,3.0,193904.29268292684
61456,0.14756129682064056,,193940.7441860465
61457,,2.0,193943.72093023255
61463,0.1475812941789627,,193961.58139534883
61464,,2.0,193964.55813953487
61472,0.14760129153728485,,193988.37209302327
61473,,2.0,193991.3488372093
61486,0.147621288895607,,194030.0465116279
61487,,2.0,194033.02325581395
61500,0.1476512849330902,,194061.77777777778
61501,,3.0,194064.35555555555
61516,0.14768128097057343,,194103.02222222224
61517,,3.0,194105.6
61526,0.14771127700805664,,194128.8
61527,,3.0,194131.3777777778
61533,0.14774127304553986,,194146.84444444443
61534,,3.0,194149.42222222223
61551,0.147761270403862,,194183.34782608695
61552,,2.0,194185.58695652173
61560,0.14778126776218414,,194203.5
61561,,2.0,194205.73913043478
61570,0.1478012651205063,,194225.89130434784
61571,,2.0,194228.13043478262
61581,0.14782126247882843,,194250.52173913043
61582,,2.0,194252.76086956522
61601,0.14785125851631165,,194299.93617021278
61602,,3.0,194302.74468085106
61610,0.14788125455379486,,194325.21276595743
61611,,3.0,194328.02127659574
61620,0.14791125059127808,,194353.29787234042
61621,,3.0,194356.10638297873
61630,0.1479412466287613,,194381.3829787234
61631,,3.0,194384.1914893617
61645,0.1479712426662445,,194399.03773584907
61646,,3.0,194400.1320754717
61658,0.14800123870372772,,194413.2641509434
61659,,3.0,194414.35849056602
61670,0.14803123474121094,,194426.3962264151
61671,,3.0,194427.49056603774
61685,0.14806123077869415,,194442.81132075473
61686,,3.0,194443.90566037735
61702,0.1480812281370163,,194497.26530612246
61703,,2.0,194501.2857142857
61713,0.14810122549533844,,194541.48979591837
61714,,2.0,194545.51020408163
61724,0.14812122285366058,,194585.7142857143
61725,,2.0,194589.73469387754
61736,0.14814122021198273,,194633.95918367346
61737,,2.0,194637.97959183675
61751,0.14817121624946594,,194686.0
61752,,3.0,194690.0
61764,0.14820121228694916,,194738.0
61765,,3.0,194742.0
61778,0.14823120832443237,,194794.0
61779,,3.0,194798.0
61788,0.1482612043619156,,194834.0
61789,,3.0,194838.0
61809,0.1482912003993988,,194867.68085106384
61810,,3.0,194869.1914893617
61816,0.14832119643688202,,194878.25531914894
61817,,3.0,194879.7659574468
61825,0.14835119247436523,,194891.8510638298
61826,,3.0,194893.36170212767
61837,0.14838118851184845,,194909.97872340426
61838,,3.0,194911.48936170212
61849,0.14841118454933167,,194930.45454545456
61850,,3.0,194932.63636363635
61858,0.14844118058681488,,194950.0909090909
61859,,3.0,194952.27272727274
61866,0.1484711766242981,,194967.54545454544
61867,,3.0,194969.72727272726
61872,0.1485011726617813,,194980.63636363635
61873,,3.0,194982.81818181818
61893,0.14852117002010345,,195022.59615384616
61894,,2.0,195024.8076923077
61900,0.1485411673784256,,195038.07692307694
61901,,2.0,195040.28846153847
61914,0.14856116473674774,,195069.03846153847
61915,,2.0,195071.25
61926,0.14858116209506989,,195095.57692307694
61927,,2.0,195097.78846153847
61948,0.14860115945339203,,195170.56
61949,,2.0,195174.48
61958,0.14862115681171417,,195209.76
61959,,2.0,195213.68
61965,0.14864115417003632,,195237.2
61966,,2.0,195241.12
61978,0.14866115152835846,,195288.16
61979,,2.0,195292.08
61996,0.14869114756584167,,195359.63636363635
61997,,3.0,195364.18181818182
62004,0.1487211436033249,,195396.0
62005,,3.0,195400.54545454544
62014,0.1487511396408081,,195441.45454545456
62015,,3.0,195446.0
62024,0.14878113567829132,,195486.9090909091
62025,,3.0,195491.45454545456
62038,0.14881113171577454,,195510.48979591837
62039,,3.0,195511.9387755102
62049,0.14884112775325775,,195526.42857142858
62050,,3.0,195527.8775510204
62064,0.14887112379074097,,195548.16326530612
62065,,3.0,195549.61224489796
62075,0.14890111982822418,,195564.10204081633
62076,,3.0,195565.55102040817
62092,0.1489311158657074,,195585.6875
62093,,3.0,195587.125
62105,0.1489611119031906,,195604.375
62106,,3.0,195605.8125
62116,0.14899110794067383,,195620.1875
62117,,3.0,195621.625
62125,0.14902110397815704,,195633.125
62126,,3.0,195634.5625
62139,0.14905110001564026,,195656.41666666666
62140,,3.0,195658.45833333334
62149,0.14908109605312347,,195676.83333333334
62150,,3.0,195678.875
62163,0.1491110920906067,,195705.41666666666
62164,,3.0,195707.45833333334
62175,0.1491410881280899,,195729.91666666666
62176,,3.0,195731.95833333334
62191,0.14917108416557312,,195782.97959183675
62192,,3.0,195787.0612244898
62200,0.14920108020305634,,195819.7142857143
62201,,3.0,195823.79591836734
62212,0.14923107624053955,,195868.693877551
62213,,3.0,195872.77551020408
62226,0.14926107227802277,,195925.83673469388
62227,,3.0,195929.91836734695
62245,0.1492810696363449,,195986.5
62246,,2.0,195990.0
62255,0.14930106699466705,,196021.5
62256,,2.0,196025.0
62265,0.1493210643529892,,196056.5
62266,,2.0,196060.0
62278,0.14934106171131134,,196102.0
62279,,2.0,196105.5
62293,0.14936105906963348,,196152.75
62294,,2.0,196156.72727272726
62304,0.14938105642795563,,196196.5
62305,,2.0,196200.47727272726
62310,0.14940105378627777,,196220.36363636365
62311,,2.0,196224.3409090909
62324,0.14942105114459991,,196276.04545454544
62325,,2.0,196280.02272727274
62341,0.14945104718208313,,196298.81395348837
62342,,3.0,196299.9534883721
62348,0.14948104321956635,,196306.7906976744
62349,,3.0,196307.93023255814
62357,0.14951103925704956,,196317.0465116279
62358,,3.0,196318.18604651163
62369,0.14954103529453278,,196330.72093023255
62370,,3.0,196331.86046511628
62385,0.149571031332016,,196345.81818181818
62386,,3.0,196346.88636363635
62395,0.1496010273694992,,196356.5
62396,,3.0,196357.56818181818
62404,0.14963102340698242,,196366.11363636365
62405,,3.0,196367.18181818182
62415,0.14966101944446564,,196377.86363636365
62416,,3.0,196378.93181818182
62430,0.14969101548194885,,196435.0
62431,,3.0,196440.0
62441,0.14972101151943207,,196490.0
62442,,3.0,196495.0
62448,0.14975100755691528,,196525.0
62449,,3.0,196530.0
62457,0.1497810035943985,,196570.0
62458,,3.0,196575.0
62474,0.14980100095272064,,196627.29787234042
62475,,2.0,196630.93617021278
62484,0.14982099831104279,,196663.68085106384
62485,,2.0,196667.31914893616
62496,0.14984099566936493,,196707.3404255319
62497,,2.0,196710.97872340426
62506,0.14986099302768707,,196743.72340425532
62507,,2.0,196747.36170212767
62522,0.14987099170684814,,196791.42105263157
62523,,1.0,196794.7894736842
62528,0.14988099038600922,,196811.63157894736
62529,,1.0,196815.0
62536,0.1498909890651703,,196838.57894736843
62537,,1.0,196841.94736842104
62546,0.14990098774433136,,196872.26315789475
62547,,1.0,196875.63157894736
62563,0.1499209851026535,,196925.51111111112
62564,,2.0,196929.0888888889
62574,0.14994098246097565,,196964.86666666667
62575,,2.0,196968.44444444444
62582,0.1499609798192978,,196993.48888888888
62583,,2.0,196997.06666666668
62593,0.14998097717761993,,197032.84444444443
62594,,2.0,197036.42222222223
62613,0.15001097321510315,,197062.8148148148
62614,,3.0,197064.24074074073
62623,0.15004096925258636,,197077.07407407407
62624,,3.0,197078.5
62635,0.15007096529006958,,197094.1851851852
62636,,3.0,197095.61111111112
62649,0.1501009613275528,,197114.14814814815
62650,,3.0,197115.57407407407
62665,0.150130957365036,,197148.8260869565
62666,,3.0,197151.47826086957
62677,0.15016095340251923,,197180.65217391305
62678,,3.0,197183.30434782608
62687,0.15019094944000244,,197207.1739130435
62688,,3.0,197209.8260869565
62697,0.15022094547748566,,197233.69565217392
62698,,3.0,197236.34782608695
62710,0.15025094151496887,,197249.31707317074
62711,,3.0,197250.46341463414
62725,0.1502809375524521,,197266.51219512196
62726,,3.0,197267.65853658537
62733,0.1503109335899353,,197275.68292682926
62734,,3.0,197276.82926829267
62740,0.15034092962741852,,197283.70731707316
62741,,3.0,197284.8536585366
62758,0.15037092566490173,,197303.20833333334
62759,,3.0,197304.4375
62769,0.15040092170238495,,197316.72916666666
62770,,3.0,197317.95833333334
62781,0.15043091773986816,,197331.47916666666
62782,,3.0,197332.70833333334
62790,0.15046091377735138,,197342.54166666666
62791,,3.0,197343.77083333334
62807,0.1504909098148346,,197400.31914893616
62808,,3.0,197404.5744680851
62821,0.1505209058523178,,197459.89361702127
62822,,3.0,197464.1489361702
62833,0.15055090188980103,,197510.95744680852
62834,,3.0,197515.21276595743
62839,0.15058089792728424,,197536.48936170212
62840,,3.0,197540.74468085106
62847,0.15060089528560638,,197564.76470588235
62848,,2.0,197569.70588235295
62855,0.15062089264392853,,197604.29411764705
62856,,2.0,197609.23529411765
62864,0.15064089000225067,,197648.76470588235
62865,,2.0,197653.70588235295
62875,0.15066088736057281,,197703.11764705883
62876,,2.0,197708.0588235294
62886,0.15069088339805603,,197724.23684210525
62887,,3.0,197725.84210526315
62893,0.15072087943553925,,197735.47368421053
62894,,3.0,197737.07894736843
62904,0.15075087547302246,,197753.13157894736
62905,,3.0,197754.73684210525
62915,0.15078087151050568,,197770.7894736842
62916,,3.0,197772.3947368421
62928,0.1508108675479889,,197789.75
62929,,3.0,197791.5
62940,0.1508408635854721,,197810.75
62941,,3.0,197812.5
62950,0.15087085962295532,,197828.25
62951,,3.0,197830.0
62961,0.15090085566043854,,197847.5
62962,,3.0,197849.25
62972,0.15093085169792175,,197873.75
62973,,3.0,197877.0
62979,0.15096084773540497,,197896.5
62980,,3.0,197899.75
62990,0.15099084377288818,,197932.25
62991,,3.0,197935.5
62999,0.1510208398103714,,197961.5
63000,,3.0,197964.75
63014,0.15104083716869354,,198005.92105263157
63015,,2.0,198009.36842105264
63024,0.15106083452701569,,198040.3947368421
63025,,2.0,198043.84210526315
63030,0.15108083188533783,,198061.07894736843
63031,,2.0,198064.52631578947
63039,0.15110082924365997,,198092.1052631579
63040,,2.0,198095.55263157896
63053,0.15112082660198212,,198118.31818181818
63054,,2.0,198120.25
63063,0.15114082396030426,,198137.63636363635
63064,,2.0,198139.56818181818
63076,0.1511608213186264,,198162.75
63077,,2.0,198164.68181818182
63085,0.15118081867694855,,198180.13636363635
63086,,2.0,198182.06818181818
63106,0.15118081867694855,,198227.97826086957
63107,,0.0,198230.5652173913
63116,0.15118081867694855,,198253.84782608695
63117,,0.0,198256.4347826087
63125,0.15118081867694855,,198277.13043478262
63126,,0.0,198279.71739130435
63133,0.15118081867694855,,198297.8260869565
63134,,0.0,198300.41304347827
63147,0.1512008160352707,,198351.46153846153
63148,,2.0,198356.3076923077
63157,0.15122081339359283,,198399.92307692306
63158,,2.0,198404.76923076922
63165,0.15124081075191498,,198438.6923076923
63166,,2.0,198443.53846153847
63174,0.15126080811023712,,198482.3076923077
63175,,2.0,198487.15384615384
63191,0.15129080414772034,,198505.4262295082
63192,,3.0,198506.45901639343
63204,0.15132080018520355,,198518.8524590164
63205,,3.0,198519.88524590165
63218,0.15135079622268677,,198533.31147540984
63219,,3.0,198534.34426229508
63237,0.15138079226016998,,198552.9344262295
63238,,3.0,198553.96721311475
63252,0.1514107882976532,,198575.26315789475
63253,,3.0,198577.1052631579
63259,0.1514407843351364,,198588.15789473685
63260,,3.0,198590.0
63268,0.15147078037261963,,198604.73684210525
63269,,3.0,198606.57894736843
63277,0.15150077641010284,,198621.31578947368
63278,,3.0,198623.15789473685
63290,0.15153077244758606,,198671.15384615384
63291,,3.0,198676.28205128206
63297,0.15156076848506927,,198707.05128205128
63298,,3.0,198712.1794871795
63307,0.1515907645225525,,198758.33333333334
63308,,3.0,198763.46153846153
63318,0.1516207605600357,,198814.7435897436
63319,,3.0,198819.87179487178
63338,0.15165075659751892,,198856.33333333334
63339,,3.0,198858.29166666666
63346,0.15168075263500214,,198872.0
63347,,3.0,198873.95833333334
63356,0.15171074867248535,,198891.58333333334
63357,,3.0,198893.54166666666
63368,0.15174074470996857,,198915.08333333334
63369,,3.0,198917.04166666666
63382,0.15175074338912964,,198939.5
63383,,1.0,198941.55
63391,0.1517607420682907,,198957.95
63392,,1.0,198960.0
63401,0.15177074074745178,,198978.45
63402,,1.0,198980.5
63410,0.15178073942661285,,198996.9
63411,,1.0,198998.95
63422,0.151800736784935,,199025.57142857142
63423,,2.0,199028.64285714287
63433,0.15182073414325714,,199059.35714285713
63434,,2.0,199062.42857142858
63445,0.15184073150157928,,199096.2142857143
63446,,2.0,199099.2857142857
63454,0.15186072885990143,,199123.85714285713
63455,,2.0,199126.92857142858
63467,0.1518707275390625,,199150.67567567568
63468,,1.0,199152.97297297296
63478,0.15188072621822357,,199175.94594594595
63479,,1.0,199178.24324324325
63486,0.15189072489738464,,199194.32432432432
63487,,1.0,199196.62162162163
63493,0.15190072357654572,,199210.4054054054
63494,,1.0,199212.7027027027
63511,0.15192072093486786,,199262.04
63512,,2.0,199265.4
63520,0.15194071829319,,199292.28
63521,,2.0,199295.64
63531,0.15196071565151215,,199329.24
63532,,2.0,199332.6
63545,0.1519807130098343,,199376.28
63546,,2.0,199379.64
63562,0.15200071036815643,,199427.2619047619
63563,,2.0,199430.66666666666
63572,0.15202070772647858,,199461.30952380953
63573,,2.0,199464.7142857143
63581,0.15204070508480072,,199491.95238095237
63582,,2.0,199495.35714285713
63589,0.15206070244312286,,199519.19047619047
63590,,2.0,199522.59523809524
63611,0.15209069848060608,,199591.6
63612,,3.0,199595.24444444446
63620,0.1521206945180893,,199624.4
63621,,3.0,199628.04444444444
63627,0.1521506905555725,,199649.9111111111
63628,,3.0,199653.55555555556
63636,0.15218068659305573,,199682.7111111111
63637,,3.0,199686.35555555555
63656,0.15221068263053894,,199735.5652173913
63657,,3.0,199738.41304347827
63666,0.15224067866802216,,199764.04347826086
63667,,3.0,199766.89130434784
63676,0.15227067470550537,,199792.52173913043
63677,,3.0,199795.36956521738
63684,0.1523006707429886,,199815.30434782608
63685,,3.0,199818.15217391305
63700,0.15232066810131073,,199872.42857142858
63701,,2.0,199876.7142857143
63708,0.15234066545963287,,199906.7142857143
63709,,2.0,199911.0
63722,0.15236066281795502,,199966.7142857143
63723,,2.0,199971.0
63728,0.15238066017627716,,199992.42857142858
63729,,2.0,199996.7142857143
63747,0.1524006575345993,,200032.5
63748,,2.0,200034.6
63758,0.15242065489292145,,200055.6
63759,,2.0,200057.7
63768,0.1524406522512436,,200076.6
63769,,2.0,200078.7
63780,0.15246064960956573,,200101.8
63781,,2.0,200103.9
63800,0.1524706482887268,,200134.16
63801,,1.0,200135.92
63813,0.15248064696788788,,200157.04
63814,,1.0,200158.8
63825,0.15249064564704895,,200178.16
63826,,1.0,200179.92
63832,0.15250064432621002,,200190.48
63833,,1.0,200192.24
63845,0.15252064168453217,,200243.75
63846,,2.0,200249.27777777778
63854,0.1525406390428543,,200293.5
63855,,2.0,200299.02777777778
63862,0.15256063640117645,,200337.72222222222
63863,,2.0,200343.25
63870,0.1525806337594986,,200381.94444444444
63871,,2.0,200387.47222222222
63888,0.15260063111782074,,200421.60869565216
63889,,2.0,200423.65217391305
63899,0.15262062847614288,,200444.08695652173
63900,,2.0,200446.13043478262
63909,0.15264062583446503,,200464.52173913043
63910,,2.0,200466.5652173913
63918,0.15266062319278717,,200482.91304347827
63919,,2.0,200484.95652173914
63937,0.15268062055110931,,200525.26530612246
63938,,2.0,200527.81632653062
63949,0.15270061790943146,,200555.8775510204
63950,,2.0,200558.42857142858
63959,0.1527206152677536,,200581.38775510204
63960,,2.0,200583.9387755102
63969,0.15274061262607574,,200606.89795918367
63970,,2.0,200609.44897959183
63989,0.15277060866355896,,200643.2888888889
63990,,3.0,200645.24444444446
63998,0.15280060470104218,,200660.88888888888
63999,,3.0,200662.84444444443
64006,0.1528306007385254,,200676.53333333333
64007,,3.0,200678.48888888888
64016,0.1528605967760086,,200696.0888888889
64017,,3.0,200698.04444444444
64030,0.15288059413433075,,200727.38095238095
64031,,2.0,200730.11904761905
64036,0.1529005914926529,,200743.80952380953
64037,,2.0,200746.54761904763
64050,0.15292058885097504,,200782.14285714287
64051,,2.0,200784.88095238095
64060,0.15294058620929718,,200809.52380952382
64061,,2.0,200812.2619047619
64074,0.15295058488845825,,200838.125
64075,,1.0,200840.4375
64089,0.15296058356761932,,200872.8125
64090,,1.0,200875.125
64098,0.1529705822467804,,200893.625
64099,,1.0,200895.9375
64110,0.15298058092594147,,200921.375
64111,,1.0,200923.6875
64125,0.1530005782842636,,200948.7857142857
64126,,2.0,200950.85714285713
64136,0.15302057564258575,,200971.57142857142
64137,,2.0,200973.64285714287
64145,0.1530405730009079,,200990.2142857143
64146,,2.0,200992.2857142857
64154,0.15306057035923004,,201008.85714285713
64155,,2.0,201010.92857142858
64170,0.15308056771755219,,201053.18604651163
64171,,2.0,201056.53488372092
64181,0.15310056507587433,,201090.02325581395
64182,,2.0,201093.37209302327
64191,0.15312056243419647,,201123.51162790696
64192,,2.0,201126.86046511628
64199,0.15314055979251862,,201150.3023255814
64200,,2.0,201153.6511627907
64215,0.15316055715084076,,201187.0
64216,,2.0,201189.5
64226,0.1531805545091629,,201214.5
64227,,2.0,201217.0
64231,0.15320055186748505,,201227.0
64232,,2.0,201229.5
64241,0.1532205492258072,,201252.0
64242,,2.0,201254.5
64257,0.1532505452632904,,201276.914893617
64258,,3.0,201278.5744680851
64268,0.15328054130077362,,201295.17021276595
64269,,3.0,201296.82978723405
64280,0.15331053733825684,,201315.085106383
64281,,3.0,201316.74468085106
64290,0.15334053337574005,,201331.68085106384
64291,,3.0,201333.3404255319
64307,0.1533605307340622,,201389.8536585366
64308,,2.0,201394.07317073172
64316,0.15338052809238434,,201427.82926829267
64317,,2.0,201432.0487804878
64325,0.15340052545070648,,201465.80487804877
64326,,2.0,201470.0243902439
64333,0.15342052280902863,,201499.56097560975
64334,,2.0,201503.78048780488
64348,0.15344052016735077,,201540.42105263157
64349,,2.0,201543.36842105264
64355,0.1534605175256729,,201561.05263157896
64356,,2.0,201564.0
64366,0.15348051488399506,,201593.47368421053
64367,,2.0,201596.42105263157
64373,0.1535005122423172,,201614.1052631579
64374,,2.0,201617.05263157896
64391,0.15353050827980042,,201643.95555555556
64392,,3.0,201645.66666666666
64402,0.15356050431728363,,201662.77777777778
64403,,3.0,201664.48888888888
64412,0.15359050035476685,,201679.88888888888
64413,,3.0,201681.6
64420,0.15362049639225006,,201693.57777777777
64421,,3.0,201695.2888888889
64440,0.1536404937505722,,201764.9024390244
64441,,2.0,201769.1463414634
64448,0.15366049110889435,,201798.8536585366
64449,,2.0,201803.0975609756
64457,0.1536804884672165,,201837.0487804878
64458,,2.0,201841.29268292684
64463,0.15370048582553864,,201862.51219512196
64464,,2.0,201866.75609756098
64475,0.15372048318386078,,201892.5652173913
64476,,2.0,201895.26086956522
64484,0.15374048054218292,,201916.8260869565
64485,,2.0,201919.52173913043
64498,0.15376047790050507,,201954.5652173913
64499,,2.0,201957.26086956522
64511,0.1537804752588272,,201989.60869565216
64512,,2.0,201992.30434782608
64531,0.15380047261714935,,202028.37931034484
64532,,2.0,202030.4655172414
64545,0.1538204699754715,,202057.58620689655
64546,,2.0,202059.6724137931
64557,0.15384046733379364,,202082.62068965516
64558,,2.0,202084.7068965517
64571,0.15386046469211578,,202111.8275862069
64572,,2.0,202113.91379310345
64585,0.153890460729599,,202139.84615384616
64586,,3.0,202142.23076923078
64594,0.15392045676708221,,202161.3076923077
64595,,3.0,202163.6923076923
64602,0.15395045280456543,,202180.38461538462
64603,,3.0,202182.76923076922
64612,0.15398044884204865,,202204.23076923078
64613,,3.0,202206.61538461538
64631,0.1540004462003708,,202245.13636363635
64632,,2.0,202247.54545454544
64642,0.15402044355869293,,202271.63636363635
64643,,2.0,202274.04545454544
64650,0.15404044091701508,,202290.9090909091
64651,,2.0,202293.31818181818
64658,0.15406043827533722,,202310.18181818182
64659,,2.0,202312.5909090909
64673,0.15408043563365936,,202354.24324324325
64674,,2.0,202357.8108108108
64678,0.1541004329919815,,202372.0810810811
64679,,2.0,202375.64864864864
64686,0.15412043035030365,,202400.62162162163
64687,,2.0,202404.1891891892
64697,0.1541404277086258,,202439.86486486485
64698,,2.0,202443.43243243243
64710,0.15416042506694794,,202465.5625
64711,,2.0,202467.625
64723,0.15418042242527008,,202492.375
64724,,2.0,202494.4375
64735,0.15420041978359222,,202517.125
64736,,2.0,202519.1875
64747,0.15422041714191437,,202541.875
64748,,2.0,202543.9375
64758,0.1542404145002365,,202562.45
64759,,2.0,202564.8
64767,0.15426041185855865,,202583.6
64768,,2.0,202585.95
64780,0.1542804092168808,,202614.15
64781,,2.0,202616.5
64789,0.15430040657520294,,202635.3
64790,,2.0,202637.65
64805,0.15432040393352509,,202681.86046511628
64806,,2.0,202685.3488372093
64812,0.15434040129184723,,202706.27906976745
64813,,2.0,202709.76744186046
64825,0.15436039865016937,,202751.62790697673
64826,,2.0,202755.11627906977
64834,0.15438039600849152,,202783.02325581395
64835,,2.0,202786.51162790696
64851,0.15440039336681366,,202848.175
64852,,2.0,202852.65
64858,0.1544203907251358,,202879.5
64859,,2.0,202883.975
64868,0.15444038808345795,,202924.25
64869,,2.0,202928.725
64876,0.1544603854417801,,202960.05
64877,,2.0,202964.525
64888,0.15447038412094116,,202990.0285714286
64889,,1.0,202992.65714285715
64893,0.15448038280010223,,203003.17142857143
64894,,1.0,203005.8
64906,0.1544903814792633,,203037.34285714285
64907,,1.0,203039.9714285714
64913,0.15450038015842438,,203055.74285714285
64914,,1.0,203058.37142857144
64928,0.15452037751674652,,203093.7380952381
64929,,2.0,203096.7142857143
64937,0.15454037487506866,,203120.52380952382
64938,,2.0,203123.5
64947,0.1545603722333908,,203150.2857142857
64948,,2.0,203153.2619047619
64957,0.15458036959171295,,203180.04761904763
64958,,2.0,203183.02380952382
64973,0.15458036959171295,,203217.63636363635
64974,,0.0,203220.27272727274
64983,0.15458036959171295,,203244.0
64984,,0.0,203246.63636363635
64991,0.15458036959171295,,203265.0909090909
64992,,0.0,203267.72727272726
65003,0.15458036959171295,,203296.72727272726
65004,,0.0,203299.36363636365
65019,0.15459036827087402,,203333.6923076923
65020,,1.0,203336.33333333334
65029,0.1546003669500351,,203360.10256410256
65030,,1.0,203362.7435897436
65036,0.15461036562919617,,203378.58974358975
65037,,1.0,203381.23076923078
65044,0.15462036430835724,,203399.71794871794
65045,,1.0,203402.35897435897
65064,0.15465036034584045,,203426.64705882352
65065,,3.0,203428.0
65076,0.15468035638332367,,203442.88235294117
65077,,3.0,203444.23529411765
65087,0.15471035242080688,,203457.76470588235
65088,,3.0,203459.11764705883
65097,0.1547403484582901,,203471.29411764705
65098,,3.0,203472.64705882352
65115,0.15476034581661224,,203506.03846153847
65116,,2.0,203508.32692307694
65128,0.1547803431749344,,203535.78846153847
65129,,2.0,203538.07692307694
65140,0.15480034053325653,,203563.25
65141,,2.0,203565.53846153847
65151,0.15482033789157867,,203588.42307692306
65152,,2.0,203590.71153846153
65169,0.1548503339290619,,203617.23076923078
65170,,3.0,203618.96153846153
65182,0.1548803299665451,,203639.73076923078
65183,,3.0,203641.46153846153
65193,0.15491032600402832,,203658.76923076922
65194,,3.0,203660.5
65205,0.15494032204151154,,203679.53846153847
65206,,3.0,203681.26923076922
65224,0.1549503207206726,,203712.36170212767
65225,,1.0,203714.31914893616
65236,0.15496031939983368,,203735.8510638298
65237,,1.0,203737.8085106383
65244,0.15497031807899475,,203751.51063829788
65245,,1.0,203753.46808510637
65254,0.15498031675815582,,203771.085106383
65255,,1.0,203773.04255319148
65263,0.15501031279563904,,203786.5625
65264,,3.0,203788.875
65275,0.15504030883312225,,203814.3125
65276,,3.0,203816.625
65279,0.15507030487060547,,203823.5625
65280,,3.0,203825.875
65288,0.15510030090808868,,203844.375
65289,,3.0,203846.6875
65302,0.15511029958724976,,203869.9756097561
65303,,1.0,203872.07317073172
65309,0.15512029826641083,,203884.65853658537
65310,,1.0,203886.75609756098
65322,0.1551302969455719,,203911.92682926828
65323,,1.0,203914.0243902439
65331,0.15514029562473297,,203930.80487804877
65332,,1.0,203932.9024390244
65345,0.15514029562473297,,203958.17073170733
65346,,0.0,203960.48780487804
65353,0.15514029562473297,,203976.70731707316
65354,,0.0,203979.0243902439
65365,0.15514029562473297,,204004.51219512196
65366,,0.0,204006.82926829267
65374,0.15514029562473297,,204025.36585365853
65375,,0.0,204027.68292682926
65390,0.15516029298305511,,204059.87234042553
65391,,2.0,204062.36170212767
65400,0.15518029034137726,,204084.7659574468
65401,,2.0,204087.25531914894
65411,0.1552002876996994,,204112.1489361702
65412,,2.0,204114.63829787233
65423,0.15522028505802155,,204142.02127659574
65424,,2.0,204144.51063829788
65440,0.1552402824163437,,204179.3673469388
65441,,2.0,204181.85714285713
65451,0.15526027977466583,,204206.75510204083
65452,,2.0,204209.24489795917
65463,0.15528027713298798,,204236.6326530612
65464,,2.0,204239.1224489796
65474,0.15530027449131012,,204264.02040816325
65475,,2.0,204266.51020408163
65491,0.15532027184963226,,204304.67441860464
65492,,2.0,204307.41860465117
65503,0.1553402692079544,,204337.60465116278
65504,,2.0,204340.3488372093
65511,0.15536026656627655,,204359.55813953487
65512,,2.0,204362.3023255814
65519,0.1553802639245987,,204381.51162790696
65520,,2.0,204384.2558139535
65536,0.1554102599620819,,204442.31914893616
65537,,3.0,204446.5744680851
65544,0.15544025599956512,,204476.36170212767
65545,,3.0,204480.6170212766
65554,0.15547025203704834,,204518.914893617
65555,,3.0,204523.17021276595
65568,0.15550024807453156,,204578.48936170212
65569,,3.0,204582.74468085106
65586,0.15553024411201477,,204657.0
65587,,3.0,204662.0
65594,0.15556024014949799,,204697.0
65595,,3.0,204702.0
65604,0.1555902361869812,,204747.0
65605,,3.0,204752.0
65610,0.15562023222446442,,204777.0
65611,,3.0,204782.0
65623,0.15565022826194763,,204802.0652173913
65624,,3.0,204803.73913043478
65633,0.15568022429943085,,204818.80434782608
65634,,3.0,204820.47826086957
65648,0.15571022033691406,,204843.91304347827
65649,,3.0,204845.58695652173
65658,0.15574021637439728,,204860.65217391305
65659,,3.0,204862.3260869565
65670,0.15576021373271942,,204899.0588235294
65671,,2.0,204903.4411764706
65677,0.15578021109104156,,204929.73529411765
65678,,2.0,204934.11764705883
65683,0.1558002084493637,,204956.0294117647
65684,,2.0,204960.41176470587
65694,0.15582020580768585,,205004.23529411765
65695,,2.0,205008.61764705883
65707,0.155840203166008,,205051.75
65708,,2.0,205056.05555555556
65719,0.15586020052433014,,205103.41666666666
65720,,2.0,205107.72222222222
65725,0.15588019788265228,,205129.25
65726,,2.0,205133.55555555556
65732,0.15590019524097443,,205159.38888888888
65733,,2.0,205163.69444444444
65752,0.15593019127845764,,205189.76
65753,,3.0,205191.12
65760,0.15596018731594086,,205200.64
65761,,3.0,205202.0
65769,0.15599018335342407,,205212.88
65770,,3.0,205214.24
65784,0.1560201793909073,,205233.28
65785,,3.0,205234.64
65801,0.1560501754283905,,205255.3673469388
65802,,3.0,205256.85714285713
65812,0.15608017146587372,,205271.75510204083
65813,,3.0,205273.24489795917
65823,0.15611016750335693,,205288.14285714287
65824,,3.0,205289.6326530612
65835,0.15614016354084015,,205306.02040816325
65836,,3.0,205307.51020408163
65851,0.15617015957832336,,205349.95652173914
65852,,3.0,205353.36956521738
65859,0.15620015561580658,,205377.26086956522
65860,,3.0,205380.6739130435
65871,0.1562301516532898,,205418.21739130435
65872,,3.0,205421.63043478262
65883,0.156260147690773,,205459.1739130435
65884,,3.0,205462.58695652173
65903,0.15629014372825623,,205503.21739130435
65904,,3.0,205505.54347826086
65909,0.15632013976573944,,205517.1739130435
65910,,3.0,205519.5
65919,0.15635013580322266,,205540.4347826087
65920,,3.0,205542.76086956522
65931,0.15638013184070587,,205568.34782608695
65932,,3.0,205570.6739130435
65945,0.15639013051986694,,205597.2857142857
65946,,1.0,205599.7142857143
65954,0.15640012919902802,,205619.14285714287
65955,,1.0,205621.57142857142
65967,0.1564101278781891,,205650.7142857143
65968,,1.0,205653.14285714287
65982,0.15642012655735016,,205687.14285714287
65983,,1.0,205689.57142857142
65997,0.1564401239156723,,205732.57777777777
65998,,2.0,205736.26666666666
66009,0.15646012127399445,,205776.84444444443
66010,,2.0,205780.53333333333
66020,0.1564801186323166,,205817.42222222223
66021,,2.0,205821.11111111112
66029,0.15650011599063873,,205850.6222222222
66030,,2.0,205854.3111111111
66046,0.15653011202812195,,205913.80487804877
66047,,3.0,205918.0975609756
66055,0.15656010806560516,,205952.43902439025
66056,,3.0,205956.73170731709
66062,0.15659010410308838,,205982.48780487804
66063,,3.0,205986.78048780488
66072,0.1566201001405716,,206025.41463414635
66073,,3.0,206029.70731707316
66085,0.15664009749889374,,206070.24324324325
66086,,2.0,206074.27027027027
66093,0.15666009485721588,,206102.45945945947
66094,,2.0,206106.48648648648
66101,0.15668009221553802,,206134.67567567568
66102,,2.0,206138.7027027027
66111,0.15670008957386017,,206174.94594594595
66112,,2.0,206178.97297297296
66122,0.1567200869321823,,206198.65789473685
66123,,2.0,206200.8947368421
66133,0.15674008429050446,,206223.26315789475
66134,,2.0,206225.5
66144,0.1567600816488266,,206247.86842105264
66145,,2.0,206250.1052631579
66151,0.15678007900714874,,206263.52631578947
66152,,2.0,206265.76315789475
66168,0.1568000763654709,,206319.72916666666
66169,,2.0,206323.70833333334
66178,0.15682007372379303,,206359.52083333334
66179,,2.0,206363.5
66192,0.15684007108211517,,206415.22916666666
66193,,2.0,206419.20833333334
66201,0.15686006844043732,,206451.04166666666
66202,,2.0,206455.02083333334
66224,0.15688006579875946,,206533.8125
66225,,2.0,206537.75
66235,0.1569000631570816,,206577.125
66236,,2.0,206581.0625
66243,0.15692006051540375,,206608.625
66244,,2.0,206612.5625
66251,0.1569400578737259,,206640.125
66252,,2.0,206644.0625
66266,0.15695005655288696,,206666.33333333334
66267,,1.0,206668.0
66277,0.15696005523204803,,206684.66666666666
66278,,1.0,206686.33333333334
66294,0.1569700539112091,,206713.0
66295,,1.0,206714.66666666666
66307,0.15698005259037018,,206734.66666666666
66308,,1.0,206736.33333333334
66321,0.15700004994869232,,206770.7906976744
66322,,2.0,206774.06976744186
66333,0.15702004730701447,,206810.13953488372
66334,,2.0,206813.41860465117
66341,0.1570400446653366,,206836.37209302327
66342,,2.0,206839.6511627907
66352,0.15706004202365875,,206872.44186046513
66353,,2.0,206875.72093023255
66363,0.15707004070281982,,206895.67647058822
66364,,1.0,206898.0588235294
66370,0.1570800393819809,,206912.35294117648
66371,,1.0,206914.73529411765
66379,0.15709003806114197,,206933.79411764705
66380,,1.0,206936.17647058822
66388,0.15710003674030304,,206955.23529411765
66389,,1.0,206957.61764705883
66404,0.1571100354194641,,206984.78260869565
66405,,1.0,206986.84782608695
66412,0.15712003409862518,,207001.30434782608
66413,,1.0,207003.36956521738
66423,0.15713003277778625,,207024.02173913043
66424,,1.0,207026.08695652173
66436,0.15714003145694733,,207050.86956521738
66437,,1.0,207052.9347826087
66451,0.15716002881526947,,207094.75
66452,,2.0,207098.36363636365
66461,0.1571800261735916,,207130.88636363635
66462,,2.0,207134.5
66472,0.15720002353191376,,207170.63636363635
66473,,2.0,207174.25
66482,0.1572200208902359,,207206.77272727274
66483,,2.0,207210.38636363635
66502,0.15724001824855804,,207252.0
66503,,2.0,207254.375
66513,0.1572600156068802,,207278.125
66514,,2.0,207280.5
66531,0.15728001296520233,,207320.875
66532,,2.0,207323.25
66540,0.15730001032352448,,207342.25
66541,,2.0,207344.625
66553,0.1573300063610077,,207372.7142857143
66554,,3.0,207375.57142857142
66565,0.1573600023984909,,207407.0
66566,,3.0,207409.85714285713
66575,0.15738999843597412,,207435.57142857142
66576,,3.0,207438.42857142858
66584,0.15741999447345734,,207461.2857142857
66585,,3.0,207464.14285714287
66599,0.15743999183177948,,207510.13725490196
66600,,2.0,207514.0588235294
66609,0.15745998919010162,,207549.35294117648
66610,,2.0,207553.27450980392
66626,0.15747998654842377,,207616.01960784313
66627,,2.0,207619.9411764706
66637,0.1574999839067459,,207659.1568627451
66638,,2.0,207663.07843137256
66654,0.15751998126506805,,207708.70833333334
66655,,2.0,207711.91666666666
66669,0.1575399786233902,,207756.83333333334
66670,,2.0,207760.04166666666
66679,0.15755997598171234,,207788.91666666666
66680,,2.0,207792.125
66687,0.15757997334003448,,207814.58333333334
66688,,2.0,207817.79166666666
66703,0.1576099693775177,,207851.52173913043
66704,,3.0,207854.0652173913
66715,0.15763996541500092,,207882.04347826086
66716,,3.0,207884.58695652173
66727,0.15766996145248413,,207912.5652173913
66728,,3.0,207915.10869565216
66735,0.15769995748996735,,207932.91304347827
66736,,3.0,207935.45652173914
66756,0.1577199548482895,,207992.69565217392
66757,,2.0,207995.91304347827
66764,0.15773995220661163,,208018.4347826087
66765,,2.0,208021.65217391305
66772,0.15775994956493378,,208044.1739130435
66773,,2.0,208047.39130434784
66783,0.15777994692325592,,208079.5652173913
66784,,2.0,208082.78260869565
66795,0.15779994428157806,,208106.86956521738
66796,,2.0,208109.47826086957
66808,0.1578199416399002,,208140.78260869565
66809,,2.0,208143.39130434784
66818,0.15783993899822235,,208166.86956521738
66819,,2.0,208169.47826086957
66831,0.1578599363565445,,208200.78260869565
66832,,2.0,208203.39130434784
66847,0.1578899323940277,,208230.7659574468
66848,,3.0,208232.82978723405
66856,0.15791992843151093,,208249.3404255319
66857,,3.0,208251.40425531915
66869,0.15794992446899414,,208276.17021276595
66870,,3.0,208278.2340425532
66880,0.15797992050647736,,208298.87234042553
66881,,3.0,208300.93617021278
66895,0.1579999178647995,,208345.58974358975
66896,,2.0,208349.46153846153
66900,0.15801991522312164,,208364.94871794872
66901,,2.0,208368.8205128205
66911,0.1580399125814438,,208407.53846153847
66912,,2.0,208411.41025641025
66921,0.15805990993976593,,208446.2564102564
66922,,2.0,208450.12820512822
66943,0.15807990729808807,,208528.68085106384
66944,,2.0,208532.82978723405
66954,0.15809990465641022,,208574.31914893616
66955,,2.0,208578.46808510637
66964,0.15811990201473236,,208615.8085106383
66965,,2.0,208619.95744680852
66970,0.1581398993730545,,208640.70212765958
66971,,2.0,208644.8510638298
66990,0.15816989541053772,,208685.16
66991,,3.0,208687.42
67002,0.15819989144802094,,208712.28
67003,,3.0,208714.54
67013,0.15822988748550415,,208737.14
67014,,3.0,208739.4
67022,0.15825988352298737,,208757.48
67023,,3.0,208759.74
67035,0.15828987956047058,,208805.9024390244
67036,,3.0,208810.78048780488
67044,0.1583198755979538,,208849.80487804877
67045,,3.0,208854.68292682926
67056,0.158349871635437,,208908.34146341463
67057,,3.0,208913.21951219512
67065,0.15837986767292023,,208952.24390243902
67066,,3.0,208957.1219512195
67079,0.15839986503124237,,208991.375
67080,,2.0,208994.3125
67093,0.15841986238956451,,209032.5
67094,,2.0,209035.4375
67105,0.15843985974788666,,209067.75
67106,,2.0,209070.6875
67115,0.1584598571062088,,209097.125
67116,,2.0,209100.0625
67126,0.15847985446453094,,209135.27777777778
67127,,2.0,209139.88888888888
67136,0.1584998518228531,,209181.38888888888
67137,,2.0,209186.0
67146,0.15851984918117523,,209227.5
67147,,2.0,209232.11111111112
67153,0.15853984653949738,,209259.77777777778
67154,,2.0,209264.38888888888
67174,0.15854984521865845,,209298.75
67175,,1.0,209300.5
67183,0.15855984389781952,,209314.5
67184,,1.0,209316.25
67193,0.1585698425769806,,209332.0
67194,,1.0,209333.75
67207,0.15857984125614166,,209356.5
67208,,1.0,209358.25
67222,0.15858983993530273,,209384.63043478262
67223,,1.0,209386.86956521738
67236,0.1585998386144638,,209415.97826086957
67237,,1.0,209418.21739130435
67242,0.15860983729362488,,209429.41304347827
67243,,1.0,209431.65217391305
67255,0.15861983597278595,,209458.52173913043
67256,,1.0,209460.76086956522
67271,0.1586398333311081,,209497.93333333332
67272,,2.0,209500.84444444443
67282,0.15865983068943024,,209529.95555555556
67283,,2.0,209532.86666666667
67288,0.15867982804775238,,209547.42222222223
67289,,2.0,209550.33333333334
67302,0.15869982540607452,,209588.17777777778
67303,,2.0,209591.0888888889
67318,0.15872982144355774,,209657.15789473685
67319,,3.0,209662.42105263157
67328,0.15875981748104095,,209709.7894736842
67329,,3.0,209715.05263157896
67335,0.15878981351852417,,209746.63157894736
67336,,3.0,209751.8947368421
67342,0.15881980955600739,,209783.47368421053
67343,,3.0,209788.73684210525
67358,0.15883980691432953,,209826.7
67359,,2.0,209829.425
67366,0.15885980427265167,,209848.5
67367,,2.0,209851.225
67374,0.15887980163097382,,209870.3
67375,,2.0,209873.025
67384,0.15889979898929596,,209897.55
67385,,2.0,209900.275
67399,0.15892979502677917,,209932.22857142857
67400,,3.0,209934.88571428572
67407,0.1589597910642624,,209953.48571428572
67408,,3.0,209956.14285714287
67416,0.1589897871017456,,209977.4
67417,,3.0,209980.05714285714
67421,0.15901978313922882,,209990.6857142857
67422,,3.0,209993.34285714285
67439,0.15903978049755096,,210036.4090909091
67440,,2.0,210039.29545454544
67448,0.1590597778558731,,210062.38636363635
67449,,2.0,210065.27272727274
67458,0.15907977521419525,,210091.25
67459,,2.0,210094.13636363635
67467,0.1590997725725174,,210117.22727272726
67468,,2.0,210120.11363636365
67484,0.15910977125167847,,210155.5
67485,,1.0,210158.0
67493,0.15911976993083954,,210178.0
67494,,1.0,210180.5
67502,0.1591297686100006,,210200.5
67503,,1.0,210203.0
67513,0.15913976728916168,,210228.0
67514,,1.0,210230.5
67529,0.1591697633266449,,210281.0
67530,,3.0,210285.0
67540,0.1591997593641281,,210325.0
67541,,3.0,210329.0
67550,0.15922975540161133,,210365.0
67551,,3.0,210369.0
67565,0.15925975143909454,,210425.0
67566,,3.0,210429.0
67583,0.15928974747657776,,210455.66666666666
67584,,3.0,210457.2857142857
67595,0.15931974351406097,,210475.09523809524
67596,,3.0,210476.7142857143
67601,0.1593497395515442,,210484.80952380953
67602,,3.0,210486.42857142858
67609,0.1593797355890274,,210497.7619047619
67610,,3.0,210499.38095238095
67625,0.15938973426818848,,210519.3396226415
67626,,1.0,210520.8679245283
67636,0.15939973294734955,,210536.15094339623
67637,,1.0,210537.679245283
67651,0.15940973162651062,,210559.0754716981
67652,,1.0,210560.6037735849
67664,0.1594197303056717,,210578.94339622642
67665,,1.0,210580.4716981132
67677,0.15943972766399384,,210623.35714285713
67678,,2.0,210627.95238095237
67691,0.15945972502231598,,210687.69047619047
67692,,2.0,210692.2857142857
67700,0.15947972238063812,,210729.04761904763
67701,,2.0,210733.64285714287
67708,0.15949971973896027,,210765.80952380953
67709,,2.0,210770.40476190476
67726,0.1595197170972824,,210813.85714285713
67727,,2.0,210816.6326530612
67733,0.15953971445560455,,210833.2857142857
67734,,2.0,210836.0612244898
67747,0.1595597118139267,,210872.14285714287
67748,,2.0,210874.91836734695
67759,0.15957970917224884,,210905.44897959183
67760,,2.0,210908.22448979592
67770,0.15959970653057098,,210936.725
67771,,2.0,210940.4
67781,0.15961970388889313,,210977.15
67782,,2.0,210980.825
67790,0.15963970124721527,,211010.225
67791,,2.0,211013.9
67801,0.15965969860553741,,211050.65
67802,,2.0,211054.325
67821,0.15967969596385956,,211098.66666666666
67822,,2.0,211101.20833333334
67834,0.1596996933221817,,211131.70833333334
67835,,2.0,211134.25
67842,0.15971969068050385,,211152.04166666666
67843,,2.0,211154.58333333334
67851,0.159739688038826,,211174.91666666666
67852,,2.0,211177.45833333334
67870,0.15975968539714813,,211229.2857142857
67871,,2.0,211232.57142857142
67878,0.15977968275547028,,211255.57142857142
67879,,2.0,211258.85714285713
67892,0.15979968011379242,,211301.57142857142
67893,,2.0,211304.85714285713
67902,0.15981967747211456,,211334.42857142858
67903,,2.0,211337.7142857143
67923,0.1598396748304367,,211398.1489361702
67924,,2.0,211401.51063829788
67932,0.15985967218875885,,211428.40425531915
67933,,2.0,211431.7659574468
67944,0.159879669547081,,211468.74468085106
67945,,2.0,211472.10638297873
67951,0.15989966690540314,,211492.27659574468
67952,,2.0,211495.63829787233
67967,0.15991966426372528,,211528.58139534883
67968,,2.0,211531.0465116279
67978,0.15993966162204742,,211555.6976744186
67979,,2.0,211558.16279069768
67986,0.15995965898036957,,211575.41860465117
67987,,2.0,211577.88372093023
67996,0.1599796563386917,,211600.06976744186
67997,,2.0,211602.53488372092
68011,0.16000965237617493,,211634.23684210525
68012,,3.0,211636.8947368421
68017,0.16003964841365814,,211650.18421052632
68018,,3.0,211652.84210526315
68028,0.16006964445114136,,211679.42105263157
68029,,3.0,211682.07894736843
68036,0.16009964048862457,,211700.68421052632
68037,,3.0,211703.34210526315
68050,0.1601296365261078,,211757.28205128206
68051,,3.0,211762.41025641025
68058,0.160159632563591,,211798.3076923077
68059,,3.0,211803.4358974359
68067,0.16018962860107422,,211844.46153846153
68068,,3.0,211849.58974358975
68077,0.16021962463855743,,211895.7435897436
68078,,3.0,211900.87179487178
68092,0.16023962199687958,,211941.3023255814
68093,,2.0,211944.51162790696
68099,0.16025961935520172,,211963.76744186046
68100,,2.0,211966.97674418605
68110,0.16027961671352386,,211999.06976744186
68111,,2.0,212002.27906976745
68122,0.160299614071846,,212037.58139534883
68123,,2.0,212040.7906976744
68137,0.16031961143016815,,212103.27777777778
68138,,2.0,212108.66666666666
68146,0.1603396087884903,,212151.77777777778
68147,,2.0,212157.16666666666
68152,0.16035960614681244,,212184.11111111112
68153,,2.0,212189.5
68160,0.16037960350513458,,212227.22222222222
68161,,2.0,212232.61111111112
68173,0.16039960086345673,,212265.77142857143
68174,,2.0,212268.85714285713
68182,0.16041959822177887,,212293.54285714286
68183,,2.0,212296.62857142856
68190,0.160439595580101,,212318.22857142857
68191,,2.0,212321.3142857143
68197,0.16045959293842316,,212339.82857142857
68198,,2.0,212342.91428571427
68208,0.1604795902967453,,212377.70588235295
68209,,2.0,212382.23529411765
68214,0.16049958765506744,,212404.88235294117
68215,,2.0,212409.41176470587
68222,0.1605195850133896,,212441.11764705883
68223,,2.0,212445.64705882352
68233,0.16053958237171173,,212490.9411764706
68234,,2.0,212495.4705882353
68246,0.1605495810508728,,212517.57142857142
68247,,1.0,212519.52380952382
68256,0.16055957973003387,,212537.09523809524
68257,,1.0,212539.04761904763
68268,0.16056957840919495,,212560.52380952382
68269,,1.0,212562.47619047618
68277,0.16057957708835602,,212578.09523809524
68278,,1.0,212580.04761904763
68291,0.16059957444667816,,212613.86046511628
68292,,2.0,212617.0465116279
68302,0.1606195718050003,,212648.90697674418
68303,,2.0,212652.09302325582
68314,0.16063956916332245,,212687.13953488372
68315,,2.0,212690.32558139536
68322,0.1606595665216446,,212712.62790697673
68323,,2.0,212715.81395348837
68336,0.16066956520080566,,212753.1463414634
68337,,1.0,212756.56097560975
68349,0.16067956387996674,,212797.53658536586
68350,,1.0,212800.9512195122
68356,0.1606895625591278,,212821.43902439025
68357,,1.0,212824.8536585366
68365,0.16069956123828888,,212852.17073170733
68366,,1.0,212855.58536585365
68384,0.16071955859661102,,212894.58139534883
68385,,2.0,212896.9534883721
68391,0.16073955595493317,,212911.18604651163
68392,,2.0,212913.55813953487
68398,0.1607595533132553,,212927.7906976744
68399,,2.0,212930.16279069768
68410,0.16077955067157745,,212956.2558139535
68411,,2.0,212958.62790697673
68428,0.16080954670906067,,213029.29268292684
68429,,3.0,213034.17073170733
68437,0.16083954274654388,,213073.19512195123
68438,,3.0,213078.07317073172
68444,0.1608695387840271,,213107.34146341463
68445,,3.0,213112.21951219512
68453,0.16089953482151031,,213151.24390243902
68454,,3.0,213156.1219512195
68471,0.16091953217983246,,213198.52
68472,,2.0,213201.2
68483,0.1609395295381546,,213230.68
68484,,2.0,213233.36
68493,0.16095952689647675,,213257.48
68494,,2.0,213260.16
68505,0.1609795242547989,,213289.64
68506,,2.0,213292.32
68521,0.16099952161312103,,213323.75
68522,,2.0,213326.14583333334
68533,0.16101951897144318,,213352.5
68534,,2.0,213354.89583333334
68546,0.16103951632976532,,213383.64583333334
68547,,2.0,213386.04166666666
68555,0.16105951368808746,,213405.20833333334
68556,,2.0,213407.60416666666
68578,0.1610795110464096,,213450.46296296295
68579,,2.0,213452.59259259258
68588,0.16109950840473175,,213471.75925925927
68589,,2.0,213473.88888888888
68600,0.1611195057630539,,213497.3148148148
68601,,2.0,213499.44444444444
68611,0.16113950312137604,,213520.74074074073
68612,,2.0,213522.87037037036
68631,0.16116949915885925,,213557.37209302327
68632,,3.0,213559.39534883722
68639,0.16119949519634247,,213573.55813953487
68640,,3.0,213575.58139534883
68647,0.16122949123382568,,213589.7441860465
68648,,3.0,213591.76744186046
68656,0.1612594872713089,,213607.9534883721
68657,,3.0,213609.97674418605
68668,0.16127948462963104,,213643.80952380953
68669,,2.0,213647.7857142857
68677,0.16129948198795319,,213679.59523809524
68678,,2.0,213683.57142857142
68688,0.16131947934627533,,213723.33333333334
68689,,2.0,213727.30952380953
68700,0.16133947670459747,,213771.04761904763
68701,,2.0,213775.02380952382
68719,0.16135947406291962,,213814.35714285713
68720,,2.0,213816.7142857143
68728,0.16137947142124176,,213835.57142857142
68729,,2.0,213837.92857142858
68735,0.1613994687795639,,213852.07142857142
68736,,2.0,213854.42857142858
68744,0.16141946613788605,,213873.2857142857
68745,,2.0,213875.64285714287
68762,0.1614394634962082,,213931.08333333334
68763,,2.0,213934.875
68771,0.16145946085453033,,213965.20833333334
68772,,2.0,213969.0
68785,0.16147945821285248,,214018.29166666666
68786,,2.0,214022.08333333334
68794,0.16149945557117462,,214052.41666666666
68795,,2.0,214056.20833333334
68809,0.16151945292949677,,214100.89743589744
68810,,2.0,214104.61538461538
68819,0.1615394502878189,,214138.07692307694
68820,,2.0,214141.79487179487
68827,0.16155944764614105,,214167.8205128205
68828,,2.0,214171.53846153847
68835,0.1615794450044632,,214197.5641025641
68836,,2.0,214201.28205128206
68855,0.16159944236278534,,214259.46808510637
68856,,2.0,214262.87234042553
68867,0.16161943972110748,,214300.31914893616
68868,,2.0,214303.72340425532
68875,0.16163943707942963,,214327.55319148937
68876,,2.0,214330.95744680852
68884,0.16165943443775177,,214358.1914893617
68885,,2.0,214361.59574468085
68895,0.1616794317960739,,214393.38888888888
68896,,2.0,214397.44444444444
68905,0.16169942915439606,,214433.94444444444
68906,,2.0,214438.0
68914,0.1617194265127182,,214470.44444444444
68915,,2.0,214474.5
68922,0.16173942387104034,,214502.88888888888
68923,,2.0,214506.94444444444
68940,0.16176941990852356,,214544.9111111111
68941,,3.0,214547.33333333334
68948,0.16179941594600677,,214564.2888888889
68949,,3.0,214566.7111111111
68956,0.16182941198349,,214583.66666666666
68957,,3.0,214586.0888888889
68969,0.1618594080209732,,214615.15555555557
68970,,3.0,214617.57777777777
68988,0.16187940537929535,,214684.5652173913
68989,,2.0,214688.86956521738
68996,0.1618994027376175,,214719.0
68997,,2.0,214723.30434782608
69005,0.16191940009593964,,214757.73913043478
69006,,2.0,214762.04347826086
69017,0.16193939745426178,,214809.39130434784
69018,,2.0,214813.69565217392
69033,0.16195939481258392,,214869.73333333334
69034,,2.0,214874.04444444444
69043,0.16197939217090607,,214912.84444444443
69044,,2.0,214917.15555555557
69056,0.1619993895292282,,214968.88888888888
69057,,2.0,214973.2
69064,0.16201938688755035,,215003.3777777778
69065,,2.0,215007.6888888889
69078,0.1620393842458725,,215042.93023255814
69079,,2.0,215046.02325581395
69090,0.16205938160419464,,215080.0465116279
69091,,2.0,215083.13953488372
69099,0.16207937896251678,,215107.88372093023
69100,,2.0,215110.97674418605
69109,0.16209937632083893,,215138.81395348837
69110,,2.0,215141.90697674418
69128,0.16212937235832214,,215195.35714285713
69129,,3.0,215198.7142857143
69137,0.16215936839580536,,215225.57142857142
69138,,3.0,215228.92857142858
69145,0.16218936443328857,,215252.42857142858
69146,,3.0,215255.7857142857
69153,0.1622193604707718,,215279.2857142857
69154,,3.0,215282.64285714287
69170,0.16223935782909393,,215317.57142857142
69171,,2.0,215320.0
69182,0.16225935518741608,,215346.7142857143
69183,,2.0,215349.14285714287
69193,0.16227935254573822,,215373.42857142858
69194,,2.0,215375.85714285713
69204,0.16229934990406036,,215400.14285714287
69205,,2.0,215402.57142857142
69220,0.1623193472623825,,215439.36363636365
69221,,2.0,215442.22727272726
69233,0.16233934462070465,,215476.5909090909
69234,,2.0,215479.45454545456
69239,0.1623593419790268,,215493.77272727274
69240,,2.0,215496.63636363635
69250,0.16237933933734894,,215525.27272727274
69251,,2.0,215528.13636363635
69263,0.16240933537483215,,215579.64864864864
69264,,3.0,215585.05405405405
69272,0.16243933141231537,,215628.2972972973
69273,,3.0,215633.7027027027
69282,0.16246932744979858,,215682.35135135136
69283,,3.0,215687.75675675675
69289,0.1624993234872818,,215720.1891891892
69290,,3.0,215725.5945945946
69303,0.16252931952476501,,215755.4
69304,,3.0,215757.84
69317,0.16255931556224823,,215789.56
69318,,3.0,215792.0
69330,0.16258931159973145,,215821.28
69331,,3.0,215823.72
69341,0.16261930763721466,,215848.12
69342,,3.0,215850.56
69360,0.16264930367469788,,215898.0
69361,,3.0,215901.0
69372,0.1626792997121811,,215934.0
69373,,3.0,215937.0
69382,0.1627092957496643,,215964.0
69383,,3.0,215967.0
69395,0.16273929178714752,,216003.0
69396,,3.0,216006.0
69409,0.16276928782463074,,216053.44444444444
69410,,3.0,216057.88888888888
69420,0.16279928386211395,,216102.33333333334
69421,,3.0,216106.77777777778
69432,0.16282927989959717,,216155.66666666666
69433,,3.0,216160.11111111112
69442,0.16285927593708038,,216200.11111111112
69443,,3.0,216204.55555555556
69460,0.1628892719745636,,216260.56097560975
69461,,3.0,216264.24390243902
69468,0.16291926801204681,,216290.0243902439
69469,,3.0,216293.70731707316
69473,0.16294926404953003,,216308.43902439025
69474,,3.0,216312.1219512195
69485,0.16297926008701324,,216352.63414634147
69486,,3.0,216356.31707317074
69502,0.16300925612449646,,216389.75555555554
69503,,3.0,216392.04444444444
69514,0.16303925216197968,,216417.22222222222
69515,,3.0,216419.51111111112
69525,0.1630692481994629,,216442.4
69526,,3.0,216444.6888888889
69532,0.1630992442369461,,216458.42222222223
69533,,3.0,216460.7111111111
69551,0.16312924027442932,,216507.42307692306
69552,,3.0,216510.38461538462
69560,0.16315923631191254,,216534.07692307694
69561,,3.0,216537.03846153847
69574,0.16318923234939575,,216575.53846153847
69575,,3.0,216578.5
69586,0.16321922838687897,,216611.07692307694
69587,,3.0,216614.03846153847
69605,0.1632392257452011,,216652.10638297873
69606,,2.0,216654.44680851063
69615,0.16325922310352325,,216675.51063829788
69616,,2.0,216677.8510638298
69624,0.1632792204618454,,216696.5744680851
69625,,2.0,216698.914893617
69635,0.16329921782016754,,216722.31914893616
69636,,2.0,216724.6595744681
69653,0.16332921385765076,,216793.66666666666
69654,,3.0,216798.42857142858
69661,0.16335920989513397,,216831.7619047619
69662,,3.0,216836.52380952382
69671,0.1633892059326172,,216879.38095238095
69672,,3.0,216884.14285714287
69679,0.1634192019701004,,216917.47619047618
69680,,3.0,216922.2380952381
69696,0.16343919932842255,,216955.36363636365
69697,,2.0,216957.54545454544
69703,0.1634591966867447,,216970.63636363635
69704,,2.0,216972.81818181818
69713,0.16347919404506683,,216992.45454545456
69714,,2.0,216994.63636363635
69725,0.16349919140338898,,217018.63636363635
69726,,2.0,217020.81818181818
69747,0.16351918876171112,,217066.0
69748,,2.0,217068.38888888888
69755,0.16353918612003326,,217085.11111111112
69756,,2.0,217087.5
69766,0.1635591834783554,,217111.38888888888
69767,,2.0,217113.77777777778
69781,0.16357918083667755,,217147.22222222222
69782,,2.0,217149.61111111112
69797,0.16360917687416077,,217210.53658536586
69798,,3.0,217215.41463414635
69807,0.16363917291164398,,217259.31707317074
69808,,3.0,217264.19512195123
69817,0.1636691689491272,,217308.0975609756
69818,,3.0,217312.9756097561
69824,0.1636991649866104,,217342.24390243902
69825,,3.0,217347.1219512195
69839,0.16371916234493256,,217391.6
69840,,2.0,217395.2
69850,0.1637391597032547,,217431.2
69851,,2.0,217434.8
69860,0.16375915706157684,,217467.2
69861,,2.0,217470.8
69871,0.163779154419899,,217506.8
69872,,2.0,217510.4
69890,0.1638091504573822,,217554.7142857143
69891,,3.0,217557.42857142858
69899,0.16383914649486542,,217579.14285714287
69900,,3.0,217581.85714285713
69907,0.16386914253234863,,217600.85714285713
69908,,3.0,217603.57142857142
69915,0.16389913856983185,,217622.57142857142
69916,,3.0,217625.2857142857
69931,0.163919135928154,,217688.92307692306
69932,,2.0,217694.0
69940,0.16393913328647614,,217734.61538461538
69941,,2.0,217739.6923076923
69949,0.16395913064479828,,217780.3076923077
69950,,2.0,217785.38461538462
69956,0.16397912800312042,,217815.84615384616
69957,,2.0,217820.92307692306
69973,0.16399912536144257,,217852.27659574468
69974,,2.0,217854.29787234042
69982,0.1640191227197647,,217870.46808510637
69983,,2.0,217872.48936170212
69994,0.16403912007808685,,217894.72340425532
69995,,2.0,217896.74468085106
70005,0.164059117436409,,217916.95744680852
70006,,2.0,217918.97872340426
70020,0.1640891134738922,,217944.375
70021,,3.0,217946.5
70027,0.16411910951137543,,217959.25
70028,,3.0,217961.375
70037,0.16414910554885864,,217980.5
70038,,3.0,217982.625
70047,0.16417910158634186,,218001.75
70048,,3.0,218003.875
70061,0.164199098944664,,218031.64102564103
70062,,2.0,218034.20512820513
70072,0.16421909630298615,,218059.84615384616
70073,,2.0,218062.41025641025
70081,0.1642390936613083,,218082.92307692306
70082,,2.0,218085.4871794872
70088,0.16425909101963043,,218100.87179487178
70089,,2.0,218103.4358974359
70107,0.16427908837795258,,218146.98214285713
70108,,2.0,218149.7142857143
70121,0.16429908573627472,,218185.23214285713
70122,,2.0,218187.9642857143
70133,0.16431908309459686,,218218.01785714287
70134,,2.0,218220.75
70146,0.164339080452919,,218253.5357142857
70147,,2.0,218256.26785714287
70162,0.16435907781124115,,218295.58536585365
70163,,2.0,218298.63414634147
70168,0.1643790751695633,,218313.8780487805
70169,,2.0,218316.92682926828
70177,0.16439907252788544,,218341.31707317074
70178,,2.0,218344.36585365853
70189,0.16441906988620758,,218377.9024390244
70190,,2.0,218380.9512195122
70207,0.1644490659236908,,218431.72727272726
70208,,3.0,218435.13636363635
70216,0.164479061961174,,218462.4090909091
70217,,3.0,218465.81818181818
70226,0.16450905799865723,,218496.5
70227,,3.0,218499.9090909091
70235,0.16453905403614044,,218527.18181818182
70236,,3.0,218530.5909090909
70245,0.1645490527153015,,218555.33333333334
70246,,1.0,218558.88888888888
70252,0.16455905139446259,,218580.22222222222
70253,,1.0,218583.77777777778
70256,0.16456905007362366,,218594.44444444444
70257,,1.0,218598.0
70264,0.16457904875278473,,218622.88888888888
70265,,1.0,218626.44444444444
70278,0.16459904611110687,,218658.18181818182
70279,,2.0,218661.0
70287,0.16461904346942902,,218683.54545454544
70288,,2.0,218686.36363636365
70299,0.16463904082775116,,218717.36363636365
70300,,2.0,218720.18181818182
70310,0.1646590381860733,,218748.36363636365
70311,,2.0,218751.18181818182
70328,0.16467903554439545,,218803.42857142858
70329,,2.0,218806.95918367346
70334,0.1646990329027176,,218824.61224489796
70335,,2.0,218828.14285714287
70347,0.16471903026103973,,218870.51020408163
70348,,2.0,218874.04081632654
70361,0.16473902761936188,,218919.9387755102
70362,,2.0,218923.4693877551
70373,0.16473902761936188,,218946.33333333334
70374,,0.0,218948.75
70380,0.16473902761936188,,218963.25
70381,,0.0,218965.66666666666
70389,0.16473902761936188,,218985.0
70390,,0.0,218987.41666666666
70399,0.16473902761936188,,219009.16666666666
70400,,0.0,219011.58333333334
70415,0.16475902497768402,,219039.27659574468
70416,,2.0,219041.3829787234
70426,0.16477902233600616,,219062.44680851063
70427,,2.0,219064.55319148937
70438,0.1647990196943283,,219087.72340425532
70439,,2.0,219089.82978723405
70448,0.16481901705265045,,219108.78723404257
70449,,2.0,219110.89361702127
70465,0.1648390144109726,,219161.67441860464
70466,,2.0,219165.41860465117
70471,0.16485901176929474,,219184.13953488372
70472,,2.0,219187.88372093023
70481,0.16487900912761688,,219221.58139534883
70482,,2.0,219225.32558139536
70493,0.16489900648593903,,219266.51162790696
70494,,2.0,219270.2558139535
70508,0.1649090051651001,,219307.57894736843
70509,,1.0,219310.63157894736
70517,0.16491900384426117,,219335.05263157896
70518,,1.0,219338.1052631579
70527,0.16492900252342224,,219365.57894736843
70528,,1.0,219368.63157894736
70533,0.1649390012025833,,219383.8947368421
70534,,1.0,219386.94736842104
70552,0.16495899856090546,,219430.09615384616
70553,,2.0,219432.76923076922
70564,0.1649789959192276,,219462.17307692306
70565,,2.0,219464.84615384616
70578,0.16499899327754974,,219499.59615384616
70579,,2.0,219502.26923076922
70587,0.1650189906358719,,219523.65384615384
70588,,2.0,219526.32692307694
70599,0.16502898931503296,,219544.82222222222
70600,,1.0,219546.8
70608,0.16503898799419403,,219562.6222222222
70609,,1.0,219564.6
70619,0.1650489866733551,,219584.3777777778
70620,,1.0,219586.35555555555
70634,0.16505898535251617,,219614.04444444444
70635,,1.0,219616.02222222224
70647,0.16507898271083832,,219640.2857142857
70648,,2.0,219642.7619047619
70660,0.16509898006916046,,219672.47619047618
70661,,2.0,219674.95238095237
70669,0.1651189774274826,,219694.7619047619
70670,,2.0,219697.2380952381
70678,0.16513897478580475,,219717.04761904763
70679,,2.0,219719.52380952382
70695,0.1651589721441269,,219777.54545454544
70696,,2.0,219781.81818181818
70705,0.16517896950244904,,219820.27272727274
70706,,2.0,219824.54545454544
70713,0.16519896686077118,,219854.45454545456
70714,,2.0,219858.72727272726
70724,0.16521896421909332,,219901.45454545456
70725,,2.0,219905.72727272726
70741,0.16523896157741547,,219939.38
70742,,2.0,219941.64
70748,0.1652589589357376,,219955.2
70749,,2.0,219957.46
70759,0.16527895629405975,,219980.06
70760,,2.0,219982.32
70776,0.1652989536523819,,220018.48
70777,,2.0,220020.74
70789,0.16531895101070404,,220053.5
70790,,2.0,220056.88888888888
70796,0.16533894836902618,,220077.22222222222
70797,,2.0,220080.61111111112
70804,0.16535894572734833,,220104.33333333334
70805,,2.0,220107.72222222222
70814,0.16537894308567047,,220138.22222222222
70815,,2.0,220141.61111111112
70830,0.1654089391231537,,220163.0
70831,,3.0,220164.5
70843,0.1654389351606369,,220182.5
70844,,3.0,220184.0
70852,0.16546893119812012,,220196.0
70853,,3.0,220197.5
70862,0.16549892723560333,,220211.0
70863,,3.0,220212.5
70877,0.16551892459392548,,220254.93023255814
70878,,2.0,220258.6511627907
70891,0.16553892195224762,,220307.02325581395
70892,,2.0,220310.7441860465
70901,0.16555891931056976,,220344.23255813954
70902,,2.0,220347.9534883721
70907,0.1655789166688919,,220366.55813953487
70908,,2.0,220370.27906976745
70923,0.16559891402721405,,220401.81818181818
70924,,2.0,220404.13636363635
70931,0.1656189113855362,,220420.36363636365
70932,,2.0,220422.68181818182
70941,0.16563890874385834,,220443.54545454544
70942,,2.0,220445.86363636365
70953,0.16565890610218048,,220471.36363636365
70954,,2.0,220473.68181818182
70966,0.16567890346050262,,220502.8085106383
70967,,2.0,220505.78723404257
70975,0.16569890081882477,,220529.6170212766
70976,,2.0,220532.59574468085
70988,0.1657188981771469,,220568.3404255319
70989,,2.0,220571.31914893616
71002,0.16573889553546906,,220610.04255319148
71003,,2.0,220613.02127659574
71021,0.16574889421463013,,220640.375
71022,,1.0,220642.0
71030,0.1657588928937912,,220655.0
71031,,1.0,220656.625
71040,0.16576889157295227,,220671.25
71041,,1.0,220672.875
71052,0.16577889025211334,,220690.75
71053,,1.0,220692.375
71066,0.16579888761043549,,220714.76923076922
71067,,2.0,220716.84615384616
71076,0.16581888496875763,,220735.53846153847
71077,,2.0,220737.61538461538
71082,0.16583888232707977,,220748.0
71083,,2.0,220750.07692307694
71093,0.16585887968540192,,220770.84615384616
71094,,2.0,220772.92307692306
71111,0.16587887704372406,,220810.15555555557
71112,,2.0,220812.66666666666
71121,0.1658988744020462,,220835.26666666666
71122,,2.0,220837.77777777778
71131,0.16591887176036835,,220860.3777777778
71132,,2.0,220862.88888888888
71140,0.1659388691186905,,220882.97777777776
71141,,2.0,220885.48888888888
71153,0.16594886779785156,,220905.56097560975
71154,,1.0,220907.51219512196
71163,0.16595886647701263,,220925.07317073172
71164,,1.0,220927.0243902439
71176,0.1659688651561737,,220950.43902439025
71177,,1.0,220952.39024390245
71183,0.16597886383533478,,220964.0975609756
71184,,1.0,220966.0487804878
71200,0.16599886119365692,,220997.25
71201,,2.0,220999.5
71206,0.16601885855197906,,221010.75
71207,,2.0,221013.0
71216,0.1660388559103012,,221033.25
71217,,2.0,221035.5
71225,0.16605885326862335,,221053.5
71226,,2.0,221055.75
71243,0.1660788506269455,,221087.21739130435
71244,,2.0,221089.30434782608
71253,0.16609884798526764,,221108.08695652173
71254,,2.0,221110.1739130435
71262,0.16611884534358978,,221126.86956521738
71263,,2.0,221128.95652173914
71273,0.16613884270191193,,221149.8260869565
71274,,2.0,221151.91304347827
71285,0.166148841381073,,221171.52380952382
71286,,1.0,221173.7142857143
71299,0.16615884006023407,,221202.19047619047
71300,,1.0,221204.38095238095
71309,0.16616883873939514,,221224.09523809524
71310,,1.0,221226.2857142857
71317,0.1661788374185562,,221241.61904761905
71318,,1.0,221243.80952380953
71333,0.16619883477687836,,221271.39534883722
71334,,2.0,221273.51162790696
71343,0.1662188321352005,,221292.55813953487
71344,,2.0,221294.67441860464
71352,0.16623882949352264,,221311.60465116278
71353,,2.0,221313.72093023255
71362,0.1662588268518448,,221332.76744186046
71363,,2.0,221334.88372093023
71375,0.166288822889328,,221370.0
71376,,3.0,221373.66666666666
71386,0.16631881892681122,,221410.33333333334
71387,,3.0,221414.0
71397,0.16634881496429443,,221450.66666666666
71398,,3.0,221454.33333333334
71406,0.16637881100177765,,221483.66666666666
71407,,3.0,221487.33333333334
71419,0.1663988083600998,,221523.35714285713
71420,,2.0,221526.95238095237
71432,0.16641880571842194,,221570.09523809524
71433,,2.0,221573.69047619047
71442,0.16643880307674408,,221606.04761904763
71443,,2.0,221609.64285714287
71450,0.16645880043506622,,221634.80952380953
71451,,2.0,221638.40476190476
71463,0.16647879779338837,,221658.4716981132
71464,,2.0,221660.30188679244
71475,0.1664987951517105,,221680.43396226416
71476,,2.0,221682.2641509434
71490,0.16651879251003265,,221707.88679245283
71491,,2.0,221709.71698113208
71505,0.1665387898683548,,221735.3396226415
71506,,2.0,221737.16981132075
71520,0.166568785905838,,221786.8260869565
71521,,3.0,221791.1739130435
71533,0.16659878194332123,,221843.34782608695
71534,,3.0,221847.69565217392
71544,0.16662877798080444,,221891.1739130435
71545,,3.0,221895.52173913043
71553,0.16665877401828766,,221930.30434782608
71554,,3.0,221934.65217391305
71570,0.1666787713766098,,221962.61224489796
71571,,2.0,221964.42857142858
71577,0.16669876873493195,,221975.32653061225
71578,,2.0,221977.14285714287
71593,0.1667187660932541,,222004.38775510204
71594,,2.0,222006.20408163266
71604,0.16673876345157623,,222024.3673469388
71605,,2.0,222026.18367346938
71617,0.16675876080989838,,222052.25
71618,,2.0,222054.94444444444
71622,0.16677875816822052,,222065.72222222222
71623,,2.0,222068.41666666666
71631,0.16679875552654266,,222089.97222222222
71632,,2.0,222092.66666666666
71642,0.1668187528848648,,222119.61111111112
71643,,2.0,222122.30555555556
71659,0.16682875156402588,,222156.05555555556
71660,,1.0,222158.44444444444
71665,0.16683875024318695,,222170.38888888888
71666,,1.0,222172.77777777778
71670,0.16684874892234802,,222182.33333333334
71671,,1.0,222184.72222222222
71680,0.1668587476015091,,222206.22222222222
71681,,1.0,222208.61111111112
71695,0.16687874495983124,,222242.625
71696,,2.0,222245.5
71703,0.16689874231815338,,222265.625
71704,,2.0,222268.5
71712,0.16691873967647552,,222291.5
71713,,2.0,222294.375
71722,0.16693873703479767,,222320.25
71723,,2.0,222323.125
71736,0.16694873571395874,,222348.61904761905
71737,,1.0,222350.88095238095
71748,0.1669587343931198,,222375.7619047619
71749,,1.0,222378.02380952382
71757,0.16696873307228088,,222396.11904761905
71758,,1.0,222398.38095238095
71766,0.16697873175144196,,222416.47619047618
71767,,1.0,222418.7380952381
71782,0.16700872778892517,,222449.61538461538
71783,,3.0,222452.0
71789,0.1670387238264084,,222466.3076923077
71790,,3.0,222468.6923076923
71797,0.1670687198638916,,222485.38461538462
71798,,3.0,222487.76923076922
71807,0.16709871590137482,,222509.23076923078
71808,,3.0,222511.61538461538
71825,0.1671087145805359,,222542.63636363635
71826,,1.0,222544.68181818182
71832,0.16711871325969696,,222556.95454545456
71833,,1.0,222559.0
71843,0.16712871193885803,,222579.45454545456
71844,,1.0,222581.5
71853,0.1671387106180191,,222599.9090909091
71854,,1.0,222601.95454545456
71867,0.16716870665550232,,222616.6530612245
71868,,3.0,222617.91836734695
71883,0.16719870269298553,,222636.89795918367
71884,,3.0,222638.16326530612
71892,0.16722869873046875,,222648.2857142857
71893,,3.0,222649.55102040817
71904,0.16725869476795197,,222663.4693877551
71905,,3.0,222664.73469387754
71921,0.1672786921262741,,222703.58695652173
71922,,2.0,222706.47826086957
71931,0.16729868948459625,,222732.5
71932,,2.0,222735.39130434784
71942,0.1673186868429184,,222764.30434782608
71943,,2.0,222767.19565217392
71952,0.16733868420124054,,222793.21739130435
71953,,2.0,222796.10869565216
71968,0.16735868155956268,,222841.1463414634
71969,,2.0,222844.65853658537
71975,0.16737867891788483,,222865.73170731709
71976,,2.0,222869.24390243902
71983,0.16739867627620697,,222893.82926829267
71984,,2.0,222897.34146341463
71995,0.1674186736345291,,222935.9756097561
71996,,2.0,222939.48780487804
72007,0.16744866967201233,,222956.1891891892
72008,,3.0,222957.83783783784
72016,0.16747866570949554,,222971.02702702704
72017,,3.0,222972.67567567568
72025,0.16750866174697876,,222985.86486486485
72026,,3.0,222987.51351351352
72034,0.16753865778446198,,223000.7027027027
72035,,3.0,223002.35135135136
72054,0.16754865646362305,,223032.8
72055,,1.0,223034.6
72065,0.16755865514278412,,223052.6
72066,,1.0,223054.4
72075,0.1675686538219452,,223070.6
72076,,1.0,223072.4
72081,0.16757865250110626,,223081.4
72082,,1.0,223083.2
72097,0.16760864853858948,,223105.0
72098,,3.0,223106.66666666666
72104,0.1676386445760727,,223116.66666666666
72105,,3.0,223118.33333333334
72118,0.1676686406135559,,223140.0
72119,,3.0,223141.66666666666
72128,0.16769863665103912,,223156.66666666666
72129,,3.0,223158.33333333334
72143,0.16771863400936127,,223197.0243902439
72144,,2.0,223200.39024390245
72150,0.1677386313676834,,223220.58536585365
72151,,2.0,223223.9512195122
72160,0.16775862872600555,,223254.24390243902
72161,,2.0,223257.60975609755
72171,0.1677786260843277,,223291.26829268291
72172,,2.0,223294.63414634147
72187,0.16779862344264984,,223329.10204081633
72188,,2.0,223331.693877551
72199,0.16781862080097198,,223360.20408163266
72200,,2.0,223362.79591836734
72207,0.16783861815929413,,223380.9387755102
72208,,2.0,223383.5306122449
72222,0.16785861551761627,,223419.81632653062
72223,,2.0,223422.4081632653
72238,0.16786861419677734,,223454.72727272726
72239,,1.0,223457.20454545456
72246,0.16787861287593842,,223474.54545454544
72247,,1.0,223477.02272727274
72257,0.1678886115550995,,223501.79545454544
72258,,1.0,223504.27272727274
72268,0.16789861023426056,,223529.04545454544
72269,,1.0,223531.52272727274
72285,0.1679186075925827,,223569.2857142857
72286,,2.0,223572.0
72295,0.16793860495090485,,223596.42857142858
72296,,2.0,223599.14285714287
72302,0.167958602309227,,223615.42857142858
72303,,2.0,223618.14285714287
72312,0.16797859966754913,,223642.57142857142
72313,,2.0,223645.2857142857
72325,0.16799859702587128,,223673.1590909091
72326,,2.0,223675.95454545456
72334,0.16801859438419342,,223698.31818181818
72335,,2.0,223701.11363636365
72344,0.16803859174251556,,223726.27272727274
72345,,2.0,223729.06818181818
72358,0.1680585891008377,,223765.4090909091
72359,,2.0,223768.20454545456
72376,0.16806858777999878,,223806.28
72377,,1.0,223808.8
72388,0.16807858645915985,,223836.52
72389,,1.0,223839.04
72397,0.16808858513832092,,223859.2
72398,,1.0,223861.72
72410,0.168098583817482,,223891.96
72411,,1.0,223894.48
72430,0.1681285798549652,,223969.72727272726
72431,,3.0,223974.27272727274
72436,0.16815857589244843,,223997.0
72437,,3.0,224001.54545454544
72446,0.16818857192993164,,224042.45454545456
72447,,3.0,224047.0
72456,0.16821856796741486,,224087.9090909091
72457,,3.0,224092.45454545456
72473,0.16824856400489807,,224122.69047619047
72474,,3.0,224124.66666666666
72481,0.1682785600423813,,224138.5
72482,,3.0,224140.47619047618
72490,0.1683085560798645,,224156.2857142857
72491,,3.0,224158.2619047619
72500,0.16833855211734772,,224176.04761904763
72501,,3.0,224178.02380952382
72520,0.16836854815483093,,224249.5652173913
72521,,3.0,224253.91304347827
72530,0.16839854419231415,,224293.04347826086
72531,,3.0,224297.39130434784
72539,0.16842854022979736,,224332.1739130435
72540,,3.0,224336.52173913043
72548,0.16845853626728058,,224371.30434782608
72549,,3.0,224375.65217391305
72564,0.16846853494644165,,224402.88372093023
72565,,1.0,224404.7906976744
72574,0.16847853362560272,,224421.9534883721
72575,,1.0,224423.86046511628
72582,0.1684885323047638,,224437.2093023256
72583,,1.0,224439.11627906977
72593,0.16849853098392487,,224458.18604651163
72594,,1.0,224460.09302325582
72609,0.168518528342247,,224493.60975609755
72610,,2.0,224496.24390243902
72615,0.16853852570056915,,224509.41463414635
72616,,2.0,224512.0487804878
72628,0.1685585230588913,,224543.65853658537
72629,,2.0,224546.29268292684
72636,0.16857852041721344,,224564.73170731709
72637,,2.0,224567.36585365853
72652,0.16859851777553558,,224610.22222222222
72653,,2.0,224613.57407407407
72667,0.16861851513385773,,224660.5
72668,,2.0,224663.85185185185
72681,0.16863851249217987,,224707.42592592593
72682,,2.0,224710.77777777778
72692,0.16865850985050201,,224744.2962962963
72693,,2.0,224747.64814814815
72708,0.16867850720882416,,224802.38461538462
72709,,2.0,224806.66666666666
72717,0.1686985045671463,,224840.92307692306
72718,,2.0,224845.20512820513
72727,0.16871850192546844,,224883.7435897436
72728,,2.0,224888.02564102566
72733,0.1687384992837906,,224909.4358974359
72734,,2.0,224913.71794871794
72746,0.16875849664211273,,224952.425
72747,,2.0,224956.25
72758,0.16877849400043488,,224998.325
72759,,2.0,225002.15
72767,0.16879849135875702,,225032.75
72768,,2.0,225036.575
72775,0.16881848871707916,,225063.35
72776,,2.0,225067.175
72791,0.16884848475456238,,225114.63636363635
72792,,3.0,225118.27272727274
72805,0.1688784807920456,,225165.54545454544
72806,,3.0,225169.18181818182
72821,0.1689084768295288,,225223.72727272726
72822,,3.0,225227.36363636365
72832,0.16893847286701202,,225263.72727272726
72833,,3.0,225267.36363636365
72850,0.16895847022533417,,225316.81818181818
72851,,2.0,225320.0909090909
72858,0.1689784675836563,,225343.0
72859,,2.0,225346.27272727274
72870,0.16899846494197845,,225382.27272727274
72871,,2.0,225385.54545454544
72878,0.1690184623003006,,225408.45454545456
72879,,2.0,225411.72727272726
72899,0.1690484583377838,,225481.66666666666
72900,,3.0,225485.58823529413
72910,0.16907845437526703,,225524.80392156861
72911,,3.0,225528.72549019608
72922,0.16910845041275024,,225571.86274509804
72923,,3.0,225575.78431372548
72931,0.16913844645023346,,225607.1568627451
72932,,3.0,225611.07843137256
72945,0.16914844512939453,,225647.5641025641
72946,,1.0,225650.8205128205
72957,0.1691584438085556,,225686.64102564103
72958,,1.0,225689.89743589744
72963,0.16916844248771667,,225706.1794871795
72964,,1.0,225709.4358974359
72972,0.16917844116687775,,225735.4871794872
72973,,1.0,225738.7435897436
72985,0.1691984385251999,,225777.4375
72986,,2.0,225781.375
72993,0.16921843588352203,,225808.9375
72994,,2.0,225812.875
73001,0.16923843324184418,,225840.4375
73002,,2.0,225844.375
73006,0.16925843060016632,,225860.125
73007,,2.0,225864.0625
73026,0.16927842795848846,,225913.33333333334
73027,,2.0,225916.16666666666
73036,0.1692984253168106,,225941.66666666666
73037,,2.0,225944.5
73046,0.16931842267513275,,225970.0
73047,,2.0,225972.83333333334
73056,0.1693384200334549,,225998.33333333334
73057,,2.0,226001.16666666666
73073,0.16935841739177704,,226030.0
73074,,2.0,226032.0
73086,0.16937841475009918,,226056.0
73087,,2.0,226058.0
73096,0.16939841210842133,,226076.0
73097,,2.0,226078.0
73108,0.16941840946674347,,226100.0
73109,,2.0,226102.0
73125,0.16944840550422668,,226131.51162790696
73126,,3.0,226133.62790697673
73132,0.1694784015417099,,226146.32558139536
73133,,3.0,226148.44186046513
73142,0.16950839757919312,,226167.48837209304
73143,,3.0,226169.60465116278
73153,0.16953839361667633,,226190.76744186046
73154,,3.0,226192.88372093023
73173,0.16955839097499847,,226235.0
73174,,2.0,226237.5
73186,0.16957838833332062,,226267.5
73187,,2.0,226270.0
73196,0.16959838569164276,,226292.5
73197,,2.0,226295.0
73205,0.1696183830499649,,226315.0
73206,,2.0,226317.5
73222,0.16963838040828705,,226361.95454545456
73223,,2.0,226365.18181818182
73232,0.1696583777666092,,226394.22727272726
73233,,2.0,226397.45454545456
73241,0.16967837512493134,,226423.27272727274
73242,,2.0,226426.5
73251,0.16969837248325348,,226455.54545454544
73252,,2.0,226458.77272727274
73269,0.16969837248325348,,226490.0
73270,,0.0,226492.0
73277,0.16969837248325348,,226506.0
73278,,0.0,226508.0
73286,0.16969837248325348,,226524.0
73287,,0.0,226526.0
73294,0.16969837248325348,,226540.0
73295,,0.0,226542.0
73312,0.16971836984157562,,226587.36585365853
73313,,2.0,226590.46341463414
73321,0.16973836719989777,,226615.24390243902
73322,,2.0,226618.34146341463
73329,0.1697583645582199,,226640.0243902439
73330,,2.0,226643.1219512195
73337,0.16977836191654205,,226664.80487804877
73338,,2.0,226667.9024390244
73358,0.16980835795402527,,226716.0
73359,,3.0,226718.64705882352
73368,0.16983835399150848,,226742.4705882353
73369,,3.0,226745.11764705883
73378,0.1698683500289917,,226768.9411764706
73379,,3.0,226771.58823529413
73390,0.16989834606647491,,226800.70588235295
73391,,3.0,226803.35294117648
73402,0.169908344745636,,226826.46511627908
73403,,1.0,226829.02325581395
73411,0.16991834342479706,,226849.48837209304
73412,,1.0,226852.0465116279
73419,0.16992834210395813,,226869.9534883721
73420,,1.0,226872.51162790696
73435,0.1699383407831192,,226910.88372093023
73436,,1.0,226913.44186046513
73451,0.16994833946228027,,226938.95652173914
73452,,1.0,226940.86956521738
73466,0.16995833814144135,,226967.65217391305
73467,,1.0,226969.5652173913
73474,0.16996833682060242,,226982.95652173914
73475,,1.0,226984.86956521738
73483,0.1699783354997635,,227000.1739130435
73484,,1.0,227002.08695652173
73504,0.16999833285808563,,227055.0
73505,,2.0,227058.0
73510,0.17001833021640778,,227073.0
73511,,2.0,227076.0
73521,0.17003832757472992,,227106.0
73522,,2.0,227109.0
73532,0.17005832493305206,,227139.0
73533,,2.0,227142.0
73554,0.17006832361221313,,227174.0
73555,,1.0,227175.61111111112
73569,0.1700783222913742,,227198.16666666666
73570,,1.0,227199.77777777778
73579,0.17008832097053528,,227214.27777777778
73580,,1.0,227215.88888888888
73588,0.17009831964969635,,227228.77777777778
73589,,1.0,227230.38888888888
73607,0.17010831832885742,,227257.55555555556
73608,,1.0,227259.25925925927
73623,0.1701183170080185,,227284.8148148148
73624,,1.0,227286.5185185185
73634,0.17012831568717957,,227303.55555555556
73635,,1.0,227305.25925925927
73644,0.17013831436634064,,227320.59259259258
73645,,1.0,227322.2962962963
73661,0.1701483130455017,,227342.1551724138
73662,,1.0,227343.55172413794
73674,0.17015831172466278,,227360.3103448276
73675,,1.0,227361.7068965517
73690,0.17016831040382385,,227382.6551724138
73691,,1.0,227384.05172413794
73704,0.17017830908298492,,227402.2068965517
73705,,1.0,227403.60344827586
73716,0.170188307762146,,227421.18181818182
73717,,1.0,227423.20454545456
73727,0.17019830644130707,,227443.43181818182
73728,,1.0,227445.45454545456
73737,0.17020830512046814,,227463.6590909091
73738,,1.0,227465.68181818182
73750,0.1702183037996292,,227489.95454545456
73751,,1.0,227491.97727272726
73763,0.1702183037996292,,227512.25
73764,,0.0,227514.27777777778
73769,0.1702183037996292,,227524.41666666666
73770,,0.0,227526.44444444444
73778,0.1702183037996292,,227542.66666666666
73779,,0.0,227544.69444444444
73788,0.1702183037996292,,227562.94444444444
73789,,0.0,227564.97222222222
73804,0.17023830115795135,,227596.45454545456
73805,,2.0,227598.9090909091
73815,0.1702582985162735,,227623.45454545456
73816,,2.0,227625.9090909091
73825,0.17027829587459564,,227648.0
73826,,2.0,227650.45454545456
73834,0.17029829323291779,,227670.0909090909
73835,,2.0,227672.54545454544
73846,0.17031829059123993,,227698.15789473685
73847,,2.0,227701.05263157896
73853,0.17033828794956207,,227718.42105263157
73854,,2.0,227721.31578947368
73865,0.17035828530788422,,227753.15789473685
73866,,2.0,227756.05263157896
73874,0.17037828266620636,,227779.2105263158
73875,,2.0,227782.1052631579
73887,0.17038828134536743,,227805.025
73888,,1.0,227807.25
73898,0.1703982800245285,,227829.5
73899,,1.0,227831.725
73906,0.17040827870368958,,227847.3
73907,,1.0,227849.525
73916,0.17041827738285065,,227869.55
73917,,1.0,227871.775
73933,0.17042827606201172,,227904.1219512195
73934,,1.0,227906.43902439025
73942,0.1704382747411728,,227924.9756097561
73943,,1.0,227927.29268292684
73952,0.17044827342033386,,227948.1463414634
73953,,1.0,227950.46341463414
73959,0.17045827209949493,,227964.36585365853
73960,,1.0,227966.68292682926
73974,0.17047826945781708,,228001.4358974359
73975,,2.0,228004.38461538462
73983,0.17049826681613922,,228027.97435897434
73984,,2.0,228030.92307692306
73991,0.17051826417446136,,228051.5641025641
73992,,2.0,228054.5128205128
74000,0.1705382615327835,,228078.10256410256
74001,,2.0,228081.05128205128
74016,0.17055825889110565,,228141.9
74017,,2.0,228146.725
74024,0.1705782562494278,,228180.5
74025,,2.0,228185.325
74034,0.17059825360774994,,228228.75
74035,,2.0,228233.575
74042,0.17061825096607208,,228267.35
74043,,2.0,228272.175
74057,0.17063824832439423,,228327.83783783784
74058,,2.0,228332.45945945947
74065,0.17065824568271637,,228364.8108108108
74066,,2.0,228369.43243243243
74074,0.1706782430410385,,228406.4054054054
74075,,2.0,228411.02702702704
74081,0.17069824039936066,,228438.75675675675
74082,,2.0,228443.37837837837
74100,0.17070823907852173,,228481.125
74101,,1.0,228483.33333333334
74109,0.1707182377576828,,228501.0
74110,,1.0,228503.20833333334
74121,0.17072823643684387,,228527.5
74122,,1.0,228529.70833333334
74131,0.17073823511600494,,228549.58333333334
74132,,1.0,228551.79166666666
74143,0.1707582324743271,,228585.38461538462
74144,,2.0,228589.3076923077
74153,0.17077822983264923,,228624.61538461538
74154,,2.0,228628.53846153847
74162,0.17079822719097137,,228659.92307692306
74163,,2.0,228663.84615384616
74172,0.17081822454929352,,228699.15384615384
74173,,2.0,228703.07692307694
74189,0.17083822190761566,,228764.2
74190,,2.0,228768.6
74201,0.1708582192659378,,228817.0
74202,,2.0,228821.4
74210,0.17087821662425995,,228856.6
74211,,2.0,228861.0
74219,0.1708982139825821,,228896.2
74220,,2.0,228900.6
74233,0.17091821134090424,,228947.36842105264
74234,,2.0,228951.6052631579
74240,0.17093820869922638,,228977.02631578947
74241,,2.0,228981.26315789475
74251,0.17095820605754852,,229023.63157894736
74252,,2.0,229027.86842105264
74259,0.17097820341587067,,229057.52631578947
74260,,2.0,229061.76315789475
74282,0.1709982007741928,,229121.8125
74283,,2.0,229124.75
74290,0.17101819813251495,,229145.3125
74291,,2.0,229148.25
74298,0.1710381954908371,,229168.8125
74299,,2.0,229171.75
74309,0.17105819284915924,,229201.125
74310,,2.0,229204.0625
74329,0.17107819020748138,,229251.57142857142
74330,,2.0,229254.35714285713
74342,0.17109818756580353,,229287.7857142857
74343,,2.0,229290.57142857142
74353,0.17111818492412567,,229318.42857142858
74354,,2.0,229321.2142857143
74367,0.17113818228244781,,229357.42857142858
74368,,2.0,229360.2142857143
74383,0.17115817964076996,,229397.60465116278
74384,,2.0,229400.48837209304
74393,0.1711781769990921,,229426.44186046513
74394,,2.0,229429.32558139536
74401,0.17119817435741425,,229449.51162790696
74402,,2.0,229452.39534883722
74412,0.1712181717157364,,229481.23255813954
74413,,2.0,229484.11627906977
74426,0.17123816907405853,,229508.46341463414
74427,,2.0,229510.60975609755
74439,0.17125816643238068,,229536.36585365853
74440,,2.0,229538.51219512196
74444,0.17127816379070282,,229547.0975609756
74445,,2.0,229549.24390243902
74455,0.17129816114902496,,229570.70731707316
74456,,2.0,229572.8536585366
74472,0.1713181585073471,,229616.21276595743
74473,,2.0,229619.3829787234
74481,0.17133815586566925,,229644.74468085106
74482,,2.0,229647.914893617
74493,0.1713581532239914,,229682.78723404257
74494,,2.0,229685.95744680852
74504,0.17137815058231354,,229717.6595744681
74505,,2.0,229720.82978723405
74522,0.17139814794063568,,229754.37735849057
74523,,2.0,229756.54716981133
74536,0.17141814529895782,,229784.75471698114
74537,,2.0,229786.9245283019
74550,0.17143814265727997,,229815.1320754717
74551,,2.0,229817.30188679244
74559,0.1714581400156021,,229834.6603773585
74560,,2.0,229836.83018867925
74576,0.17148813605308533,,229895.52173913043
74577,,3.0,229899.86956521738
74587,0.17151813209056854,,229943.34782608695
74588,,3.0,229947.69565217392
74594,0.17154812812805176,,229973.78260869565
74595,,3.0,229978.13043478262
74607,0.17157812416553497,,230030.30434782608
74608,,3.0,230034.65217391305
74622,0.17159812152385712,,230070.36170212767
74623,,2.0,230073.21276595743
74633,0.17161811888217926,,230101.72340425532
74634,,2.0,230104.5744680851
74644,0.1716381162405014,,230133.085106383
74645,,2.0,230135.93617021278
74656,0.17165811359882355,,230167.29787234042
74657,,2.0,230170.1489361702
74675,0.17166811227798462,,230212.51219512196
74676,,1.0,230215.1463414634
74681,0.1716781109571457,,230228.31707317074
74682,,1.0,230230.9512195122
74688,0.17168810963630676,,230246.75609756098
74689,,1.0,230249.39024390245
74699,0.17169810831546783,,230275.73170731709
74700,,1.0,230278.36585365853
74711,0.17171810567378998,,230304.27272727274
74712,,2.0,230307.18181818182
74721,0.17173810303211212,,230333.36363636365
74722,,2.0,230336.27272727274
74736,0.17175810039043427,,230377.0
74737,,2.0,230379.9090909091
74745,0.1717780977487564,,230403.18181818182
74746,,2.0,230406.0909090909
74758,0.17180809378623962,,230439.3260869565
74759,,3.0,230442.69565217392
74773,0.17183808982372284,,230489.86956521738
74774,,3.0,230493.23913043478
74782,0.17186808586120605,,230520.19565217392
74783,,3.0,230523.5652173913
74793,0.17189808189868927,,230557.26086956522
74794,,3.0,230560.63043478262
74811,0.17192807793617249,,230629.11627906977
74812,,3.0,230633.76744186046
74819,0.1719580739736557,,230666.32558139536
74820,,3.0,230670.97674418605
74827,0.17198807001113892,,230703.53488372092
74828,,3.0,230708.18604651163
74838,0.17201806604862213,,230754.6976744186
74839,,3.0,230759.3488372093
74853,0.17203806340694427,,230794.31707317074
74854,,2.0,230797.07317073172
74863,0.17205806076526642,,230821.8780487805
74864,,2.0,230824.63414634147
74871,0.17207805812358856,,230843.92682926828
74872,,2.0,230846.68292682926
74881,0.1720980554819107,,230871.48780487804
74882,,2.0,230874.24390243902
74898,0.17212805151939392,,230937.46511627908
74899,,3.0,230942.11627906977
74909,0.17215804755687714,,230988.62790697673
74910,,3.0,230993.27906976745
74918,0.17218804359436035,,231030.48837209304
74919,,3.0,231035.13953488372
74926,0.17221803963184357,,231067.6976744186
74927,,3.0,231072.3488372093
74941,0.17222803831100464,,231101.75
74942,,1.0,231104.0
74951,0.1722380369901657,,231124.25
74952,,1.0,231126.5
74960,0.17224803566932678,,231144.5
74961,,1.0,231146.75
74964,0.17225803434848785,,231153.5
74965,,1.0,231155.75
74981,0.17227803170681,,231188.60416666666
74982,,2.0,231190.95833333334
74991,0.17229802906513214,,231212.14583333334
74992,,2.0,231214.5
75001,0.17231802642345428,,231235.6875
75002,,2.0,231238.04166666666
75014,0.17233802378177643,,231266.29166666666
75015,,2.0,231268.64583333334
75024,0.17233802378177643,,231283.3076923077
75025,,0.0,231285.35897435897
75034,0.17233802378177643,,231303.8205128205
75035,,0.0,231305.87179487178
75046,0.17233802378177643,,231328.4358974359
75047,,0.0,231330.4871794872
75055,0.17233802378177643,,231346.89743589744
75056,,0.0,231348.94871794872
75070,0.17235802114009857,,231376.3
75071,,2.0,231378.6
75078,0.17237801849842072,,231394.7
75079,,2.0,231397.0
75090,0.17239801585674286,,231422.3
75091,,2.0,231424.6
75097,0.172418013215065,,231438.4
75098,,2.0,231440.7
75109,0.17243801057338715,,231472.46341463414
75110,,2.0,231476.1463414634
75123,0.1724580079317093,,231524.0243902439
75124,,2.0,231527.70731707316
75133,0.17247800529003143,,231560.8536585366
75134,,2.0,231564.53658536586
75140,0.17249800264835358,,231586.63414634147
75141,,2.0,231590.31707317074
75157,0.17251800000667572,,231630.4
75158,,2.0,231633.2
75164,0.17253799736499786,,231650.0
75165,,2.0,231652.8
75175,0.17255799472332,,231680.8
75176,,2.0,231683.6
75187,0.17257799208164215,,231714.4
75188,,2.0,231717.2
75206,0.17257799208164215,,231741.4705882353
75207,,0.0,231742.9019607843
75218,0.17257799208164215,,231758.64705882352
75219,,0.0,231760.07843137256
75230,0.17257799208164215,,231775.82352941178
75231,,0.0,231777.25490196078
75240,0.17257799208164215,,231790.13725490196
75241,,0.0,231791.568627451
75259,0.17260798811912537,,231823.33333333334
75260,,3.0,231825.35555555555
75268,0.17263798415660858,,231841.53333333333
75269,,3.0,231843.55555555556
75276,0.1726679801940918,,231857.7111111111
75277,,3.0,231859.73333333334
75287,0.172697976231575,,231879.95555555556
75288,,3.0,231881.97777777776
75298,0.17270797491073608,,231901.30555555556
75299,,1.0,231903.77777777778
75307,0.17271797358989716,,231923.55555555556
75308,,1.0,231926.02777777778
75315,0.17272797226905823,,231943.33333333334
75316,,1.0,231945.80555555556
75325,0.1727379709482193,,231968.05555555556
75326,,1.0,231970.52777777778
75341,0.17275796830654144,,232026.14285714287
75342,,2.0,232030.57142857142
75353,0.1727779656648636,,232079.2857142857
75354,,2.0,232083.7142857143
75361,0.17279796302318573,,232114.7142857143
75362,,2.0,232119.14285714287
75369,0.17281796038150787,,232150.14285714287
75370,,2.0,232154.57142857142
75381,0.17283795773983002,,232179.38095238095
75382,,2.0,232181.92857142858
75393,0.17285795509815216,,232209.95238095237
75394,,2.0,232212.5
75403,0.1728779524564743,,232235.42857142858
75404,,2.0,232237.97619047618
75413,0.17289794981479645,,232260.90476190476
75414,,2.0,232263.45238095237
75429,0.17292794585227966,,232292.34146341463
75430,,3.0,232294.53658536586
75438,0.17295794188976288,,232312.0975609756
75439,,3.0,232314.29268292684
75449,0.1729879379272461,,232336.24390243902
75450,,3.0,232338.43902439025
75456,0.1730179339647293,,232351.60975609755
75457,,3.0,232353.80487804877
75474,0.17303793132305145,,232391.0
75475,,2.0,232393.5
75485,0.1730579286813736,,232418.5
75486,,2.0,232421.0
75494,0.17307792603969574,,232441.0
75495,,2.0,232443.5
75504,0.17309792339801788,,232466.0
75505,,2.0,232468.5
75520,0.1731279194355011,,232510.54545454544
75521,,3.0,232513.8409090909
75527,0.17315791547298431,,232533.61363636365
75528,,3.0,232536.9090909091
75538,0.17318791151046753,,232569.86363636365
75539,,3.0,232573.1590909091
75550,0.17321790754795074,,232609.4090909091
75551,,3.0,232612.70454545456
75564,0.17324790358543396,,232666.0
75565,,3.0,232671.0
75574,0.17327789962291718,,232716.0
75575,,3.0,232721.0
75584,0.1733078956604004,,232766.0
75585,,3.0,232771.0
75592,0.1733378916978836,,232806.0
75593,,3.0,232811.0
75609,0.17335788905620575,,232848.77083333334
75610,,2.0,232851.29166666666
75620,0.1733778864145279,,232876.5
75621,,2.0,232879.02083333334
75632,0.17339788377285004,,232906.75
75633,,2.0,232909.27083333334
75642,0.17341788113117218,,232931.95833333334
75643,,2.0,232934.47916666666
75660,0.17343787848949432,,232982.68421052632
75661,,2.0,232985.94736842104
75667,0.17345787584781647,,233005.52631578947
75668,,2.0,233008.7894736842
75673,0.1734778732061386,,233025.1052631579
75674,,2.0,233028.36842105264
75682,0.17349787056446075,,233054.47368421053
75683,,2.0,233057.73684210525
75701,0.1735178679227829,,233086.83333333334
75702,,2.0,233088.55555555556
75712,0.17353786528110504,,233105.77777777778
75713,,2.0,233107.5
75725,0.17355786263942719,,233128.16666666666
75726,,2.0,233129.88888888888
75738,0.17357785999774933,,233150.55555555556
75739,,2.0,233152.27777777778
75753,0.17359785735607147,,233183.57777777777
75754,,2.0,233186.26666666666
75768,0.17361785471439362,,233223.9111111111
75769,,2.0,233226.6
75778,0.17363785207271576,,233250.8
75779,,2.0,233253.48888888888
75785,0.1736578494310379,,233269.6222222222
75786,,2.0,233272.3111111111
75803,0.17366784811019897,,233303.6511627907
75804,,1.0,233305.6976744186
75814,0.17367784678936005,,233326.16279069768
75815,,1.0,233328.2093023256
75826,0.17368784546852112,,233350.72093023255
75827,,1.0,233352.76744186046
75830,0.1736978441476822,,233358.90697674418
75831,,1.0,233360.9534883721
75843,0.1737278401851654,,233381.20454545456
75844,,3.0,233383.22727272726
75856,0.17375783622264862,,233407.5
75857,,3.0,233409.52272727274
75867,0.17378783226013184,,233429.75
75868,,3.0,233431.77272727274
75876,0.17381782829761505,,233447.95454545456
75877,,3.0,233449.97727272726
75891,0.17384782433509827,,233469.55319148937
75892,,3.0,233471.1489361702
75908,0.17387782037258148,,233496.68085106384
75909,,3.0,233498.27659574468
75914,0.1739078164100647,,233506.25531914894
75915,,3.0,233507.8510638298
75925,0.1739378124475479,,233523.8085106383
75926,,3.0,233525.40425531915
75939,0.17396780848503113,,233548.46341463414
75940,,3.0,233550.60975609755
75947,0.17399780452251434,,233565.63414634147
75948,,3.0,233567.78048780488
75956,0.17402780055999756,,233584.9512195122
75957,,3.0,233587.0975609756
75968,0.17405779659748077,,233610.70731707316
75969,,3.0,233612.8536585366
75983,0.174087792634964,,233635.69047619047
75984,,3.0,233637.57142857142
75992,0.1741177886724472,,233652.61904761905
75993,,3.0,233654.5
76002,0.17414778470993042,,233671.42857142858
76003,,3.0,233673.30952380953
76012,0.17417778074741364,,233690.2380952381
76013,,3.0,233692.11904761905
76027,0.17419777810573578,,233726.75555555554
76028,,2.0,233729.73333333334
76039,0.17421777546405792,,233762.48888888888
76040,,2.0,233765.46666666667
76049,0.17423777282238007,,233792.26666666666
76050,,2.0,233795.24444444446
76059,0.1742577701807022,,233822.04444444444
76060,,2.0,233825.02222222224
76078,0.17427776753902435,,233883.0
76079,,2.0,233886.66666666666
76089,0.1742977648973465,,233923.33333333334
76090,,2.0,233927.0
76095,0.17431776225566864,,233945.33333333334
76096,,2.0,233949.0
76106,0.17433775961399078,,233985.66666666666
76107,,2.0,233989.33333333334
76121,0.17435775697231293,,234017.24489795917
76122,,2.0,234019.44897959183
76136,0.17437775433063507,,234050.306122449
76137,,2.0,234052.51020408163
76144,0.17439775168895721,,234067.9387755102
76145,,2.0,234070.14285714287
76157,0.17441774904727936,,234096.5918367347
76158,,2.0,234098.79591836734
76171,0.17442774772644043,,234119.72340425532
76172,,1.0,234121.59574468085
76183,0.1744377464056015,,234142.1914893617
76184,,1.0,234144.06382978722
76196,0.17444774508476257,,234166.53191489363
76197,,1.0,234168.40425531915
76206,0.17445774376392365,,234185.25531914894
76207,,1.0,234187.12765957447
76223,0.1744777411222458,,234243.02222222224
76224,,2.0,234247.17777777778
76230,0.17449773848056793,,234272.11111111112
76231,,2.0,234276.26666666666
76238,0.17451773583889008,,234305.35555555555
76239,,2.0,234309.51111111112
76253,0.17453773319721222,,234367.6888888889
76254,,2.0,234371.84444444443
76269,0.17455773055553436,,234417.87234042553
76270,,2.0,234421.36170212767
76277,0.1745777279138565,,234445.78723404257
76278,,2.0,234449.27659574468
76292,0.17459772527217865,,234498.12765957447
76293,,2.0,234501.6170212766
76302,0.1746177226305008,,234533.02127659574
76303,,2.0,234536.51063829788
76316,0.17463771998882294,,234585.0
76317,,2.0,234589.5
76325,0.17465771734714508,,234625.5
76326,,2.0,234630.0
76335,0.17467771470546722,,234670.5
76336,,2.0,234675.0
76342,0.17469771206378937,,234702.0
76343,,2.0,234706.5
76358,0.1747177094221115,,234752.3023255814
76359,,2.0,234755.7441860465
76364,0.17473770678043365,,234772.9534883721
76365,,2.0,234776.39534883722
76373,0.1747577041387558,,234803.93023255814
76374,,2.0,234807.37209302327
76387,0.17477770149707794,,234852.11627906977
76388,,2.0,234855.55813953487
76399,0.174787700176239,,234880.45454545456
76400,,1.0,234883.13636363635
76411,0.17479769885540009,,234912.63636363635
76412,,1.0,234915.31818181818
76423,0.17480769753456116,,234944.81818181818
76424,,1.0,234947.5
76433,0.17481769621372223,,234971.63636363635
76434,,1.0,234974.31818181818
76446,0.17483769357204437,,235018.82352941178
76447,,2.0,235023.4705882353
76456,0.17485769093036652,,235065.29411764705
76457,,2.0,235069.9411764706
76463,0.17487768828868866,,235097.82352941178
76464,,2.0,235102.4705882353
76469,0.1748976856470108,,235125.70588235295
76470,,2.0,235130.35294117648
76488,0.17492768168449402,,235193.82352941178
76489,,3.0,235197.74509803922
76499,0.17495767772197723,,235236.96078431373
76500,,3.0,235240.88235294117
76511,0.17498767375946045,,235284.01960784313
76512,,3.0,235287.9411764706
76522,0.17501766979694366,,235327.1568627451
76523,,3.0,235331.07843137256
76536,0.1750376671552658,,235376.13636363635
76537,,2.0,235380.25
76544,0.17505766451358795,,235409.04545454544
76545,,2.0,235413.1590909091
76557,0.1750776618719101,,235462.52272727274
76558,,2.0,235466.63636363635
76568,0.17509765923023224,,235507.77272727274
76569,,2.0,235511.88636363635
76583,0.17511765658855438,,235550.7111111111
76584,,2.0,235553.86666666667
76593,0.17513765394687653,,235582.26666666666
76594,,2.0,235585.42222222223
76605,0.17515765130519867,,235620.13333333333
76606,,2.0,235623.2888888889
76615,0.1751776486635208,,235651.6888888889
76616,,2.0,235654.84444444443
76629,0.17519764602184296,,235685.5
76630,,2.0,235688.25
76637,0.1752176433801651,,235707.5
76638,,2.0,235710.25
76648,0.17523764073848724,,235737.75
76649,,2.0,235740.5
76657,0.1752576380968094,,235762.5
76658,,2.0,235765.25
76670,0.17526763677597046,,235785.55
76671,,1.0,235787.5
76680,0.17527763545513153,,235805.05
76681,,1.0,235807.0
76690,0.1752876341342926,,235824.55
76691,,1.0,235826.5
76699,0.17529763281345367,,235842.1
76700,,1.0,235844.05
76713,0.17531763017177582,,235881.60975609755
76714,,2.0,235885.17073170733
76721,0.17533762753009796,,235910.0975609756
76722,,2.0,235913.65853658537
76734,0.1753576248884201,,235956.39024390245
76735,,2.0,235959.9512195122
76742,0.17537762224674225,,235984.8780487805
76743,,2.0,235988.43902439025
76754,0.1753976196050644,,236027.2380952381
76755,,2.0,236031.64285714287
76764,0.17541761696338654,,236071.2857142857
76765,,2.0,236075.69047619047
76775,0.17543761432170868,,236119.7380952381
76776,,2.0,236124.14285714287
76786,0.17545761168003082,,236168.19047619047
76787,,2.0,236172.59523809524
76800,0.17547760903835297,,236219.92682926828
76801,,2.0,236224.21951219512
76812,0.1754976063966751,,236271.43902439025
76813,,2.0,236275.73170731709
76822,0.17551760375499725,,236314.36585365853
76823,,2.0,236318.65853658537
76829,0.1755376011133194,,236344.41463414635
76830,,2.0,236348.70731707316
76847,0.17555759847164154,,236404.64444444445
76848,,2.0,236408.33333333334
76857,0.17557759582996368,,236441.53333333333
76858,,2.0,236445.22222222222
76867,0.17559759318828583,,236478.42222222223
76868,,2.0,236482.11111111112
76876,0.17561759054660797,,236511.6222222222
76877,,2.0,236515.3111111111
76892,0.17563758790493011,,236556.67441860464
76893,,2.0,236559.81395348837
76898,0.17565758526325226,,236575.51162790696
76899,,2.0,236578.6511627907
76909,0.1756775826215744,,236610.0465116279
76910,,2.0,236613.18604651163
76921,0.17569757997989655,,236647.72093023255
76922,,2.0,236650.86046511628
76939,0.17572757601737976,,236714.86956521738
76940,,3.0,236719.21739130435
76952,0.17575757205486298,,236771.39130434784
76953,,3.0,236775.73913043478
76959,0.1757875680923462,,236801.8260869565
76960,,3.0,236806.1739130435
76969,0.1758175641298294,,236845.30434782608
76970,,3.0,236849.65217391305
76990,0.17583756148815155,,236898.52380952382
76991,,2.0,236901.14285714287
77004,0.1758575588464737,,236935.19047619047
77005,,2.0,236937.80952380953
77015,0.17587755620479584,,236964.0
77016,,2.0,236966.61904761905
77034,0.17589755356311798,,237013.7619047619
77035,,2.0,237016.38095238095
77045,0.1759275496006012,,237062.75
77046,,3.0,237069.0
77053,0.1759575456380844,,237112.75
77054,,3.0,237119.0
77063,0.17598754167556763,,237175.25
77064,,3.0,237181.5
77068,0.17601753771305084,,237206.5
77069,,3.0,237212.75
77081,0.17603753507137299,,237244.0
77082,,2.0,237246.77777777778
77092,0.17605753242969513,,237274.55555555556
77093,,2.0,237277.33333333334
77106,0.17607752978801727,,237313.44444444444
77107,,2.0,237316.22222222222
77115,0.17609752714633942,,237338.44444444444
77116,,2.0,237341.22222222222
77134,0.17611752450466156,,237372.8
77135,,2.0,237374.72
77144,0.1761375218629837,,237392.0
77145,,2.0,237393.92
77158,0.17615751922130585,,237418.88
77159,,2.0,237420.8
77167,0.176177516579628,,237436.16
77168,,2.0,237438.08
77185,0.17619751393795013,,237467.16
77186,,2.0,237469.1
77198,0.17621751129627228,,237492.38
77199,,2.0,237494.32
77209,0.17623750865459442,,237513.72
77210,,2.0,237515.66
77219,0.17625750601291656,,237533.12
77220,,2.0,237535.06
77235,0.17628750205039978,,237585.27272727274
77236,,3.0,237589.29545454544
77247,0.176317498087883,,237633.54545454544
77248,,3.0,237637.56818181818
77256,0.1763474941253662,,237669.75
77257,,3.0,237673.77272727274
77265,0.17637749016284943,,237705.95454545456
77266,,3.0,237709.97727272726
77283,0.1763874888420105,,237737.8
77284,,1.0,237739.5
77296,0.17639748752117157,,237759.9
77297,,1.0,237761.6
77306,0.17640748620033264,,237776.9
77307,,1.0,237778.6
77317,0.1764174848794937,,237795.6
77318,,1.0,237797.3
77334,0.17642748355865479,,237821.24444444446
77335,,1.0,237822.95555555556
77343,0.17643748223781586,,237836.64444444445
77344,,1.0,237838.35555555555
77355,0.17644748091697693,,237857.17777777778
77356,,1.0,237858.88888888888
77364,0.176457479596138,,237872.57777777777
77365,,1.0,237874.2888888889
77383,0.17648747563362122,,237939.82978723405
77384,,3.0,237944.085106383
77393,0.17651747167110443,,237982.3829787234
77394,,3.0,237986.63829787233
77403,0.17654746770858765,,238024.93617021278
77404,,3.0,238029.1914893617
77413,0.17657746374607086,,238067.48936170212
77414,,3.0,238071.74468085106
77425,0.176597461104393,,238100.19047619047
77426,,2.0,238103.2142857143
77438,0.17661745846271515,,238139.5
77439,,2.0,238142.52380952382
77449,0.1766374558210373,,238172.7619047619
77450,,2.0,238175.7857142857
77457,0.17665745317935944,,238196.95238095237
77458,,2.0,238199.97619047618
77482,0.17667745053768158,,238272.40677966102
77483,,2.0,238275.71186440677
77494,0.17669744789600372,,238312.06779661018
77495,,2.0,238315.37288135593
77504,0.17671744525432587,,238345.11864406778
77505,,2.0,238348.42372881356
77518,0.176737442612648,,238391.38983050847
77519,,2.0,238394.69491525425
77536,0.17675743997097015,,238435.9024390244
77537,,2.0,238438.60975609755
77545,0.1767774373292923,,238460.26829268291
77546,,2.0,238462.9756097561
77553,0.17679743468761444,,238481.92682926828
77554,,2.0,238484.63414634147
77561,0.17681743204593658,,238503.58536585365
77562,,2.0,238506.29268292684
77578,0.17683742940425873,,238546.7906976744
77579,,2.0,238549.6976744186
77586,0.17685742676258087,,238570.0465116279
77587,,2.0,238572.9534883721
77596,0.17687742412090302,,238599.11627906977
77597,,2.0,238602.02325581395
77606,0.17689742147922516,,238628.18604651163
77607,,2.0,238631.09302325582
77620,0.1769174188375473,,238679.0
77621,,2.0,238683.5
77627,0.17693741619586945,,238710.5
77628,,2.0,238715.0
77636,0.1769574135541916,,238751.0
77637,,2.0,238755.5
77646,0.17697741091251373,,238796.0
77647,,2.0,238800.5
77664,0.17699740827083588,,238852.54166666666
77665,,2.0,238855.9375
77674,0.17701740562915802,,238886.5
77675,,2.0,238889.89583333334
77682,0.17703740298748016,,238913.66666666666
77683,,2.0,238917.0625
77696,0.1770574003458023,,238961.20833333334
77697,,2.0,238964.60416666666
77712,0.17707739770412445,,239005.06666666668
77713,,2.0,239008.15555555557
77724,0.1770973950624466,,239042.13333333333
77725,,2.0,239045.22222222222
77734,0.17711739242076874,,239073.02222222224
77735,,2.0,239076.11111111112
77743,0.17713738977909088,,239100.82222222222
77744,,2.0,239103.9111111111
77756,0.17715738713741302,,239129.37837837837
77757,,2.0,239131.86486486485
77765,0.17717738449573517,,239151.75675675675
77766,,2.0,239154.24324324325
77773,0.1771973818540573,,239171.64864864864
77774,,2.0,239174.13513513515
77782,0.17721737921237946,,239194.02702702704
77783,,2.0,239196.51351351352
77797,0.17724737524986267,,239220.25
77798,,3.0,239222.18181818182
77805,0.1772773712873459,,239235.70454545456
77806,,3.0,239237.63636363635
77817,0.1773073673248291,,239258.88636363635
77818,,3.0,239260.81818181818
77828,0.17733736336231232,,239280.13636363635
77829,,3.0,239282.06818181818
77840,0.17735736072063446,,239310.85714285713
77841,,2.0,239314.2142857143
77849,0.1773773580789566,,239341.07142857142
77850,,2.0,239344.42857142858
77860,0.17739735543727875,,239378.0
77861,,2.0,239381.35714285713
77872,0.1774173527956009,,239418.2857142857
77873,,2.0,239421.64285714287
77890,0.17742735147476196,,239453.66666666666
77891,,1.0,239455.7142857143
77898,0.17743735015392303,,239470.04761904763
77899,,1.0,239472.09523809524
77906,0.1774473488330841,,239486.42857142858
77907,,1.0,239488.47619047618
77916,0.17745734751224518,,239506.90476190476
77917,,1.0,239508.95238095237
77929,0.1774873435497284,,239565.54545454544
77930,,3.0,239571.60606060605
77937,0.1775173395872116,,239614.0303030303
77938,,3.0,239620.0909090909
77944,0.17754733562469482,,239656.45454545456
77945,,3.0,239662.51515151514
77951,0.17757733166217804,,239698.87878787878
77952,,3.0,239704.9393939394
77966,0.17759732902050018,,239749.0
77967,,2.0,239752.45454545456
77979,0.17761732637882233,,239793.9090909091
77980,,2.0,239797.36363636365
77987,0.17763732373714447,,239821.54545454544
77988,,2.0,239825.0
77997,0.1776573210954666,,239856.0909090909
77998,,2.0,239859.54545454544
78015,0.17768731713294983,,239922.15
78016,,3.0,239926.375
78022,0.17771731317043304,,239951.725
78023,,3.0,239955.95
78033,0.17774730920791626,,239998.2
78034,,3.0,240002.425
78039,0.17777730524539948,,240023.55
78040,,3.0,240027.775
78054,0.1778073012828827,,240049.80952380953
78055,,3.0,240051.42857142858
78060,0.1778372973203659,,240059.52380952382
78061,,3.0,240061.14285714287
78071,0.17786729335784912,,240077.33333333334
78072,,3.0,240078.95238095237
78083,0.17789728939533234,,240096.7619047619
78084,,3.0,240098.38095238095
78093,0.1779072880744934,,240111.86046511628
78094,,1.0,240113.83720930232
78103,0.17791728675365448,,240131.62790697673
78104,,1.0,240133.60465116278
78116,0.17792728543281555,,240157.32558139536
78117,,1.0,240159.3023255814
78128,0.17793728411197662,,240181.0465116279
78129,,1.0,240183.02325581395
78145,0.17796728014945984,,240207.59523809524
78146,,3.0,240209.33333333334
78155,0.17799727618694305,,240224.97619047618
78156,,3.0,240226.7142857143
78161,0.17802727222442627,,240235.40476190476
78162,,3.0,240237.14285714287
78172,0.17805726826190948,,240254.52380952382
78173,,3.0,240256.2619047619
78185,0.17807726562023163,,240286.2857142857
78186,,2.0,240289.42857142858
78197,0.17809726297855377,,240324.0
78198,,2.0,240327.14285714287
78204,0.17811726033687592,,240346.0
78205,,2.0,240349.14285714287
78216,0.17813725769519806,,240383.7142857143
78217,,2.0,240386.85714285713
78228,0.17816725373268127,,240417.81818181818
78229,,3.0,240421.29545454544
78239,0.1781972497701645,,240456.06818181818
78240,,3.0,240459.54545454544
78248,0.1782272458076477,,240487.36363636365
78249,,3.0,240490.8409090909
78262,0.17825724184513092,,240536.04545454544
78263,,3.0,240539.52272727274
78279,0.17827723920345306,,240575.5
78280,,2.0,240578.0
78289,0.1782972365617752,,240600.5
78290,,2.0,240603.0
78299,0.17831723392009735,,240625.5
78300,,2.0,240628.0
78306,0.1783372312784195,,240643.0
78307,,2.0,240645.5
78327,0.17835722863674164,,240704.02272727274
78328,,2.0,240707.31818181818
78337,0.17837722599506378,,240736.97727272726
78338,,2.0,240740.27272727274
78344,0.17839722335338593,,240760.04545454544
78345,,2.0,240763.3409090909
78352,0.17841722071170807,,240786.4090909091
78353,,2.0,240789.70454545456
78365,0.17842721939086914,,240808.70212765958
78366,,1.0,240810.44680851063
78376,0.1784372180700302,,240827.89361702127
78377,,1.0,240829.63829787233
78388,0.17844721674919128,,240848.82978723405
78389,,1.0,240850.5744680851
78401,0.17845721542835236,,240871.51063829788
78402,,1.0,240873.25531914894
78417,0.1784772127866745,,240918.46666666667
78418,,2.0,240922.0888888889
78428,0.17849721014499664,,240958.3111111111
78429,,2.0,240961.93333333332
78439,0.1785172075033188,,240998.15555555557
78440,,2.0,241001.77777777778
78448,0.17853720486164093,,241030.75555555554
78449,,2.0,241034.3777777778
78459,0.17855720221996307,,241066.0
78460,,2.0,241070.0
78472,0.17857719957828522,,241118.0
78473,,2.0,241122.0
78478,0.17859719693660736,,241142.0
78479,,2.0,241146.0
78484,0.1786171942949295,,241166.0
78485,,2.0,241170.0
78497,0.17862719297409058,,241191.56097560975
78498,,1.0,241193.51219512196
78508,0.17863719165325165,,241213.0243902439
78509,,1.0,241214.9756097561
78517,0.17864719033241272,,241230.58536585365
78518,,1.0,241232.53658536586
78527,0.1786571890115738,,241250.0975609756
78528,,1.0,241252.0487804878
78542,0.17867718636989594,,241280.2
78543,,2.0,241282.58181818182
78557,0.17869718372821808,,241315.92727272728
78558,,2.0,241318.30909090908
78570,0.17871718108654022,,241346.8909090909
78571,,2.0,241349.27272727274
78584,0.17873717844486237,,241380.23636363636
78585,,2.0,241382.6181818182
78600,0.1787571758031845,,241423.57142857142
78601,,2.0,241426.7857142857
78609,0.17877717316150665,,241452.5
78610,,2.0,241455.7142857143
78620,0.1787971705198288,,241487.85714285713
78621,,2.0,241491.07142857142
78628,0.17881716787815094,,241513.57142857142
78629,,2.0,241516.7857142857
78645,0.17883716523647308,,241549.25
78646,,2.0,241551.5
78658,0.17885716259479523,,241578.5
78659,,2.0,241580.75
78664,0.17887715995311737,,241592.0
78665,,2.0,241594.25
78674,0.17889715731143951,,241614.5
78675,,2.0,241616.75
78696,0.17891715466976166,,241656.22727272726
78697,,2.0,241658.29545454544
78702,0.1789371520280838,,241668.63636363635
78703,,2.0,241670.70454545456
78711,0.17895714938640594,,241687.25
78712,,2.0,241689.31818181818
78720,0.1789771467447281,,241705.86363636365
78721,,2.0,241707.93181818182
78737,0.17899714410305023,,241750.5918367347
78738,,2.0,241753.7142857143
78751,0.17901714146137238,,241794.306122449
78752,,2.0,241797.42857142858
78760,0.17903713881969452,,241822.4081632653
78761,,2.0,241825.5306122449
78771,0.17905713617801666,,241856.75510204083
78772,,2.0,241859.8775510204
78790,0.1790771335363388,,241919.32653061225
78791,,2.0,241923.08163265305
78802,0.17909713089466095,,241964.38775510204
78803,,2.0,241968.14285714287
78812,0.1791171282529831,,242001.9387755102
78813,,2.0,242005.693877551
78822,0.17913712561130524,,242039.48979591837
78823,,2.0,242043.24489795917
78839,0.1791471242904663,,242074.26829268291
78840,,1.0,242076.36585365853
78850,0.17915712296962738,,242097.34146341463
78851,,1.0,242099.43902439025
78857,0.17916712164878845,,242112.0243902439
78858,,1.0,242114.1219512195
78865,0.17917712032794952,,242128.80487804877
78866,,1.0,242130.9024390244
78881,0.17919711768627167,,242161.9090909091
78882,,2.0,242164.31818181818
78893,0.1792171150445938,,242190.81818181818
78894,,2.0,242193.22727272726
78902,0.17923711240291595,,242212.5
78903,,2.0,242214.9090909091
78911,0.1792571097612381,,242234.18181818182
78912,,2.0,242236.5909090909
78926,0.17926710844039917,,242258.8
78927,,1.0,242260.6
78939,0.17927710711956024,,242282.2
78940,,1.0,242284.0
78949,0.1792871057987213,,242300.2
78950,,1.0,242302.0
78958,0.17929710447788239,,242316.4
78959,,1.0,242318.2
78973,0.1793271005153656,,242368.88888888888
78974,,3.0,242373.33333333334
78981,0.17935709655284882,,242404.44444444444
78982,,3.0,242408.88888888888
78993,0.17938709259033203,,242457.77777777778
78994,,3.0,242462.22222222222
79005,0.17941708862781525,,242511.11111111112
79006,,3.0,242515.55555555556
79019,0.1794370859861374,,242563.75
79020,,2.0,242568.125
79032,0.17945708334445953,,242620.625
79033,,2.0,242625.0
79041,0.17947708070278168,,242660.0
79042,,2.0,242664.375
79047,0.17949707806110382,,242686.25
79048,,2.0,242690.625
79058,0.17949707806110382,,242710.4
79059,,0.0,242712.6
79069,0.17949707806110382,,242734.6
79070,,0.0,242736.8
79077,0.17949707806110382,,242752.2
79078,,0.0,242754.4
79084,0.17949707806110382,,242767.6
79085,,0.0,242769.8
79098,0.17951707541942596,,242803.46341463414
79099,,2.0,242806.60975609755
79110,0.1795370727777481,,242841.21951219512
79111,,2.0,242844.36585365853
79117,0.17955707013607025,,242863.24390243902
79118,,2.0,242866.39024390245
79127,0.1795770674943924,,242894.70731707316
79128,,2.0,242897.8536585366
79142,0.17959706485271454,,242928.36585365853
79143,,2.0,242930.8536585366
79152,0.17961706221103668,,242953.24390243902
79153,,2.0,242955.73170731709
79159,0.17963705956935883,,242970.65853658537
79160,,2.0,242973.1463414634
79170,0.17965705692768097,,242998.0243902439
79171,,2.0,243000.51219512196
79185,0.1796770542860031,,243028.58139534883
79186,,2.0,243030.90697674418
79200,0.17969705164432526,,243063.46511627908
79201,,2.0,243065.7906976744
79207,0.1797170490026474,,243079.7441860465
79208,,2.0,243082.06976744186
79215,0.17973704636096954,,243098.3488372093
79216,,2.0,243100.67441860464
79229,0.1797570437192917,,243140.67441860464
79230,,2.0,243144.44186046513
79239,0.17977704107761383,,243178.3488372093
79240,,2.0,243182.11627906977
79251,0.17979703843593597,,243223.55813953487
79252,,2.0,243227.32558139536
79260,0.17981703579425812,,243257.46511627908
79261,,2.0,243261.23255813954
79275,0.1798270344734192,,243285.42857142858
79276,,1.0,243287.2857142857
79288,0.17983703315258026,,243309.57142857142
79289,,1.0,243311.42857142858
79295,0.17984703183174133,,243322.57142857142
79296,,1.0,243324.42857142858
79304,0.1798570305109024,,243339.2857142857
79305,,1.0,243341.14285714287
79319,0.17987702786922455,,243372.05128205128
79320,,2.0,243374.6923076923
79329,0.1798970252275467,,243398.46153846153
79330,,2.0,243401.10256410256
79338,0.17991702258586884,,243422.23076923078
79339,,2.0,243424.87179487178
79345,0.17993701994419098,,243440.71794871794
79346,,2.0,243443.35897435897
79359,0.17995701730251312,,243484.68421052632
79360,,2.0,243488.55263157896
79366,0.17997701466083527,,243511.76315789475
79367,,2.0,243515.63157894736
79374,0.1799970120191574,,243542.7105263158
79375,,2.0,243546.57894736843
79385,0.18001700937747955,,243585.26315789475
79386,,2.0,243589.13157894736
79397,0.1800370067358017,,243614.07317073172
79398,,2.0,243616.70731707316
79407,0.18005700409412384,,243640.41463414635
79408,,2.0,243643.0487804878
79414,0.18007700145244598,,243658.8536585366
79415,,2.0,243661.48780487804
79428,0.18009699881076813,,243695.73170731709
79429,,2.0,243698.36585365853
79444,0.18012699484825134,,243720.2
79445,,3.0,243721.8
79454,0.18015699088573456,,243736.2
79455,,3.0,243737.8
79461,0.18018698692321777,,243747.4
79462,,3.0,243749.0
79470,0.180216982960701,,243761.8
79471,,3.0,243763.4
79484,0.18023698031902313,,243804.53488372092
79485,,2.0,243808.48837209304
79494,0.18025697767734528,,243844.06976744186
79495,,2.0,243848.02325581395
79503,0.18027697503566742,,243879.6511627907
79504,,2.0,243883.60465116278
79515,0.18029697239398956,,243927.09302325582
79516,,2.0,243931.0465116279
79534,0.1803169697523117,,243969.1489361702
79535,,2.0,243971.4255319149
79544,0.18033696711063385,,243991.914893617
79545,,2.0,243994.1914893617
79555,0.180356964468956,,244016.95744680852
79556,,2.0,244019.2340425532
79564,0.18037696182727814,,244037.44680851063
79565,,2.0,244039.72340425532
79580,0.18040695786476135,,244102.0
79581,,3.0,244107.0
79593,0.18043695390224457,,244167.0
79594,,3.0,244172.0
79598,0.18046694993972778,,244192.0
79599,,3.0,244197.0
79606,0.180496945977211,,244232.0
79607,,3.0,244237.0
79623,0.1805269420146942,,244296.16666666666
79624,,3.0,244300.33333333334
79633,0.18055693805217743,,244337.83333333334
79634,,3.0,244342.0
79645,0.18058693408966064,,244387.83333333334
79646,,3.0,244392.0
79656,0.18061693012714386,,244433.66666666666
79657,,3.0,244437.83333333334
79674,0.180636927485466,,244491.42857142858
79675,,2.0,244494.95918367346
79681,0.18065692484378815,,244516.14285714287
79682,,2.0,244519.67346938775
79696,0.1806769222021103,,244569.10204081633
79697,,2.0,244572.6326530612
79707,0.18069691956043243,,244607.9387755102
79708,,2.0,244611.4693877551
79726,0.18072691559791565,,244684.76744186046
79727,,3.0,244689.41860465117
79736,0.18075691163539886,,244731.27906976745
79737,,3.0,244735.93023255814
79744,0.18078690767288208,,244768.48837209304
79745,,3.0,244773.13953488372
79752,0.1808169037103653,,244805.6976744186
79753,,3.0,244810.3488372093
79766,0.1808468997478485,,244862.36842105264
79767,,3.0,244867.1052631579
79776,0.18087689578533173,,244909.73684210525
79777,,3.0,244914.47368421053
79783,0.18090689182281494,,244942.8947368421
79784,,3.0,244947.63157894736
79792,0.18093688786029816,,244985.52631578947
79793,,3.0,244990.26315789475
79806,0.18094688653945923,,245017.43902439025
79807,,1.0,245019.68292682926
79815,0.1809568852186203,,245037.63414634147
79816,,1.0,245039.8780487805
79825,0.18096688389778137,,245060.07317073172
79826,,1.0,245062.31707317074
79835,0.18097688257694244,,245082.51219512196
79836,,1.0,245084.75609756098
79846,0.18098688125610352,,245102.75
79847,,1.0,245105.0
79854,0.1809968799352646,,245120.75
79855,,1.0,245123.0
79864,0.18100687861442566,,245143.25
79865,,1.0,245145.5
79877,0.18101687729358673,,245172.5
79878,,1.0,245174.75
79889,0.18103687465190887,,245197.95238095237
79890,,2.0,245200.57142857142
79898,0.18105687201023102,,245221.52380952382
79899,,2.0,245224.14285714287
79913,0.18107686936855316,,245260.80952380953
79914,,2.0,245263.42857142858
79921,0.1810968667268753,,245281.7619047619
79922,,2.0,245284.38095238095
79939,0.18110686540603638,,245317.86363636365
79940,,1.0,245320.06818181818
79947,0.18111686408519745,,245335.5
79948,,1.0,245337.70454545456
79958,0.18112686276435852,,245359.75
79959,,1.0,245361.95454545456
79967,0.1811368614435196,,245379.5909090909
79968,,1.0,245381.79545454544
79984,0.18114686012268066,,245404.02
79985,,1.0,245405.56
79994,0.18115685880184174,,245419.42
79995,,1.0,245420.96
80009,0.1811668574810028,,245442.52
80010,,1.0,245444.06
80019,0.18117685616016388,,245457.92
80020,,1.0,245459.46
80037,0.18118685483932495,,245489.6222222222
80038,,1.0,245491.66666666666
80048,0.18119685351848602,,245512.11111111112
80049,,1.0,245514.15555555557
80056,0.1812068521976471,,245528.46666666667
80057,,1.0,245530.51111111112
80066,0.18121685087680817,,245548.9111111111
80067,,1.0,245550.95555555556
80086,0.1812368482351303,,245585.66666666666
80087,,2.0,245587.70833333334
80099,0.18125684559345245,,245612.20833333334
80100,,2.0,245614.25
80107,0.1812768429517746,,245628.54166666666
80108,,2.0,245630.58333333334
80116,0.18129684031009674,,245646.91666666666
80117,,2.0,245648.95833333334
80129,0.1813068389892578,,245669.64285714287
80130,,1.0,245671.7142857143
80138,0.18131683766841888,,245688.2857142857
80139,,1.0,245690.35714285713
80147,0.18132683634757996,,245706.92857142858
80148,,1.0,245709.0
80160,0.18133683502674103,,245733.85714285713
80161,,1.0,245735.92857142858
80171,0.1813468337059021,,245753.97435897434
80172,,1.0,245756.2564102564
80184,0.18135683238506317,,245783.64102564103
80185,,1.0,245785.92307692306
80192,0.18136683106422424,,245801.89743589744
80193,,1.0,245804.1794871795
80201,0.18137682974338531,,245822.4358974359
80202,,1.0,245824.71794871794
80222,0.18137682974338531,,245850.56140350876
80223,,0.0,245851.94736842104
80236,0.18137682974338531,,245869.9649122807
80237,,0.0,245871.35087719298
80245,0.18137682974338531,,245882.43859649124
80246,,0.0,245883.8245614035
80260,0.18137682974338531,,245903.22807017545
80261,,0.0,245904.61403508772
80277,0.1813868284225464,,245936.44736842104
80278,,1.0,245938.7894736842
80285,0.18139682710170746,,245955.18421052632
80286,,1.0,245957.52631578947
80292,0.18140682578086853,,245971.57894736843
80293,,1.0,245973.92105263157
80300,0.1814168244600296,,245990.31578947368
80301,,1.0,245992.65789473685
80313,0.1814168244600296,,246016.5
80314,,0.0,246018.88888888888
80321,0.1814168244600296,,246035.61111111112
80322,,0.0,246038.0
80330,0.1814168244600296,,246057.11111111112
80331,,0.0,246059.5
80338,0.1814168244600296,,246076.22222222222
80339,,0.0,246078.61111111112
80352,0.18142682313919067,,246106.47619047618
80353,,1.0,246109.02380952382
80359,0.18143682181835175,,246124.30952380953
80360,,1.0,246126.85714285713
80369,0.18144682049751282,,246149.7857142857
80370,,1.0,246152.33333333334
80382,0.1814568191766739,,246182.90476190476
80383,,1.0,246185.45238095237
80400,0.18147681653499603,,246244.59574468085
80401,,2.0,246248.63829787233
80408,0.18149681389331818,,246276.93617021278
80409,,2.0,246280.97872340426
80418,0.18151681125164032,,246317.36170212767
80419,,2.0,246321.40425531915
80431,0.18153680860996246,,246369.914893617
80432,,2.0,246373.95744680852
80449,0.18156680464744568,,246401.04166666666
80450,,3.0,246402.6875
80456,0.1815968006849289,,246412.5625
80457,,3.0,246414.20833333334
80465,0.1816267967224121,,246427.375
80466,,3.0,246429.02083333334
80481,0.18165679275989532,,246453.70833333334
80482,,3.0,246455.35416666666
80496,0.18165679275989532,,246474.69565217392
80497,,0.0,246476.30434782608
80511,0.18165679275989532,,246498.8260869565
80512,,0.0,246500.4347826087
80520,0.18165679275989532,,246513.30434782608
80521,,0.0,246514.91304347827
80529,0.18165679275989532,,246527.78260869565
80530,,0.0,246529.39130434784
80545,0.1816667914390564,,246552.13043478262
80546,,1.0,246553.89130434784
80557,0.18167679011821747,,246573.26086956522
80558,,1.0,246575.02173913043
80564,0.18168678879737854,,246585.58695652173
80565,,1.0,246587.34782608695
80577,0.1816967874765396,,246608.47826086957
80578,,1.0,246610.23913043478
80594,0.18170678615570068,,246642.875
80595,,1.0,246645.25
80604,0.18171678483486176,,246666.625
80605,,1.0,246669.0
80615,0.18172678351402283,,246692.75
80616,,1.0,246695.125
80627,0.1817367821931839,,246721.25
80628,,1.0,246723.625
80641,0.18174678087234497,,246743.02127659574
80642,,1.0,246744.72340425532
80654,0.18175677955150604,,246765.1489361702
80655,,1.0,246766.8510638298
80665,0.18176677823066711,,246783.87234042553
80666,,1.0,246785.5744680851
80676,0.18177677690982819,,246802.59574468085
80677,,1.0,246804.29787234042
80687,0.18179677426815033,,246823.81818181818
80688,,2.0,246826.36363636365
80696,0.18181677162647247,,246846.72727272726
80697,,2.0,246849.27272727274
80711,0.18183676898479462,,246884.9090909091
80712,,2.0,246887.45454545456
80722,0.18185676634311676,,246912.9090909091
80723,,2.0,246915.45454545456
80739,0.18188676238059998,,246935.9111111111
80740,,3.0,246937.2888888889
80752,0.1819167584180832,,246953.82222222222
80753,,3.0,246955.2
80761,0.1819467544555664,,246966.22222222222
80762,,3.0,246967.6
80769,0.18197675049304962,,246977.24444444446
80770,,3.0,246978.6222222222
80786,0.18199674785137177,,247016.66666666666
80787,,2.0,247019.4871794872
80794,0.1820167452096939,,247039.23076923078
80795,,2.0,247042.05128205128
80804,0.18203674256801605,,247067.4358974359
80805,,2.0,247070.2564102564
80810,0.1820567399263382,,247084.35897435897
80811,,2.0,247087.1794871795
80825,0.1820567399263382,,247112.0
80826,,0.0,247114.0
80832,0.1820567399263382,,247126.0
80833,,0.0,247128.0
80844,0.1820567399263382,,247150.0
80845,,0.0,247152.0
80853,0.1820567399263382,,247168.0
80854,,0.0,247170.0
80870,0.18207673728466034,,247229.27027027027
80871,,2.0,247233.67567567568
80881,0.18209673464298248,,247277.72972972973
80882,,2.0,247282.13513513515
80885,0.18211673200130463,,247295.35135135136
80886,,2.0,247299.75675675675
80892,0.18213672935962677,,247326.1891891892
80893,,2.0,247330.5945945946
80909,0.1821567267179489,,247362.625
80910,,2.0,247364.75
80922,0.18217672407627106,,247390.25
80923,,2.0,247392.375
80934,0.1821967214345932,,247415.75
80935,,2.0,247417.875
80950,0.18221671879291534,,247449.75
80951,,2.0,247451.875
80966,0.18222671747207642,,247481.24324324325
80967,,1.0,247483.51351351352
80973,0.1822367161512375,,247497.13513513515
80974,,1.0,247499.4054054054
80981,0.18224671483039856,,247515.2972972973
80982,,1.0,247517.56756756757
80989,0.18225671350955963,,247533.45945945947
80990,,1.0,247535.72972972973
81000,0.1822667121887207,,247553.97435897434
81001,,1.0,247556.2564102564
81011,0.18227671086788177,,247579.07692307694
81012,,1.0,247581.35897435897
81021,0.18228670954704285,,247601.89743589744
81022,,1.0,247604.1794871795
81030,0.18229670822620392,,247622.4358974359
81031,,1.0,247624.71794871794
81046,0.182306706905365,,247651.8780487805
81047,,1.0,247653.9512195122
81055,0.18231670558452606,,247670.53658536586
81056,,1.0,247672.60975609755
81063,0.18232670426368713,,247687.1219512195
81064,,1.0,247689.19512195123
81073,0.1823367029428482,,247707.8536585366
81074,,1.0,247709.92682926828
81086,0.18236669898033142,,247744.0
81087,,3.0,247747.55555555556
81092,0.18239669501781464,,247765.33333333334
81093,,3.0,247768.88888888888
81100,0.18242669105529785,,247793.77777777778
81101,,3.0,247797.33333333334
81111,0.18245668709278107,,247832.88888888888
81112,,3.0,247836.44444444444
81133,0.1824766844511032,,247905.07692307694
81134,,2.0,247908.6923076923
81146,0.18249668180942535,,247952.07692307694
81147,,2.0,247955.6923076923
81155,0.1825166791677475,,247984.61538461538
81156,,2.0,247988.23076923078
81165,0.18253667652606964,,248020.76923076922
81166,,2.0,248024.38461538462
81181,0.18256667256355286,,248049.9512195122
81182,,3.0,248051.78048780488
81189,0.18259666860103607,,248064.58536585365
81190,,3.0,248066.41463414635
81197,0.1826266646385193,,248079.21951219512
81198,,3.0,248081.0487804878
81208,0.1826566606760025,,248099.34146341463
81209,,3.0,248101.17073170733
81219,0.1826566606760025,,248117.18421052632
81220,,0.0,248119.2105263158
81227,0.1826566606760025,,248133.3947368421
81228,,0.0,248135.42105263157
81239,0.1826566606760025,,248157.7105263158
81240,,0.0,248159.73684210525
81248,0.1826566606760025,,248175.94736842104
81249,,0.0,248177.97368421053
81265,0.18266665935516357,,248215.82222222222
81266,,1.0,248218.57777777777
81275,0.18267665803432465,,248243.3777777778
81276,,1.0,248246.13333333333
81283,0.18268665671348572,,248265.42222222223
81284,,1.0,248268.17777777778
81295,0.1826966553926468,,248298.48888888888
81296,,1.0,248301.24444444446
81308,0.18270665407180786,,248331.21951219512
81309,,1.0,248334.24390243902
81318,0.18271665275096893,,248361.46341463414
81319,,1.0,248364.48780487804
81329,0.18272665143013,,248394.73170731709
81330,,1.0,248397.75609756098
81338,0.18273665010929108,,248421.9512195122
81339,,1.0,248424.9756097561
81352,0.18275664746761322,,248469.27659574468
81353,,2.0,248473.40425531915
81362,0.18277664482593536,,248510.55319148937
81363,,2.0,248514.68085106384
81371,0.1827966421842575,,248547.70212765958
81372,,2.0,248551.82978723405
81387,0.18281663954257965,,248613.74468085106
81388,,2.0,248617.87234042553
81396,0.18281663954257965,,248633.05263157896
81397,,0.0,248635.26315789475
81407,0.18281663954257965,,248657.36842105264
81408,,0.0,248659.57894736843
81413,0.18281663954257965,,248670.63157894736
81414,,0.0,248672.84210526315
81427,0.18281663954257965,,248701.57894736843
81428,,0.0,248703.7894736842
81445,0.1828366369009018,,248759.39534883722
81446,,2.0,248763.2093023256
81454,0.18285663425922394,,248793.72093023255
81455,,2.0,248797.53488372092
81462,0.18287663161754608,,248824.23255813954
81463,,2.0,248828.0465116279
81472,0.18289662897586823,,248862.37209302327
81473,,2.0,248866.18604651163
81483,0.1829066276550293,,248886.0810810811
81484,,1.0,248888.37837837837
81494,0.18291662633419037,,248911.35135135136
81495,,1.0,248913.64864864864
81503,0.18292662501335144,,248932.02702702704
81504,,1.0,248934.32432432432
81511,0.1829366236925125,,248950.4054054054
81512,,1.0,248952.7027027027
81525,0.18295662105083466,,248995.8510638298
81526,,2.0,248999.93617021278
81537,0.1829766184091568,,249044.87234042553
81538,,2.0,249048.95744680852
81547,0.18299661576747894,,249085.72340425532
81548,,2.0,249089.8085106383
81560,0.1830166131258011,,249138.82978723405
81561,,2.0,249142.914893617
81573,0.18303661048412323,,249183.23684210525
81574,,2.0,249187.26315789475
81581,0.18305660784244537,,249215.44736842104
81582,,2.0,249219.47368421053
81593,0.18307660520076752,,249263.76315789475
81594,,2.0,249267.7894736842
81600,0.18309660255908966,,249291.94736842104
81601,,2.0,249295.97368421053
81615,0.18312659859657288,,249331.75
81616,,3.0,249334.63636363635
81625,0.1831565946340561,,249360.61363636365
81626,,3.0,249363.5
81636,0.1831865906715393,,249392.36363636365
81637,,3.0,249395.25
81646,0.18321658670902252,,249421.22727272726
81647,,3.0,249424.11363636365
81660,0.1832265853881836,,249447.4255319149
81661,,1.0,249449.46808510637
81674,0.18323658406734467,,249476.02127659574
81675,,1.0,249478.06382978722
81686,0.18324658274650574,,249500.53191489363
81687,,1.0,249502.5744680851
81695,0.1832565814256668,,249518.914893617
81696,,1.0,249520.95744680852
81712,0.18326658010482788,,249543.85416666666
81713,,1.0,249545.45833333334
81724,0.18327657878398895,,249563.10416666666
81725,,1.0,249564.70833333334
81734,0.18328657746315002,,249579.14583333334
81735,,1.0,249580.75
81745,0.1832965761423111,,249596.79166666666
81746,,1.0,249598.39583333334
81761,0.1833265721797943,,249655.81395348837
81762,,3.0,249660.46511627908
81768,0.18335656821727753,,249688.37209302327
81769,,3.0,249693.02325581395
81778,0.18338656425476074,,249734.88372093023
81779,,3.0,249739.53488372092
81790,0.18341656029224396,,249790.6976744186
81791,,3.0,249795.3488372093
81811,0.1834365576505661,,249845.43636363637
81812,,2.0,249848.1090909091
81825,0.18345655500888824,,249882.85454545455
81826,,2.0,249885.52727272728
81837,0.1834765523672104,,249914.92727272728
81838,,2.0,249917.6
81847,0.18349654972553253,,249941.65454545454
81848,,2.0,249944.32727272727
81859,0.18351654708385468,,249976.7142857143
81860,,2.0,249980.42857142858
81869,0.18353654444217682,,250013.85714285713
81870,,2.0,250017.57142857142
81882,0.18355654180049896,,250062.14285714287
81883,,2.0,250065.85714285713
81891,0.1835765391588211,,250095.57142857142
81892,,2.0,250099.2857142857
81909,0.18358653783798218,,250134.27659574468
81910,,1.0,250136.51063829788
81916,0.18359653651714325,,250149.914893617
81917,,1.0,250152.1489361702
81929,0.18360653519630432,,250178.95744680852
81930,,1.0,250181.1914893617
81940,0.1836165338754654,,250203.53191489363
81941,,1.0,250205.7659574468
81953,0.18362653255462646,,250224.4716981132
81954,,1.0,250226.30188679244
81969,0.18363653123378754,,250253.75471698114
81970,,1.0,250255.5849056604
81982,0.1836465299129486,,250277.54716981133
81983,,1.0,250279.37735849057
81995,0.18365652859210968,,250301.3396226415
81996,,1.0,250303.16981132075
82010,0.18367652595043182,,250329.6888888889
82011,,2.0,250331.93333333332
82018,0.18369652330875397,,250347.64444444445
82019,,2.0,250349.88888888888
82033,0.1837165206670761,,250381.3111111111
82034,,2.0,250383.55555555556
82042,0.18373651802539825,,250401.51111111112
82043,,2.0,250403.75555555554
82065,0.18374651670455933,,250445.86274509804
82066,,1.0,250447.96078431373
82073,0.1837565153837204,,250462.64705882352
82074,,1.0,250464.74509803922
82083,0.18376651406288147,,250483.6274509804
82084,,1.0,250485.72549019608
82095,0.18377651274204254,,250508.80392156861
82096,,1.0,250510.9019607843
82109,0.18379651010036469,,250539.13636363635
82110,,2.0,250541.75
82119,0.18381650745868683,,250565.27272727274
82120,,2.0,250567.88636363635
82128,0.18383650481700897,,250588.79545454544
82129,,2.0,250591.4090909091
82141,0.18385650217533112,,250622.77272727274
82142,,2.0,250625.38636363635
82161,0.1838665008544922,,250662.34146341463
82162,,1.0,250664.48780487804
82169,0.18387649953365326,,250679.51219512196
82170,,1.0,250681.65853658537
82176,0.18388649821281433,,250694.53658536586
82177,,1.0,250696.68292682926
82184,0.1838964968919754,,250711.70731707316
82185,,1.0,250713.8536585366
82201,0.1838964968919754,,250737.29787234042
82202,,0.0,250738.93617021278
82210,0.1838964968919754,,250752.04255319148
82211,,0.0,250753.68085106384
82222,0.1838964968919754,,250771.70212765958
82223,,0.0,250773.3404255319
82233,0.1838964968919754,,250789.72340425532
82234,,0.0,250791.36170212767
82245,0.18391649425029755,,250812.51219512196
82246,,2.0,250814.9512195122
82254,0.1839364916086197,,250834.46341463414
82255,,2.0,250836.9024390244
82267,0.18395648896694183,,250866.17073170733
82268,,2.0,250868.60975609755
82276,0.18397648632526398,,250888.1219512195
82277,,2.0,250890.56097560975
82288,0.18399648368358612,,250912.3777777778
82289,,2.0,250914.8
82299,0.18401648104190826,,250939.02222222224
82300,,2.0,250941.44444444444
82312,0.1840364784002304,,250970.51111111112
82313,,2.0,250972.93333333332
82323,0.18405647575855255,,250997.15555555557
82324,,2.0,250999.57777777777
82339,0.18406647443771362,,251023.0
82340,,1.0,251024.75
82352,0.1840764731168747,,251045.75
82353,,1.0,251047.5
82366,0.18408647179603577,,251070.25
82367,,1.0,251072.0
82373,0.18409647047519684,,251082.5
82374,,1.0,251084.25
82388,0.1841064691543579,,251104.33333333334
82389,,1.0,251106.0
82399,0.18411646783351898,,251122.66666666666
82400,,1.0,251124.33333333334
82409,0.18412646651268005,,251139.33333333334
82410,,1.0,251141.0
82423,0.18413646519184113,,251162.66666666666
82424,,1.0,251164.33333333334
82437,0.18416646122932434,,251198.8260869565
82438,,3.0,251202.10869565216
82452,0.18419645726680756,,251248.0652173913
82453,,3.0,251251.34782608695
82464,0.18422645330429077,,251287.45652173914
82465,,3.0,251290.73913043478
82471,0.184256449341774,,251310.4347826087
82472,,3.0,251313.71739130435
82481,0.18427644670009613,,251332.07317073172
82482,,2.0,251334.58536585365
82492,0.18429644405841827,,251359.70731707316
82493,,2.0,251362.21951219512
82507,0.18431644141674042,,251397.39024390245
82508,,2.0,251399.9024390244
82514,0.18433643877506256,,251414.9756097561
82515,,2.0,251417.48780487804
82527,0.18436643481254578,,251432.85714285713
82528,,3.0,251434.2857142857
82540,0.184396430850029,,251451.42857142858
82541,,3.0,251452.85714285713
82549,0.1844264268875122,,251464.2857142857
82550,,3.0,251465.7142857143
82558,0.18445642292499542,,251477.14285714287
82559,,3.0,251478.57142857142
82574,0.1844664216041565,,251501.70212765958
82575,,1.0,251503.51063829788
82584,0.18447642028331757,,251519.78723404257
82585,,1.0,251521.59574468085
82598,0.18448641896247864,,251545.10638297873
82599,,1.0,251546.914893617
82607,0.1844964176416397,,251561.3829787234
82608,,1.0,251563.1914893617
82626,0.1844964176416397,,251592.0
82627,,0.0,251593.8
82636,0.1844964176416397,,251610.0
82637,,0.0,251611.8
82644,0.1844964176416397,,251624.4
82645,,0.0,251626.2
82654,0.1844964176416397,,251642.4
82655,,0.0,251644.2
82678,0.18450641632080078,,251683.8260869565
82679,,1.0,251685.71739130435
82687,0.18451641499996185,,251700.84782608695
82688,,1.0,251702.73913043478
82694,0.18452641367912292,,251714.08695652173
82695,,1.0,251715.97826086957
82702,0.184536412358284,,251729.21739130435
82703,,1.0,251731.10869565216
82714,0.18455640971660614,,251764.6595744681
82715,,2.0,251768.6170212766
82728,0.18457640707492828,,251820.06382978722
82729,,2.0,251824.02127659574
82739,0.18459640443325043,,251863.59574468085
82740,,2.0,251867.55319148937
82751,0.18461640179157257,,251911.085106383
82752,,2.0,251915.04255319148
82766,0.18461640179157257,,251939.72093023255
82767,,0.0,251941.60465116278
82777,0.18461640179157257,,251960.44186046513
82778,,0.0,251962.32558139536
82787,0.18461640179157257,,251979.27906976745
82788,,0.0,251981.16279069768
82796,0.18461640179157257,,251996.23255813954
82797,,0.0,251998.11627906977
82815,0.18463639914989471,,252052.5
82816,,2.0,252056.0
82822,0.18465639650821686,,252077.0
82823,,2.0,252080.5
82830,0.184676393866539,,252105.0
82831,,2.0,252108.5
82838,0.18469639122486115,,252133.0
82839,,2.0,252136.5
82859,0.18470638990402222,,252175.65853658537
82860,,1.0,252177.75609756098
82866,0.1847163885831833,,252190.34146341463
82867,,1.0,252192.43902439025
82876,0.18472638726234436,,252211.31707317074
82877,,1.0,252213.41463414635
82881,0.18473638594150543,,252221.80487804877
82882,,1.0,252223.9024390244
82896,0.18473638594150543,,252246.16666666666
82897,,0.0,252248.0
82905,0.18473638594150543,,252262.66666666666
82906,,0.0,252264.5
82918,0.18473638594150543,,252286.5
82919,,0.0,252288.33333333334
82925,0.18473638594150543,,252299.33333333334
82926,,0.0,252301.16666666666
82942,0.1847463846206665,,252325.88
82943,,1.0,252327.64
82951,0.18475638329982758,,252341.72
82952,,1.0,252343.48
82966,0.18476638197898865,,252368.12
82967,,1.0,252369.88
82977,0.18477638065814972,,252387.48
82978,,1.0,252389.24
82993,0.18477638065814972,,252415.0
82994,,0.0,252417.0
83003,0.18477638065814972,,252435.0
83004,,0.0,252437.0
83010,0.18477638065814972,,252449.0
83011,,0.0,252451.0
83021,0.18477638065814972,,252471.0
83022,,0.0,252473.0
83041,0.1847863793373108,,252502.07692307694
83042,,1.0,252503.76923076922
83055,0.18479637801647186,,252525.76923076922
83056,,1.0,252527.46153846153
83066,0.18480637669563293,,252544.38461538462
83067,,1.0,252546.07692307694
83075,0.184816375374794,,252559.61538461538
83076,,1.0,252561.3076923077
83089,0.18483637273311615,,252595.85714285713
83090,,2.0,252599.14285714287
83096,0.1848563700914383,,252618.85714285713
83097,,2.0,252622.14285714287
83105,0.18487636744976044,,252648.42857142858
83106,,2.0,252651.7142857143
83112,0.18489636480808258,,252671.42857142858
83113,,2.0,252674.7142857143
83129,0.18490636348724365,,252706.21276595743
83130,,1.0,252708.3829787234
83135,0.18491636216640472,,252719.2340425532
83136,,1.0,252721.40425531915
83146,0.1849263608455658,,252743.10638297873
83147,,1.0,252745.27659574468
83161,0.18493635952472687,,252775.6595744681
83162,,1.0,252777.82978723405
83181,0.184956356883049,,252811.2558139535
83182,,2.0,252813.2093023256
83189,0.18497635424137115,,252826.88372093023
83190,,2.0,252828.83720930232
83198,0.1849963515996933,,252844.46511627908
83199,,2.0,252846.41860465117
83206,0.18501634895801544,,252860.09302325582
83207,,2.0,252862.0465116279
83221,0.1850263476371765,,252885.02222222224
83222,,1.0,252886.93333333332
83232,0.18503634631633759,,252906.04444444444
83233,,1.0,252907.95555555556
83239,0.18504634499549866,,252919.42222222223
83240,,1.0,252921.33333333334
83253,0.18505634367465973,,252946.17777777778
83254,,1.0,252948.0888888889
83268,0.1850663423538208,,252974.97297297296
83269,,1.0,252977.24324324325
83275,0.18507634103298187,,252990.86486486485
83276,,1.0,252993.13513513515
83284,0.18508633971214294,,253011.2972972973
83285,,1.0,253013.56756756757
83292,0.18509633839130402,,253029.45945945947
83293,,1.0,253031.72972972973
83303,0.18509633839130402,,253047.33333333334
83304,,0.0,253049.2380952381
83314,0.18509633839130402,,253068.2857142857
83315,,0.0,253070.19047619047
83325,0.18509633839130402,,253089.2380952381
83326,,0.0,253091.14285714287
83336,0.18509633839130402,,253110.19047619047
83337,,0.0,253112.09523809524
83356,0.18511633574962616,,253153.63636363635
83357,,2.0,253156.11363636365
83363,0.1851363331079483,,253170.97727272726
83364,,2.0,253173.45454545456
83373,0.18515633046627045,,253195.75
83374,,2.0,253198.22727272726
83382,0.1851763278245926,,253218.04545454544
83383,,2.0,253220.52272727274
83399,0.1852063238620758,,253271.14814814815
83400,,3.0,253274.85185185185
83409,0.18523631989955902,,253308.1851851852
83410,,3.0,253311.88888888888
83423,0.18526631593704224,,253360.03703703705
83424,,3.0,253363.74074074073
83438,0.18529631197452545,,253415.59259259258
83439,,3.0,253419.2962962963
83453,0.1853163093328476,,253473.39534883722
83454,,2.0,253477.97674418605
83467,0.18533630669116974,,253537.53488372092
83468,,2.0,253542.11627906977
83472,0.18535630404949188,,253560.44186046513
83473,,2.0,253565.02325581395
83483,0.18537630140781403,,253610.83720930232
83484,,2.0,253615.41860465117
83498,0.18539629876613617,,253669.75
83499,,2.0,253674.27272727274
83508,0.1854162961244583,,253714.97727272726
83509,,2.0,253719.5
83519,0.18543629348278046,,253764.72727272726
83520,,2.0,253769.25
83529,0.1854562908411026,,253809.95454545456
83530,,2.0,253814.47727272726
83545,0.18548628687858582,,253873.54545454544
83546,,3.0,253878.0909090909
83554,0.18551628291606903,,253914.45454545456
83555,,3.0,253919.0
83568,0.18554627895355225,,253978.0909090909
83569,,3.0,253982.63636363635
83575,0.18557627499103546,,254009.9090909091
83576,,3.0,254014.45454545456
83592,0.18560627102851868,,254059.69565217392
83593,,3.0,254062.8260869565
83604,0.1856362670660019,,254097.26086956522
83605,,3.0,254100.39130434784
83615,0.1856662631034851,,254131.69565217392
83616,,3.0,254134.8260869565
83623,0.18569625914096832,,254156.73913043478
83624,,3.0,254159.86956521738
83639,0.1857062578201294,,254197.9090909091
83640,,1.0,254200.81818181818
83644,0.18571625649929047,,254212.45454545456
83645,,1.0,254215.36363636365
83649,0.18572625517845154,,254227.0
83650,,1.0,254229.9090909091
83658,0.1857362538576126,,254253.18181818182
83659,,1.0,254256.0909090909
83677,0.18576624989509583,,254320.22448979592
83678,,3.0,254324.306122449
83687,0.18579624593257904,,254361.04081632654
83688,,3.0,254365.1224489796
83701,0.18582624197006226,,254418.18367346938
83702,,3.0,254422.26530612246
83709,0.18585623800754547,,254450.83673469388
83710,,3.0,254454.91836734695
83726,0.18586623668670654,,254479.46808510637
83727,,1.0,254481.04255319148
83735,0.18587623536586761,,254493.63829787233
83736,,1.0,254495.21276595743
83745,0.1858862340450287,,254509.3829787234
83746,,1.0,254510.95744680852
83758,0.18589623272418976,,254529.8510638298
83759,,1.0,254531.4255319149
83777,0.1859162300825119,,254585.5
83778,,2.0,254589.0
83784,0.18593622744083405,,254610.0
83785,,2.0,254613.5
83797,0.1859562247991562,,254655.5
83798,,2.0,254659.0
83808,0.18597622215747833,,254694.0
83809,,2.0,254697.5
83826,0.18599621951580048,,254735.55319148937
83827,,2.0,254738.02127659574
83838,0.18601621687412262,,254765.17021276595
83839,,2.0,254767.63829787233
83845,0.18603621423244476,,254782.44680851063
83846,,2.0,254784.914893617
83857,0.1860562115907669,,254812.06382978722
83858,,2.0,254814.53191489363
83870,0.18607620894908905,,254858.44736842104
83871,,2.0,254863.05263157896
83879,0.1860962063074112,,254899.8947368421
83880,,2.0,254904.5
83887,0.18611620366573334,,254936.73684210525
83888,,2.0,254941.34210526315
83897,0.18613620102405548,,254982.7894736842
83898,,2.0,254987.3947368421
83908,0.18615619838237762,,255011.8
83909,,2.0,255014.62857142856
83916,0.18617619574069977,,255034.42857142858
83917,,2.0,255037.25714285715
83926,0.1861961930990219,,255062.7142857143
83927,,2.0,255065.54285714286
83934,0.18621619045734406,,255085.34285714285
83935,,2.0,255088.17142857143
83946,0.1862361878156662,,255121.15384615384
83947,,2.0,255124.92307692306
83956,0.18625618517398834,,255158.84615384616
83957,,2.0,255162.61538461538
83965,0.18627618253231049,,255192.76923076922
83966,,2.0,255196.53846153847
83975,0.18629617989063263,,255230.46153846153
83976,,2.0,255234.23076923078
83990,0.18632617592811584,,255293.0
83991,,3.0,255298.0
83998,0.18635617196559906,,255333.0
83999,,3.0,255338.0
84010,0.18638616800308228,,255393.0
84011,,3.0,255398.0
84017,0.1864161640405655,,255428.0
84018,,3.0,255433.0
84032,0.18643616139888763,,255464.86046511628
84033,,2.0,255467.3023255814
84041,0.18645615875720978,,255486.83720930232
84042,,2.0,255489.27906976745
84051,0.18647615611553192,,255511.2558139535
84052,,2.0,255513.6976744186
84062,0.18649615347385406,,255538.11627906977
84063,,2.0,255540.55813953487
84078,0.18649615347385406,,255561.3396226415
84079,,0.0,255562.8679245283
84092,0.18649615347385406,,255582.7358490566
84093,,0.0,255584.2641509434
84104,0.18649615347385406,,255601.0754716981
84105,,0.0,255602.6037735849
84117,0.18649615347385406,,255620.94339622642
84118,,0.0,255622.4716981132
84138,0.1865161508321762,,255692.0
84139,,2.0,255696.0
84149,0.18653614819049835,,255736.0
84150,,2.0,255740.0
84157,0.1865561455488205,,255768.0
84158,,2.0,255772.0
84167,0.18657614290714264,,255808.0
84168,,2.0,255812.0
84179,0.18660613894462585,,255854.09523809524
84180,,3.0,255858.85714285713
84188,0.18663613498210907,,255896.95238095237
84189,,3.0,255901.7142857143
84200,0.18666613101959229,,255954.09523809524
84201,,3.0,255958.85714285713
84211,0.1866961270570755,,256006.47619047618
84212,,3.0,256011.2380952381
84224,0.18671612441539764,,256049.80487804877
84225,,2.0,256053.56097560975
84235,0.1867361217737198,,256091.1219512195
84236,,2.0,256094.8780487805
84243,0.18675611913204193,,256121.17073170733
84244,,2.0,256124.92682926828
84254,0.18677611649036407,,256162.48780487804
84255,,2.0,256166.24390243902
84273,0.18679611384868622,,256205.86956521738
84274,,2.0,256208.26086956522
84284,0.18681611120700836,,256232.1739130435
84285,,2.0,256234.5652173913
84293,0.1868361085653305,,256253.69565217392
84294,,2.0,256256.08695652173
84302,0.18685610592365265,,256275.21739130435
84303,,2.0,256277.60869565216
84326,0.18686610460281372,,256316.44444444444
84327,,1.0,256318.26666666666
84334,0.1868761032819748,,256331.02222222224
84335,,1.0,256332.84444444443
84342,0.18688610196113586,,256345.6
84343,,1.0,256347.42222222223
84349,0.18689610064029694,,256358.35555555555
84350,,1.0,256360.17777777778
84366,0.18691609799861908,,256416.05263157896
84367,,2.0,256420.2105263158
84372,0.18693609535694122,,256441.0
84373,,2.0,256445.15789473685
84380,0.18695609271526337,,256474.26315789475
84381,,2.0,256478.42105263157
84389,0.1869760900735855,,256511.68421052632
84390,,2.0,256515.84210526315
84402,0.18699608743190765,,256545.07142857142
84403,,2.0,256547.85714285713
84417,0.1870160847902298,,256586.85714285713
84418,,2.0,256589.64285714287
84425,0.18703608214855194,,256609.14285714287
84426,,2.0,256611.92857142858
84433,0.18705607950687408,,256631.42857142858
84434,,2.0,256634.2142857143
84450,0.18706607818603516,,256664.9024390244
84451,,1.0,256667.0487804878
84459,0.18707607686519623,,256684.21951219512
84460,,1.0,256686.36585365853
84467,0.1870860755443573,,256701.39024390245
84468,,1.0,256703.53658536586
84476,0.18709607422351837,,256720.70731707316
84477,,1.0,256722.8536585366
84497,0.18710607290267944,,256753.11538461538
84498,,1.0,256754.76923076922
84511,0.18711607158184052,,256776.26923076922
84512,,1.0,256777.92307692306
84521,0.1871260702610016,,256792.8076923077
84522,,1.0,256794.46153846153
84530,0.18713606894016266,,256807.6923076923
84531,,1.0,256809.34615384616
84547,0.1871560662984848,,256855.02272727274
84548,,2.0,256858.4090909091
84555,0.18717606365680695,,256882.11363636365
84556,,2.0,256885.5
84565,0.1871960610151291,,256915.97727272726
84566,,2.0,256919.36363636365
84576,0.18721605837345123,,256953.22727272726
84577,,2.0,256956.61363636365
84589,0.18721605837345123,,256974.28260869565
84590,,0.0,256975.86956521738
84603,0.18721605837345123,,256996.5
84604,,0.0,256998.08695652173
84614,0.18721605837345123,,257013.95652173914
84615,,0.0,257015.54347826086
84624,0.18721605837345123,,257029.8260869565
84625,,0.0,257031.41304347827
84640,0.18721605837345123,,257054.36585365853
84641,,0.0,257056.1463414634
84648,0.18721605837345123,,257068.60975609755
84649,,0.0,257070.39024390245
84657,0.18721605837345123,,257084.63414634147
84658,,0.0,257086.41463414635
84667,0.18721605837345123,,257102.43902439025
84668,,0.0,257104.21951219512
84682,0.18723605573177338,,257134.17073170733
84683,,2.0,257136.73170731709
84690,0.18725605309009552,,257154.65853658537
84691,,2.0,257157.21951219512
84704,0.18727605044841766,,257190.51219512196
84705,,2.0,257193.07317073172
84710,0.1872960478067398,,257205.8780487805
84711,,2.0,257208.43902439025
84725,0.1872960478067398,,257233.275
84726,,0.0,257235.3
84735,0.1872960478067398,,257253.525
84736,,0.0,257255.55
84744,0.1872960478067398,,257271.75
84745,,0.0,257273.775
84752,0.1872960478067398,,257287.95
84753,,0.0,257289.975
84773,0.18730604648590088,,257326.38636363635
84774,,1.0,257328.4090909091
84779,0.18731604516506195,,257338.52272727274
84780,,1.0,257340.54545454544
84791,0.18732604384422302,,257362.79545454544
84792,,1.0,257364.81818181818
84798,0.1873360425233841,,257376.95454545456
84799,,1.0,257378.97727272726
84814,0.18735603988170624,,257415.7027027027
84815,,2.0,257418.5945945946
84823,0.18737603724002838,,257441.72972972973
84824,,2.0,257444.62162162163
84829,0.18739603459835052,,257459.0810810811
84830,,2.0,257461.97297297296
84837,0.18741603195667267,,257482.2162162162
84838,,2.0,257485.1081081081
84855,0.18742603063583374,,257511.14285714287
84856,,1.0,257512.79591836734
84867,0.1874360293149948,,257530.97959183675
84868,,1.0,257532.6326530612
84880,0.18744602799415588,,257552.4693877551
84881,,1.0,257554.1224489796
84888,0.18745602667331696,,257565.693877551
84889,,1.0,257567.3469387755
84904,0.18745602667331696,,257595.11764705883
84905,,0.0,257597.29411764705
84912,0.18745602667331696,,257612.5294117647
84913,,0.0,257614.70588235295
84919,0.18745602667331696,,257627.76470588235
84920,,0.0,257629.9411764706
84924,0.18745602667331696,,257638.64705882352
84925,,0.0,257640.82352941178
84941,0.18746602535247803,,257665.47916666666
84942,,1.0,257667.20833333334
84953,0.1874760240316391,,257686.22916666666
84954,,1.0,257687.95833333334
84963,0.18748602271080017,,257703.52083333334
84964,,1.0,257705.25
84974,0.18749602138996124,,257722.54166666666
84975,,1.0,257724.27083333334
84993,0.18750602006912231,,257752.5625
84994,,1.0,257754.33333333334
85002,0.1875160187482834,,257768.5
85003,,1.0,257770.27083333334
85011,0.18752601742744446,,257784.4375
85012,,1.0,257786.20833333334
85024,0.18753601610660553,,257807.45833333334
85025,,1.0,257809.22916666666
85042,0.18756601214408875,,257837.1739130435
85043,,3.0,257839.04347826086
85054,0.18759600818157196,,257859.60869565216
85055,,3.0,257861.47826086957
85065,0.18762600421905518,,257880.1739130435
85066,,3.0,257882.04347826086
85072,0.1876560002565384,,257893.26086956522
85073,,3.0,257895.13043478262
85084,0.18767599761486053,,257931.46153846153
85085,,2.0,257935.76923076922
85091,0.18769599497318268,,257961.61538461538
85092,,2.0,257965.92307692306
85102,0.18771599233150482,,258009.0
85103,,2.0,258013.3076923077
85113,0.18773598968982697,,258056.38461538462
85114,,2.0,258060.6923076923
85124,0.1877559870481491,,258086.41176470587
85125,,2.0,258089.4705882353
85134,0.18777598440647125,,258117.0
85135,,2.0,258120.0588235294
85143,0.1877959817647934,,258144.5294117647
85144,,2.0,258147.58823529413
85149,0.18781597912311554,,258162.88235294117
85150,,2.0,258165.9411764706
85164,0.1878259778022766,,258192.07317073172
85165,,1.0,258194.17073170733
85172,0.18783597648143768,,258208.8536585366
85173,,1.0,258210.9512195122
85179,0.18784597516059875,,258223.53658536586
85180,,1.0,258225.63414634147
85192,0.18785597383975983,,258250.80487804877
85193,,1.0,258252.9024390244
85206,0.18787597119808197,,258284.54545454544
85207,,2.0,258287.5
85217,0.1878959685564041,,258317.04545454544
85218,,2.0,258320.0
85227,0.18791596591472626,,258346.5909090909
85228,,2.0,258349.54545454544
85238,0.1879359632730484,,258379.0909090909
85239,,2.0,258382.04545454544
85256,0.1879359632730484,,258406.8076923077
85257,,0.0,258408.36538461538
85265,0.1879359632730484,,258420.82692307694
85266,,0.0,258422.38461538462
85277,0.1879359632730484,,258439.51923076922
85278,,0.0,258441.07692307694
85292,0.1879359632730484,,258462.88461538462
85293,,0.0,258464.4423076923
85304,0.1879359632730484,,258487.5172413793
85305,,0.0,258490.2068965517
85309,0.1879359632730484,,258500.9655172414
85310,,0.0,258503.6551724138
85315,0.1879359632730484,,258517.10344827586
85316,,0.0,258519.7931034483
85323,0.1879359632730484,,258538.62068965516
85324,,0.0,258541.3103448276
85335,0.18795596063137054,,258569.2972972973
85336,,2.0,258572.45945945947
85343,0.1879759579896927,,258594.5945945946
85344,,2.0,258597.75675675675
85355,0.18799595534801483,,258632.54054054053
85356,,2.0,258635.7027027027
85362,0.18801595270633698,,258654.67567567568
85363,,2.0,258657.83783783784
85382,0.18803595006465912,,258702.0
85383,,2.0,258704.5625
85392,0.18805594742298126,,258727.625
85393,,2.0,258730.1875
85401,0.1880759447813034,,258750.6875
85402,,2.0,258753.25
85412,0.18809594213962555,,258778.875
85413,,2.0,258781.4375
85425,0.18810594081878662,,258803.2162162162
85426,,1.0,258805.35135135136
85432,0.1881159394979477,,258818.16216216216
85433,,1.0,258820.2972972973
85443,0.18812593817710876,,258841.64864864864
85444,,1.0,258843.7837837838
85451,0.18813593685626984,,258858.72972972973
85452,,1.0,258860.86486486485
85461,0.18816593289375305,,258874.72727272726
85462,,3.0,258876.68181818182
85475,0.18819592893123627,,258902.0909090909
85476,,3.0,258904.04545454544
85486,0.18822592496871948,,258923.5909090909
85487,,3.0,258925.54545454544
85497,0.1882559210062027,,258945.0909090909
85498,,3.0,258947.04545454544
85511,0.18826591968536377,,258967.0
85512,,1.0,258968.8
85525,0.18827591836452484,,258992.2
85526,,1.0,258994.0
85537,0.1882859170436859,,259013.8
85538,,1.0,259015.6
85544,0.18829591572284698,,259026.4
85545,,1.0,259028.2
85563,0.18831591308116913,,259060.29411764705
85564,,2.0,259062.3137254902
85575,0.18833591043949127,,259084.5294117647
85576,,2.0,259086.54901960783
85583,0.18835590779781342,,259100.6862745098
85584,,2.0,259102.70588235295
85597,0.18837590515613556,,259128.96078431373
85598,,2.0,259130.98039215687
85607,0.1883959025144577,,259152.125
85608,,2.0,259155.3125
85616,0.18841589987277985,,259180.8125
85617,,2.0,259184.0
85623,0.188435897231102,,259203.125
85624,,2.0,259206.3125
85631,0.18845589458942413,,259228.625
85632,,2.0,259231.8125
85650,0.18845589458942413,,259259.5744680851
85651,,0.0,259261.21276595743
85660,0.18845589458942413,,259275.95744680852
85661,,0.0,259277.59574468085
85669,0.18845589458942413,,259290.70212765958
85670,,0.0,259292.3404255319
85680,0.18845589458942413,,259308.72340425532
85681,,0.0,259310.36170212767
85702,0.18847589194774628,,259352.32
85703,,2.0,259354.56
85709,0.18849588930606842,,259368.0
85710,,2.0,259370.24
85722,0.18851588666439056,,259397.12
85723,,2.0,259399.36
85732,0.1885358840227127,,259419.52
85733,,2.0,259421.76
85750,0.18855588138103485,,259454.22727272726
85751,,2.0,259456.38636363635
85758,0.188575878739357,,259471.5
85759,,2.0,259473.6590909091
85767,0.18859587609767914,,259490.93181818182
85768,,2.0,259493.0909090909
85778,0.18861587345600128,,259514.68181818182
85779,,2.0,259516.8409090909
85791,0.18863587081432343,,259551.92105263157
85792,,2.0,259555.57894736843
85803,0.18865586817264557,,259595.81578947368
85804,,2.0,259599.47368421053
85809,0.1886758655309677,,259617.76315789475
85810,,2.0,259621.42105263157
85818,0.18869586288928986,,259650.68421052632
85819,,2.0,259654.34210526315
85834,0.18870586156845093,,259682.85714285713
85835,,1.0,259684.92857142858
85844,0.188715860247612,,259703.57142857142
85845,,1.0,259705.64285714287
85854,0.18872585892677307,,259724.2857142857
85855,,1.0,259726.35714285713
85862,0.18873585760593414,,259740.85714285713
85863,,1.0,259742.92857142858
85883,0.18873585760593414,,259772.95555555556
85884,,0.0,259774.6
85892,0.18873585760593414,,259787.75555555554
85893,,0.0,259789.4
85900,0.18873585760593414,,259800.9111111111
85901,,0.0,259802.55555555556
85909,0.18873585760593414,,259815.7111111111
85910,,0.0,259817.35555555555
85925,0.18874585628509521,,259837.72
85926,,1.0,259839.28
85937,0.1887558549642563,,259856.44
85938,,1.0,259858.0
85947,0.18876585364341736,,259872.04
85948,,1.0,259873.6
85961,0.18877585232257843,,259893.88
85962,,1.0,259895.44
85978,0.18879584968090057,,259922.4693877551
85979,,2.0,259924.42857142858
85990,0.18881584703922272,,259945.97959183675
85991,,2.0,259947.9387755102
86002,0.18883584439754486,,259969.48979591837
86003,,2.0,259971.44897959183
86012,0.188855841755867,,259989.08163265305
86013,,2.0,259991.04081632654
86025,0.18887583911418915,,260016.1081081081
86026,,2.0,260018.67567567568
86034,0.1888958364725113,,260039.2162162162
86035,,2.0,260041.7837837838
86043,0.18891583383083344,,260062.32432432432
86044,,2.0,260064.8918918919
86051,0.18893583118915558,,260082.86486486485
86052,,2.0,260085.43243243243
86068,0.18893583118915558,,260112.33333333334
86069,,0.0,260114.20512820513
86076,0.18893583118915558,,260127.3076923077
86077,,0.0,260129.1794871795
86083,0.18893583118915558,,260140.41025641025
86084,,0.0,260142.28205128206
86092,0.18893583118915558,,260157.2564102564
86093,,0.0,260159.12820512822
86106,0.1889658272266388,,260180.8
86107,,3.0,260182.78
86117,0.188995823264122,,260202.58
86118,,3.0,260204.56
86132,0.18902581930160522,,260232.28
86133,,3.0,260234.26
86144,0.18905581533908844,,260256.04
86145,,3.0,260258.02
86157,0.18907581269741058,,260295.80434782608
86158,,2.0,260299.78260869565
86168,0.18909581005573273,,260339.5652173913
86169,,2.0,260343.54347826086
86183,0.18911580741405487,,260399.23913043478
86184,,2.0,260403.21739130435
86192,0.18913580477237701,,260435.04347826086
86193,,2.0,260439.02173913043
86204,0.18915580213069916,,260475.20512820513
86205,,2.0,260479.23076923078
86216,0.1891757994890213,,260523.5128205128
86217,,2.0,260527.53846153847
86225,0.18919579684734344,,260559.7435897436
86226,,2.0,260563.76923076922
86233,0.1892157942056656,,260591.94871794872
86234,,2.0,260595.97435897434
86247,0.1892157942056656,,260624.05405405405
86248,,0.0,260626.45945945947
86252,0.1892157942056656,,260636.0810810811
86253,,0.0,260638.48648648648
86259,0.1892157942056656,,260652.9189189189
86260,,0.0,260655.32432432432
86272,0.1892157942056656,,260684.1891891892
86273,,0.0,260686.5945945946
86287,0.1892457902431488,,260714.9111111111
86288,,3.0,260717.26666666666
86299,0.18927578628063202,,260743.17777777778
86300,,3.0,260745.53333333333
86308,0.18930578231811523,,260764.3777777778
86309,,3.0,260766.73333333334
86319,0.18933577835559845,,260790.2888888889
86320,,3.0,260792.64444444445
86331,0.1893557757139206,,260841.0606060606
86332,,2.0,260846.81818181818
86337,0.18937577307224274,,260875.60606060605
86338,,2.0,260881.36363636365
86345,0.18939577043056488,,260921.66666666666
86346,,2.0,260927.42424242425
86354,0.18941576778888702,,260973.48484848486
86355,,2.0,260979.24242424243
86370,0.18944576382637024,,261032.75
86371,,3.0,261036.72916666666
86383,0.18947575986385345,,261084.47916666666
86384,,3.0,261088.45833333334
86394,0.18950575590133667,,261128.25
86395,,3.0,261132.22916666666
86404,0.18953575193881989,,261168.04166666666
86405,,3.0,261172.02083333334
86419,0.18955574929714203,,261204.085106383
86420,,2.0,261206.63829787233
86431,0.18957574665546417,,261234.72340425532
86432,,2.0,261237.27659574468
86442,0.18959574401378632,,261262.8085106383
86443,,2.0,261265.36170212767
86453,0.18961574137210846,,261290.89361702127
86454,,2.0,261293.44680851063
86469,0.18964573740959167,,261316.84210526315
86470,,3.0,261318.57894736843
86478,0.1896757334470749,,261332.47368421053
86479,,3.0,261334.2105263158
86484,0.1897057294845581,,261342.8947368421
86485,,3.0,261344.63157894736
86493,0.18973572552204132,,261358.52631578947
86494,,3.0,261360.26315789475
86512,0.18976572155952454,,261407.0
86513,,3.0,261410.0
86525,0.18979571759700775,,261446.0
86526,,3.0,261449.0
86534,0.18982571363449097,,261473.0
86535,,3.0,261476.0
86544,0.18985570967197418,,261503.0
86545,,3.0,261506.0
86563,0.18987570703029633,,261540.17647058822
86564,,2.0,261542.25490196078
86574,0.18989570438861847,,261563.03921568627
86575,,2.0,261565.11764705883
86588,0.1899157017469406,,261592.13725490196
86589,,2.0,261594.21568627452
86597,0.18993569910526276,,261610.8431372549
86598,,2.0,261612.92156862744
86610,0.1899556964635849,,261634.35
86611,,2.0,261636.5
86618,0.18997569382190704,,261651.55
86619,,2.0,261653.7
86627,0.1899956911802292,,261670.9
86628,,2.0,261673.05
86639,0.19001568853855133,,261696.7
86640,,2.0,261698.85
86660,0.1900256872177124,,261726.17307692306
86661,,1.0,261727.65384615384
86676,0.19003568589687347,,261749.86538461538
86677,,1.0,261751.34615384616
86683,0.19004568457603455,,261760.23076923078
86684,,1.0,261761.71153846153
86693,0.19005568325519562,,261775.03846153847
86694,,1.0,261776.51923076922
86709,0.19008567929267883,,261807.88679245283
86710,,3.0,261810.37735849057
86724,0.19011567533016205,,261845.24528301886
86725,,3.0,261847.7358490566
86737,0.19014567136764526,,261877.62264150943
86738,,3.0,261880.11320754717
86748,0.19017566740512848,,261905.01886792452
86749,,3.0,261907.50943396226
86763,0.19019566476345062,,261943.30555555556
86764,,2.0,261946.33333333334
86769,0.19021566212177277,,261961.47222222222
86770,,2.0,261964.5
86775,0.1902356594800949,,261979.63888888888
86776,,2.0,261982.66666666666
86786,0.19025565683841705,,262012.94444444444
86787,,2.0,262015.97222222222
86801,0.19028565287590027,,262034.54347826086
86802,,3.0,262035.95652173914
86813,0.19031564891338348,,262051.5
86814,,3.0,262052.91304347827
86825,0.1903456449508667,,262068.45652173914
86826,,3.0,262069.86956521738
86834,0.19037564098834991,,262081.1739130435
86835,,3.0,262082.58695652173
86849,0.19039563834667206,,262129.57142857142
86850,,2.0,262133.7142857143
86857,0.1904156357049942,,262162.71428571426
86858,,2.0,262166.85714285716
86865,0.19043563306331635,,262195.85714285716
86866,,2.0,262200.0
86878,0.1904556304216385,,262249.71428571426
86879,,2.0,262253.85714285716
86891,0.19047562777996063,,262288.825
86892,,2.0,262292.25
86902,0.19049562513828278,,262326.5
86903,,2.0,262329.925
86911,0.19051562249660492,,262357.325
86912,,2.0,262360.75
86920,0.19053561985492706,,262388.15
86921,,2.0,262391.575
86936,0.19056561589241028,,262448.3333333333
86937,,3.0,262452.77777777775
86947,0.1905956119298935,,262497.22222222225
86948,,3.0,262501.6666666667
86956,0.1906256079673767,,262537.22222222225
86957,,3.0,262541.6666666667
86967,0.19065560400485992,,262586.1111111111
86968,,3.0,262590.55555555556
86985,0.19067560136318207,,262631.75
86986,,2.0,262634.375
86995,0.1906955987215042,,262658.0
86996,,2.0,262660.625
87005,0.19071559607982635,,262684.25
87006,,2.0,262686.875
87017,0.1907355934381485,,262715.75
87018,,2.0,262718.375
87034,0.19075559079647064,,262766.1904761905
87035,,2.0,262769.6666666667
87045,0.19077558815479279,,262804.4285714286
87046,,2.0,262807.90476190473
87051,0.19079558551311493,,262825.28571428574
87052,,2.0,262828.7619047619
87061,0.19081558287143707,,262860.04761904763
87062,,2.0,262863.5238095238
87082,0.19081558287143707,,262892.84
87083,,0.0,262894.36
87092,0.19081558287143707,,262908.04
87093,,0.0,262909.56
87100,0.19081558287143707,,262920.2
87101,,0.0,262921.72
87113,0.19081558287143707,,262939.96
87114,,0.0,262941.48
87127,0.19082558155059814,,262963.2380952381
87128,,1.0,262965.2619047619
87138,0.19083558022975922,,262985.5
87139,,1.0,262987.5238095238
87149,0.1908455789089203,,263007.7619047619
87150,,1.0,263009.78571428574
87157,0.19085557758808136,,263023.95238095237
87158,,1.0,263025.9761904762
87170,0.19088557362556458,,263054.7272727273
87171,,3.0,263057.69696969696
87180,0.1909155696630478,,263084.42424242425
87181,,3.0,263087.3939393939
87186,0.190945565700531,,263102.24242424243
87187,,3.0,263105.2121212121
87192,0.19097556173801422,,263120.0606060606
87193,,3.0,263123.0303030303
87203,0.19099555909633636,,263149.2
87204,,2.0,263152.5142857143
87212,0.1910155564546585,,263179.02857142856
87213,,2.0,263182.34285714285
87219,0.19103555381298065,,263202.22857142857
87220,,2.0,263205.54285714286
87229,0.1910555511713028,,263235.3714285714
87230,,2.0,263238.6857142857
87243,0.19106554985046387,,263262.0
87244,,1.0,263264.0
87252,0.19107554852962494,,263280.0
87253,,1.0,263282.0
87260,0.191085547208786,,263296.0
87261,,1.0,263298.0
87273,0.19109554588794708,,263322.0
87274,,1.0,263324.0
87289,0.19110554456710815,,263344.85714285716
87290,,1.0,263346.4285714286
87302,0.19111554324626923,,263365.28571428574
87303,,1.0,263366.85714285716
87313,0.1911255419254303,,263382.5714285714
87314,,1.0,263384.14285714284
87324,0.19113554060459137,,263399.85714285716
87325,,1.0,263401.4285714286
87341,0.19114553928375244,,263432.3333333333
87342,,1.0,263434.58974358975
87349,0.1911555379629135,,263450.3846153846
87350,,1.0,263452.641025641
87357,0.19116553664207458,,263468.4358974359
87358,,1.0,263470.6923076923
87365,0.19117553532123566,,263486.4871794872
87366,,1.0,263488.74358974356
87381,0.19118553400039673,,263509.92307692306
87382,,1.0,263511.5
87395,0.1911955326795578,,263532.0
87396,,1.0,263533.57692307694
87404,0.19120553135871887,,263546.1923076923
87405,,1.0,263547.76923076925
87419,0.19121553003787994,,263569.8461538461
87420,,1.0,263571.42307692306
87435,0.1912355273962021,,263599.85714285716
87436,,2.0,263602.09523809527
87443,0.19125552475452423,,263617.7619047619
87444,,2.0,263620.0
87453,0.19127552211284637,,263640.14285714284
87454,,2.0,263642.38095238095
87463,0.19129551947116852,,263662.5238095238
87464,,2.0,263664.7619047619
87478,0.19131551682949066,,263697.1960784314
87479,,2.0,263699.9411764706
87489,0.1913355141878128,,263727.39215686277
87490,,2.0,263730.137254902
87505,0.19135551154613495,,263771.3137254902
87506,,2.0,263774.0588235294
87516,0.1913755089044571,,263801.50980392157
87517,,2.0,263804.2549019608
87534,0.19138550758361816,,263827.85714285716
87535,,1.0,263829.3469387755
87546,0.19139550626277924,,263845.7346938776
87547,,1.0,263847.2244897959
87556,0.1914055049419403,,263860.63265306124
87557,,1.0,263862.1224489796
87567,0.19141550362110138,,263877.02040816325
87568,,1.0,263878.51020408166
87582,0.19142550230026245,,263899.55555555556
87583,,1.0,263901.3333333333
87593,0.19143550097942352,,263919.1111111111
87594,,1.0,263920.8888888889
87602,0.1914454996585846,,263935.1111111111
87603,,1.0,263936.8888888889
87614,0.19145549833774567,,263956.44444444444
87615,,1.0,263958.22222222225
87634,0.19146549701690674,,263984.96
87635,,1.0,263986.52
87651,0.1914754956960678,,264011.48
87652,,1.0,264013.04
87657,0.19148549437522888,,264020.84
87658,,1.0,264022.4
87666,0.19149549305438995,,264034.88
87667,,1.0,264036.44
87677,0.1915154904127121,,264058.4324324324
87678,,2.0,264061.35135135136
87684,0.19153548777103424,,264078.86486486485
87685,,2.0,264081.7837837838
87697,0.19155548512935638,,264116.8108108108
87698,,2.0,264119.7297297297
87705,0.19157548248767853,,264140.1621621622
87706,,2.0,264143.08108108107
87722,0.19160547852516174,,264209.4146341463
87723,,3.0,264214.2926829268
87731,0.19163547456264496,,264253.31707317074
87732,,3.0,264258.1951219512
87738,0.19166547060012817,,264287.46341463417
87739,,3.0,264292.34146341466
87748,0.1916954666376114,,264336.243902439
87749,,3.0,264341.1219512195
87766,0.19171546399593353,,264379.8048780488
87767,,2.0,264382.2195121951
87776,0.19173546135425568,,264403.9512195122
87777,,2.0,264406.3658536585
87783,0.19175545871257782,,264420.85365853657
87784,,2.0,264423.26829268294
87791,0.19177545607089996,,264440.1707317073
87792,,2.0,264442.5853658537
87811,0.1917954534292221,,264494.3617021277
87812,,2.0,264497.44680851063
87821,0.19181545078754425,,264525.21276595746
87822,,2.0,264528.2978723404
87831,0.1918354481458664,,264556.06382978725
87832,,2.0,264559.1489361702
87840,0.19185544550418854,,264583.829787234
87841,,2.0,264586.91489361704
87858,0.19188544154167175,,264618.9130434783
87859,,3.0,264620.97826086957
87867,0.19191543757915497,,264637.5
87868,,3.0,264639.5652173913
87878,0.19194543361663818,,264660.2173913043
87879,,3.0,264662.2826086957
87888,0.1919754296541214,,264680.8695652174
87889,,3.0,264682.9347826087
87903,0.19198542833328247,,264708.60975609755
87904,,1.0,264710.756097561
87910,0.19199542701244354,,264723.6341463415
87911,,1.0,264725.7804878049
87919,0.19200542569160461,,264742.9512195122
87920,,1.0,264745.0975609756
87931,0.19201542437076569,,264768.7073170732
87932,,1.0,264770.85365853657
87946,0.1920454204082489,,264826.65853658534
87947,,3.0,264831.53658536583
87957,0.19207541644573212,,264880.31707317074
87958,,3.0,264885.1951219512
87966,0.19210541248321533,,264924.2195121951
87967,,3.0,264929.0975609756
87974,0.19213540852069855,,264963.243902439
87975,,3.0,264968.1219512195
87993,0.1921554058790207,,265006.5106382979
87994,,2.0,265008.74468085106
88001,0.19217540323734283,,265024.3829787234
88002,,2.0,265026.6170212766
88010,0.19219540059566498,,265044.4893617021
88011,,2.0,265046.72340425535
88023,0.19221539795398712,,265073.5319148936
88024,,2.0,265075.7659574468
88038,0.19223539531230927,,265106.54761904763
88039,,2.0,265109.14285714284
88048,0.1922553926706314,,265132.5
88049,,2.0,265135.09523809527
88057,0.19227539002895355,,265155.85714285716
88058,,2.0,265158.45238095237
88067,0.1922953873872757,,265181.8095238095
88068,,2.0,265184.40476190473
88083,0.19231538474559784,,265239.7368421053
88084,,2.0,265244.13157894736
88088,0.19233538210391998,,265261.7105263158
88089,,2.0,265266.1052631579
88097,0.19235537946224213,,265301.2631578947
88098,,2.0,265305.65789473685
88107,0.19237537682056427,,265345.2105263158
88108,,2.0,265349.6052631579
88118,0.1923953741788864,,265375.6511627907
88119,,2.0,265378.74418604653
88129,0.19241537153720856,,265409.67441860464
88130,,2.0,265412.76744186046
88141,0.1924353688955307,,265446.79069767444
88142,,2.0,265449.88372093026
88152,0.19245536625385284,,265480.81395348837
88153,,2.0,265483.9069767442
88178,0.19248536229133606,,265511.6101694915
88179,,3.0,265512.72881355934
88184,0.19251535832881927,,265518.3220338983
88185,,3.0,265519.4406779661
88197,0.1925453543663025,,265532.86440677964
88198,,3.0,265533.9830508475
88213,0.1925753504037857,,265550.76271186443
88214,,3.0,265551.8813559322
88227,0.19259534776210785,,265574.27659574465
88228,,2.0,265576.40425531915
88245,0.19261534512043,,265612.57446808513
88246,,2.0,265614.7021276596
88251,0.19263534247875214,,265625.3404255319
88252,,2.0,265627.4680851064
88262,0.19265533983707428,,265648.74468085106
88263,,2.0,265650.87234042556
88279,0.19267533719539642,,265696.8043478261
88280,,2.0,265700.17391304346
88287,0.19269533455371857,,265723.76086956525
88288,,2.0,265727.1304347826
88301,0.1927153319120407,,265770.9347826087
88302,,2.0,265774.3043478261
88310,0.19273532927036285,,265801.26086956525
88311,,2.0,265804.6304347826
88329,0.192755326628685,,265848.63636363635
88330,,2.0,265851.34545454546
88345,0.19277532398700714,,265891.9818181818
88346,,2.0,265894.6909090909
88354,0.19279532134532928,,265916.36363636365
88355,,2.0,265919.07272727275
88367,0.19281531870365143,,265951.58181818185
88368,,2.0,265954.2909090909
88383,0.1928253173828125,,265979.5714285714
88384,,1.0,265981.45238095237
88392,0.19283531606197357,,265996.5
88393,,1.0,265998.38095238095
88403,0.19284531474113464,,266017.1904761905
88404,,1.0,266019.0714285714
88411,0.19285531342029572,,266032.2380952381
88412,,1.0,266034.11904761905
88430,0.19287531077861786,,266072.3461538461
88431,,2.0,266074.76923076925
88440,0.19289530813694,,266096.57692307694
88441,,2.0,266099.0
88454,0.19291530549526215,,266130.5
88455,,2.0,266132.92307692306
88465,0.1929353028535843,,266157.1538461539
88466,,2.0,266159.57692307694
88482,0.1929652988910675,,266187.4347826087
88483,,3.0,266189.39130434784
88491,0.19299529492855072,,266205.04347826086
88492,,3.0,266207.0
88500,0.19302529096603394,,266222.652173913
88501,,3.0,266224.60869565216
88513,0.19305528700351715,,266248.0869565217
88514,,3.0,266250.04347826086
88525,0.1930752843618393,,266275.45454545453
88526,,2.0,266278.38636363635
88536,0.19309528172016144,,266307.70454545453
88537,,2.0,266310.63636363635
88548,0.19311527907848358,,266342.88636363635
88549,,2.0,266345.8181818182
88559,0.19313527643680573,,266375.13636363635
88560,,2.0,266378.0681818182
88574,0.19315527379512787,,266419.6037735849
88575,,2.0,266423.11320754717
88585,0.19317527115345,,266458.2075471698
88586,,2.0,266461.71698113205
88600,0.19319526851177216,,266510.8490566038
88601,,2.0,266514.358490566
88614,0.1932152658700943,,266559.9811320755
88615,,2.0,266563.4905660377
88633,0.19323526322841644,,266627.3191489362
88634,,2.0,266631.3404255319
88642,0.1932552605867386,,266663.5106382979
88643,,2.0,266667.5319148936
88654,0.19327525794506073,,266711.7659574468
88655,,2.0,266715.78723404254
88663,0.19329525530338287,,266747.9574468085
88664,,2.0,266751.97872340423
88684,0.19331525266170502,,266795.2888888889
88685,,2.0,266797.6
88692,0.19333525002002716,,266813.77777777775
88693,,2.0,266816.0888888889
88701,0.1933552473783493,,266834.5777777778
88702,,2.0,266836.8888888889
88710,0.19337524473667145,,266855.3777777778
88711,,2.0,266857.68888888886
88728,0.1933952420949936,,266889.12
88729,,2.0,266891.2
88738,0.19341523945331573,,266909.92
88739,,2.0,266912.0
88750,0.19343523681163788,,266934.88
88751,,2.0,266936.96
88762,0.19345523416996002,,266959.84
88763,,2.0,266961.92
88780,0.1934652328491211,,266985.137254902
88781,,1.0,266986.64705882355
88794,0.19347523152828217,,267006.2745098039
88795,,1.0,267007.7843137255
88803,0.19348523020744324,,267019.862745098
88804,,1.0,267021.3725490196
88815,0.1934952288866043,,267037.98039215687
88816,,1.0,267039.49019607843
88831,0.19352522492408752,,267061.7272727273
88832,,3.0,267063.45454545453
88842,0.19355522096157074,,267080.7272727273
88843,,3.0,267082.45454545453
88852,0.19358521699905396,,267098.0
88853,,3.0,267099.7272727273
88861,0.19361521303653717,,267113.54545454547
88862,,3.0,267115.2727272727
88877,0.19364520907402039,,267175.53658536583
88878,,3.0,267180.4146341463
88886,0.1936752051115036,,267219.43902439025
88887,,3.0,267224.31707317074
88896,0.19370520114898682,,267268.2195121951
88897,,3.0,267273.0975609756
88904,0.19373519718647003,,267307.243902439
88905,,3.0,267312.1219512195
88921,0.19375519454479218,,267345.7659574468
88922,,2.0,267347.97872340423
88933,0.19377519190311432,,267372.3191489362
88934,,2.0,267374.5319148936
88942,0.19379518926143646,,267392.2340425532
88943,,2.0,267394.44680851063
88953,0.1938151866197586,,267416.57446808513
88954,,2.0,267418.78723404254
88969,0.19383518397808075,,267451.85714285716
88970,,2.0,267454.4285714286
88976,0.1938551813364029,,267469.85714285716
88977,,2.0,267472.4285714286
88989,0.19387517869472504,,267503.28571428574
88990,,2.0,267505.85714285716
88997,0.19389517605304718,,267523.85714285716
88998,,2.0,267526.4285714286
89017,0.19391517341136932,,267559.72
89018,,2.0,267561.64
89029,0.19393517076969147,,267582.76
89030,,2.0,267584.68
89038,0.1939551681280136,,267600.04
89039,,2.0,267601.96
89049,0.19397516548633575,,267621.16
89050,,2.0,267623.08
89065,0.19397516548633575,,267646.3658536585
89066,,0.0,267648.14634146343
89077,0.19397516548633575,,267667.73170731706
89078,,0.0,267669.51219512196
89085,0.19397516548633575,,267681.9756097561
89086,,0.0,267683.756097561
89092,0.19397516548633575,,267694.43902439025
89093,,0.0,267696.2195121951
89107,0.1939951628446579,,267725.07692307694
89108,,2.0,267727.53846153844
89116,0.19401516020298004,,267747.23076923075
89117,,2.0,267749.6923076923
89126,0.19403515756130219,,267771.8461538461
89127,,2.0,267774.3076923077
89133,0.19405515491962433,,267789.07692307694
89134,,2.0,267791.53846153844
89153,0.1940651535987854,,267817.7037037037
89154,,1.0,267819.18518518517
89162,0.19407515227794647,,267831.037037037
89163,,1.0,267832.51851851854
89177,0.19408515095710754,,267853.25925925927
89178,,1.0,267854.74074074073
89189,0.19409514963626862,,267871.037037037
89190,,1.0,267872.51851851854
89202,0.19409514963626862,,267888.8
89203,,0.0,267890.44444444444
89212,0.19409514963626862,,267905.2444444444
89213,,0.0,267906.8888888889
89225,0.19409514963626862,,267926.6222222222
89226,,0.0,267928.26666666666
89236,0.19409514963626862,,267944.7111111111
89237,,0.0,267946.35555555555
89255,0.19411514699459076,,267982.78723404254
89256,,2.0,267985.10638297873
89266,0.1941351443529129,,268008.2978723404
89267,,2.0,268010.6170212766
89276,0.19415514171123505,,268031.4893617021
89277,,2.0,268033.8085106383
89285,0.1941751390695572,,268052.3617021277
89286,,2.0,268054.6808510638
89301,0.19418513774871826,,268080.36842105264
89302,,1.0,268082.3157894737
89310,0.19419513642787933,,268097.8947368421
89311,,1.0,268099.84210526315
89315,0.1942051351070404,,268107.63157894736
89316,,1.0,268109.5789473684
89325,0.19421513378620148,,268127.1052631579
89326,,1.0,268129.05263157893
89343,0.19423513114452362,,268161.08510638296
89344,,2.0,268163.2340425532
89355,0.19425512850284576,,268186.87234042556
89356,,2.0,268189.02127659577
89364,0.1942751258611679,,268206.21276595746
89365,,2.0,268208.3617021277
89374,0.19429512321949005,,268227.7021276596
89375,,2.0,268229.8510638298
89390,0.19430512189865112,,268253.9
89391,,1.0,268255.725
89399,0.1943151205778122,,268270.325
89400,,1.0,268272.15
89408,0.19432511925697327,,268286.75
89409,,1.0,268288.575
89416,0.19433511793613434,,268301.35
89417,,1.0,268303.175
89437,0.19433511793613434,,268333.20454545453
89438,,0.0,268334.86363636365
89448,0.19433511793613434,,268351.45454545453
89449,,0.0,268353.11363636365
89457,0.19433511793613434,,268366.38636363635
89458,,0.0,268368.04545454547
89462,0.19433511793613434,,268374.6818181818
89463,,0.0,268376.3409090909
89477,0.19435511529445648,,268414.14285714284
89478,,2.0,268417.4285714286
89487,0.19437511265277863,,268447.0
89488,,2.0,268450.28571428574
89499,0.19439511001110077,,268486.4285714286
89500,,2.0,268489.71428571426
89506,0.1944151073694229,,268509.4285714286
89507,,2.0,268512.71428571426
89520,0.19443510472774506,,268555.0
89521,,2.0,268558.9
89528,0.1944551020860672,,268586.2
89529,,2.0,268590.1
89537,0.19447509944438934,,268621.3
89538,,2.0,268625.2
89548,0.1944950968027115,,268664.2
89549,,2.0,268668.1
89565,0.19450509548187256,,268703.05555555556
89566,,1.0,268705.44444444444
89572,0.19451509416103363,,268719.77777777775
89573,,1.0,268722.1666666667
89580,0.1945250928401947,,268738.8888888889
89581,,1.0,268741.27777777775
89586,0.19453509151935577,,268753.22222222225
89587,,1.0,268755.6111111111
89609,0.19454509019851685,,268786.8958333333
89610,,1.0,268788.4166666667
89618,0.19455508887767792,,268800.5833333333
89619,,1.0,268802.1041666667
89627,0.194565087556839,,268814.2708333333
89628,,1.0,268815.7916666667
89636,0.19457508623600006,,268827.9583333333
89637,,1.0,268829.4791666667
89650,0.1945950835943222,,268850.347826087
89651,,2.0,268852.2826086957
89657,0.19461508095264435,,268863.89130434784
89658,,2.0,268865.82608695654
89669,0.1946350783109665,,268887.10869565216
89670,,2.0,268889.04347826086
89684,0.19465507566928864,,268916.1304347826
89685,,2.0,268918.0652173913
89697,0.19467507302761078,,268951.3783783784
89698,,2.0,268954.86486486485
89705,0.19469507038593292,,268979.2702702703
89706,,2.0,268982.75675675675
89716,0.19471506774425507,,269017.6216216216
89717,,2.0,269021.1081081081
89723,0.1947350651025772,,269042.02702702704
89724,,2.0,269045.5135135135
89735,0.19475506246089935,,269071.5641025641
89736,,2.0,269074.3846153846
89743,0.1947750598192215,,269094.1282051282
89744,,2.0,269096.9487179487
89753,0.19479505717754364,,269122.3333333333
89754,,2.0,269125.1538461539
89764,0.19481505453586578,,269153.358974359
89765,,2.0,269156.1794871795
89778,0.19482505321502686,,269179.5263157895
89779,,1.0,269181.5789473684
89787,0.19483505189418793,,269198.0
89788,,1.0,269200.05263157893
89795,0.194845050573349,,269214.4210526316
89796,,1.0,269216.4736842105
89804,0.19485504925251007,,269232.8947368421
89805,,1.0,269234.94736842107
89821,0.19486504793167114,,269260.9318181818
89822,,1.0,269262.7727272727
89829,0.19487504661083221,,269275.6590909091
89830,,1.0,269277.5
89839,0.1948850452899933,,269294.0681818182
89840,,1.0,269295.9090909091
89850,0.19489504396915436,,269314.3181818182
89851,,1.0,269316.1590909091
89863,0.19490504264831543,,269335.2
89864,,1.0,269337.1111111111
89872,0.1949150413274765,,269352.4
89873,,1.0,269354.31111111114
89883,0.19492504000663757,,269373.4222222222
89884,,1.0,269375.3333333333
89897,0.19493503868579865,,269400.1777777778
89898,,1.0,269402.0888888889
89913,0.19494503736495972,,269426.13333333336
89914,,1.0,269427.97777777776
89922,0.1949550360441208,,269442.73333333334
89923,,1.0,269444.5777777778
89933,0.19496503472328186,,269463.02222222224
89934,,1.0,269464.86666666664
89944,0.19497503340244293,,269483.31111111114
89945,,1.0,269485.15555555554
89960,0.194985032081604,,269505.92307692306
89961,,1.0,269507.5
89972,0.19499503076076508,,269524.8461538461
89973,,1.0,269526.42307692306
89985,0.19500502943992615,,269545.3461538461
89986,,1.0,269546.92307692306
89998,0.19501502811908722,,269565.8461538461
89999,,1.0,269567.42307692306
90010,0.1950250267982483,,269589.1142857143
90011,,1.0,269591.6285714286
90019,0.19503502547740936,,269611.7428571429
90020,,1.0,269614.2571428571
90027,0.19504502415657043,,269631.85714285716
90028,,1.0,269634.3714285714
90035,0.1950550228357315,,269651.97142857144
90036,,1.0,269654.4857142857
90045,0.19507502019405365,,269676.3125
90046,,2.0,269679.53125
90056,0.1950950175523758,,269711.71875
90057,,2.0,269714.9375
90062,0.19511501491069794,,269731.03125
90063,,2.0,269734.25
90069,0.19513501226902008,,269753.5625
90070,,2.0,269756.78125
90082,0.19514501094818115,,269776.4
90083,,1.0,269778.22222222225
90096,0.19515500962734222,,269801.9111111111
90097,,1.0,269803.73333333334
90104,0.1951650083065033,,269816.4888888889
90105,,1.0,269818.31111111114
90116,0.19517500698566437,,269838.35555555555
90117,,1.0,269840.1777777778
90128,0.19517500698566437,,269859.3333333333
90129,,0.0,269861.5
90136,0.19517500698566437,,269876.6666666667
90137,,0.0,269878.8333333333
90146,0.19517500698566437,,269898.3333333333
90147,,0.0,269900.5
90154,0.19517500698566437,,269915.6666666667
90155,,0.0,269917.8333333333
90171,0.19518500566482544,,269942.2083333333
90172,,1.0,269943.9166666667
90183,0.1951950043439865,,269962.7083333333
90184,,1.0,269964.4166666667
90194,0.19520500302314758,,269981.5
90195,,1.0,269983.2083333333
90204,0.19521500170230865,,269998.5833333333
90205,,1.0,270000.2916666667
90217,0.1952349990606308,,270031.925
90218,,2.0,270035.25
90226,0.19525499641895294,,270061.85
90227,,2.0,270065.175
90233,0.19527499377727509,,270085.125
90234,,2.0,270088.45
90246,0.19529499113559723,,270128.35
90247,,2.0,270131.675
90267,0.19531498849391937,,270178.86
90268,,2.0,270181.44
90275,0.19533498585224152,,270199.5
90276,,2.0,270202.08
90288,0.19535498321056366,,270233.04
90289,,2.0,270235.62
90298,0.1953749805688858,,270258.84
90299,,2.0,270261.42
90312,0.19538497924804688,,270285.8918918919
90313,,1.0,270288.08108108107
90324,0.19539497792720795,,270312.1621621622
90325,,1.0,270314.35135135136
90332,0.19540497660636902,,270329.6756756757
90333,,1.0,270331.86486486485
90337,0.1954149752855301,,270340.6216216216
90338,,1.0,270342.8108108108
90353,0.1954149752855301,,270366.86666666664
90354,,0.0,270368.68888888886
90361,0.1954149752855301,,270381.44444444444
90362,,0.0,270383.26666666666
90374,0.1954149752855301,,270405.13333333336
90375,,0.0,270406.9555555555
90384,0.1954149752855301,,270423.35555555555
90385,,0.0,270425.1777777778
90406,0.19542497396469116,,270454.6923076923
90407,,1.0,270456.23076923075
90420,0.19543497264385223,,270476.23076923075
90421,,1.0,270477.76923076925
90425,0.1954449713230133,,270483.92307692306
90426,,1.0,270485.46153846156
90438,0.19545497000217438,,270503.92307692306
90439,,1.0,270505.46153846156
90451,0.19547496736049652,,270528.2
90452,,2.0,270530.55555555556
90464,0.19549496471881866,,270558.8222222222
90465,,2.0,270561.1777777778
90473,0.1955149620771408,,270580.02222222224
90474,,2.0,270582.3777777778
90485,0.19553495943546295,,270608.2888888889
90486,,2.0,270610.64444444445
90502,0.1955549567937851,,270654.78571428574
90503,,2.0,270658.0
90513,0.19557495415210724,,270690.14285714284
90514,,2.0,270693.35714285716
90520,0.19559495151042938,,270712.64285714284
90521,,2.0,270715.85714285716
90529,0.19561494886875153,,270741.5714285714
90530,,2.0,270744.78571428574
90542,0.19563494622707367,,270772.08108108107
90543,,2.0,270774.75675675675
90552,0.1956549435853958,,270798.8378378378
90553,,2.0,270801.5135135135
90558,0.19567494094371796,,270814.8918918919
90559,,2.0,270817.5675675676
90568,0.1956949383020401,,270841.64864864864
90569,,2.0,270844.3243243243
90587,0.19571493566036224,,270881.4680851064
90588,,2.0,270883.7659574468
90595,0.1957349330186844,,270899.8510638298
90596,,2.0,270902.1489361702
90604,0.19575493037700653,,270920.5319148936
90605,,2.0,270922.829787234
90617,0.19577492773532867,,270950.40425531915
90618,,2.0,270952.7021276596
90635,0.19578492641448975,,270984.2444444444
90636,,1.0,270986.3333333333
90645,0.19579492509365082,,271005.13333333336
90646,,1.0,271007.22222222225
90653,0.1958049237728119,,271021.84444444446
90654,,1.0,271023.93333333335
90664,0.19581492245197296,,271044.8222222222
90665,,1.0,271046.9111111111
90679,0.19581492245197296,,271068.90476190473
90680,,0.0,271070.71428571426
90686,0.19581492245197296,,271081.5714285714
90687,,0.0,271083.38095238095
90699,0.19581492245197296,,271105.09523809527
90700,,0.0,271106.90476190473
90708,0.19581492245197296,,271121.38095238095
90709,,0.0,271123.1904761905
90728,0.19584491848945618,,271156.64444444445
90729,,3.0,271158.6222222222
90736,0.1958749145269394,,271172.4666666667
90737,,3.0,271174.44444444444
90743,0.1959049105644226,,271186.31111111114
90744,,3.0,271188.2888888889
90755,0.19593490660190582,,271210.0444444445
90756,,3.0,271212.02222222224
90772,0.19595490396022797,,271256.86486486485
90773,,2.0,271260.1621621622
90778,0.1959749013185501,,271276.64864864864
90779,,2.0,271279.9459459459
90789,0.19599489867687225,,271312.91891891893
90790,,2.0,271316.2162162162
90794,0.1960148960351944,,271329.4054054054
90795,,2.0,271332.7027027027
90813,0.19603489339351654,,271365.693877551
90814,,2.0,271367.67346938775
90823,0.19605489075183868,,271385.48979591834
90824,,2.0,271387.4693877551
90834,0.19607488811016083,,271407.2653061224
90835,,2.0,271409.2448979592
90845,0.19609488546848297,,271429.0408163265
90846,,2.0,271431.02040816325
90859,0.19611488282680511,,271453.1785714286
90860,,2.0,271455.1964285714
90870,0.19613488018512726,,271475.375
90871,,2.0,271477.39285714284
90884,0.1961548775434494,,271503.625
90885,,2.0,271505.64285714284
90903,0.19617487490177155,,271541.96428571426
90904,,2.0,271543.98214285716
90923,0.1961948722600937,,271592.95652173914
90924,,2.0,271595.89130434784
90931,0.19621486961841583,,271616.4347826087
90932,,2.0,271619.3695652174
90944,0.19623486697673798,,271654.5869565217
90945,,2.0,271657.52173913043
90951,0.19625486433506012,,271675.1304347826
90952,,2.0,271678.0652173913
90967,0.19628486037254333,,271728.0588235294
90968,,3.0,271731.98039215687
90980,0.19631485641002655,,271779.03921568627
90981,,3.0,271782.96078431373
90988,0.19634485244750977,,271810.4117647059
90989,,3.0,271814.3333333333
91004,0.19637484848499298,,271873.1568627451
91005,,3.0,271877.07843137253
91027,0.19639484584331512,,271956.2244897959
91028,,2.0,271960.1836734694
91039,0.19641484320163727,,272003.7346938776
91040,,2.0,272007.693877551
91046,0.1964348405599594,,272031.44897959183
91047,,2.0,272035.4081632653
91055,0.19645483791828156,,272067.0816326531
91056,,2.0,272071.0408163265
91068,0.19646483659744263,,272091.82608695654
91069,,1.0,272093.6956521739
91080,0.1964748352766037,,272114.26086956525
91081,,1.0,272116.1304347826
91091,0.19648483395576477,,272134.82608695654
91092,,1.0,272136.6956521739
91103,0.19649483263492584,,272157.26086956525
91104,,1.0,272159.1304347826
91117,0.19651482999324799,,272189.71794871794
91118,,2.0,272192.58974358975
91126,0.19653482735157013,,272215.5641025641
91127,,2.0,272218.4358974359
91134,0.19655482470989227,,272238.53846153844
91135,,2.0,272241.41025641025
91144,0.19657482206821442,,272267.25641025644
91145,,2.0,272270.1282051282
91158,0.19659481942653656,,272303.2272727273
91159,,2.0,272306.25
91166,0.1966148167848587,,272327.4090909091
91167,,2.0,272330.4318181818
91177,0.19663481414318085,,272360.6590909091
91178,,2.0,272363.6818181818
91190,0.196654811501503,,272399.95454545453
91191,,2.0,272402.9772727273
91203,0.19666481018066406,,272425.5
91204,,1.0,272427.6666666667
91211,0.19667480885982513,,272442.8333333333
91212,,1.0,272445.0
91220,0.1966848075389862,,272462.3333333333
91221,,1.0,272464.5
91228,0.19669480621814728,,272479.6666666667
91229,,1.0,272481.8333333333
91243,0.19670480489730835,,272504.25
91244,,1.0,272506.0909090909
91255,0.19671480357646942,,272526.3409090909
91256,,1.0,272528.1818181818
91262,0.1967248022556305,,272539.2272727273
91263,,1.0,272541.0681818182
91274,0.19673480093479156,,272561.3181818182
91275,,1.0,272563.1590909091
91292,0.19674479961395264,,272587.1886792453
91293,,1.0,272588.77358490566
91304,0.1967547982931137,,272606.2075471698
91305,,1.0,272607.7924528302
91318,0.19676479697227478,,272628.3962264151
91319,,1.0,272629.9811320755
91329,0.19677479565143585,,272645.8301886792
91330,,1.0,272647.41509433964
91345,0.19680479168891907,,272673.0
91346,,3.0,272675.0
91355,0.19683478772640228,,272693.0
91356,,3.0,272695.0
91364,0.1968647837638855,,272711.0
91365,,3.0,272713.0
91374,0.1968947798013687,,272731.0
91375,,3.0,272733.0
91392,0.19690477848052979,,272758.73913043475
91393,,1.0,272760.4347826087
91406,0.19691477715969086,,272782.47826086957
91407,,1.0,272784.17391304346
91416,0.19692477583885193,,272799.4347826087
91417,,1.0,272801.1304347826
91422,0.196934774518013,,272809.60869565216
91423,,1.0,272811.3043478261
91441,0.19694477319717407,,272838.6666666667
91442,,1.0,272840.3777777778
91451,0.19695477187633514,,272855.77777777775
91452,,1.0,272857.4888888889
91459,0.19696477055549622,,272869.4666666667
91460,,1.0,272871.1777777778
91469,0.1969747692346573,,272886.5777777778
91470,,1.0,272888.2888888889
91488,0.1969747692346573,,272916.73913043475
91489,,0.0,272918.52173913043
91494,0.1969747692346573,,272927.4347826087
91495,,0.0,272929.2173913043
91507,0.1969747692346573,,272950.60869565216
91508,,0.0,272952.39130434784
91517,0.1969747692346573,,272968.4347826087
91518,,0.0,272970.2173913043
91534,0.1969747692346573,,272997.0487804878
91535,,0.0,272998.9756097561
91543,0.1969747692346573,,273014.39024390245
91544,,0.0,273016.31707317074
91552,0.1969747692346573,,273031.73170731706
91553,,0.0,273033.65853658534
91560,0.1969747692346573,,273047.14634146343
91561,,0.0,273049.0731707317
91576,0.1970047652721405,,273069.52173913043
91577,,3.0,273071.0652173913
91589,0.19703476130962372,,273089.5869565217
91590,,3.0,273091.1304347826
91598,0.19706475734710693,,273103.47826086957
91599,,3.0,273105.02173913043
91608,0.19709475338459015,,273118.9130434783
91609,,3.0,273120.45652173914
91622,0.19710475206375122,,273144.0512820513
91623,,1.0,273146.25641025644
91632,0.1971147507429123,,273166.10256410256
91633,,1.0,273168.3076923077
91641,0.19712474942207336,,273185.9487179487
91642,,1.0,273188.1538461539
91649,0.19713474810123444,,273203.58974358975
91650,,1.0,273205.7948717949
91666,0.19713474810123444,,273235.7105263158
91667,,0.0,273237.84210526315
91670,0.19713474810123444,,273244.2368421053
91671,,0.0,273246.36842105264
91681,0.19713474810123444,,273267.6842105263
91682,,0.0,273269.8157894737
91689,0.19713474810123444,,273284.7368421053
91690,,0.0,273286.86842105264
91710,0.19716474413871765,,273313.6666666667
91711,,3.0,273315.1176470588
91716,0.19719474017620087,,273322.3725490196
91717,,3.0,273323.82352941175
91730,0.19722473621368408,,273342.6862745098
91731,,3.0,273344.137254902
91742,0.1972547322511673,,273360.09803921566
91743,,3.0,273361.54901960783
91758,0.1972847282886505,,273385.0
91759,,3.0,273386.8333333333
91771,0.19731472432613373,,273408.8333333333
91772,,3.0,273410.6666666667
91780,0.19734472036361694,,273425.3333333333
91781,,3.0,273427.1666666667
91786,0.19737471640110016,,273436.3333333333
91787,,3.0,273438.1666666667
91798,0.19740471243858337,,273458.5882352941
91799,,3.0,273460.9117647059
91807,0.1974347084760666,,273479.5
91808,,3.0,273481.82352941175
91814,0.1974647045135498,,273495.76470588235
91815,,3.0,273498.0882352941
91822,0.19749470055103302,,273514.35294117645
91823,,3.0,273516.67647058825
91831,0.1975046992301941,,273531.0
91832,,1.0,273533.4
91838,0.19751469790935516,,273547.8
91839,,1.0,273550.2
91852,0.19752469658851624,,273581.4
91853,,1.0,273583.8
91859,0.1975346952676773,,273598.2
91860,,1.0,273600.6
91875,0.19755469262599945,,273644.36842105264
91876,,2.0,273647.8157894737
91886,0.1975746899843216,,273682.2894736842
91887,,2.0,273685.7368421053
91893,0.19759468734264374,,273706.4210526316
91894,,2.0,273709.86842105264
91899,0.19761468470096588,,273727.1052631579
91900,,2.0,273730.55263157893
91909,0.19762468338012695,,273746.0
91910,,1.0,273748.0
91924,0.19763468205928802,,273776.0
91925,,1.0,273778.0
91933,0.1976446807384491,,273794.0
91934,,1.0,273796.0
91944,0.19765467941761017,,273816.0
91945,,1.0,273818.0
91959,0.1976746767759323,,273852.7105263158
91960,,2.0,273855.6842105263
91967,0.19769467413425446,,273876.5
91968,,2.0,273879.4736842105
91973,0.1977146714925766,,273894.34210526315
91974,,2.0,273897.3157894737
91984,0.19773466885089874,,273927.05263157893
91985,,2.0,273930.0263157895
92000,0.19773466885089874,,273951.1224489796
92001,,0.0,273952.63265306124
92010,0.19773466885089874,,273966.2244897959
92011,,0.0,273967.7346938776
92025,0.19773466885089874,,273988.8775510204
92026,,0.0,273990.387755102
92035,0.19773466885089874,,274003.97959183675
92036,,0.0,274005.48979591834
92049,0.19774466753005981,,274026.1836734694
92050,,1.0,274028.10204081633
92061,0.1977546662092209,,274049.20408163266
92062,,1.0,274051.1224489796
92074,0.19776466488838196,,274074.14285714284
92075,,1.0,274076.0612244898
92086,0.19777466356754303,,274097.1632653061
92087,,1.0,274099.0816326531
92109,0.19780465960502625,,274132.42307692306
92110,,3.0,274134.07692307694
92119,0.19783465564250946,,274148.96153846156
92120,,3.0,274150.6153846154
92128,0.19786465167999268,,274163.8461538461
92129,,3.0,274165.5
92140,0.1978946477174759,,274183.6923076923
92141,,3.0,274185.3461538461
92156,0.19791464507579803,,274216.7272727273
92157,,2.0,274219.20454545453
92167,0.19793464243412018,,274243.9772727273
92168,,2.0,274246.45454545453
92175,0.19795463979244232,,274263.79545454547
92176,,2.0,274266.2727272727
92186,0.19797463715076447,,274291.04545454547
92187,,2.0,274293.5227272727
92207,0.19798463582992554,,274325.0961538461
92208,,1.0,274326.8076923077
92218,0.1979946345090866,,274343.92307692306
92219,,1.0,274345.6346153846
92230,0.19800463318824768,,274364.46153846156
92231,,1.0,274366.17307692306
92240,0.19801463186740875,,274381.57692307694
92241,,1.0,274383.28846153844
92254,0.19801463186740875,,274404.0243902439
92255,,0.0,274405.9268292683
92265,0.19801463186740875,,274424.9512195122
92266,,0.0,274426.85365853657
92275,0.19801463186740875,,274443.9756097561
92276,,0.0,274445.8780487805
92283,0.19801463186740875,,274459.1951219512
92284,,0.0,274461.0975609756
92294,0.19802463054656982,,274477.1666666667
92295,,1.0,274479.1904761905
92310,0.1980346292257309,,274509.54761904763
92311,,1.0,274511.5714285714
92319,0.19804462790489197,,274527.7619047619
92320,,1.0,274529.78571428574
92327,0.19805462658405304,,274543.95238095237
92328,,1.0,274545.9761904762
92344,0.19807462394237518,,274584.1960784314
92345,,2.0,274586.98039215687
92356,0.19809462130069733,,274617.60784313723
92357,,2.0,274620.39215686277
92366,0.19811461865901947,,274645.45098039217
92367,,2.0,274648.23529411765
92380,0.1981346160173416,,274684.43137254904
92381,,2.0,274687.2156862745
92390,0.19815461337566376,,274704.8695652174
92391,,2.0,274707.347826087
92403,0.1981746107339859,,274737.0869565217
92404,,2.0,274739.5652173913
92415,0.19819460809230804,,274766.82608695654
92416,,2.0,274769.3043478261
92428,0.1982146054506302,,274799.04347826086
92429,,2.0,274801.52173913043
92446,0.19822460412979126,,274831.67441860464
92447,,1.0,274833.6511627907
92456,0.19823460280895233,,274851.4418604651
92457,,1.0,274853.4186046512
92463,0.1982446014881134,,274865.27906976745
92464,,1.0,274867.25581395347
92473,0.19825460016727448,,274885.0465116279
92474,,1.0,274887.0232558139
92489,0.19826459884643555,,274911.93333333335
92490,,1.0,274913.84444444446
92502,0.19827459752559662,,274936.77777777775
92503,,1.0,274938.68888888886
92510,0.1982845962047577,,274952.06666666665
92511,,1.0,274953.97777777776
92520,0.19829459488391876,,274971.1777777778
92521,,1.0,274973.0888888889
92533,0.19829459488391876,,274993.0
92534,,0.0,274995.0
92540,0.19829459488391876,,275007.0
92541,,0.0,275009.0
92549,0.19829459488391876,,275025.0
92550,,0.0,275027.0
92562,0.19829459488391876,,275051.0
92563,,0.0,275053.0
92578,0.19829459488391876,,275074.4666666667
92579,,0.0,275076.0888888889
92587,0.19829459488391876,,275089.06666666665
92588,,0.0,275090.68888888886
92600,0.19829459488391876,,275110.15555555554
92601,,0.0,275111.77777777775
92609,0.19829459488391876,,275124.7555555556
92610,,0.0,275126.3777777778
92626,0.1983145922422409,,275161.22222222225
92627,,2.0,275163.77777777775
92636,0.19833458960056305,,275186.77777777775
92637,,2.0,275189.3333333333
92645,0.1983545869588852,,275209.77777777775
92646,,2.0,275212.3333333333
92656,0.19837458431720734,,275237.8888888889
92657,,2.0,275240.44444444444
92673,0.19837458431720734,,275266.5813953488
92674,,0.0,275268.3953488372
92681,0.19837458431720734,,275281.0930232558
92682,,0.0,275282.9069767442
92692,0.19837458431720734,,275301.0465116279
92693,,0.0,275302.8604651163
92701,0.19837458431720734,,275317.37209302327
92702,,0.0,275319.18604651163
92714,0.19837458431720734,,275342.0857142857
92715,,0.0,275344.4285714286
92724,0.19837458431720734,,275365.5142857143
92725,,0.0,275367.85714285716
92731,0.19837458431720734,,275381.9142857143
92732,,0.0,275384.2571428571
92738,0.19837458431720734,,275398.3142857143
92739,,0.0,275400.65714285715
92755,0.19837458431720734,,275429.6842105263
92756,,0.0,275431.7368421053
92763,0.19837458431720734,,275446.1052631579
92764,,0.0,275448.15789473685
92770,0.19837458431720734,,275460.4736842105
92771,,0.0,275462.5263157895
92778,0.19837458431720734,,275476.8947368421
92779,,0.0,275478.94736842107
92790,0.19839458167552948,,275501.8
92791,,2.0,275504.4
92802,0.19841457903385162,,275533.0
92803,,2.0,275535.6
92810,0.19843457639217377,,275553.8
92811,,2.0,275556.4
92820,0.1984545737504959,,275579.8
92821,,2.0,275582.4
92840,0.19846457242965698,,275613.25531914894
92841,,1.0,275615.02127659577
92852,0.19847457110881805,,275634.44680851063
92853,,1.0,275636.21276595746
92860,0.19848456978797913,,275648.57446808513
92861,,1.0,275650.3404255319
92869,0.1984945684671402,,275664.4680851064
92870,,1.0,275666.2340425532
92885,0.19851456582546234,,275713.44680851063
92886,,2.0,275717.2340425532
92895,0.19853456318378448,,275751.3191489362
92896,,2.0,275755.10638297873
92904,0.19855456054210663,,275785.40425531915
92905,,2.0,275789.1914893617
92918,0.19857455790042877,,275838.42553191487
92919,,2.0,275842.21276595746
92932,0.198604553937912,,275888.55319148937
92933,,3.0,275892.8085106383
92944,0.1986345499753952,,275939.6170212766
92945,,3.0,275943.87234042556
92954,0.19866454601287842,,275982.170212766
92955,,3.0,275986.42553191487
92967,0.19869454205036163,,276037.4893617021
92968,,3.0,276041.74468085106
92983,0.19871453940868378,,276078.170212766
92984,,2.0,276080.8510638298
92996,0.19873453676700592,,276113.02127659577
92997,,2.0,276115.7021276596
93007,0.19875453412532806,,276142.5106382979
93008,,2.0,276145.1914893617
93016,0.1987745314836502,,276166.6382978723
93017,,2.0,276169.3191489362
93034,0.19879452884197235,,276209.3333333333
93035,,2.0,276212.0
93043,0.1988145262002945,,276233.3333333333
93044,,2.0,276236.0
93052,0.19883452355861664,,276257.3333333333
93053,,2.0,276260.0
93060,0.19885452091693878,,276278.6666666667
93061,,2.0,276281.3333333333
93075,0.19886451959609985,,276305.7555555556
93076,,1.0,276307.73333333334
93085,0.19887451827526093,,276325.5333333333
93086,,1.0,276327.5111111111
93095,0.198884516954422,,276345.31111111114
93096,,1.0,276347.2888888889
93107,0.19889451563358307,,276369.0444444445
93108,,1.0,276371.02222222224
93122,0.19892451167106628,,276390.6
93123,,3.0,276392.2
93134,0.1989545077085495,,276409.8
93135,,3.0,276411.4
93140,0.19898450374603271,,276419.4
93141,,3.0,276421.0
93149,0.19901449978351593,,276433.8
93150,,3.0,276435.4
93166,0.19901449978351593,,276459.5333333333
93167,,0.0,276461.26666666666
93180,0.19901449978351593,,276483.8
93181,,0.0,276485.5333333333
93188,0.19901449978351593,,276497.6666666667
93189,,0.0,276499.4
93196,0.19901449978351593,,276511.5333333333
93197,,0.0,276513.26666666666
93213,0.199024498462677,,276535.74468085106
93214,,1.0,276537.3404255319
93221,0.19903449714183807,,276548.5106382979
93222,,1.0,276550.10638297873
93234,0.19904449582099915,,276569.25531914894
93235,,1.0,276570.8510638298
93245,0.19905449450016022,,276586.8085106383
93246,,1.0,276588.40425531915
93263,0.19907449185848236,,276616.6
93264,,2.0,276618.5
93271,0.1990944892168045,,276631.8
93272,,2.0,276633.7
93281,0.19911448657512665,,276650.8
93282,,2.0,276652.7
93297,0.1991344839334488,,276681.2
93298,,2.0,276683.1
93310,0.19915448129177094,,276712.64285714284
93311,,2.0,276715.71428571426
93321,0.19917447865009308,,276746.4285714286
93322,,2.0,276749.5
93332,0.19919447600841522,,276780.21428571426
93333,,2.0,276783.28571428574
93341,0.19921447336673737,,276807.85714285716
93342,,2.0,276810.9285714286
93357,0.19922447204589844,,276836.88372093026
93358,,1.0,276838.79069767444
93367,0.1992344707250595,,276855.9534883721
93368,,1.0,276857.8604651163
93375,0.19924446940422058,,276871.20930232556
93376,,1.0,276873.11627906974
93386,0.19925446808338165,,276892.18604651163
93387,,1.0,276894.0930232558
93404,0.19925446808338165,,276921.06976744183
93405,,0.0,276922.8604651163
93415,0.19925446808338165,,276940.76744186046
93416,,0.0,276942.5581395349
93425,0.19925446808338165,,276958.67441860464
93426,,0.0,276960.4651162791
93431,0.19925446808338165,,276969.4186046512
93432,,0.0,276971.20930232556
93452,0.1992744654417038,,277021.1666666667
93453,,2.0,277024.0
93465,0.19929446280002594,,277058.0
93466,,2.0,277060.8333333333
93474,0.19931446015834808,,277083.5
93475,,2.0,277086.3333333333
93481,0.19933445751667023,,277103.3333333333
93482,,2.0,277106.1666666667
93499,0.19935445487499237,,277163.0465116279
93500,,2.0,277166.9069767442
93509,0.19937445223331451,,277201.6511627907
93510,,2.0,277205.511627907
93519,0.19939444959163666,,277240.25581395347
93520,,2.0,277244.11627906974
93526,0.1994144469499588,,277267.27906976745
93527,,2.0,277271.1395348837
93541,0.1994144469499588,,277293.4130434783
93542,,0.0,277295.0869565217
93554,0.1994144469499588,,277315.17391304346
93555,,0.0,277316.847826087
93565,0.1994144469499588,,277333.5869565217
93566,,0.0,277335.26086956525
93574,0.1994144469499588,,277348.652173913
93575,,0.0,277350.32608695654
93590,0.19943444430828094,,277393.8461538461
93591,,2.0,277397.3333333333
93598,0.1994544416666031,,277421.74358974356
93599,,2.0,277425.23076923075
93605,0.19947443902492523,,277446.1538461539
93606,,2.0,277449.641025641
93615,0.19949443638324738,,277481.0256410256
93616,,2.0,277484.5128205128
93632,0.1995244324207306,,277501.52
93633,,3.0,277502.56
93642,0.1995544284582138,,277511.92
93643,,3.0,277512.96
93653,0.19958442449569702,,277523.36
93654,,3.0,277524.4
93667,0.19961442053318024,,277537.92
93668,,3.0,277538.96
93684,0.19963441789150238,,277567.4130434783
93685,,2.0,277569.52173913043
93695,0.19965441524982452,,277590.60869565216
93696,,2.0,277592.7173913043
93704,0.19967441260814667,,277609.5869565217
93705,,2.0,277611.6956521739
93715,0.1996944099664688,,277632.7826086957
93716,,2.0,277634.89130434784
93726,0.19971440732479095,,277660.975
93727,,2.0,277664.4
93733,0.1997344046831131,,277684.95
93734,,2.0,277688.375
93748,0.19975440204143524,,277736.325
93749,,2.0,277739.75
93757,0.19977439939975739,,277767.15
93758,,2.0,277770.575
93773,0.19979439675807953,,277796.85714285716
93774,,2.0,277798.7619047619
93781,0.19981439411640167,,277812.09523809527
93782,,2.0,277814.0
93788,0.19983439147472382,,277825.4285714286
93789,,2.0,277827.3333333333
93801,0.19985438883304596,,277850.1904761905
93802,,2.0,277852.09523809527
93818,0.19986438751220703,,277875.25
93819,,1.0,277876.8846153846
93834,0.1998743861913681,,277901.4038461539
93835,,1.0,277903.03846153844
93844,0.19988438487052917,,277917.75
93845,,1.0,277919.3846153846
93855,0.19989438354969025,,277935.73076923075
93856,,1.0,277937.3653846154
93868,0.19990438222885132,,277954.9375
93869,,1.0,277956.7083333333
93880,0.1999143809080124,,277976.1875
93881,,1.0,277977.9583333333
93898,0.19992437958717346,,278008.0625
93899,,1.0,278009.8333333333
93905,0.19993437826633453,,278020.4583333333
93906,,1.0,278022.2291666667
93922,0.19993437826633453,,278046.5333333333
93923,,0.0,278048.26666666666
93930,0.19993437826633453,,278060.4
93931,,0.0,278062.13333333336
93939,0.19993437826633453,,278076.0
93940,,0.0,278077.73333333334
93952,0.19993437826633453,,278098.5333333333
93953,,0.0,278100.26666666666
93971,0.19995437562465668,,278165.5714285714
93972,,2.0,278169.8095238095
93977,0.19997437298297882,,278191.0
93978,,2.0,278195.2380952381
93983,0.19999437034130096,,278216.4285714286
93984,,2.0,278220.6666666667
93996,0.2000143676996231,,278271.5238095238
93997,,2.0,278275.7619047619
94010,0.20004436373710632,,278298.0
94011,,3.0,278299.8
94019,0.20007435977458954,,278314.2
94020,,3.0,278316.0
94030,0.20010435581207275,,278334.0
94031,,3.0,278335.8
94038,0.20013435184955597,,278348.4
94039,,3.0,278350.2
94053,0.20016434788703918,,278371.60869565216
94054,,3.0,278373.39130434784
94066,0.2001943439245224,,278394.7826086957
94067,,3.0,278396.5652173913
94076,0.20022433996200562,,278412.60869565216
94077,,3.0,278414.39130434784
94086,0.20025433599948883,,278430.4347826087
94087,,3.0,278432.2173913043
94109,0.20027433335781097,,278480.1960784314
94110,,2.0,278482.6274509804
94118,0.20029433071613312,,278502.07843137253
94119,,2.0,278504.50980392157
94130,0.20031432807445526,,278531.2549019608
94131,,2.0,278533.6862745098
94139,0.2003343254327774,,278553.137254902
94140,,2.0,278555.56862745096
94154,0.20035432279109955,,278588.4791666667
94155,,2.0,278591.25
94165,0.2003743201494217,,278618.9583333333
94166,,2.0,278621.7291666667
94176,0.20039431750774384,,278649.4375
94177,,2.0,278652.2083333333
94189,0.20041431486606598,,278685.4583333333
94190,,2.0,278688.2291666667
94201,0.20042431354522705,,278708.1111111111
94202,,1.0,278710.25
94208,0.20043431222438812,,278723.0833333333
94209,,1.0,278725.22222222225
94216,0.2004443109035492,,278740.19444444444
94217,,1.0,278742.3333333333
94227,0.20045430958271027,,278763.72222222225
94228,,1.0,278765.8611111111
94244,0.2004743069410324,,278809.02222222224
94245,,2.0,278812.1777777778
94255,0.20049430429935455,,278843.73333333334
94256,,2.0,278846.8888888889
94266,0.2005143016576767,,278878.44444444444
94267,,2.0,278881.6
94274,0.20053429901599884,,278903.68888888886
94275,,2.0,278906.84444444446
94289,0.20056429505348206,,278961.16279069765
94290,,3.0,278965.81395348837
94300,0.20059429109096527,,279012.32558139536
94301,,3.0,279016.9767441861
94312,0.2006242871284485,,279068.1395348837
94313,,3.0,279072.79069767444
94319,0.2006542831659317,,279100.6976744186
94320,,3.0,279105.3488372093
94336,0.20067428052425385,,279160.6666666667
94337,,2.0,279164.5641025641
94344,0.200694277882576,,279191.8461538461
94345,,2.0,279195.74358974356
94354,0.20071427524089813,,279230.8205128205
94355,,2.0,279234.71794871794
94360,0.20073427259922028,,279254.2051282051
94361,,2.0,279258.10256410256
94377,0.20075426995754242,,279297.6909090909
94378,,2.0,279300.43636363634
94389,0.20077426731586456,,279330.63636363635
94390,,2.0,279333.38181818184
94404,0.2007942646741867,,279371.8181818182
94405,,2.0,279374.56363636366
94417,0.20081426203250885,,279407.5090909091
94418,,2.0,279410.2545454545
94430,0.200834259390831,,279453.8857142857
94431,,2.0,279458.4285714286
94437,0.20085425674915314,,279485.6857142857
94438,,2.0,279490.22857142857
94447,0.20087425410747528,,279531.1142857143
94448,,2.0,279535.65714285715
94454,0.20089425146579742,,279562.9142857143
94455,,2.0,279567.45714285714
94471,0.20089425146579742,,279596.73170731706
94472,,0.0,279598.6341463415
94481,0.20089425146579742,,279615.756097561
94482,,0.0,279617.65853658534
94489,0.20089425146579742,,279630.9756097561
94490,,0.0,279632.8780487805
94497,0.20089425146579742,,279646.1951219512
94498,,0.0,279648.0975609756
94512,0.20089425146579742,,279668.5
94513,,0.0,279670.1818181818
94526,0.20089425146579742,,279692.04545454547
94527,,0.0,279693.7272727273
94534,0.20089425146579742,,279705.5
94535,,0.0,279707.1818181818
94543,0.20089425146579742,,279720.63636363635
94544,,0.0,279722.3181818182
94558,0.20092424750328064,,279750.0857142857
94559,,3.0,279752.45714285714
94566,0.20095424354076385,,279769.0571428572
94567,,3.0,279771.4285714286
94573,0.20098423957824707,,279785.65714285715
94574,,3.0,279788.02857142856
94580,0.20101423561573029,,279802.2571428571
94581,,3.0,279804.6285714286
94597,0.20101423561573029,,279832.3658536585
94598,,0.0,279834.31707317074
94603,0.20101423561573029,,279844.0731707317
94604,,0.0,279846.0243902439
94613,0.20101423561573029,,279863.5853658537
94614,,0.0,279865.53658536583
94623,0.20101423561573029,,279883.0975609756
94624,,0.0,279885.0487804878
94636,0.20101423561573029,,279902.26086956525
94637,,0.0,279903.95652173914
94648,0.20101423561573029,,279922.60869565216
94649,,0.0,279924.3043478261
94659,0.20101423561573029,,279941.26086956525
94660,,0.0,279942.95652173914
94671,0.20101423561573029,,279961.60869565216
94672,,0.0,279963.3043478261
94684,0.20103423297405243,,279997.0487804878
94685,,2.0,280000.60975609755
94697,0.20105423033237457,,280043.34146341466
94698,,2.0,280046.9024390244
94705,0.20107422769069672,,280071.8292682927
94706,,2.0,280075.39024390245
94714,0.20109422504901886,,280103.8780487805
94715,,2.0,280107.43902439025
94731,0.20109422504901886,,280132.125
94732,,0.0,280133.75
94746,0.20109422504901886,,280156.5
94747,,0.0,280158.125
94753,0.20109422504901886,,280167.875
94754,,0.0,280169.5
94764,0.20109422504901886,,280185.75
94765,,0.0,280187.375
94777,0.20110422372817993,,280208.4210526316
94778,,1.0,280210.5789473684
94784,0.201114222407341,,280223.5263157895
94785,,1.0,280225.6842105263
94796,0.20112422108650208,,280249.4210526316
94797,,1.0,280251.5789473684
94804,0.20113421976566315,,280266.6842105263
94805,,1.0,280268.84210526315
94823,0.20114421844482422,,280301.35714285716
94824,,1.0,280303.38095238095
94832,0.2011542171239853,,280319.5714285714
94833,,1.0,280321.59523809527
94840,0.20116421580314636,,280335.7619047619
94841,,1.0,280337.78571428574
94848,0.20117421448230743,,280351.95238095237
94849,,1.0,280353.9761904762
94860,0.2011842131614685,,280373.67441860464
94861,,1.0,280375.88372093026
94868,0.20119421184062958,,280391.3488372093
94869,,1.0,280393.5581395349
94877,0.20120421051979065,,280411.23255813954
94878,,1.0,280413.4418604651
94893,0.20121420919895172,,280446.5813953488
94894,,1.0,280448.79069767444
94908,0.20123420655727386,,280481.5853658537
94909,,2.0,280484.3658536585
94917,0.201254203915596,,280506.60975609755
94918,,2.0,280509.39024390245
94924,0.20127420127391815,,280526.0731707317
94925,,2.0,280528.85365853657
94936,0.2012941986322403,,280559.43902439025
94937,,2.0,280562.2195121951
94952,0.2013241946697235,,280607.5714285714
94953,,3.0,280611.11904761905
94964,0.20135419070720673,,280650.14285714284
94965,,3.0,280653.6904761905
94972,0.20138418674468994,,280678.5238095238
94973,,3.0,280682.0714285714
94980,0.20141418278217316,,280706.90476190473
94981,,3.0,280710.45238095237
95000,0.2014341801404953,,280770.0
95001,,2.0,280773.5
95007,0.20145417749881744,,280794.5
95008,,2.0,280798.0
95017,0.2014741748571396,,280829.5
95018,,2.0,280833.0
95030,0.20149417221546173,,280875.0
95031,,2.0,280878.5
95047,0.20151416957378387,,280916.8510638298
95048,,2.0,280919.5319148936
95055,0.20153416693210602,,280938.2978723404
95056,,2.0,280940.97872340423
95065,0.20155416429042816,,280965.10638297873
95066,,2.0,280967.78723404254
95079,0.2015741616487503,,281002.6382978723
95080,,2.0,281005.3191489362
95098,0.20159415900707245,,281056.21428571426
95099,,2.0,281059.4285714286
95107,0.2016141563653946,,281085.14285714284
95108,,2.0,281088.35714285716
95116,0.20163415372371674,,281114.0714285714
95117,,2.0,281117.28571428574
95123,0.20165415108203888,,281136.5714285714
95124,,2.0,281139.78571428574
95136,0.2016841471195221,,281152.17647058825
95137,,3.0,281153.1960784314
95150,0.2017141431570053,,281166.45098039217
95151,,3.0,281167.4705882353
95159,0.20174413919448853,,281175.6274509804
95160,,3.0,281176.64705882355
95176,0.20177413523197174,,281192.96078431373
95177,,3.0,281193.98039215687
95193,0.20180413126945496,,281239.2619047619
95194,,3.0,281242.6666666667
95203,0.20183412730693817,,281273.3095238095
95204,,3.0,281276.71428571426
95212,0.2018641233444214,,281303.95238095237
95213,,3.0,281307.35714285716
95220,0.2018941193819046,,281331.1904761905
95221,,3.0,281334.59523809527
95234,0.20192411541938782,,281359.53846153844
95235,,3.0,281361.6923076923
95244,0.20195411145687103,,281381.07692307694
95245,,3.0,281383.23076923075
95252,0.20198410749435425,,281398.3076923077
95253,,3.0,281400.46153846156
95261,0.20201410353183746,,281417.6923076923
95262,,3.0,281419.8461538461
95278,0.20201410353183746,,281443.9375
95279,,0.0,281445.625
95289,0.20201410353183746,,281462.5
95290,,0.0,281464.1875
95300,0.20201410353183746,,281481.0625
95301,,0.0,281482.75
95311,0.20201410353183746,,281499.625
95312,,0.0,281501.3125
95325,0.20204409956932068,,281519.0
95326,,3.0,281520.6
95337,0.2020740956068039,,281538.2
95338,,3.0,281539.8
95346,0.2021040916442871,,281552.6
95347,,3.0,281554.2
95358,0.20213408768177032,,281571.8
95359,,3.0,281573.4
95376,0.20215408504009247,,281608.25
95377,,2.0,281610.625
95386,0.2021740823984146,,281632.0
95387,,2.0,281634.375
95398,0.20219407975673676,,281660.5
95399,,2.0,281662.875
95408,0.2022140771150589,,281684.25
95409,,2.0,281686.625
95429,0.20224407315254211,,281723.3541666667
95430,,3.0,281725.375
95436,0.20227406919002533,,281737.5
95437,,3.0,281739.5208333333
95445,0.20230406522750854,,281755.6875
95446,,3.0,281757.7083333333
95458,0.20233406126499176,,281781.9583333333
95459,,3.0,281783.9791666667
95470,0.20236405730247498,,281834.48484848486
95471,,3.0,281840.54545454547
95476,0.2023940533399582,,281870.8484848485
95477,,3.0,281876.9090909091
95485,0.2024240493774414,,281925.3939393939
95486,,3.0,281931.45454545453
95493,0.20245404541492462,,281973.8787878788
95494,,3.0,281979.9393939394
95510,0.20248404145240784,,282011.6666666667
95511,,3.0,282013.641025641
95520,0.20251403748989105,,282031.41025641025
95521,,3.0,282033.3846153846
95528,0.20254403352737427,,282047.2051282051
95529,,3.0,282049.1794871795
95534,0.20257402956485748,,282059.0512820513
95535,,3.0,282061.0256410256
95551,0.20259402692317963,,282125.46341463417
95552,,2.0,282130.26829268294
95559,0.20261402428150177,,282163.9024390244
95560,,2.0,282168.7073170732
95566,0.2026340216398239,,282197.53658536583
95567,,2.0,282202.34146341466
95577,0.20265401899814606,,282250.39024390245
95578,,2.0,282255.1951219512
95590,0.2026740163564682,,282283.9268292683
95591,,2.0,282286.5853658537
95599,0.20269401371479034,,282307.85365853657
95600,,2.0,282310.51219512196
95608,0.2027140110731125,,282331.7804878049
95609,,2.0,282334.43902439025
95620,0.20273400843143463,,282363.68292682926
95621,,2.0,282366.34146341466
95632,0.2027440071105957,,282385.8205128205
95633,,1.0,282387.92307692306
95642,0.20275400578975677,,282406.8461538461
95643,,1.0,282408.9487179487
95650,0.20276400446891785,,282423.6666666667
95651,,1.0,282425.76923076925
95661,0.20277400314807892,,282446.7948717949
95662,,1.0,282448.89743589744
95678,0.20279400050640106,,282493.64
95679,,2.0,282496.92
95692,0.2028139978647232,,282539.56
95693,,2.0,282542.84
95704,0.20283399522304535,,282578.92
95705,,2.0,282582.2
95713,0.2028539925813675,,282608.44
95714,,2.0,282611.72
95728,0.2028539925813675,,282632.6
95729,,0.0,282634.2
95741,0.2028539925813675,,282653.4
95742,,0.0,282655.0
95753,0.2028539925813675,,282672.6
95754,,0.0,282674.2
95765,0.2028539925813675,,282691.8
95766,,0.0,282693.4
95783,0.20287398993968964,,282728.15789473685
95784,,2.0,282730.5263157895
95791,0.20289398729801178,,282747.1052631579
95792,,2.0,282749.4736842105
95799,0.20291398465633392,,282766.05263157893
95800,,2.0,282768.4210526316
95805,0.20293398201465607,,282780.2631578947
95806,,2.0,282782.63157894736
95821,0.2029539793729782,,282833.0
95822,,2.0,282837.0
95828,0.20297397673130035,,282861.0
95829,,2.0,282865.0
95839,0.2029939740896225,,282905.0
95840,,2.0,282909.0
95847,0.20301397144794464,,282937.0
95848,,2.0,282941.0
95861,0.2030239701271057,,282964.54545454547
95862,,1.0,282966.5
95870,0.20303396880626678,,282982.13636363635
95871,,1.0,282984.0909090909
95878,0.20304396748542786,,282997.7727272727
95879,,1.0,282999.7272727273
95893,0.20305396616458893,,283027.0909090909
95894,,1.0,283029.04545454547
95910,0.20306396484375,,283054.0816326531
95911,,1.0,283055.85714285716
95922,0.20307396352291107,,283075.387755102
95923,,1.0,283077.1632653061
95934,0.20308396220207214,,283096.693877551
95935,,1.0,283098.4693877551
95944,0.20309396088123322,,283114.44897959183
95945,,1.0,283116.2244897959
95961,0.20311395823955536,,283162.0
95962,,2.0,283165.3846153846
95970,0.2031339555978775,,283192.46153846156
95971,,2.0,283195.8461538461
95979,0.20315395295619965,,283222.92307692306
95980,,2.0,283226.3076923077
95985,0.2031739503145218,,283243.23076923075
95986,,2.0,283246.6153846154
96002,0.20318394899368286,,283277.511627907
96003,,1.0,283279.62790697673
96008,0.20319394767284393,,283290.20930232556
96009,,1.0,283292.32558139536
96016,0.203203946352005,,283307.1395348837
96017,,1.0,283309.25581395347
96030,0.20321394503116608,,283336.76744186046
96031,,1.0,283338.88372093026
96045,0.2032439410686493,,283368.358974359
96046,,3.0,283370.8461538461
96054,0.2032739371061325,,283390.74358974356
96055,,3.0,283393.23076923075
96063,0.20330393314361572,,283413.1282051282
96064,,3.0,283415.6153846154
96071,0.20333392918109894,,283433.0256410256
96072,,3.0,283435.5128205128
96084,0.20335392653942108,,283472.2972972973
96085,,2.0,283476.1081081081
96093,0.20337392389774323,,283506.5945945946
96094,,2.0,283510.4054054054
96100,0.20339392125606537,,283533.2702702703
96101,,2.0,283537.08108108107
96110,0.2034139186143875,,283571.3783783784
96111,,2.0,283575.1891891892
96124,0.20343391597270966,,283613.4186046512
96125,,2.0,283616.8604651163
96132,0.2034539133310318,,283640.9534883721
96133,,2.0,283644.3953488372
96143,0.20347391068935394,,283678.81395348837
96144,,2.0,283682.25581395347
96155,0.2034939080476761,,283720.11627906974
96156,,2.0,283723.5581395349
96172,0.2035239040851593,,283779.0
96173,,3.0,283783.0
96180,0.20355390012264252,,283811.0
96181,,3.0,283815.0
96194,0.20358389616012573,,283867.0
96195,,3.0,283871.0
96207,0.20361389219760895,,283919.0
96208,,3.0,283923.0
96218,0.2036338895559311,,283953.44444444444
96219,,2.0,283957.22222222225
96226,0.20365388691425323,,283983.6666666667
96227,,2.0,283987.44444444444
96233,0.20367388427257538,,284010.1111111111
96234,,2.0,284013.8888888889
96245,0.20369388163089752,,284055.44444444444
96246,,2.0,284059.22222222225
96265,0.20372387766838074,,284097.8
96266,,3.0,284099.975
96273,0.20375387370586395,,284115.2
96274,,3.0,284117.375
96279,0.20378386974334717,,284128.25
96280,,3.0,284130.425
96287,0.20381386578083038,,284145.65
96288,,3.0,284147.825
96300,0.20383386313915253,,284174.6923076923
96301,,2.0,284177.4358974359
96310,0.20385386049747467,,284202.1282051282
96311,,2.0,284204.8717948718
96318,0.20387385785579681,,284224.07692307694
96319,,2.0,284226.8205128205
96328,0.20389385521411896,,284251.5128205128
96329,,2.0,284254.25641025644
96342,0.20390385389328003,,284279.5
96343,,1.0,284281.75
96353,0.2039138525724411,,284304.25
96354,,1.0,284306.5
96365,0.20392385125160217,,284331.25
96366,,1.0,284333.5
96370,0.20393384993076324,,284342.5
96371,,1.0,284344.75
96385,0.20393384993076324,,284370.8780487805
96386,,0.0,284373.0487804878
96396,0.20393384993076324,,284394.756097561
96397,,0.0,284396.9268292683
96404,0.20393384993076324,,284412.1219512195
96405,,0.0,284414.2926829268
96413,0.20393384993076324,,284431.65853658534
96414,,0.0,284433.8292682927
96429,0.20393384993076324,,284454.64285714284
96430,,0.0,284456.1964285714
96441,0.20393384993076324,,284473.28571428574
96442,,0.0,284474.83928571426
96458,0.20393384993076324,,284499.6964285714
96459,,0.0,284501.25
96471,0.20393384993076324,,284519.89285714284
96472,,0.0,284521.4464285714
96486,0.20396384596824646,,284545.9166666667
96487,,3.0,284548.0
96496,0.20399384200572968,,284566.75
96497,,3.0,284568.8333333333
96510,0.2040238380432129,,284595.9166666667
96511,,3.0,284598.0
96521,0.2040538340806961,,284618.8333333333
96522,,3.0,284620.9166666667
96534,0.20407383143901825,,284647.3947368421
96535,,2.0,284650.1052631579
96540,0.2040938287973404,,284663.65789473685
96541,,2.0,284666.36842105264
96548,0.20411382615566254,,284685.34210526315
96549,,2.0,284688.05263157893
96561,0.20413382351398468,,284720.5789473684
96562,,2.0,284723.2894736842
96576,0.20414382219314575,,284748.0
96577,,1.0,284750.0
96583,0.20415382087230682,,284762.0
96584,,1.0,284764.0
96602,0.2041638195514679,,284800.0
96603,,1.0,284802.0
96610,0.20417381823062897,,284816.0
96611,,1.0,284818.0
96631,0.2041938155889511,,284858.85714285716
96632,,2.0,284861.14285714284
96642,0.20421381294727325,,284884.0
96643,,2.0,284886.28571428574
96658,0.2042338103055954,,284920.5714285714
96659,,2.0,284922.85714285716
96668,0.20425380766391754,,284943.4285714286
96669,,2.0,284945.71428571426
96684,0.2042638063430786,,284972.0
96685,,1.0,284974.0
96696,0.20427380502223969,,284996.0
96697,,1.0,284998.0
96703,0.20428380370140076,,285010.0
96704,,1.0,285012.0
96711,0.20429380238056183,,285026.0
96712,,1.0,285028.0
96725,0.20431379973888397,,285066.5
96726,,2.0,285070.15
96733,0.20433379709720612,,285095.7
96734,,2.0,285099.35
96742,0.20435379445552826,,285128.55
96743,,2.0,285132.2
96753,0.2043737918138504,,285168.7
96754,,2.0,285172.35
96770,0.2043737918138504,,285204.85365853657
96771,,0.0,285207.0731707317
96778,0.2043737918138504,,285222.60975609755
96779,,0.0,285224.8292682927
96787,0.2043737918138504,,285242.5853658537
96788,,0.0,285244.8048780488
96796,0.2043737918138504,,285262.56097560975
96797,,0.0,285264.7804878049
96814,0.20438379049301147,,285295.89361702127
96815,,1.0,285297.9574468085
96827,0.20439378917217255,,285322.72340425535
96828,,1.0,285324.78723404254
96836,0.20440378785133362,,285341.2978723404
96837,,1.0,285343.3617021277
96845,0.2044137865304947,,285359.87234042556
96846,,1.0,285361.93617021275
96858,0.2044437825679779,,285385.2727272727
96859,,3.0,285387.63636363635
96867,0.20447377860546112,,285406.54545454547
96868,,3.0,285408.9090909091
96875,0.20450377464294434,,285425.45454545453
96876,,3.0,285427.8181818182
96880,0.20453377068042755,,285437.2727272727
96881,,3.0,285439.63636363635
96897,0.2045537680387497,,285480.1875
96898,,2.0,285483.125
96910,0.20457376539707184,,285518.375
96911,,2.0,285521.3125
96921,0.20459376275539398,,285550.6875
96922,,2.0,285553.625
96930,0.20461376011371613,,285577.125
96931,,2.0,285580.0625
96948,0.20463375747203827,,285620.0416666667
96949,,2.0,285622.6875
96959,0.2046537548303604,,285649.1458333333
96960,,2.0,285651.7916666667
96970,0.20467375218868256,,285678.25
96971,,2.0,285680.8958333333
96980,0.2046937495470047,,285704.7083333333
96981,,2.0,285707.3541666667
96995,0.2046937495470047,,285734.09523809527
96996,,0.0,285736.28571428574
97006,0.2046937495470047,,285758.1904761905
97007,,0.0,285760.38095238095
97016,0.2046937495470047,,285780.09523809527
97017,,0.0,285782.28571428574
97024,0.2046937495470047,,285797.61904761905
97025,,0.0,285799.8095238095
97041,0.2046937495470047,,285824.2444444444
97042,,0.0,285825.9555555555
97051,0.2046937495470047,,285841.35555555555
97052,,0.0,285843.06666666665
97063,0.2046937495470047,,285861.8888888889
97064,,0.0,285863.6
97071,0.2046937495470047,,285875.5777777778
97072,,0.0,285877.2888888889
97085,0.2046937495470047,,285897.6666666667
97086,,0.0,285899.5333333333
97096,0.2046937495470047,,285918.2
97097,,0.0,285920.06666666665
97107,0.2046937495470047,,285938.73333333334
97108,,0.0,285940.6
97118,0.2046937495470047,,285959.26666666666
97119,,0.0,285961.13333333336
97137,0.20470374822616577,,285993.3333333333
97138,,1.0,285995.35555555555
97143,0.20471374690532684,,286005.4666666667
97144,,1.0,286007.4888888889
97153,0.20472374558448792,,286025.68888888886
97154,,1.0,286027.7111111111
97165,0.204733744263649,,286049.9555555555
97166,,1.0,286051.97777777776
97183,0.20475374162197113,,286089.14285714284
97184,,2.0,286091.6530612245
97196,0.20477373898029327,,286121.7755102041
97197,,2.0,286124.28571428574
97206,0.20479373633861542,,286146.8775510204
97207,,2.0,286149.387755102
97216,0.20481373369693756,,286171.97959183675
97217,,2.0,286174.48979591834
97228,0.2048337310552597,,286193.6666666667
97229,,2.0,286195.75
97240,0.20485372841358185,,286218.6666666667
97241,,2.0,286220.75
97250,0.204873725771904,,286239.5
97251,,2.0,286241.5833333333
97266,0.20489372313022614,,286272.8333333333
97267,,2.0,286274.9166666667
97280,0.20492371916770935,,286306.7826086957
97281,,3.0,286309.76086956525
97289,0.20495371520519257,,286333.5869565217
97290,,3.0,286336.5652173913
97302,0.20498371124267578,,286372.3043478261
97303,,3.0,286375.2826086957
97314,0.205013707280159,,286408.04347826086
97315,,3.0,286411.02173913043
97329,0.20502370595932007,,286439.2195121951
97330,,1.0,286441.51219512196
97339,0.20503370463848114,,286462.14634146343
97340,,1.0,286464.43902439025
97348,0.2050437033176422,,286482.7804878049
97349,,1.0,286485.0731707317
97357,0.20505370199680328,,286503.4146341463
97358,,1.0,286505.7073170732
97371,0.20506370067596436,,286529.6666666667
97372,,1.0,286531.8333333333
97384,0.20507369935512543,,286557.8333333333
97385,,1.0,286560.0
97392,0.2050836980342865,,286575.1666666667
97393,,1.0,286577.3333333333
97401,0.20509369671344757,,286594.6666666667
97402,,1.0,286596.8333333333
97418,0.20509369671344757,,286628.7631578947
97419,,0.0,286631.05263157893
97425,0.20509369671344757,,286644.7894736842
97426,,0.0,286647.0789473684
97434,0.20509369671344757,,286665.3947368421
97435,,0.0,286667.6842105263
97441,0.20509369671344757,,286681.4210526316
97442,,0.0,286683.7105263158
97456,0.20509369671344757,,286709.8333333333
97457,,0.0,286712.0
97465,0.20509369671344757,,286729.3333333333
97466,,0.0,286731.5
97474,0.20509369671344757,,286748.8333333333
97475,,0.0,286751.0
97479,0.20509369671344757,,286759.6666666667
97480,,0.0,286761.8333333333
97490,0.20509369671344757,,286779.05
97491,,0.0,286781.2
97501,0.20509369671344757,,286802.7
97502,,0.0,286804.85
97511,0.20509369671344757,,286824.2
97512,,0.0,286826.35
97521,0.20509369671344757,,286845.7
97522,,0.0,286847.85
97536,0.2051236927509308,,286874.2
97537,,3.0,286876.4
97543,0.205153688788414,,286889.6
97544,,3.0,286891.8
97551,0.20518368482589722,,286907.2
97552,,3.0,286909.4
97558,0.20521368086338043,,286922.6
97559,,3.0,286924.8
97578,0.2052236795425415,,286957.4
97579,,1.0,286959.3
97589,0.20523367822170258,,286978.3
97590,,1.0,286980.2
97601,0.20524367690086365,,287001.1
97602,,1.0,287003.0
97610,0.20525367558002472,,287018.2
97611,,1.0,287020.1
97630,0.20528367161750793,,287057.45098039217
97631,,3.0,287059.6666666667
97643,0.20531366765499115,,287086.2549019608
97644,,3.0,287088.4705882353
97652,0.20534366369247437,,287106.1960784314
97653,,3.0,287108.4117647059
97663,0.20537365972995758,,287130.56862745096
97664,,3.0,287132.7843137255
97682,0.2054036557674408,,287172.78846153844
97683,,3.0,287175.3076923077
97693,0.205433651804924,,287200.5
97694,,3.0,287203.01923076925
97706,0.20546364784240723,,287233.25
97707,,3.0,287235.76923076925
97717,0.20549364387989044,,287260.96153846156
97718,,3.0,287263.48076923075
97730,0.20549364387989044,,287285.8461538461
97731,,0.0,287288.0512820513
97735,0.20549364387989044,,287296.8717948718
97736,,0.0,287299.07692307694
97747,0.20549364387989044,,287323.3333333333
97748,,0.0,287325.53846153844
97758,0.20549364387989044,,287347.58974358975
97759,,0.0,287349.7948717949
97776,0.20552363991737366,,287405.8461538461
97777,,3.0,287409.6923076923
97790,0.20555363595485687,,287459.6923076923
97791,,3.0,287463.53846153844
97799,0.2055836319923401,,287494.3076923077
97800,,3.0,287498.1538461539
97812,0.2056136280298233,,287544.3076923077
97813,,3.0,287548.1538461539
97822,0.20564362406730652,,287579.9069767442
97823,,3.0,287584.5581395349
97835,0.20567362010478973,,287640.37209302327
97836,,3.0,287645.0232558139
97845,0.20570361614227295,,287686.88372093026
97846,,3.0,287691.5348837209
97857,0.20573361217975616,,287742.6976744186
97858,,3.0,287747.3488372093
97871,0.2057536095380783,,287778.34146341466
97872,,2.0,287780.9756097561
97880,0.20577360689640045,,287802.0487804878
97881,,2.0,287804.68292682926
97890,0.2057936042547226,,287828.39024390245
97891,,2.0,287831.0243902439
97900,0.20581360161304474,,287854.73170731706
97901,,2.0,287857.3658536585
97916,0.20583359897136688,,287897.46341463417
97917,,2.0,287900.5853658537
97925,0.20585359632968903,,287925.56097560975
97926,,2.0,287928.68292682926
97934,0.20587359368801117,,287953.65853658534
97935,,2.0,287956.7804878049
97943,0.2058935910463333,,287981.756097561
97944,,2.0,287984.8780487805
97964,0.20590358972549438,,288024.70454545453
97965,,1.0,288026.86363636365
97973,0.20591358840465546,,288044.13636363635
97974,,1.0,288046.29545454547
97982,0.20592358708381653,,288063.5681818182
97983,,1.0,288065.7272727273
97989,0.2059335857629776,,288078.6818181818
97990,,1.0,288080.8409090909
98007,0.20596358180046082,,288110.44
98008,,3.0,288112.4
98018,0.20599357783794403,,288132.0
98019,,3.0,288133.96
98027,0.20602357387542725,,288149.64
98028,,3.0,288151.6
98041,0.20605356991291046,,288177.08
98042,,3.0,288179.04
98055,0.20606356859207153,,288201.23255813954
98056,,1.0,288203.25581395347
98066,0.2060735672712326,,288223.488372093
98067,,1.0,288225.511627907
98075,0.20608356595039368,,288241.6976744186
98076,,1.0,288243.72093023255
98086,0.20609356462955475,,288263.9534883721
98087,,1.0,288265.9767441861
98098,0.20609356462955475,,288284.64864864864
98099,,0.0,288286.7297297297
98108,0.20609356462955475,,288305.45945945947
98109,,0.0,288307.54054054053
98117,0.20609356462955475,,288324.1891891892
98118,,0.0,288326.2702702703
98125,0.20609356462955475,,288340.8378378378
98126,,0.0,288342.91891891893
98144,0.20610356330871582,,288375.0
98145,,1.0,288377.0
98158,0.2061135619878769,,288403.0
98159,,1.0,288405.0
98164,0.20612356066703796,,288415.0
98165,,1.0,288417.0
98170,0.20613355934619904,,288427.0
98171,,1.0,288429.0
98187,0.20613355934619904,,288453.9411764706
98188,,0.0,288455.70588235295
98199,0.20613355934619904,,288475.1176470588
98200,,0.0,288476.8823529412
98208,0.20613355934619904,,288491.0
98209,,0.0,288492.76470588235
98223,0.20613355934619904,,288517.4705882353
98224,,0.0,288519.23529411765
98235,0.20613355934619904,,288539.44444444444
98236,,0.0,288541.75
98246,0.20613355934619904,,288564.80555555556
98247,,0.0,288567.1111111111
98253,0.20613355934619904,,288580.94444444444
98254,,0.0,288583.25
98261,0.20613355934619904,,288599.3888888889
98262,,0.0,288601.69444444444
98282,0.20613355934619904,,288632.45652173914
98283,,0.0,288634.1304347826
98293,0.20613355934619904,,288650.8695652174
98294,,0.0,288652.54347826086
98300,0.20613355934619904,,288662.5869565217
98301,,0.0,288664.26086956525
98309,0.20613355934619904,,288677.652173913
98310,,0.0,288679.32608695654
98326,0.2061435580253601,,288705.3043478261
98327,,1.0,288707.17391304346
98337,0.20615355670452118,,288725.8695652174
98338,,1.0,288727.73913043475
98345,0.20616355538368225,,288740.82608695654
98346,,1.0,288742.6956521739
98357,0.20617355406284332,,288763.26086956525
98358,,1.0,288765.1304347826
98371,0.20619355142116547,,288790.55555555556
98372,,2.0,288792.9111111111
98379,0.2062135487794876,,288809.4
98380,,2.0,288811.7555555556
98391,0.20623354613780975,,288837.6666666667
98392,,2.0,288840.02222222224
98404,0.2062535434961319,,288868.2888888889
98405,,2.0,288870.64444444445
98425,0.20627354085445404,,288914.93333333335
98426,,2.0,288917.4
98433,0.20629353821277618,,288934.6666666667
98434,,2.0,288937.13333333336
98443,0.20631353557109833,,288959.3333333333
98444,,2.0,288961.8
98451,0.20633353292942047,,288979.06666666665
98452,,2.0,288981.5333333333
98467,0.20634353160858154,,289011.62790697673
98468,,1.0,289013.93023255817
98477,0.20635353028774261,,289034.6511627907
98478,,1.0,289036.9534883721
98486,0.2063635289669037,,289055.37209302327
98487,,1.0,289057.67441860464
98496,0.20637352764606476,,289078.3953488372
98497,,1.0,289080.6976744186
98515,0.20638352632522583,,289111.125
98516,,1.0,289113.0
98529,0.2063935250043869,,289137.375
98530,,1.0,289139.25
98536,0.20640352368354797,,289150.5
98537,,1.0,289152.375
98546,0.20641352236270905,,289169.25
98547,,1.0,289171.125
98566,0.20641352236270905,,289202.5111111111
98567,,0.0,289204.35555555555
98575,0.20641352236270905,,289219.1111111111
98576,,0.0,289220.9555555555
98583,0.20641352236270905,,289233.86666666664
98584,,0.0,289235.7111111111
98593,0.20641352236270905,,289252.31111111114
98594,,0.0,289254.15555555554
98611,0.20642352104187012,,289280.85714285716
98612,,1.0,289282.63265306124
98619,0.2064335197210312,,289295.0612244898
98620,,1.0,289296.8367346939
98633,0.20644351840019226,,289319.9183673469
98634,,1.0,289321.693877551
98644,0.20645351707935333,,289339.44897959183
98645,,1.0,289341.2244897959
98662,0.20645351707935333,,289369.25
98663,,0.0,289371.125
98673,0.20645351707935333,,289389.875
98674,,0.0,289391.75
98681,0.20645351707935333,,289404.875
98682,,0.0,289406.75
98694,0.20645351707935333,,289429.25
98695,,0.0,289431.125
98711,0.2064635157585144,,289459.0
98712,,1.0,289461.0
98720,0.20647351443767548,,289477.0
98721,,1.0,289479.0
98728,0.20648351311683655,,289493.0
98729,,1.0,289495.0
98739,0.20649351179599762,,289515.0
98740,,1.0,289517.0
98755,0.20649351179599762,,289541.36363636365
98756,,0.0,289543.2272727273
98765,0.20649351179599762,,289560.0
98766,,0.0,289561.86363636365
98777,0.20649351179599762,,289582.36363636365
98778,,0.0,289584.2272727273
98785,0.20649351179599762,,289597.2727272727
98786,,0.0,289599.13636363635
98801,0.20651350915431976,,289629.4651162791
98802,,2.0,289631.83720930235
98810,0.2065335065126419,,289650.81395348837
98811,,2.0,289653.18604651163
98820,0.20655350387096405,,289674.5348837209
98821,,2.0,289676.9069767442
98830,0.2065735012292862,,289698.25581395347
98831,,2.0,289700.62790697673
98846,0.20659349858760834,,289757.3157894737
98847,,2.0,289761.84210526315
98855,0.20661349594593048,,289798.05263157893
98856,,2.0,289802.5789473684
98865,0.20663349330425262,,289843.3157894737
98866,,2.0,289847.84210526315
98870,0.20665349066257477,,289865.94736842107
98871,,2.0,289870.4736842105
98885,0.20665349066257477,,289896.4761904762
98886,,0.0,289898.4285714286
98895,0.20665349066257477,,289916.0
98896,,0.0,289917.95238095237
98909,0.20665349066257477,,289943.3333333333
98910,,0.0,289945.28571428574
98914,0.20665349066257477,,289953.09523809527
98915,,0.0,289955.04761904763
98932,0.2066734880208969,,290010.7894736842
98933,,2.0,290014.63157894736
98942,0.20669348537921906,,290049.2105263158
98943,,2.0,290053.05263157893
98948,0.2067134827375412,,290072.2631578947
98949,,2.0,290076.1052631579
98954,0.20673348009586334,,290095.3157894737
98955,,2.0,290099.15789473685
98969,0.20674347877502441,,290123.9268292683
98970,,1.0,290125.8292682927
98980,0.20675347745418549,,290144.85365853657
98981,,1.0,290146.756097561
98988,0.20676347613334656,,290160.0731707317
98989,,1.0,290161.9756097561
98997,0.20677347481250763,,290177.1951219512
98998,,1.0,290179.0975609756
99013,0.20679347217082977,,290217.97297297296
99014,,2.0,290221.0540540541
99019,0.20681346952915192,,290236.45945945947
99020,,2.0,290239.54054054053
99026,0.20683346688747406,,290258.02702702704
99027,,2.0,290261.1081081081
99036,0.2068534642457962,,290288.8378378378
99037,,2.0,290291.91891891893
99053,0.2068534642457962,,290319.14285714284
99054,,0.0,290321.0
99064,0.2068534642457962,,290339.5714285714
99065,,0.0,290341.4285714286
99071,0.2068534642457962,,290352.5714285714
99072,,0.0,290354.4285714286
99080,0.2068534642457962,,290369.28571428574
99081,,0.0,290371.14285714284
99095,0.20686346292495728,,290392.0816326531
99096,,1.0,290393.8163265306
99107,0.20687346160411835,,290412.89795918367
99108,,1.0,290414.63265306124
99117,0.20688346028327942,,290430.2448979592
99118,,1.0,290431.97959183675
99131,0.2068934589624405,,290454.5306122449
99132,,1.0,290456.2653061224
99143,0.2068934589624405,,290475.641025641
99144,,0.0,290477.8461538461
99152,0.2068934589624405,,290495.4871794872
99153,,0.0,290497.6923076923
99161,0.2068934589624405,,290515.3333333333
99162,,0.0,290517.53846153844
99172,0.2068934589624405,,290539.58974358975
99173,,0.0,290541.7948717949
99189,0.2068934589624405,,290566.2444444444
99190,,0.0,290567.9555555555
99196,0.2068934589624405,,290578.22222222225
99197,,0.0,290579.93333333335
99207,0.2068934589624405,,290597.0444444445
99208,,0.0,290598.7555555556
99219,0.2068934589624405,,290617.5777777778
99220,,0.0,290619.2888888889
99235,0.2068934589624405,,290645.97297297296
99236,,0.0,290648.0540540541
99243,0.2068934589624405,,290662.6216216216
99244,,0.0,290664.7027027027
99249,0.2068934589624405,,290675.1081081081
99250,,0.0,290677.1891891892
99258,0.2068934589624405,,290693.8378378378
99259,,0.0,290695.91891891893
99273,0.20691345632076263,,290723.10256410256
99274,,2.0,290725.3846153846
99280,0.20693345367908478,,290739.07692307694
99281,,2.0,290741.358974359
99289,0.20695345103740692,,290759.6153846154
99290,,2.0,290761.89743589744
99299,0.20697344839572906,,290782.4358974359
99300,,2.0,290784.71794871794
99313,0.2069934457540512,,290811.04761904763
99314,,2.0,290813.45238095237
99324,0.20701344311237335,,290837.5
99325,,2.0,290839.90476190473
99334,0.2070334404706955,,290861.54761904763
99335,,2.0,290863.95238095237
99343,0.20705343782901764,,290883.1904761905
99344,,2.0,290885.59523809527
99357,0.20708343386650085,,290909.46341463417
99358,,3.0,290911.60975609755
99366,0.20711342990398407,,290928.7804878049
99367,,3.0,290930.9268292683
99377,0.20714342594146729,,290952.39024390245
99378,,3.0,290954.53658536583
99386,0.2071734219789505,,290971.7073170732
99387,,3.0,290973.85365853657
99396,0.2071734219789505,,290989.0
99397,,0.0,290991.1666666667
99407,0.2071734219789505,,291012.8333333333
99408,,0.0,291015.0
99415,0.2071734219789505,,291030.1666666667
99416,,0.0,291032.3333333333
99424,0.2071734219789505,,291049.6666666667
99425,,0.0,291051.8333333333
99443,0.20718342065811157,,291083.7
99444,,1.0,291085.68
99457,0.20719341933727264,,291111.42
99458,,1.0,291113.4
99467,0.20720341801643372,,291131.22
99468,,1.0,291133.2
99476,0.2072134166955948,,291149.04
99477,,1.0,291151.02
99486,0.2072134166955948,,291166.8333333333
99487,,0.0,291169.1388888889
99494,0.2072134166955948,,291185.27777777775
99495,,0.0,291187.5833333333
99502,0.2072134166955948,,291203.72222222225
99503,,0.0,291206.02777777775
99514,0.2072134166955948,,291231.3888888889
99515,,0.0,291233.69444444444
99533,0.207243412733078,,291263.5
99534,,3.0,291265.3333333333
99543,0.20727340877056122,,291281.8333333333
99544,,3.0,291283.6666666667
99549,0.20730340480804443,,291292.8333333333
99550,,3.0,291294.6666666667
99558,0.20733340084552765,,291309.3333333333
99559,,3.0,291311.1666666667
99573,0.2073533982038498,,291339.5128205128
99574,,2.0,291341.92307692306
99582,0.20737339556217194,,291361.2051282051
99583,,2.0,291363.6153846154
99591,0.20739339292049408,,291382.89743589744
99592,,2.0,291385.3076923077
99599,0.20741339027881622,,291402.1794871795
99600,,2.0,291404.58974358975
99612,0.20743338763713837,,291428.3488372093
99613,,2.0,291430.72093023255
99623,0.2074533849954605,,291454.4418604651
99624,,2.0,291456.81395348837
99634,0.20747338235378265,,291480.5348837209
99635,,2.0,291482.9069767442
99644,0.2074933797121048,,291504.25581395347
99645,,2.0,291506.62790697673
99658,0.20751337707042694,,291539.44444444444
99659,,2.0,291542.4888888889
99671,0.20753337442874908,,291579.02222222224
99672,,2.0,291582.06666666665
99684,0.20755337178707123,,291618.6
99685,,2.0,291621.64444444445
99691,0.20757336914539337,,291639.9111111111
99692,,2.0,291642.9555555555
99707,0.2076033651828766,,291672.8695652174
99708,,3.0,291675.10869565216
99715,0.2076333612203598,,291690.7826086957
99716,,3.0,291693.02173913043
99729,0.20766335725784302,,291722.1304347826
99730,,3.0,291724.3695652174
99739,0.20769335329532623,,291744.52173913043
99740,,3.0,291746.76086956525
99757,0.20771335065364838,,291797.48780487804
99758,,2.0,291800.9512195122
99767,0.20773334801197052,,291832.1219512195
99768,,2.0,291835.5853658537
99775,0.20775334537029266,,291859.8292682927
99776,,2.0,291863.2926829268
99782,0.2077733427286148,,291884.0731707317
99783,,2.0,291887.53658536583
99798,0.2077733427286148,,291910.73333333334
99799,,0.0,291912.3777777778
99805,0.2077733427286148,,291922.2444444444
99806,,0.0,291923.8888888889
99815,0.2077733427286148,,291938.68888888886
99816,,0.0,291940.3333333333
99829,0.2077733427286148,,291961.7111111111
99830,,0.0,291963.35555555555
99843,0.20778334140777588,,291982.55555555556
99844,,1.0,291984.31111111114
99855,0.20779334008693695,,292003.6222222222
99856,,1.0,292005.3777777778
99866,0.20780333876609802,,292022.93333333335
99867,,1.0,292024.68888888886
99876,0.2078133374452591,,292040.4888888889
99877,,1.0,292042.2444444444
99897,0.20782333612442017,,292074.4583333333
99898,,1.0,292076.25
99910,0.20783333480358124,,292097.75
99911,,1.0,292099.5416666667
99917,0.2078433334827423,,292110.2916666667
99918,,1.0,292112.0833333333
99926,0.20785333216190338,,292126.4166666667
99927,,1.0,292128.2083333333
99939,0.20787332952022552,,292152.5
99940,,2.0,292155.0
99949,0.20789332687854767,,292177.5
99950,,2.0,292180.0
99960,0.2079133242368698,,292205.0
99961,,2.0,292207.5
99968,0.20793332159519196,,292225.0
99969,,2.0,292227.5
99985,0.20794332027435303,,292257.95
99986,,1.0,292260.1
99993,0.2079533189535141,,292275.15
99994,,1.0,292277.3
100002,0.20796331763267517,,292294.5
100003,,1.0,292296.65
100010,0.20797331631183624,,292311.7
100011,,1.0,292313.85
100027,0.20798331499099731,,292338.6808510638
100028,,1.0,292340.42553191487
100039,0.2079933136701584,,292359.6170212766
100040,,1.0,292361.3617021277
100050,0.20800331234931946,,292378.8085106383
100051,,1.0,292380.55319148937
100059,0.20801331102848053,,292394.5106382979
100060,,1.0,292396.25531914894
100076,0.2080233097076416,,292423.152173913
100077,,1.0,292425.0869565217
100086,0.20803330838680267,,292442.5
100087,,1.0,292444.4347826087
100095,0.20804330706596375,,292459.9130434783
100096,,1.0,292461.847826087
100107,0.20805330574512482,,292483.1304347826
100108,,1.0,292485.0652173913
100125,0.20805330574512482,,292513.5641025641
100126,,0.0,292515.46153846156
100134,0.20805330574512482,,292530.641025641
100135,,0.0,292532.53846153844
100141,0.20805330574512482,,292543.92307692306
100142,,0.0,292545.8205128205
100148,0.20805330574512482,,292557.2051282051
100149,,0.0,292559.10256410256
100162,0.20808330178260803,,292579.8888888889
100163,,3.0,292581.77777777775
100177,0.20811329782009125,,292608.22222222225
100178,,3.0,292610.1111111111
100186,0.20814329385757446,,292625.22222222225
100187,,3.0,292627.1111111111
100195,0.20817328989505768,,292642.22222222225
100196,,3.0,292644.1111111111
100206,0.20818328857421875,,292660.9459459459
100207,,1.0,292663.08108108107
100218,0.20819328725337982,,292686.5675675676
100219,,1.0,292688.7027027027
100224,0.2082032859325409,,292699.3783783784
100225,,1.0,292701.5135135135
100234,0.20821328461170197,,292720.7297297297
100235,,1.0,292722.86486486485
100249,0.2082332819700241,,292749.6304347826
100250,,2.0,292751.8695652174
100260,0.20825327932834625,,292774.26086956525
100261,,2.0,292776.5
100271,0.2082732766866684,,292798.89130434784
100272,,2.0,292801.1304347826
100282,0.20829327404499054,,292823.52173913043
100283,,2.0,292825.76086956525
100295,0.20831327140331268,,292849.6
100296,,2.0,292852.0
100304,0.20833326876163483,,292871.2
100305,,2.0,292873.6
100316,0.20835326611995697,,292900.0
100317,,2.0,292902.4
100324,0.2083732634782791,,292919.2
100325,,2.0,292921.6
100338,0.20839326083660126,,292950.3829787234
100339,,2.0,292953.02127659577
100348,0.2084132581949234,,292976.7659574468
100349,,2.0,292979.40425531915
100361,0.20843325555324554,,293011.06382978725
100362,,2.0,293013.7021276596
100373,0.2084532529115677,,293042.72340425535
100374,,2.0,293045.3617021277
100386,0.20847325026988983,,293071.07692307694
100387,,2.0,293073.641025641
100395,0.20849324762821198,,293094.1538461539
100396,,2.0,293096.71794871794
100403,0.20851324498653412,,293114.6666666667
100404,,2.0,293117.23076923075
100414,0.20853324234485626,,293142.8717948718
100415,,2.0,293145.4358974359
100426,0.20854324102401733,,293162.6976744186
100427,,1.0,293164.5348837209
100434,0.2085532397031784,,293177.3953488372
100435,,1.0,293179.23255813954
100447,0.20856323838233948,,293201.27906976745
100448,,1.0,293203.11627906974
100459,0.20857323706150055,,293223.32558139536
100460,,1.0,293225.16279069765
100481,0.20858323574066162,,293256.0
100482,,1.0,293257.6111111111
100491,0.2085932344198227,,293272.1111111111
100492,,1.0,293273.72222222225
100502,0.20860323309898376,,293289.8333333333
100503,,1.0,293291.44444444444
100515,0.20861323177814484,,293310.77777777775
100516,,1.0,293312.3888888889
100528,0.20861323177814484,,293330.65
100529,,0.0,293332.5
100535,0.20861323177814484,,293343.6
100536,,0.0,293345.45
100545,0.20861323177814484,,293362.1
100546,,0.0,293363.95
100557,0.20861323177814484,,293384.3
100558,,0.0,293386.15
100580,0.20864322781562805,,293461.07692307694
100581,,3.0,293464.92307692306
100589,0.20867322385311127,,293495.6923076923
100590,,3.0,293499.53846153844
100598,0.20870321989059448,,293530.3076923077
100599,,3.0,293534.1538461539
100611,0.2087332159280777,,293580.3076923077
100612,,3.0,293584.1538461539
100630,0.2087332159280777,,293611.3333333333
100631,,0.0,293612.8888888889
100644,0.2087332159280777,,293633.1111111111
100645,,0.0,293634.6666666667
100656,0.2087332159280777,,293651.77777777775
100657,,0.0,293653.3333333333
100667,0.2087332159280777,,293668.8888888889
100668,,0.0,293670.44444444444
100685,0.20874321460723877,,293698.44444444444
100686,,1.0,293700.3333333333
100693,0.20875321328639984,,293713.55555555556
100694,,1.0,293715.44444444444
100707,0.2087632119655609,,293740.0
100708,,1.0,293741.8888888889
100714,0.20877321064472198,,293753.22222222225
100715,,1.0,293755.1111111111
100728,0.20879320800304413,,293778.8181818182
100729,,2.0,293781.0
100735,0.20881320536136627,,293794.0909090909
100736,,2.0,293796.2727272727
100747,0.20883320271968842,,293820.2727272727
100748,,2.0,293822.45454545453
100760,0.20885320007801056,,293848.63636363635
100761,,2.0,293850.8181818182
100770,0.20886319875717163,,293865.3
100771,,1.0,293867.35
100783,0.2088731974363327,,293891.95
100784,,1.0,293894.0
100791,0.20888319611549377,,293908.35
100792,,1.0,293910.4
100802,0.20889319479465485,,293930.9
100803,,1.0,293932.95
100816,0.208913192152977,,293965.5128205128
100817,,2.0,293968.5641025641
100821,0.20893318951129913,,293980.76923076925
100822,,2.0,293983.8205128205
100833,0.20895318686962128,,294017.3846153846
100834,,2.0,294020.4358974359
100843,0.20897318422794342,,294047.89743589744
100844,,2.0,294050.9487179487
100858,0.2089831829071045,,294073.7083333333
100859,,1.0,294075.5
100871,0.20899318158626556,,294097.0
100872,,1.0,294098.7916666667
100882,0.20900318026542664,,294116.7083333333
100883,,1.0,294118.5
100893,0.2090131789445877,,294136.4166666667
100894,,1.0,294138.2083333333
100912,0.2090131789445877,,294163.4
100913,,0.0,294164.96
100925,0.2090131789445877,,294183.68
100926,,0.0,294185.24
100934,0.2090131789445877,,294197.72
100935,,0.0,294199.28
100945,0.2090131789445877,,294214.88
100946,,0.0,294216.44
100956,0.20902317762374878,,294232.36842105264
100957,,1.0,294234.4210526316
100964,0.20903317630290985,,294248.7894736842
100965,,1.0,294250.84210526315
100974,0.20904317498207092,,294269.3157894737
100975,,1.0,294271.36842105264
100985,0.209053173661232,,294291.8947368421
100986,,1.0,294293.94736842107
101002,0.2090831696987152,,294339.23913043475
101003,,3.0,294342.5652173913
101012,0.20911316573619843,,294372.5
101013,,3.0,294375.82608695654
101022,0.20914316177368164,,294405.76086956525
101023,,3.0,294409.0869565217
101033,0.20917315781116486,,294442.347826087
101034,,3.0,294445.67391304346
101049,0.20917315781116486,,294467.1224489796
101050,,0.0,294468.63265306124
101063,0.20917315781116486,,294488.2653061224
101064,,0.0,294489.7755102041
101075,0.20917315781116486,,294506.387755102
101076,,0.0,294507.89795918367
101084,0.20917315781116486,,294519.97959183675
101085,,0.0,294521.48979591834
101107,0.20917315781116486,,294551.5
101108,,0.0,294553.0
101118,0.20917315781116486,,294568.0
101119,,0.0,294569.5
101130,0.20917315781116486,,294586.0
101131,,0.0,294587.5
101138,0.20917315781116486,,294598.0
101139,,0.0,294599.5
101159,0.20918315649032593,,294629.21276595746
101160,,1.0,294630.87234042556
101169,0.209193155169487,,294645.8085106383
101170,,1.0,294647.4680851064
101177,0.20920315384864807,,294659.08510638296
101178,,1.0,294660.74468085106
101187,0.20921315252780914,,294675.6808510638
101188,,1.0,294677.3404255319
101202,0.20921315252780914,,294697.1041666667
101203,,0.0,294698.75
101210,0.20921315252780914,,294710.2708333333
101211,,0.0,294711.9166666667
101222,0.20921315252780914,,294730.0208333333
101223,,0.0,294731.6666666667
101237,0.20921315252780914,,294754.7083333333
101238,,0.0,294756.3541666667
101255,0.20924314856529236,,294790.7727272727
101256,,3.0,294793.11363636365
101266,0.20927314460277557,,294816.5227272727
101267,,3.0,294818.86363636365
101274,0.2093031406402588,,294835.25
101275,,3.0,294837.5909090909
101283,0.209333136677742,,294856.3181818182
101284,,3.0,294858.6590909091
101302,0.20935313403606415,,294893.9347826087
101303,,2.0,294896.1304347826
101312,0.2093731313943863,,294915.89130434784
101313,,2.0,294918.0869565217
101321,0.20939312875270844,,294935.652173913
101322,,2.0,294937.847826087
101331,0.20941312611103058,,294957.60869565216
101332,,2.0,294959.8043478261
101346,0.20943312346935272,,294999.75
101347,,2.0,295003.1818181818
101358,0.20945312082767487,,295040.9318181818
101359,,2.0,295044.36363636365
101371,0.209473118185997,,295085.54545454547
101372,,2.0,295088.9772727273
101377,0.20949311554431915,,295106.13636363635
101378,,2.0,295109.5681818182
101392,0.20949311554431915,,295128.6538461539
101393,,0.0,295130.07692307694
101405,0.20949311554431915,,295147.1538461539
101406,,0.0,295148.57692307694
101416,0.20949311554431915,,295162.8076923077
101417,,0.0,295164.23076923075
101431,0.20949311554431915,,295184.1538461539
101432,,0.0,295185.57692307694
101450,0.20949311554431915,,295211.89361702127
101451,,0.0,295213.55319148937
101459,0.20949311554431915,,295226.829787234
101460,,0.0,295228.4893617021
101469,0.20949311554431915,,295243.42553191487
101470,,0.0,295245.08510638296
101480,0.20949311554431915,,295261.6808510638
101481,,0.0,295263.3404255319
101495,0.20950311422348022,,295286.4761904762
101496,,1.0,295288.4285714286
101503,0.2095131129026413,,295302.09523809527
101504,,1.0,295304.04761904763
101513,0.20952311158180237,,295321.61904761905
101514,,1.0,295323.5714285714
101524,0.20953311026096344,,295343.09523809527
101525,,1.0,295345.04761904763
101540,0.20956310629844666,,295381.6956521739
101541,,3.0,295384.5869565217
101549,0.20959310233592987,,295407.7173913043
101550,,3.0,295410.60869565216
101562,0.20962309837341309,,295445.3043478261
101563,,3.0,295448.1956521739
101572,0.2096530944108963,,295474.2173913043
101573,,3.0,295477.10869565216
101592,0.20968309044837952,,295508.3076923077
101593,,3.0,295510.07692307694
101600,0.20971308648586273,,295522.46153846156
101601,,3.0,295524.23076923075
101612,0.20974308252334595,,295543.6923076923
101613,,3.0,295545.46153846156
101626,0.20977307856082916,,295568.46153846156
101627,,3.0,295570.23076923075
101642,0.20977307856082916,,295590.5
101643,,0.0,295592.0416666667
101653,0.20977307856082916,,295607.4583333333
101654,,0.0,295609.0
101664,0.20977307856082916,,295624.4166666667
101665,,0.0,295625.9583333333
101676,0.20977307856082916,,295642.9166666667
101677,,0.0,295644.4583333333
101692,0.20980307459831238,,295665.6923076923
101693,,3.0,295667.3333333333
101699,0.2098330706357956,,295677.1794871795
101700,,3.0,295678.8205128205
101709,0.2098630666732788,,295693.58974358975
101710,,3.0,295695.23076923075
101717,0.20989306271076202,,295706.71794871794
101718,,3.0,295708.358974359
101731,0.20992305874824524,,295729.28571428574
101732,,3.0,295731.21428571426
101741,0.20995305478572845,,295748.5714285714
101742,,3.0,295750.5
101751,0.20998305082321167,,295767.85714285716
101752,,3.0,295769.78571428574
101761,0.21001304686069489,,295787.14285714284
101762,,3.0,295789.0714285714
101781,0.21003304421901703,,295853.1176470588
101782,,2.0,295857.0
101792,0.21005304157733917,,295895.82352941175
101793,,2.0,295899.70588235295
101802,0.21007303893566132,,295934.64705882355
101803,,2.0,295938.5294117647
101814,0.21009303629398346,,295981.23529411765
101815,,2.0,295985.1176470588
101832,0.21009303629398346,,296014.26829268294
101833,,0.0,296016.0731707317
101839,0.21009303629398346,,296026.9024390244
101840,,0.0,296028.7073170732
101850,0.21009303629398346,,296046.756097561
101851,,0.0,296048.56097560975
101857,0.21009303629398346,,296059.39024390245
101858,,0.0,296061.1951219512
101872,0.21009303629398346,,296082.90476190473
101873,,0.0,296084.71428571426
101882,0.21009303629398346,,296101.0
101883,,0.0,296102.8095238095
101892,0.21009303629398346,,296119.09523809527
101893,,0.0,296120.90476190473
101901,0.21009303629398346,,296135.38095238095
101902,,0.0,296137.1904761905
101914,0.21010303497314453,,296158.02857142856
101915,,1.0,296160.14285714284
101922,0.2101130336523056,,296174.9428571428
101923,,1.0,296177.0571428572
101930,0.21012303233146667,,296191.85714285716
101931,,1.0,296193.97142857144
101938,0.21013303101062775,,296208.77142857143
101939,,1.0,296210.8857142857
101953,0.21016302704811096,,296228.71428571426
101954,,3.0,296230.14285714284
101965,0.21019302308559418,,296245.85714285716
101966,,3.0,296247.28571428574
101979,0.2102230191230774,,296265.85714285716
101980,,3.0,296267.28571428574
101989,0.2102530151605606,,296280.14285714284
101990,,3.0,296281.5714285714
102011,0.2102530151605606,,296306.36842105264
102012,,0.0,296307.6666666667
102021,0.2102530151605606,,296319.350877193
102022,,0.0,296320.649122807
102036,0.2102530151605606,,296338.8245614035
102037,,0.0,296340.1228070175
102048,0.2102530151605606,,296354.4035087719
102049,,0.0,296355.70175438595
102061,0.21027301251888275,,296385.4318181818
102062,,2.0,296388.5909090909
102070,0.2102930098772049,,296413.86363636365
102071,,2.0,296417.0227272727
102086,0.21031300723552704,,296464.4090909091
102087,,2.0,296467.5681818182
102094,0.21033300459384918,,296489.6818181818
102095,,2.0,296492.8409090909
102104,0.2103630006313324,,296507.4285714286
102105,,3.0,296509.3333333333
102115,0.2103929966688156,,296528.38095238095
102116,,3.0,296530.28571428574
102127,0.21042299270629883,,296551.2380952381
102128,,3.0,296553.14285714284
102138,0.21045298874378204,,296572.1904761905
102139,,3.0,296574.09523809527
102155,0.2104729861021042,,296601.7450980392
102156,,2.0,296603.7254901961
102166,0.21049298346042633,,296623.5294117647
102167,,2.0,296625.50980392157
102182,0.21051298081874847,,296655.2156862745
102183,,2.0,296657.1960784314
102191,0.21053297817707062,,296673.03921568627
102192,,2.0,296675.01960784313
102208,0.2105429768562317,,296701.55555555556
102209,,1.0,296703.44444444444
102220,0.21055297553539276,,296724.22222222225
102221,,1.0,296726.1111111111
102228,0.21056297421455383,,296739.3333333333
102229,,1.0,296741.22222222225
102238,0.2105729728937149,,296758.22222222225
102239,,1.0,296760.1111111111
102249,0.21058297157287598,,296775.31707317074
102250,,1.0,296777.2195121951
102255,0.21059297025203705,,296786.73170731706
102256,,1.0,296788.6341463415
102263,0.21060296893119812,,296801.9512195122
102264,,1.0,296803.85365853657
102281,0.2106129676103592,,296836.1951219512
102282,,1.0,296838.0975609756
102294,0.21062296628952026,,296854.625
102295,,1.0,296856.25
102303,0.21063296496868134,,296869.25
102304,,1.0,296870.875
102318,0.2106429636478424,,296893.625
102319,,1.0,296895.25
102331,0.21065296232700348,,296914.75
102332,,1.0,296916.375
102343,0.21067295968532562,,296936.4888888889
102344,,2.0,296938.8
102352,0.21069295704364777,,296957.2888888889
102353,,2.0,296959.6
102363,0.2107129544019699,,296982.7111111111
102364,,2.0,296985.02222222224
102378,0.21073295176029205,,297017.3777777778
102379,,2.0,297019.68888888886
102402,0.21074295043945312,,297058.0
102403,,1.0,297059.8
102410,0.2107529491186142,,297072.4
102411,,1.0,297074.2
102420,0.21076294779777527,,297090.4
102421,,1.0,297092.2
102430,0.21077294647693634,,297108.4
102431,,1.0,297110.2
102450,0.2107829451560974,,297144.7111111111
102451,,1.0,297146.7555555556
102459,0.21079294383525848,,297163.1111111111
102460,,1.0,297165.15555555554
102468,0.21080294251441956,,297181.5111111111
102469,,1.0,297183.55555555556
102477,0.21081294119358063,,297199.9111111111
102478,,1.0,297201.9555555555
102496,0.21083293855190277,,297250.0
102497,,2.0,297253.06666666665
102505,0.21085293591022491,,297277.6
102506,,2.0,297280.6666666667
102517,0.21087293326854706,,297314.4
102518,,2.0,297317.4666666667
102524,0.2108929306268692,,297335.86666666664
102525,,2.0,297338.93333333335
102539,0.21091292798519135,,297362.75
102540,,2.0,297364.63636363635
102555,0.2109329253435135,,297392.9318181818
102556,,2.0,297394.8181818182
102563,0.21095292270183563,,297408.0227272727
102564,,2.0,297409.9090909091
102570,0.21097292006015778,,297421.2272727273
102571,,2.0,297423.11363636365
102591,0.21099291741847992,,297463.0652173913
102592,,2.0,297465.3043478261
102599,0.21101291477680206,,297480.97826086957
102600,,2.0,297483.2173913043
102609,0.2110329121351242,,297503.3695652174
102610,,2.0,297505.60869565216
102618,0.21105290949344635,,297523.52173913043
102619,,2.0,297525.76086956525
102633,0.21106290817260742,,297553.9487179487
102634,,1.0,297556.3076923077
102642,0.2110729068517685,,297575.1794871795
102643,,1.0,297577.53846153844
102649,0.21108290553092957,,297591.6923076923
102650,,1.0,297594.0512820513
102659,0.21109290421009064,,297615.28205128206
102660,,1.0,297617.641025641
102673,0.21111290156841278,,297636.875
102674,,2.0,297638.5625
102686,0.21113289892673492,,297658.8125
102687,,2.0,297660.5
102698,0.21115289628505707,,297679.0625
102699,,2.0,297680.75
102709,0.2111728936433792,,297697.625
102710,,2.0,297699.3125
102725,0.21118289232254028,,297723.93333333335
102726,,1.0,297725.84444444446
102734,0.21119289100170135,,297741.13333333336
102735,,1.0,297743.0444444445
102744,0.21120288968086243,,297760.2444444444
102745,,1.0,297762.15555555554
102756,0.2112128883600235,,297783.1777777778
102757,,1.0,297785.0888888889
102772,0.2112128883600235,,297807.8
102773,,0.0,297809.5333333333
102782,0.2112128883600235,,297825.13333333336
102783,,0.0,297826.86666666664
102795,0.2112128883600235,,297847.6666666667
102796,,0.0,297849.4
102803,0.2112128883600235,,297861.5333333333
102804,,0.0,297863.26666666666
102824,0.21123288571834564,,297914.91489361704
102825,,2.0,297917.8510638298
102831,0.21125288307666779,,297935.4680851064
102832,,2.0,297938.40425531915
102844,0.21127288043498993,,297973.6382978723
102845,,2.0,297976.57446808513
102852,0.21129287779331207,,297997.12765957444
102853,,2.0,298000.06382978725
102870,0.21131287515163422,,298036.9111111111
102871,,2.0,298039.3333333333
102879,0.21133287250995636,,298058.7111111111
102880,,2.0,298061.13333333336
102888,0.2113528698682785,,298080.5111111111
102889,,2.0,298082.93333333335
102899,0.21137286722660065,,298107.15555555554
102900,,2.0,298109.5777777778
102916,0.2113928645849228,,298141.10869565216
102917,,2.0,298143.347826087
102923,0.21141286194324493,,298156.7826086957
102924,,2.0,298159.02173913043
102935,0.21143285930156708,,298183.652173913
102936,,2.0,298185.89130434784
102947,0.21145285665988922,,298210.52173913043
102948,,2.0,298212.76086956525
102961,0.21148285269737244,,298263.7804878049
102962,,3.0,298268.65853658534
102970,0.21151284873485565,,298307.68292682926
102971,,3.0,298312.56097560975
102981,0.21154284477233887,,298361.34146341466
102982,,3.0,298366.2195121951
102990,0.21157284080982208,,298405.243902439
102991,,3.0,298410.1219512195
103002,0.21157284080982208,,298433.7428571429
103003,,0.0,298436.0857142857
103010,0.21157284080982208,,298452.4857142857
103011,,0.0,298454.82857142854
103017,0.21157284080982208,,298468.8857142857
103018,,0.0,298471.22857142857
103027,0.21157284080982208,,298492.3142857143
103028,,0.0,298494.65714285715
103043,0.21157284080982208,,298519.13333333336
103044,,0.0,298520.97777777776
103053,0.21157284080982208,,298537.5777777778
103054,,0.0,298539.4222222222
103064,0.21157284080982208,,298557.86666666664
103065,,0.0,298559.7111111111
103074,0.21157284080982208,,298576.31111111114
103075,,0.0,298578.15555555554
103097,0.21159283816814423,,298618.0
103098,,2.0,298620.0
103104,0.21161283552646637,,298632.0
103105,,2.0,298634.0
103112,0.2116328328847885,,298648.0
103113,,2.0,298650.0
103120,0.21165283024311066,,298664.0
103121,,2.0,298666.0
103134,0.2116728276014328,,298693.0
103135,,2.0,298695.5
103149,0.21169282495975494,,298730.5
103150,,2.0,298733.0
103159,0.2117128223180771,,298755.5
103160,,2.0,298758.0
103170,0.21173281967639923,,298783.0
103171,,2.0,298785.5
103186,0.2117428183555603,,298807.5
103187,,1.0,298809.125
103202,0.21175281703472137,,298833.5
103203,,1.0,298835.125
103210,0.21176281571388245,,298846.5
103211,,1.0,298848.125
103220,0.21177281439304352,,298862.75
103221,,1.0,298864.375
103233,0.2117828130722046,,298885.1538461539
103234,,1.0,298887.28205128206
103241,0.21179281175136566,,298902.1794871795
103242,,1.0,298904.3076923077
103250,0.21180281043052673,,298921.3333333333
103251,,1.0,298923.46153846156
103261,0.2118128091096878,,298944.74358974356
103262,,1.0,298946.8717948718
103281,0.21182280778884888,,298972.1111111111
103282,,1.0,298973.55555555556
103293,0.21183280646800995,,298989.44444444444
103294,,1.0,298990.8888888889
103306,0.21184280514717102,,299008.22222222225
103307,,1.0,299009.6666666667
103317,0.2118528038263321,,299024.1111111111
103318,,1.0,299025.55555555556
103331,0.21187280118465424,,299047.21276595746
103332,,2.0,299049.2340425532
103345,0.21189279854297638,,299075.5106382979
103346,,2.0,299077.5319148936
103353,0.21191279590129852,,299091.6808510638
103354,,2.0,299093.7021276596
103366,0.21193279325962067,,299117.9574468085
103367,,2.0,299119.97872340423
103386,0.21194279193878174,,299152.08
103387,,1.0,299153.96
103398,0.2119527906179428,,299174.64
103399,,1.0,299176.52
103408,0.21196278929710388,,299193.44
103409,,1.0,299195.32
103418,0.21197278797626495,,299212.24
103419,,1.0,299214.12
103435,0.21200278401374817,,299260.9090909091
103436,,3.0,299264.36363636365
103445,0.21203278005123138,,299295.45454545453
103446,,3.0,299298.9090909091
103459,0.2120627760887146,,299343.8181818182
103460,,3.0,299347.2727272727
103464,0.21209277212619781,,299361.0909090909
103465,,3.0,299364.54545454547
103479,0.21212276816368103,,299385.76923076925
103480,,3.0,299387.3846153846
103488,0.21215276420116425,,299400.3076923077
103489,,3.0,299401.92307692306
103495,0.21218276023864746,,299411.6153846154
103496,,3.0,299413.23076923075
103505,0.21221275627613068,,299427.76923076925
103506,,3.0,299429.3846153846
103526,0.21221275627613068,,299458.0612244898
103527,,0.0,299459.6530612245
103534,0.21221275627613068,,299470.79591836734
103535,,0.0,299472.387755102
103546,0.21221275627613068,,299489.89795918367
103547,,0.0,299491.48979591834
103556,0.21221275627613068,,299505.8163265306
103557,,0.0,299507.4081632653
103574,0.21222275495529175,,299532.71428571426
103575,,1.0,299534.4081632653
103586,0.21223275363445282,,299553.0408163265
103587,,1.0,299554.7346938776
103593,0.2122427523136139,,299564.89795918367
103594,,1.0,299566.5918367347
103607,0.21225275099277496,,299588.612244898
103608,,1.0,299590.306122449
103625,0.21226274967193604,,299617.06976744183
103626,,1.0,299618.8604651163
103632,0.2122727483510971,,299629.6046511628
103633,,1.0,299631.3953488372
103643,0.21228274703025818,,299649.3023255814
103644,,1.0,299651.0930232558
103652,0.21229274570941925,,299665.4186046512
103653,,1.0,299667.20930232556
103671,0.2123127430677414,,299705.6
103672,,2.0,299708.04
103681,0.21233274042606354,,299730.0
103682,,2.0,299732.44
103694,0.21235273778438568,,299761.72
103695,,2.0,299764.16
103704,0.21237273514270782,,299786.12
103705,,2.0,299788.56
103715,0.2123827338218689,,299805.1794871795
103716,,1.0,299807.2051282051
103725,0.21239273250102997,,299825.4358974359
103726,,1.0,299827.46153846156
103736,0.21240273118019104,,299847.71794871794
103737,,1.0,299849.74358974356
103745,0.2124127298593521,,299865.9487179487
103746,,1.0,299867.9743589744
103757,0.21242272853851318,,299888.73170731706
103758,,1.0,299891.0731707317
103770,0.21243272721767426,,299919.1707317073
103771,,1.0,299921.51219512196
103779,0.21244272589683533,,299940.243902439
103780,,1.0,299942.5853658537
103788,0.2124527245759964,,299961.31707317074
103789,,1.0,299963.65853658534
103805,0.21247272193431854,,299991.4693877551
103806,,2.0,299993.4285714286
103819,0.21249271929264069,,300018.89795918367
103820,,2.0,300020.85714285716
103830,0.21251271665096283,,300040.44897959183
103831,,2.0,300042.4081632653
103839,0.21253271400928497,,300058.0816326531
103840,,2.0,300060.0408163265
103855,0.21253271400928497,,300081.5652173913
103856,,0.0,300083.1956521739
103866,0.21253271400928497,,300099.5
103867,,0.0,300101.1304347826
103876,0.21253271400928497,,300115.8043478261
103877,,0.0,300117.4347826087
103887,0.21253271400928497,,300133.73913043475
103888,,0.0,300135.3695652174
103899,0.21254271268844604,,300153.2
103900,,1.0,300155.225
103907,0.21255271136760712,,300169.4
103908,,1.0,300171.425
103920,0.2125627100467682,,300195.725
103921,,1.0,300197.75
103929,0.21257270872592926,,300213.95
103930,,1.0,300215.975
103947,0.21258270740509033,,300242.42553191487
103948,,1.0,300244.170212766
103957,0.2125927060842514,,300259.87234042556
103958,,1.0,300261.6170212766
103969,0.21260270476341248,,300280.8085106383
103970,,1.0,300282.55319148937
103978,0.21261270344257355,,300296.5106382979
103979,,1.0,300298.25531914894
104002,0.21262270212173462,,300332.6923076923
104003,,1.0,300334.32692307694
104010,0.2126327008008957,,300345.76923076925
104011,,1.0,300347.4038461539
104023,0.21264269948005676,,300367.01923076925
104024,,1.0,300368.6538461539
104032,0.21265269815921783,,300381.73076923075
104033,,1.0,300383.3653846154
104048,0.2126626968383789,,300406.0
104049,,1.0,300407.75
104061,0.21267269551753998,,300428.75
104062,,1.0,300430.5
104068,0.21268269419670105,,300441.0
104069,,1.0,300442.75
104078,0.21269269287586212,,300458.5
104079,,1.0,300460.25
104096,0.21269269287586212,,300481.5
104097,,0.0,300482.89285714284
104109,0.21269269287586212,,300499.60714285716
104110,,0.0,300501.0
104123,0.21269269287586212,,300519.10714285716
104124,,0.0,300520.5
104136,0.21269269287586212,,300537.21428571426
104137,,0.0,300538.60714285716
104152,0.21271269023418427,,300579.829787234
104153,,2.0,300583.1489361702
104165,0.2127326875925064,,300622.97872340423
104166,,2.0,300626.2978723404
104174,0.21275268495082855,,300652.8510638298
104175,,2.0,300656.170212766
104185,0.2127726823091507,,300689.3617021277
104186,,2.0,300692.6808510638
104205,0.2127726823091507,,300719.68
104206,,0.0,300721.16
104215,0.2127726823091507,,300734.48
104216,,0.0,300735.96
104224,0.2127726823091507,,300747.8
104225,,0.0,300749.28
104237,0.2127726823091507,,300767.04
104238,,0.0,300768.52
104252,0.21278268098831177,,300789.5
104253,,1.0,300791.2727272727
104264,0.21279267966747284,,300810.7727272727
104265,,1.0,300812.54545454547
104275,0.2128026783466339,,300830.2727272727
104276,,1.0,300832.04545454547
104283,0.21281267702579498,,300844.45454545453
104284,,1.0,300846.2272727273
104304,0.21282267570495605,,300878.3043478261
104305,,1.0,300880.0869565217
104311,0.21283267438411713,,300890.7826086957
104312,,1.0,300892.5652173913
104319,0.2128426730632782,,300905.04347826086
104320,,1.0,300906.82608695654
104331,0.21285267174243927,,300926.4347826087
104332,,1.0,300928.2173913043
104343,0.2128726691007614,,300959.387755102
104344,,2.0,300963.0612244898
104353,0.21289266645908356,,300996.1224489796
104354,,2.0,300999.79591836734
104368,0.2129126638174057,,301051.2244897959
104369,,2.0,301054.89795918367
104382,0.21293266117572784,,301102.6530612245
104383,,2.0,301106.32653061225
104399,0.21295265853405,,301153.42553191487
104400,,2.0,301156.7659574468
104404,0.21297265589237213,,301170.12765957444
104405,,2.0,301173.4680851064
104416,0.21299265325069427,,301210.21276595746
104417,,2.0,301213.55319148937
104431,0.21301265060901642,,301260.3191489362
104432,,2.0,301263.6595744681
104446,0.21303264796733856,,301294.88372093026
104447,,2.0,301297.4186046512
104456,0.2130526453256607,,301320.23255813954
104457,,2.0,301322.76744186046
104467,0.21307264268398285,,301348.11627906974
104468,,2.0,301350.6511627907
104476,0.213092640042305,,301370.93023255817
104477,,2.0,301373.4651162791
104490,0.2131226360797882,,301401.1282051282
104491,,3.0,301403.641025641
104502,0.21315263211727142,,301431.28205128206
104503,,3.0,301433.7948717949
104509,0.21318262815475464,,301448.8717948718
104510,,3.0,301451.3846153846
104517,0.21321262419223785,,301468.9743589744
104518,,3.0,301471.4871794872
104534,0.21323262155056,,301507.60975609755
104535,,2.0,301510.1951219512
104545,0.21325261890888214,,301536.0487804878
104546,,2.0,301538.6341463415
104554,0.21327261626720428,,301559.31707317074
104555,,2.0,301561.9024390244
104560,0.21329261362552643,,301574.8292682927
104561,,2.0,301577.4146341463
104576,0.21329261362552643,,301598.89361702127
104577,,0.0,301600.4680851064
104588,0.21329261362552643,,301617.78723404254
104589,,0.0,301619.3617021277
104599,0.21329261362552643,,301635.10638297873
104600,,0.0,301636.6808510638
104609,0.21329261362552643,,301650.8510638298
104610,,0.0,301652.42553191487
104622,0.21329261362552643,,301671.07692307694
104623,,0.0,301672.9743589744
104633,0.21329261362552643,,301691.9487179487
104634,,0.0,301693.8461538461
104641,0.21329261362552643,,301707.1282051282
104642,,0.0,301709.0256410256
104650,0.21329261362552643,,301724.2051282051
104651,,0.0,301726.10256410256
104661,0.21332260966300964,,301771.75
104662,,3.0,301778.0
104669,0.21335260570049286,,301821.75
104670,,3.0,301828.0
104677,0.21338260173797607,,301871.75
104678,,3.0,301878.0
104684,0.2134125977754593,,301915.5
104685,,3.0,301921.75
104695,0.21342259645462036,,301941.04545454547
104696,,1.0,301942.9090909091
104705,0.21343259513378143,,301959.6818181818
104706,,1.0,301961.54545454547
104720,0.2134425938129425,,301987.63636363635
104721,,1.0,301989.5
104730,0.21345259249210358,,302006.2727272727
104731,,1.0,302008.13636363635
104745,0.21347258985042572,,302032.2619047619
104746,,2.0,302034.28571428574
104756,0.21349258720874786,,302054.5238095238
104757,,2.0,302056.54761904763
104766,0.21351258456707,,302074.7619047619
104767,,2.0,302076.78571428574
104774,0.21353258192539215,,302090.95238095237
104775,,2.0,302092.9761904762
104793,0.21353258192539215,,302123.53658536583
104794,,0.0,302125.43902439025
104798,0.21353258192539215,,302133.0487804878
104799,,0.0,302134.9512195122
104807,0.21353258192539215,,302150.1707317073
104808,,0.0,302152.0731707317
104817,0.21353258192539215,,302169.1951219512
104818,,0.0,302171.0975609756
104832,0.21353258192539215,,302191.652173913
104833,,0.0,302193.347826087
104841,0.21353258192539215,,302206.9130434783
104842,,0.0,302208.60869565216
104853,0.21353258192539215,,302227.26086956525
104854,,0.0,302228.95652173914
104865,0.21353258192539215,,302247.60869565216
104866,,0.0,302249.3043478261
104884,0.21354258060455322,,302281.0
104885,,1.0,302283.0
104891,0.2135525792837143,,302295.0
104892,,1.0,302297.0
104899,0.21356257796287537,,302311.0
104900,,1.0,302313.0
104906,0.21357257664203644,,302325.0
104907,,1.0,302327.0
104921,0.21359257400035858,,302350.0833333333
104922,,2.0,302352.0
104936,0.21361257135868073,,302378.8333333333
104937,,2.0,302380.75
104947,0.21363256871700287,,302399.9166666667
104948,,2.0,302401.8333333333
104956,0.213652566075325,,302417.1666666667
104957,,2.0,302419.0833333333
104970,0.21368256211280823,,302438.6923076923
104971,,3.0,302440.46153846156
104983,0.21371255815029144,,302461.6923076923
104984,,3.0,302463.46153846156
104990,0.21374255418777466,,302474.07692307694
104991,,3.0,302475.8461538461
104997,0.21377255022525787,,302486.46153846156
104998,,3.0,302488.23076923075
105012,0.2138025462627411,,302540.0
105013,,3.0,302544.54545454547
105026,0.2138325423002243,,302603.63636363635
105027,,3.0,302608.1818181818
105038,0.21386253833770752,,302658.1818181818
105039,,3.0,302662.7272727273
105043,0.21389253437519073,,302680.9090909091
105044,,3.0,302685.45454545453
105060,0.2139025330543518,,302717.44444444444
105061,,1.0,302719.55555555556
105066,0.21391253173351288,,302730.1111111111
105067,,1.0,302732.22222222225
105078,0.21392253041267395,,302755.44444444444
105079,,1.0,302757.55555555556
105090,0.21393252909183502,,302780.77777777775
105091,,1.0,302782.8888888889
105103,0.21395252645015717,,302816.13513513515
105104,,2.0,302819.5945945946
105111,0.2139725238084793,,302843.8108108108
105112,,2.0,302847.2702702703
105121,0.21399252116680145,,302878.4054054054
105122,,2.0,302881.86486486485
105129,0.2140125185251236,,302906.08108108107
105130,,2.0,302909.54054054053
105142,0.21402251720428467,,302931.0
105143,,1.0,302933.0
105156,0.21403251588344574,,302959.0
105157,,1.0,302961.0
105164,0.2140425145626068,,302975.0
105165,,1.0,302977.0
105178,0.21405251324176788,,303003.0
105179,,1.0,303005.0
105192,0.21407251060009003,,303056.0625
105193,,2.0,303060.96875
105198,0.21409250795841217,,303085.5
105199,,2.0,303090.40625
105203,0.21411250531673431,,303110.03125
105204,,2.0,303114.9375
105212,0.21413250267505646,,303154.1875
105213,,2.0,303159.09375
105228,0.2141525000333786,,303214.84210526315
105229,,2.0,303219.0789473684
105237,0.21417249739170074,,303252.9736842105
105238,,2.0,303257.2105263158
105243,0.2141924947500229,,303278.3947368421
105244,,2.0,303282.63157894736
105252,0.21421249210834503,,303316.5263157895
105253,,2.0,303320.7631578947
105269,0.2142224907875061,,303349.73170731706
105270,,1.0,303351.6341463415
105276,0.21423248946666718,,303363.0487804878
105277,,1.0,303364.9512195122
105286,0.21424248814582825,,303382.0731707317
105287,,1.0,303383.9756097561
105295,0.21425248682498932,,303399.1951219512
105296,,1.0,303401.0975609756
105311,0.2142624855041504,,303426.1818181818
105312,,1.0,303428.11363636365
105320,0.21427248418331146,,303443.5681818182
105321,,1.0,303445.5
105328,0.21428248286247253,,303459.0227272727
105329,,1.0,303460.95454545453
105341,0.2142924815416336,,303484.13636363635
105342,,1.0,303486.0681818182
105353,0.21430248022079468,,303503.04761904763
105354,,1.0,303504.9285714286
105364,0.21431247889995575,,303523.7380952381
105365,,1.0,303525.61904761905
105375,0.21432247757911682,,303544.4285714286
105376,,1.0,303546.3095238095
105385,0.2143324762582779,,303563.2380952381
105386,,1.0,303565.11904761905
105404,0.21434247493743896,,303588.6666666667
105405,,1.0,303590.1111111111
105419,0.21435247361660004,,303610.3333333333
105420,,1.0,303611.77777777775
105429,0.2143624722957611,,303624.77777777775
105430,,1.0,303626.22222222225
105441,0.21437247097492218,,303642.1111111111
105442,,1.0,303643.55555555556
105456,0.2144024670124054,,303701.41025641025
105457,,3.0,303706.53846153844
105468,0.2144324630498886,,303762.9487179487
105469,,3.0,303768.07692307694
105474,0.21446245908737183,,303793.71794871794
105475,,3.0,303798.8461538461
105482,0.21449245512485504,,303834.74358974356
105483,,3.0,303839.8717948718
105492,0.21451245248317719,,303870.7837837838
105493,,2.0,303875.08108108107
105501,0.21453244984149933,,303909.45945945947
105502,,2.0,303913.75675675675
105507,0.21455244719982147,,303935.24324324325
105508,,2.0,303939.54054054053
105521,0.21457244455814362,,303995.4054054054
105522,,2.0,303999.7027027027
105532,0.21459244191646576,,304035.1818181818
105533,,2.0,304039.63636363635
105545,0.2146124392747879,,304093.0909090909
105546,,2.0,304097.54545454547
105557,0.21463243663311005,,304146.54545454547
105558,,2.0,304151.0
105567,0.2146524339914322,,304191.0909090909
105568,,2.0,304195.54545454547
105584,0.21467243134975433,,304243.44736842107
105585,,2.0,304246.7894736842
105591,0.21469242870807648,,304266.84210526315
105592,,2.0,304270.1842105263
105599,0.21471242606639862,,304293.5789473684
105600,,2.0,304296.9210526316
105607,0.21473242342472076,,304320.3157894737
105608,,2.0,304323.65789473685
105625,0.2147524207830429,,304365.9268292683
105626,,2.0,304368.7073170732
105633,0.21477241814136505,,304388.1707317073
105634,,2.0,304390.9512195122
105641,0.2147924154996872,,304410.4146341463
105642,,2.0,304413.1951219512
105650,0.21481241285800934,,304435.43902439025
105651,,2.0,304438.2195121951
105666,0.21483241021633148,,304471.48
105667,,2.0,304474.02
105681,0.21485240757465363,,304509.58
105682,,2.0,304512.12
105691,0.21487240493297577,,304534.98
105692,,2.0,304537.52
105702,0.2148924022912979,,304562.92
105703,,2.0,304565.46
105713,0.21490240097045898,,304584.0487804878
105714,,1.0,304586.34146341466
105721,0.21491239964962006,,304602.39024390245
105722,,1.0,304604.68292682926
105733,0.21492239832878113,,304629.9024390244
105734,,1.0,304632.1951219512
105745,0.2149323970079422,,304657.4146341463
105746,,1.0,304659.7073170732
105759,0.21496239304542542,,304682.28571428574
105760,,3.0,304684.3142857143
105767,0.21499238908290863,,304698.5142857143
105768,,3.0,304700.54285714286
105775,0.21502238512039185,,304714.7428571429
105776,,3.0,304716.77142857143
105782,0.21505238115787506,,304728.9428571428
105783,,3.0,304730.97142857144
105801,0.21508237719535828,,304754.847826087
105802,,3.0,304756.3043478261
105811,0.2151123732328415,,304769.4130434783
105812,,3.0,304770.8695652174
105821,0.2151423692703247,,304783.97826086957
105822,,3.0,304785.4347826087
105830,0.21517236530780792,,304797.0869565217
105831,,3.0,304798.54347826086
105843,0.215182363986969,,304817.16279069765
105844,,1.0,304819.06976744183
105854,0.21519236266613007,,304838.1395348837
105855,,1.0,304840.0465116279
105866,0.21520236134529114,,304861.0232558139
105867,,1.0,304862.93023255817
105875,0.2152123600244522,,304878.18604651163
105876,,1.0,304880.0930232558
105890,0.21523235738277435,,304921.72222222225
105891,,2.0,304925.3333333333
105896,0.2152523547410965,,304943.3888888889
105897,,2.0,304947.0
105903,0.21527235209941864,,304968.6666666667
105904,,2.0,304972.27777777775
105913,0.21529234945774078,,305004.77777777775
105914,,2.0,305008.3888888889
105928,0.21531234681606293,,305046.3095238095
105929,,2.0,305049.4285714286
105939,0.21533234417438507,,305080.61904761905
105940,,2.0,305083.7380952381
105949,0.21535234153270721,,305111.8095238095
105950,,2.0,305114.9285714286
105957,0.21537233889102936,,305136.7619047619
105958,,2.0,305139.88095238095
105975,0.2153923362493515,,305180.2340425532
105976,,2.0,305182.89361702127
105983,0.21541233360767365,,305201.5106382979
105984,,2.0,305204.170212766
105990,0.2154323309659958,,305220.12765957444
105991,,2.0,305222.78723404254
106006,0.21545232832431793,,305262.6808510638
106007,,2.0,305265.3404255319
106019,0.215462327003479,,305288.0930232558
106020,,1.0,305290.32558139536
106027,0.21547232568264008,,305305.9534883721
106028,,1.0,305308.18604651163
106040,0.21548232436180115,,305334.9767441861
106041,,1.0,305337.20930232556
106051,0.21549232304096222,,305359.5348837209
106052,,1.0,305361.76744186046
106068,0.21551232039928436,,305395.306122449
106069,,2.0,305397.71428571426
106083,0.2155323177576065,,305431.4285714286
106084,,2.0,305433.8367346939
106092,0.21555231511592865,,305453.10204081633
106093,,2.0,305455.51020408166
106102,0.2155723124742508,,305477.1836734694
106103,,2.0,305479.5918367347
106114,0.215602308511734,,305497.2195121951
106115,,3.0,305499.1219512195
106126,0.21563230454921722,,305520.0487804878
106127,,3.0,305521.9512195122
106137,0.21566230058670044,,305540.9756097561
106138,,3.0,305542.8780487805
106145,0.21569229662418365,,305556.1951219512
106146,,3.0,305558.0975609756
106161,0.21570229530334473,,305587.15789473685
106162,,1.0,305589.4210526316
106168,0.2157122939825058,,305603.0
106169,,1.0,305605.2631578947
106178,0.21572229266166687,,305625.63157894736
106179,,1.0,305627.8947368421
106185,0.21573229134082794,,305641.4736842105
106186,,1.0,305643.7368421053
106201,0.21575228869915009,,305681.2173913043
106202,,2.0,305684.152173913
106212,0.21577228605747223,,305713.5
106213,,2.0,305716.4347826087
106219,0.21579228341579437,,305734.04347826086
106220,,2.0,305736.97826086957
106233,0.21581228077411652,,305775.1304347826
106234,,2.0,305778.0652173913
106249,0.2158222794532776,,305807.1538461539
106250,,1.0,305809.3333333333
106256,0.21583227813243866,,305822.41025641025
106257,,1.0,305824.58974358975
106265,0.21584227681159973,,305842.0256410256
106266,,1.0,305844.2051282051
106274,0.2158522754907608,,305861.641025641
106275,,1.0,305863.8205128205
106290,0.21588227152824402,,305887.4285714286
106291,,3.0,305889.21428571426
106297,0.21591226756572723,,305899.9285714286
106298,,3.0,305901.71428571426
106310,0.21594226360321045,,305923.14285714284
106311,,3.0,305924.9285714286
106318,0.21597225964069366,,305937.4285714286
106319,,3.0,305939.21428571426
106338,0.21600225567817688,,305976.82608695654
106339,,3.0,305979.0652173913
106349,0.2160322517156601,,306001.45652173914
106350,,3.0,306003.6956521739
106357,0.2160622477531433,,306019.3695652174
106358,,3.0,306021.60869565216
106366,0.21609224379062653,,306039.52173913043
106367,,3.0,306041.76086956525
106377,0.21611224114894867,,306060.38
106378,,2.0,306062.72
106388,0.2161322385072708,,306086.12
106389,,2.0,306088.46
106402,0.21615223586559296,,306118.88
106403,,2.0,306121.22
106418,0.2161722332239151,,306156.32
106419,,2.0,306158.66
106432,0.21618223190307617,,306181.2631578947
106433,,1.0,306183.2894736842
106440,0.21619223058223724,,306197.4736842105
106441,,1.0,306199.5
106451,0.21620222926139832,,306219.7631578947
106452,,1.0,306221.7894736842
106458,0.2162122279405594,,306233.94736842107
106459,,1.0,306235.9736842105
106474,0.21623222529888153,,306272.88372093026
106475,,2.0,306275.79069767444
106484,0.21625222265720367,,306301.9534883721
106485,,2.0,306304.8604651163
106492,0.21627222001552582,,306325.20930232556
106493,,2.0,306328.11627906974
106503,0.21629221737384796,,306357.18604651163
106504,,2.0,306360.0930232558
106517,0.21630221605300903,,306385.77777777775
106518,,1.0,306388.05555555556
106527,0.2163122147321701,,306408.55555555556
106528,,1.0,306410.8333333333
106535,0.21632221341133118,,306426.77777777775
106536,,1.0,306429.05555555556
106541,0.21633221209049225,,306440.44444444444
106542,,1.0,306442.72222222225
106557,0.21633221209049225,,306463.1224489796
106558,,0.0,306464.63265306124
106568,0.21633221209049225,,306479.7346938776
106569,,0.0,306481.2448979592
106583,0.21633221209049225,,306502.387755102
106584,,0.0,306503.89795918367
106592,0.21633221209049225,,306515.97959183675
106593,,0.0,306517.48979591834
106609,0.2163522094488144,,306552.0
106610,,2.0,306554.53846153844
106622,0.21637220680713654,,306585.0
106623,,2.0,306587.53846153844
106637,0.21639220416545868,,306623.07692307694
106638,,2.0,306625.6153846154
106646,0.21641220152378082,,306645.92307692306
106647,,2.0,306648.46153846156
106659,0.21641220152378082,,306667.65
106660,,0.0,306669.5
106670,0.21641220152378082,,306688.0
106671,,0.0,306689.85
106676,0.21641220152378082,,306699.1
106677,,0.0,306700.95
106688,0.21641220152378082,,306721.3
106689,,0.0,306723.15
106701,0.21643219888210297,,306750.45714285714
106702,,2.0,306753.28571428574
106709,0.2164521962404251,,306773.0857142857
106710,,2.0,306775.9142857143
106718,0.21647219359874725,,306798.54285714286
106719,,2.0,306801.3714285714
106725,0.2164921909570694,,306818.34285714285
106726,,2.0,306821.17142857146
106739,0.2165221869945526,,306842.2926829268
106740,,3.0,306844.1219512195
106749,0.21655218303203583,,306860.5853658537
106750,,3.0,306862.4146341463
106756,0.21658217906951904,,306873.39024390245
106757,,3.0,306875.2195121951
106768,0.21661217510700226,,306895.34146341466
106769,,3.0,306897.1707317073
106783,0.2166321724653244,,306922.79069767444
106784,,2.0,306924.9534883721
106791,0.21665216982364655,,306940.0930232558
106792,,2.0,306942.25581395347
106801,0.2166721671819687,,306961.72093023255
106802,,2.0,306963.88372093026
106813,0.21669216454029083,,306987.67441860464
106814,,2.0,306989.83720930235
106829,0.21671216189861298,,307018.7272727273
106830,,2.0,307020.95454545453
106840,0.21673215925693512,,307043.2272727273
106841,,2.0,307045.45454545453
106851,0.21675215661525726,,307067.7272727273
106852,,2.0,307069.95454545453
106859,0.2167721539735794,,307085.54545454547
106860,,2.0,307087.7727272727
106874,0.2167721539735794,,307110.65853658534
106875,,0.0,307112.53658536583
106884,0.2167721539735794,,307129.43902439025
106885,,0.0,307131.31707317074
106894,0.2167721539735794,,307148.2195121951
106895,,0.0,307150.0975609756
106902,0.2167721539735794,,307163.243902439
106903,,0.0,307165.1219512195
106915,0.21679215133190155,,307190.9210526316
106916,,2.0,307193.5789473684
106922,0.2168121486902237,,307209.5263157895
106923,,2.0,307212.1842105263
106932,0.21683214604854584,,307236.1052631579
106933,,2.0,307238.7631578947
106942,0.21685214340686798,,307262.6842105263
106943,,2.0,307265.34210526315
106956,0.21686214208602905,,307285.9166666667
106957,,1.0,307287.7083333333
106968,0.21687214076519012,,307307.4166666667
106969,,1.0,307309.2083333333
106979,0.2168821394443512,,307327.125
106980,,1.0,307328.9166666667
106992,0.21689213812351227,,307350.4166666667
106993,,1.0,307352.2083333333
107005,0.21690213680267334,,307372.5869565217
107006,,1.0,307374.652173913
107015,0.2169121354818344,,307393.23913043475
107016,,1.0,307395.3043478261
107026,0.21692213416099548,,307415.95652173914
107027,,1.0,307418.02173913043
107040,0.21693213284015656,,307444.8695652174
107041,,1.0,307446.9347826087
107051,0.2169521301984787,,307479.1388888889
107052,,2.0,307483.44444444444
107062,0.21697212755680084,,307526.5
107063,,2.0,307530.80555555556
107068,0.21699212491512299,,307552.3333333333
107069,,2.0,307556.6388888889
107078,0.21701212227344513,,307595.3888888889
107079,,2.0,307599.69444444444
107097,0.2170221209526062,,307634.0
107098,,1.0,307636.0
107106,0.21703211963176727,,307652.0
107107,,1.0,307654.0
107118,0.21704211831092834,,307676.0
107119,,1.0,307678.0
107127,0.21705211699008942,,307694.0
107128,,1.0,307696.0
107141,0.21707211434841156,,307718.625
107142,,2.0,307720.6875
107155,0.2170921117067337,,307747.5
107156,,2.0,307749.5625
107167,0.21711210906505585,,307772.25
107168,,2.0,307774.3125
107177,0.217132106423378,,307792.875
107178,,2.0,307794.9375
107197,0.2171621024608612,,307822.7254901961
107198,,3.0,307824.3333333333
107205,0.21719209849834442,,307835.5882352941
107206,,3.0,307837.1960784314
107220,0.21722209453582764,,307859.70588235295
107221,,3.0,307861.3137254902
107230,0.21725209057331085,,307875.7843137255
107231,,3.0,307877.39215686277
107246,0.21726208925247192,,307901.76923076925
107247,,1.0,307903.6666666667
107253,0.217272087931633,,307915.0512820513
107254,,1.0,307916.9487179487
107262,0.21728208661079407,,307932.1282051282
107263,,1.0,307934.0256410256
107271,0.21729208528995514,,307949.2051282051
107272,,1.0,307951.10256410256
107286,0.21732208132743835,,307976.0232558139
107287,,3.0,307978.11627906974
107296,0.21735207736492157,,307996.9534883721
107297,,3.0,307999.0465116279
107304,0.21738207340240479,,308013.6976744186
107305,,3.0,308015.79069767444
107316,0.217412069439888,,308038.81395348837
107317,,3.0,308040.9069767442
107331,0.21743206679821014,,308075.23255813954
107332,,2.0,308078.16279069765
107341,0.2174520641565323,,308104.5348837209
107342,,2.0,308107.4651162791
107353,0.21747206151485443,,308139.6976744186
107354,,2.0,308142.62790697673
107361,0.21749205887317657,,308163.1395348837
107362,,2.0,308166.06976744183
107380,0.21749205887317657,,308193.6
107381,,0.0,308195.24
107393,0.21749205887317657,,308214.92
107394,,0.0,308216.56
107404,0.21749205887317657,,308232.96
107405,,0.0,308234.6
107413,0.21749205887317657,,308247.72
107414,,0.0,308249.36
107429,0.21750205755233765,,308272.39130434784
107430,,1.0,308274.17391304346
107441,0.21751205623149872,,308293.7826086957
107442,,1.0,308295.5652173913
107448,0.2175220549106598,,308306.26086956525
107449,,1.0,308308.04347826086
107461,0.21753205358982086,,308329.4347826087
107462,,1.0,308331.2173913043
107476,0.21753205358982086,,308356.1891891892
107477,,0.0,308358.2972972973
107486,0.21753205358982086,,308377.2702702703
107487,,0.0,308379.3783783784
107492,0.21753205358982086,,308389.91891891893
107493,,0.0,308392.02702702704
107500,0.21753205358982086,,308406.7837837838
107501,,0.0,308408.8918918919
107514,0.217552050948143,,308432.9512195122
107515,,2.0,308435.14634146343
107523,0.21757204830646515,,308452.7073170732
107524,,2.0,308454.9024390244
107534,0.2175920456647873,,308476.85365853657
107535,,2.0,308479.0487804878
107543,0.21761204302310944,,308496.60975609755
107544,,2.0,308498.8048780488
107559,0.21761204302310944,,308519.25
107560,,0.0,308520.7708333333
107568,0.21761204302310944,,308532.9375
107569,,0.0,308534.4583333333
107582,0.21761204302310944,,308554.2291666667
107583,,0.0,308555.75
107593,0.21761204302310944,,308570.9583333333
107594,,0.0,308572.4791666667
107605,0.21763204038143158,,308591.488372093
107606,,2.0,308593.67441860464
107621,0.21765203773975372,,308626.4651162791
107622,,2.0,308628.6511627907
107630,0.21767203509807587,,308646.1395348837
107631,,2.0,308648.32558139536
107638,0.217692032456398,,308663.62790697673
107639,,2.0,308665.81395348837
107653,0.21770203113555908,,308691.27906976745
107654,,1.0,308693.3953488372
107664,0.21771202981472015,,308714.5581395349
107665,,1.0,308716.67441860464
107673,0.21772202849388123,,308733.6046511628
107674,,1.0,308735.72093023255
107683,0.2177320271730423,,308754.76744186046
107684,,1.0,308756.88372093026
107695,0.2177620232105255,,308800.6
107696,,3.0,308805.8
107703,0.21779201924800873,,308842.2
107704,,3.0,308847.4
107711,0.21782201528549194,,308883.8
107712,,3.0,308889.0
107720,0.21785201132297516,,308930.6
107721,,3.0,308935.8
107739,0.2178720086812973,,308988.625
107740,,2.0,308991.8
107748,0.21789200603961945,,309017.2
107749,,2.0,309020.375
107757,0.2179120033979416,,309045.775
107758,,2.0,309048.95
107762,0.21793200075626373,,309061.65
107763,,2.0,309064.825
107776,0.21796199679374695,,309080.3404255319
107777,,3.0,309081.57446808513
107786,0.21799199283123016,,309092.6808510638
107787,,3.0,309093.91489361704
107799,0.21802198886871338,,309108.72340425535
107800,,3.0,309109.9574468085
107811,0.2180519849061966,,309123.5319148936
107812,,3.0,309124.7659574468
107830,0.21807198226451874,,309165.90566037735
107831,,2.0,309168.56603773584
107842,0.21809197962284088,,309197.8301886792
107843,,2.0,309200.4905660377
107857,0.21811197698116302,,309237.7358490566
107858,,2.0,309240.3962264151
107866,0.21813197433948517,,309261.679245283
107867,,2.0,309264.3396226415
107879,0.21816197037696838,,309313.1538461539
107880,,3.0,309318.28205128206
107886,0.2181919664144516,,309349.0512820513
107887,,3.0,309354.1794871795
107895,0.21822196245193481,,309395.2051282051
107896,,3.0,309400.3333333333
107907,0.21825195848941803,,309456.74358974356
107908,,3.0,309461.8717948718
107924,0.21825195848941803,,309488.48979591834
107925,,0.0,309490.14285714284
107938,0.21825195848941803,,309511.63265306124
107939,,0.0,309513.28571428574
107951,0.21825195848941803,,309533.1224489796
107952,,0.0,309534.7755102041
107958,0.21825195848941803,,309544.693877551
107959,,0.0,309546.3469387755
107976,0.21828195452690125,,309583.4666666667
107977,,3.0,309586.0
107984,0.21831195056438446,,309603.73333333334
107985,,3.0,309606.26666666666
107995,0.21834194660186768,,309631.6
107996,,3.0,309634.13333333336
108005,0.2183719426393509,,309656.93333333335
108006,,3.0,309659.4666666667
108022,0.21838194131851196,,309697.1951219512
108023,,1.0,309699.9024390244
108031,0.21839193999767303,,309721.56097560975
108032,,1.0,309724.26829268294
108040,0.2184019386768341,,309745.9268292683
108041,,1.0,309748.6341463415
108048,0.21841193735599518,,309767.5853658537
108049,,1.0,309770.2926829268
108063,0.21841193735599518,,309794.4210526316
108064,,0.0,309796.36842105264
108070,0.21841193735599518,,309808.05263157893
108071,,0.0,309810.0
108079,0.21841193735599518,,309825.5789473684
108080,,0.0,309827.5263157895
108088,0.21841193735599518,,309843.1052631579
108089,,0.0,309845.05263157893
108101,0.21843193471431732,,309867.6808510638
108102,,2.0,309869.97872340423
108111,0.21845193207263947,,309890.6595744681
108112,,2.0,309892.9574468085
108122,0.2184719294309616,,309915.93617021275
108123,,2.0,309918.2340425532
108137,0.21849192678928375,,309950.40425531915
108138,,2.0,309952.7021276596
108153,0.21852192282676697,,309974.82608695654
108154,,3.0,309976.47826086957
108164,0.21855191886425018,,309993.0
108165,,3.0,309994.652173913
108178,0.2185819149017334,,310016.1304347826
108179,,3.0,310017.7826086957
108185,0.2186119109392166,,310027.6956521739
108186,,3.0,310029.347826087
108206,0.2186119109392166,,310058.9555555555
108207,,0.0,310060.6
108214,0.2186119109392166,,310072.1111111111
108215,,0.0,310073.7555555556
108223,0.2186119109392166,,310086.9111111111
108224,,0.0,310088.55555555556
108232,0.2186119109392166,,310101.7111111111
108233,,0.0,310103.35555555555
108245,0.21864190697669983,,310137.5945945946
108246,,3.0,310141.2162162162
108251,0.21867190301418304,,310159.3243243243
108252,,3.0,310162.9459459459
108258,0.21870189905166626,,310184.6756756757
108259,,3.0,310188.2972972973
108271,0.21873189508914948,,310231.75675675675
108272,,3.0,310235.3783783784
108285,0.21873189508914948,,310256.7272727273
108286,,0.0,310258.5
108295,0.21873189508914948,,310274.45454545453
108296,,0.0,310276.2272727273
108308,0.21873189508914948,,310297.5
108309,,0.0,310299.2727272727
108317,0.21873189508914948,,310313.45454545453
108318,,0.0,310315.2272727273
108331,0.2187618911266327,,310368.28205128206
108332,,3.0,310373.41025641025
108341,0.2187918871641159,,310419.5641025641
108342,,3.0,310424.6923076923
108349,0.21882188320159912,,310460.58974358975
108350,,3.0,310465.71794871794
108358,0.21885187923908234,,310506.74358974356
108359,,3.0,310511.8717948718
108377,0.21888187527656555,,310543.5909090909
108378,,3.0,310545.36363636365
108384,0.21891187131404877,,310556.0
108385,,3.0,310557.7727272727
108394,0.21894186735153198,,310573.7272727273
108395,,3.0,310575.5
108404,0.2189718633890152,,310591.45454545453
108405,,3.0,310593.2272727273
108417,0.21899186074733734,,310616.5581395349
108418,,2.0,310618.9534883721
108422,0.21901185810565948,,310628.5348837209
108423,,2.0,310630.93023255817
108434,0.21903185546398163,,310657.27906976745
108435,,2.0,310659.67441860464
108449,0.21905185282230377,,310693.20930232556
108450,,2.0,310695.6046511628
108466,0.219081848859787,,310721.88372093026
108467,,3.0,310723.72093023255
108476,0.2191118448972702,,310740.25581395347
108477,,3.0,310742.0930232558
108482,0.21914184093475342,,310751.27906976745
108483,,3.0,310753.11627906974
108494,0.21917183697223663,,310773.32558139536
108495,,3.0,310775.16279069765
108512,0.2191818356513977,,310802.3953488372
108513,,1.0,310804.20930232556
108522,0.21919183433055878,,310820.5348837209
108523,,1.0,310822.3488372093
108529,0.21920183300971985,,310833.23255813954
108530,,1.0,310835.0465116279
108539,0.21921183168888092,,310851.37209302327
108540,,1.0,310853.18604651163
108556,0.21921183168888092,,310876.0888888889
108557,,0.0,310877.7111111111
108568,0.21921183168888092,,310895.55555555556
108569,,0.0,310897.1777777778
108578,0.21921183168888092,,310911.77777777775
108579,,0.0,310913.4
108586,0.21921183168888092,,310924.7555555556
108587,,0.0,310926.3777777778
108600,0.21923182904720306,,310961.77777777775
108601,,2.0,310965.15555555554
108608,0.2192518264055252,,310988.8
108609,,2.0,310992.1777777778
108621,0.21927182376384735,,311032.7111111111
108622,,2.0,311036.0888888889
108633,0.2192918211221695,,311073.2444444444
108634,,2.0,311076.6222222222
108650,0.21931181848049164,,311126.3783783784
108651,,2.0,311129.9459459459
108658,0.21933181583881378,,311154.91891891893
108659,,2.0,311158.4864864865
108662,0.21935181319713593,,311169.1891891892
108663,,2.0,311172.75675675675
108672,0.21937181055545807,,311204.86486486485
108673,,2.0,311208.4324324324
108683,0.21938180923461914,,311232.3823529412
108684,,1.0,311235.29411764705
108693,0.2193918079137802,,311261.5
108694,,1.0,311264.4117647059
108700,0.21940180659294128,,311281.8823529412
108701,,1.0,311284.79411764705
108708,0.21941180527210236,,311305.17647058825
108709,,1.0,311308.0882352941
108726,0.21941180527210236,,311332.2916666667
108727,,0.0,311333.8125
108736,0.21941180527210236,,311347.5
108737,,0.0,311349.0208333333
108745,0.21941180527210236,,311361.1875
108746,,0.0,311362.7083333333
108758,0.21941180527210236,,311380.9583333333
108759,,0.0,311382.4791666667
108775,0.21942180395126343,,311405.09433962265
108776,,1.0,311406.71698113205
108793,0.2194318026304245,,311434.30188679247
108794,,1.0,311435.92452830187
108806,0.21944180130958557,,311455.3962264151
108807,,1.0,311457.0188679245
108813,0.21945179998874664,,311466.75471698114
108814,,1.0,311468.37735849054
108829,0.21948179602622986,,311489.36363636365
108830,,3.0,311490.9772727273
108838,0.21951179206371307,,311503.88636363635
108839,,3.0,311505.5
108849,0.2195417881011963,,311521.63636363635
108850,,3.0,311523.25
108859,0.2195717841386795,,311537.7727272727
108860,,3.0,311539.38636363635
108873,0.21958178281784058,,311557.59574468085
108874,,1.0,311559.25531914894
108885,0.21959178149700165,,311577.5106382979
108886,,1.0,311579.170212766
108898,0.21960178017616272,,311599.08510638296
108899,,1.0,311600.74468085106
108908,0.2196117788553238,,311615.6808510638
108909,,1.0,311617.3404255319
108924,0.219641774892807,,311640.54545454547
108925,,3.0,311642.3409090909
108932,0.21967177093029022,,311654.9090909091
108933,,3.0,311656.70454545453
108944,0.21970176696777344,,311676.45454545453
108945,,3.0,311678.25
108954,0.21973176300525665,,311694.4090909091
108955,,3.0,311696.20454545453
108973,0.21976175904273987,,311724.5625
108974,,3.0,311726.3333333333
108984,0.21979175508022308,,311744.0416666667
108985,,3.0,311745.8125
108995,0.2198217511177063,,311763.5208333333
108996,,3.0,311765.2916666667
109004,0.21985174715518951,,311779.4583333333
109005,,3.0,311781.2291666667
109022,0.21987174451351166,,311818.60869565216
109023,,2.0,311821.152173913
109032,0.2198917418718338,,311844.04347826086
109033,,2.0,311846.5869565217
109042,0.21991173923015594,,311869.47826086957
109043,,2.0,311872.02173913043
109052,0.2199317365884781,,311894.9130434783
109053,,2.0,311897.45652173914
109068,0.2199617326259613,,311925.2
109069,,3.0,311927.3
109078,0.21999172866344452,,311946.2
109079,,3.0,311948.3
109086,0.22002172470092773,,311963.0
109087,,3.0,311965.1
109094,0.22005172073841095,,311979.8
109095,,3.0,311981.9
109109,0.22008171677589417,,311997.6052631579
109110,,3.0,311998.84210526315
109119,0.22011171281337738,,312009.9736842105
109120,,3.0,312011.2105263158
109127,0.2201417088508606,,312019.86842105264
109128,,3.0,312021.1052631579
109134,0.2201717048883438,,312028.5263157895
109135,,3.0,312029.7631578947
109149,0.22020170092582703,,312077.10638297873
109150,,3.0,312081.2978723404
109164,0.22023169696331024,,312139.97872340423
109165,,3.0,312144.170212766
109174,0.22026169300079346,,312181.89361702127
109175,,3.0,312186.08510638296
109183,0.22029168903827667,,312219.6170212766
109184,,3.0,312223.8085106383
109199,0.22030168771743774,,312256.3404255319
109200,,1.0,312258.7021276596
109209,0.22031168639659882,,312279.9574468085
109210,,1.0,312282.3191489362
109222,0.2203216850757599,,312310.6595744681
109223,,1.0,312313.02127659577
109232,0.22033168375492096,,312334.27659574465
109233,,1.0,312336.6382978723
109248,0.2203516811132431,,312376.27659574465
109249,,2.0,312379.3829787234
109259,0.22037167847156525,,312410.44680851063
109260,,2.0,312413.55319148937
109270,0.2203916758298874,,312444.6170212766
109271,,2.0,312447.72340425535
109281,0.22041167318820953,,312478.78723404254
109282,,2.0,312481.89361702127
109296,0.22043167054653168,,312514.59523809527
109297,,2.0,312517.28571428574
109305,0.22045166790485382,,312538.8095238095
109306,,2.0,312541.5
109313,0.22047166526317596,,312560.3333333333
109314,,2.0,312563.0238095238
109325,0.2204916626214981,,312592.61904761905
109326,,2.0,312595.3095238095
109342,0.22052165865898132,,312621.45652173914
109343,,3.0,312623.26086956525
109352,0.22055165469646454,,312639.5
109353,,3.0,312641.3043478261
109360,0.22058165073394775,,312653.9347826087
109361,,3.0,312655.73913043475
109373,0.22061164677143097,,312677.39130434784
109374,,3.0,312679.1956521739
109386,0.2206316441297531,,312711.0857142857
109387,,2.0,312714.4285714286
109394,0.22065164148807526,,312737.82857142854
109395,,2.0,312741.17142857146
109400,0.2206716388463974,,312757.8857142857
109401,,2.0,312761.22857142857
109410,0.22069163620471954,,312791.3142857143
109411,,2.0,312794.65714285715
109427,0.2207116335630417,,312828.5348837209
109428,,2.0,312830.88372093026
109435,0.22073163092136383,,312847.32558139536
109436,,2.0,312849.67441860464
109447,0.22075162827968597,,312875.511627907
109448,,2.0,312877.8604651163
109455,0.22077162563800812,,312894.3023255814
109456,,2.0,312896.6511627907
109465,0.22080162167549133,,312923.1818181818
109466,,3.0,312927.2121212121
109473,0.22083161771297455,,312955.42424242425
109474,,3.0,312959.45454545453
109480,0.22086161375045776,,312983.63636363635
109481,,3.0,312987.6666666667
109490,0.22089160978794098,,313023.9393939394
109491,,3.0,313027.9696969697
109506,0.22089160978794098,,313053.86666666664
109507,,0.0,313055.68888888886
109512,0.22089160978794098,,313064.8
109513,,0.0,313066.6222222222
109528,0.22089160978794098,,313093.9555555555
109529,,0.0,313095.77777777775
109537,0.22089160978794098,,313110.35555555555
109538,,0.0,313112.1777777778
109550,0.22090160846710205,,313133.9285714286
109551,,1.0,313136.14285714284
109561,0.22091160714626312,,313158.28571428574
109562,,1.0,313160.5
109569,0.2209216058254242,,313176.0
109570,,1.0,313178.21428571426
109581,0.22093160450458527,,313202.5714285714
109582,,1.0,313204.78571428574
109593,0.2209516018629074,,313232.3333333333
109594,,2.0,313235.5
109602,0.22097159922122955,,313260.8333333333
109603,,2.0,313264.0
109616,0.2209915965795517,,313305.1666666667
109617,,2.0,313308.3333333333
109625,0.22101159393787384,,313333.6666666667
109626,,2.0,313336.8333333333
109643,0.22101159393787384,,313363.2340425532
109644,,0.0,313364.89361702127
109654,0.22101159393787384,,313381.4893617021
109655,,0.0,313383.1489361702
109663,0.22101159393787384,,313396.42553191487
109664,,0.0,313398.08510638296
109674,0.22101159393787384,,313414.6808510638
109675,,0.0,313416.3404255319
109688,0.22101159393787384,,313437.76744186046
109689,,0.0,313439.74418604653
109697,0.22101159393787384,,313455.5581395349
109698,,0.0,313457.5348837209
109706,0.22101159393787384,,313473.3488372093
109707,,0.0,313475.32558139536
109719,0.22101159393787384,,313499.0465116279
109720,,0.0,313501.0232558139
109735,0.22101159393787384,,313527.0
109736,,0.0,313529.0
109744,0.22101159393787384,,313545.0
109745,,0.0,313547.0
109752,0.22101159393787384,,313561.0
109753,,0.0,313563.0
109760,0.22101159393787384,,313577.0
109761,,0.0,313579.0
109774,0.22101159393787384,,313602.05263157893
109775,,0.0,313604.15789473685
109783,0.22101159393787384,,313621.0
109784,,0.0,313623.1052631579
109793,0.22101159393787384,,313642.05263157893
109794,,0.0,313644.15789473685
109800,0.22101159393787384,,313656.7894736842
109801,,0.0,313658.8947368421
109816,0.22101159393787384,,313680.73333333334
109817,,0.0,313682.3777777778
109827,0.22101159393787384,,313698.8222222222
109828,,0.0,313700.4666666667
109837,0.22101159393787384,,313715.26666666666
109838,,0.0,313716.9111111111
109847,0.22101159393787384,,313731.7111111111
109848,,0.0,313733.35555555555
109864,0.22101159393787384,,313754.63265306124
109865,,0.0,313756.14285714284
109872,0.22101159393787384,,313766.71428571426
109873,,0.0,313768.2244897959
109883,0.22101159393787384,,313783.32653061225
109884,,0.0,313784.8367346939
109898,0.22101159393787384,,313805.97959183675
109899,,0.0,313807.48979591834
109914,0.22103159129619598,,313833.8181818182
109915,,2.0,313835.88636363635
109920,0.22105158865451813,,313846.2272727273
109921,,2.0,313848.29545454547
109932,0.22107158601284027,,313871.04545454547
109933,,2.0,313873.11363636365
109944,0.22109158337116241,,313895.86363636365
109945,,2.0,313897.9318181818
109962,0.22111158072948456,,313929.92156862747
109963,,2.0,313932.0588235294
109970,0.2211315780878067,,313947.01960784313
109971,,2.0,313949.1568627451
109987,0.22115157544612885,,313983.35294117645
109988,,2.0,313985.49019607843
109997,0.221171572804451,,314004.7254901961
109998,,2.0,314006.862745098
110007,0.22118157148361206,,314029.0
110008,,1.0,314032.3333333333
110014,0.22119157016277313,,314052.3333333333
110015,,1.0,314055.6666666667
110024,0.2212015688419342,,314085.6666666667
110025,,1.0,314089.0
110029,0.22121156752109528,,314102.3333333333
110030,,1.0,314105.6666666667
110043,0.22121156752109528,,314130.1111111111
110044,,0.0,314132.22222222225
110050,0.22121156752109528,,314144.8888888889
110051,,0.0,314147.0
110057,0.22121156752109528,,314159.6666666667
110058,,0.0,314161.77777777775
110067,0.22121156752109528,,314180.77777777775
110068,,0.0,314182.8888888889
110082,0.22121156752109528,,314203.0888888889
110083,,0.0,314204.73333333334
110095,0.22121156752109528,,314224.4666666667
110096,,0.0,314226.1111111111
110105,0.22121156752109528,,314240.9111111111
110106,,0.0,314242.55555555556
110114,0.22121156752109528,,314255.7111111111
110115,,0.0,314257.35555555555
110131,0.22121156752109528,,314280.1956521739
110132,,0.0,314281.82608695654
110143,0.22121156752109528,,314299.76086956525
110144,,0.0,314301.39130434784
110156,0.22121156752109528,,314320.95652173914
110157,,0.0,314322.5869565217
110162,0.22121156752109528,,314330.73913043475
110163,,0.0,314332.3695652174
110180,0.22121156752109528,,314356.6382978723
110181,,0.0,314358.25531914894
110190,0.22121156752109528,,314372.8085106383
110191,,0.0,314374.42553191487
110200,0.22121156752109528,,314388.97872340423
110201,,0.0,314390.59574468085
110211,0.22121156752109528,,314406.7659574468
110212,,0.0,314408.3829787234
110226,0.22122156620025635,,314441.5135135135
110227,,1.0,314444.3783783784
110234,0.22123156487941742,,314464.4324324324
110235,,1.0,314467.2972972973
110241,0.2212415635585785,,314484.4864864865
110242,,1.0,314487.35135135136
110250,0.22125156223773956,,314510.2702702703
110251,,1.0,314513.13513513515
110266,0.2212715595960617,,314546.6666666667
110267,,2.0,314549.22222222225
110274,0.22129155695438385,,314567.1111111111
110275,,2.0,314569.6666666667
110288,0.221311554312706,,314602.8888888889
110289,,2.0,314605.44444444444
110297,0.22133155167102814,,314625.8888888889
110298,,2.0,314628.44444444444
110312,0.2213415503501892,,314653.511627907
110313,,1.0,314655.5581395349
110320,0.22135154902935028,,314669.88372093026
110321,,1.0,314671.93023255817
110329,0.22136154770851135,,314688.3023255814
110330,,1.0,314690.3488372093
110342,0.22137154638767242,,314714.9069767442
110343,,1.0,314716.9534883721
110359,0.22139154374599457,,314754.5
110360,,2.0,314757.23076923075
110373,0.2214115411043167,,314792.73076923075
110374,,2.0,314795.46153846156
110386,0.22143153846263885,,314828.23076923075
110387,,2.0,314830.96153846156
110396,0.221451535820961,,314855.53846153844
110397,,2.0,314858.26923076925
110408,0.2214815318584442,,314877.8205128205
110409,,3.0,314879.92307692306
110418,0.22151152789592743,,314898.8461538461
110419,,3.0,314900.9487179487
110426,0.22154152393341064,,314915.6666666667
110427,,3.0,314917.76923076925
110437,0.22157151997089386,,314938.7948717949
110438,,3.0,314940.89743589744
110454,0.22158151865005493,,314969.0
110455,,1.0,314971.0
110462,0.221591517329216,,314985.0
110463,,1.0,314987.0
110467,0.22160151600837708,,314995.0
110468,,1.0,314997.0
110480,0.22161151468753815,,315021.0
110481,,1.0,315023.0
110492,0.2216315120458603,,315062.20930232556
110493,,2.0,315066.8604651163
110502,0.22165150940418243,,315108.72093023255
110503,,2.0,315113.37209302327
110513,0.22167150676250458,,315159.88372093026
110514,,2.0,315164.5348837209
110525,0.22169150412082672,,315215.6976744186
110526,,2.0,315220.3488372093
110538,0.22171150147914886,,315245.6341463415
110539,,2.0,315247.9268292683
110546,0.221731498837471,,315263.9756097561
110547,,2.0,315266.26829268294
110556,0.22175149619579315,,315286.9024390244
110557,,2.0,315289.1951219512
110568,0.2217714935541153,,315314.4146341463
110569,,2.0,315316.7073170732
110578,0.2217714935541153,,315333.4375
110579,,0.0,315335.84375
110584,0.2217714935541153,,315347.875
110585,,0.0,315350.28125
110595,0.2217714935541153,,315374.34375
110596,,0.0,315376.75
110602,0.2217714935541153,,315391.1875
110603,,0.0,315393.59375
110617,0.2217714935541153,,315414.75
110618,,0.0,315416.45454545453
110625,0.2217714935541153,,315428.38636363635
110626,,0.0,315430.0909090909
110637,0.2217714935541153,,315448.8409090909
110638,,0.0,315450.54545454547
110648,0.2217714935541153,,315467.5909090909
110649,,0.0,315469.29545454547
110662,0.22178149223327637,,315493.9268292683
110663,,1.0,315496.2195121951
110671,0.22179149091243744,,315514.56097560975
110672,,1.0,315516.85365853657
110680,0.2218014895915985,,315535.1951219512
110681,,1.0,315537.48780487804
110691,0.22181148827075958,,315560.4146341463
110692,,1.0,315562.7073170732
110706,0.22183148562908173,,315604.6511627907
110707,,2.0,315608.25581395347
110718,0.22185148298740387,,315647.9069767442
110719,,2.0,315651.511627907
110727,0.221871480345726,,315680.3488372093
110728,,2.0,315683.9534883721
110736,0.22189147770404816,,315712.79069767444
110737,,2.0,315716.3953488372
110747,0.2219114750623703,,315750.625
110748,,2.0,315755.0
110758,0.22193147242069244,,315798.75
110759,,2.0,315803.125
110769,0.2219514697790146,,315846.875
110770,,2.0,315851.25
110778,0.22197146713733673,,315886.25
110779,,2.0,315890.625
110796,0.22199146449565887,,315935.8085106383
110797,,2.0,315938.72340425535
110808,0.22201146185398102,,315970.78723404254
110809,,2.0,315973.7021276596
110818,0.22203145921230316,,315999.93617021275
110819,,2.0,316002.8510638298
110827,0.2220514565706253,,316026.170212766
110828,,2.0,316029.08510638296
110842,0.22206145524978638,,316053.2826086957
110843,,1.0,316055.2173913043
110853,0.22207145392894745,,316074.5652173913
110854,,1.0,316076.5
110864,0.22208145260810852,,316095.847826087
110865,,1.0,316097.7826086957
110875,0.2220914512872696,,316117.1304347826
110876,,1.0,316119.0652173913
110894,0.2220914512872696,,316147.6666666667
110895,,0.0,316149.44444444444
110902,0.2220914512872696,,316161.8888888889
110903,,0.0,316163.6666666667
110910,0.2220914512872696,,316176.1111111111
110911,,0.0,316177.8888888889
110922,0.2220914512872696,,316197.44444444444
110923,,0.0,316199.22222222225
110935,0.2220914512872696,,316217.32558139536
110936,,0.0,316219.1395348837
110947,0.2220914512872696,,316239.0930232558
110948,,0.0,316240.9069767442
110955,0.2220914512872696,,316253.6046511628
110956,,0.0,316255.4186046512
110967,0.2220914512872696,,316275.37209302327
110968,,0.0,316277.18604651163
110985,0.22211144864559174,,316318.0833333333
110986,,2.0,316320.875
110996,0.22213144600391388,,316348.7916666667
110997,,2.0,316351.5833333333
111005,0.22215144336223602,,316373.9166666667
111006,,2.0,316376.7083333333
111017,0.22217144072055817,,316407.4166666667
111018,,2.0,316410.2083333333
111036,0.22220143675804138,,316454.3888888889
111037,,3.0,316457.14814814815
111050,0.2222314327955246,,316493.01851851854
111051,,3.0,316495.77777777775
111062,0.2222614288330078,,316526.1296296296
111063,,3.0,316528.8888888889
111073,0.22229142487049103,,316556.48148148146
111074,,3.0,316559.24074074073
111087,0.22229142487049103,,316580.5
111088,,0.0,316582.35
111094,0.22229142487049103,,316593.45
111095,,0.0,316595.3
111104,0.22229142487049103,,316611.95
111105,,0.0,316613.8
111115,0.22229142487049103,,316632.3
111116,,0.0,316634.15
111132,0.22231142222881317,,316694.34146341466
111133,,2.0,316698.8292682927
111143,0.22233141958713531,,316743.7073170732
111144,,2.0,316748.1951219512
111151,0.22235141694545746,,316779.60975609755
111152,,2.0,316784.0975609756
111158,0.2223714143037796,,316811.0243902439
111159,,2.0,316815.51219512196
111175,0.22240141034126282,,316839.08510638296
111176,,3.0,316840.55319148937
111184,0.22243140637874603,,316852.2978723404
111185,,3.0,316853.7659574468
111196,0.22246140241622925,,316869.91489361704
111197,,3.0,316871.3829787234
111207,0.22249139845371246,,316886.06382978725
111208,,3.0,316887.5319148936
111221,0.2225113958120346,,316919.95238095237
111222,,2.0,316923.04761904763
111229,0.22253139317035675,,316944.71428571426
111230,,2.0,316947.8095238095
111241,0.2225513905286789,,316981.85714285716
111242,,2.0,316984.95238095237
111251,0.22257138788700104,,317012.8095238095
111252,,2.0,317015.90476190473
111270,0.22259138524532318,,317066.1951219512
111271,,2.0,317069.34146341466
111277,0.22261138260364532,,317088.2195121951
111278,,2.0,317091.3658536585
111283,0.22263137996196747,,317107.0975609756
111284,,2.0,317110.243902439
111294,0.2226513773202896,,317141.7073170732
111295,,2.0,317144.85365853657
111307,0.22268137335777283,,317165.07692307694
111308,,3.0,317166.9743589744
111318,0.22271136939525604,,317185.9487179487
111319,,3.0,317187.8461538461
111330,0.22274136543273926,,317208.71794871794
111331,,3.0,317210.6153846154
111335,0.22277136147022247,,317218.2051282051
111336,,3.0,317220.10256410256
111351,0.2228013575077057,,317239.45454545453
111352,,3.0,317240.9090909091
111360,0.2228313535451889,,317252.54545454547
111361,,3.0,317254.0
111370,0.22286134958267212,,317267.0909090909
111371,,3.0,317268.54545454547
111381,0.22289134562015533,,317283.0909090909
111382,,3.0,317284.54545454547
111394,0.22291134297847748,,317309.3076923077
111395,,2.0,317311.89743589744
111402,0.22293134033679962,,317330.0256410256
111403,,2.0,317332.6153846154
111414,0.22295133769512177,,317361.10256410256
111415,,2.0,317363.6923076923
111422,0.2229713350534439,,317381.8205128205
111423,,2.0,317384.41025641025
111438,0.22299133241176605,,317415.4347826087
111439,,2.0,317417.8043478261
111448,0.2230113297700882,,317439.1304347826
111449,,2.0,317441.5
111461,0.22303132712841034,,317469.9347826087
111462,,2.0,317472.3043478261
111470,0.22305132448673248,,317491.26086956525
111471,,2.0,317493.6304347826
111484,0.2230813205242157,,317533.5
111485,,3.0,317537.25
111494,0.2231113165616989,,317571.0
111495,,3.0,317574.75
111504,0.22314131259918213,,317608.5
111505,,3.0,317612.25
111512,0.22317130863666534,,317638.5
111513,,3.0,317642.25
111525,0.22318130731582642,,317666.35714285716
111526,,1.0,317668.61904761905
111532,0.2231913059949875,,317682.1904761905
111533,,1.0,317684.45238095237
111543,0.22320130467414856,,317707.0714285714
111544,,1.0,317709.3333333333
111556,0.22321130335330963,,317736.4761904762
111557,,1.0,317738.7380952381
111571,0.22323130071163177,,317775.22222222225
111572,,2.0,317778.3333333333
111581,0.22325129806995392,,317806.3333333333
111582,,2.0,317809.44444444444
111594,0.22327129542827606,,317846.77777777775
111595,,2.0,317849.8888888889
111603,0.2232912927865982,,317874.77777777775
111604,,2.0,317877.8888888889
111617,0.2232912927865982,,317897.44444444444
111618,,0.0,317899.0888888889
111626,0.2232912927865982,,317912.2444444444
111627,,0.0,317913.8888888889
111637,0.2232912927865982,,317930.3333333333
111638,,0.0,317931.97777777776
111650,0.2232912927865982,,317951.7111111111
111651,,0.0,317953.35555555555
111663,0.22330129146575928,,317973.8
111664,,1.0,317975.8888888889
111672,0.22331129014492035,,317992.6
111673,,1.0,317994.68888888886
111687,0.22332128882408142,,318023.93333333335
111688,,1.0,318026.02222222224
111697,0.2233312875032425,,318044.8222222222
111698,,1.0,318046.9111111111
111716,0.22334128618240356,,318082.0
111717,,1.0,318084.2
111726,0.22335128486156464,,318104.0
111727,,1.0,318106.2
111737,0.2233612835407257,,318128.2
111738,,1.0,318130.4
111744,0.22337128221988678,,318143.6
111745,,1.0,318145.8
111768,0.22338128089904785,,318181.46153846156
111769,,1.0,318183.1346153846
111777,0.22339127957820892,,318196.51923076925
111778,,1.0,318198.1923076923
111788,0.22340127825737,,318214.92307692306
111789,,1.0,318216.5961538461
111798,0.22341127693653107,,318231.6538461539
111799,,1.0,318233.32692307694
111816,0.22344127297401428,,318265.27906976745
111817,,3.0,318267.4418604651
111826,0.2234712690114975,,318286.9069767442
111827,,3.0,318289.06976744183
111831,0.2235012650489807,,318297.72093023255
111832,,3.0,318299.88372093026
111843,0.22353126108646393,,318323.67441860464
111844,,3.0,318325.83720930235
111864,0.22356125712394714,,318394.6666666667
111865,,3.0,318398.5882352941
111874,0.22359125316143036,,318433.8823529412
111875,,3.0,318437.8039215686
111885,0.22362124919891357,,318477.01960784313
111886,,3.0,318480.9411764706
111896,0.2236512452363968,,318520.1568627451
111897,,3.0,318524.07843137253
111914,0.22367124259471893,,318570.32558139536
111915,,2.0,318573.3488372093
111922,0.22369123995304108,,318594.511627907
111923,,2.0,318597.5348837209
111931,0.22371123731136322,,318621.72093023255
111932,,2.0,318624.74418604653
111941,0.22373123466968536,,318651.9534883721
111942,,2.0,318654.9767441861
111955,0.2237512320280075,,318692.6666666667
111956,,2.0,318696.13333333336
111969,0.22377122938632965,,318741.2
111970,,2.0,318744.6666666667
111977,0.2237912267446518,,318768.93333333335
111978,,2.0,318772.4
111988,0.22381122410297394,,318807.06666666665
111989,,2.0,318810.5333333333
112005,0.223821222782135,,318834.28
112006,,1.0,318835.84
112016,0.22383122146129608,,318851.44
112017,,1.0,318853.0
112028,0.22384122014045715,,318870.16
112029,,1.0,318871.72
112040,0.22385121881961823,,318888.88
112041,,1.0,318890.44
112058,0.22388121485710144,,318958.6666666667
112059,,3.0,318963.4285714286
112067,0.22391121089458466,,319001.5238095238
112068,,3.0,319006.28571428574
112073,0.22394120693206787,,319030.09523809527
112074,,3.0,319034.85714285716
112084,0.2239712029695511,,319082.4761904762
112085,,3.0,319087.2380952381
112103,0.2239712029695511,,319113.76470588235
112104,,0.0,319115.2156862745
112110,0.2239712029695511,,319123.92156862747
112111,,0.0,319125.3725490196
112123,0.2239712029695511,,319142.7843137255
112124,,0.0,319144.23529411765
112137,0.2239712029695511,,319163.09803921566
112138,,0.0,319164.54901960783
112153,0.22399120032787323,,319195.0232558139
112154,,2.0,319197.4418604651
112162,0.22401119768619537,,319216.79069767444
112163,,2.0,319219.20930232556
112171,0.22403119504451752,,319238.5581395349
112172,,2.0,319240.9767441861
112182,0.22405119240283966,,319265.16279069765
112183,,2.0,319267.5813953488
112196,0.22405119240283966,,319288.25
112197,,0.0,319290.075
112204,0.22405119240283966,,319302.85
112205,,0.0,319304.675
112214,0.22405119240283966,,319321.1
112215,,0.0,319322.925
112224,0.22405119240283966,,319339.35
112225,,0.0,319341.175
112243,0.2240711897611618,,319379.4285714286
112244,,2.0,319381.85714285716
112253,0.22409118711948395,,319403.71428571426
112254,,2.0,319406.14285714284
112260,0.2241111844778061,,319420.71428571426
112261,,2.0,319423.14285714284
112275,0.22413118183612823,,319457.14285714284
112276,,2.0,319459.5714285714
112289,0.2241411805152893,,319479.3333333333
112290,,1.0,319481.06666666665
112298,0.22415117919445038,,319494.93333333335
112299,,1.0,319496.6666666667
112311,0.22416117787361145,,319517.4666666667
112312,,1.0,319519.2
112322,0.22417117655277252,,319536.5333333333
112323,,1.0,319538.26666666666
112341,0.22420117259025574,,319606.6666666667
112342,,3.0,319611.1111111111
112349,0.22423116862773895,,319642.22222222225
112350,,3.0,319646.6666666667
112361,0.22426116466522217,,319695.55555555556
112362,,3.0,319700.0
112369,0.22429116070270538,,319731.1111111111
112370,,3.0,319735.55555555556
112384,0.22430115938186646,,319758.82692307694
112385,,1.0,319760.53846153844
112399,0.22431115806102753,,319784.5
112400,,1.0,319786.21153846156
112412,0.2243211567401886,,319806.75
112413,,1.0,319808.46153846156
112423,0.22433115541934967,,319825.57692307694
112424,,1.0,319827.28846153844
112435,0.22436115145683289,,319852.45454545453
112436,,3.0,319855.38636363635
112444,0.2243911474943161,,319878.8409090909
112445,,3.0,319881.7727272727
112457,0.22442114353179932,,319916.95454545453
112458,,3.0,319919.88636363635
112469,0.22445113956928253,,319952.13636363635
112470,,3.0,319955.0681818182
112487,0.22445113956928253,,319982.8181818182
112488,,0.0,319984.5909090909
112497,0.22445113956928253,,320000.54545454547
112498,,0.0,320002.3181818182
112507,0.22445113956928253,,320018.2727272727
112508,,0.0,320020.04545454547
112515,0.22445113956928253,,320032.45454545453
112516,,0.0,320034.2272727273
112536,0.22447113692760468,,320071.0625
112537,,2.0,320073.125
112545,0.22449113428592682,,320089.625
112546,,2.0,320091.6875
112558,0.22451113164424896,,320116.4375
112559,,2.0,320118.5
112565,0.2245311290025711,,320130.875
112566,,2.0,320132.9375
112582,0.22454112768173218,,320165.83720930235
112583,,1.0,320168.20930232556
112591,0.22455112636089325,,320187.18604651163
112592,,1.0,320189.5581395349
112602,0.22456112504005432,,320213.27906976745
112603,,1.0,320215.6511627907
112610,0.2245711237192154,,320232.25581395347
112611,,1.0,320234.62790697673
112626,0.22459112107753754,,320272.73333333334
112627,,2.0,320275.7111111111
112639,0.22461111843585968,,320311.44444444444
112640,,2.0,320314.4222222222
112647,0.22463111579418182,,320335.26666666666
112648,,2.0,320338.2444444444
112657,0.22465111315250397,,320365.0444444445
112658,,2.0,320368.02222222224
112668,0.2246711105108261,,320393.3611111111
112669,,2.0,320396.55555555556
112675,0.22469110786914825,,320415.72222222225
112676,,2.0,320418.9166666667
112686,0.2247111052274704,,320450.8611111111
112687,,2.0,320454.05555555556
112695,0.22473110258579254,,320479.6111111111
112696,,2.0,320482.80555555556
112707,0.22475109994411469,,320512.79069767444
112708,,2.0,320516.1395348837
112719,0.22477109730243683,,320552.9767441861
112720,,2.0,320556.32558139536
112727,0.22479109466075897,,320579.76744186046
112728,,2.0,320583.11627906974
112740,0.22481109201908112,,320623.3023255814
112741,,2.0,320626.6511627907
112758,0.22483108937740326,,320664.6666666667
112759,,2.0,320667.14285714284
112764,0.2248510867357254,,320679.5238095238
112765,,2.0,320682.0
112773,0.22487108409404755,,320701.8095238095
112774,,2.0,320704.28571428574
112784,0.2248910814523697,,320729.04761904763
112785,,2.0,320731.5238095238
112800,0.22490108013153076,,320755.12
112801,,1.0,320756.88
112811,0.22491107881069183,,320774.48
112812,,1.0,320776.24
112825,0.2249210774898529,,320799.12
112826,,1.0,320800.88
112836,0.22493107616901398,,320818.48
112837,,1.0,320820.24
112852,0.2249610722064972,,320883.53846153844
112853,,3.0,320888.6666666667
112860,0.2249910682439804,,320924.5641025641
112861,,3.0,320929.6923076923
112868,0.22502106428146362,,320965.58974358975
112869,,3.0,320970.71794871794
112877,0.22505106031894684,,321011.74358974356
112878,,3.0,321016.8717948718
112895,0.2250610589981079,,321044.75
112896,,1.0,321046.375
112907,0.22507105767726898,,321064.25
112908,,1.0,321065.875
112919,0.22508105635643005,,321083.75
112920,,1.0,321085.375
112927,0.22509105503559113,,321096.75
112928,,1.0,321098.375
112939,0.2251010537147522,,321117.08108108107
112940,,1.0,321119.2162162162
112946,0.22511105239391327,,321132.02702702704
112947,,1.0,321134.1621621622
112957,0.22512105107307434,,321155.5135135135
112958,,1.0,321157.64864864864
112966,0.2251310497522354,,321174.7297297297
112967,,1.0,321176.86486486485
112979,0.22514104843139648,,321200.34285714285
112980,,1.0,321202.71428571426
112988,0.22515104711055756,,321221.6857142857
112989,,1.0,321224.0571428572
112995,0.22516104578971863,,321238.28571428574
112996,,1.0,321240.65714285715
113003,0.2251710444688797,,321257.2571428571
113004,,1.0,321259.6285714286
113018,0.22519104182720184,,321307.8333333333
113019,,2.0,321312.0
113030,0.225211039185524,,321357.8333333333
113031,,2.0,321362.0
113038,0.22523103654384613,,321391.1666666667
113039,,2.0,321395.3333333333
113047,0.22525103390216827,,321428.6666666667
113048,,2.0,321432.8333333333
113057,0.22526103258132935,,321450.8333333333
113058,,1.0,321453.1388888889
113067,0.22527103126049042,,321473.8888888889
113068,,1.0,321476.19444444444
113077,0.2252810299396515,,321496.94444444444
113078,,1.0,321499.25
113085,0.22529102861881256,,321515.3888888889
113086,,1.0,321517.69444444444
113101,0.22530102729797363,,321548.0
113102,,1.0,321550.3333333333
113108,0.2253110259771347,,321564.3333333333
113109,,1.0,321566.6666666667
113114,0.22532102465629578,,321578.3333333333
113115,,1.0,321580.6666666667
113123,0.22533102333545685,,321599.3333333333
113124,,1.0,321601.6666666667
113140,0.225351020693779,,321647.8043478261
113141,,2.0,321651.17391304346
113151,0.22537101805210114,,321684.8695652174
113152,,2.0,321688.23913043475
113159,0.22539101541042328,,321711.82608695654
113160,,2.0,321715.1956521739
113171,0.22541101276874542,,321752.26086956525
113172,,2.0,321755.6304347826
113187,0.22541101276874542,,321777.5
113188,,0.0,321779.0416666667
113198,0.22541101276874542,,321794.4583333333
113199,,0.0,321796.0
113210,0.22541101276874542,,321812.9583333333
113211,,0.0,321814.5
113221,0.22541101276874542,,321829.9166666667
113222,,0.0,321831.4583333333
113237,0.22544100880622864,,321853.1951219512
113238,,3.0,321854.8780487805
113249,0.22547100484371185,,321873.39024390245
113250,,3.0,321875.0731707317
113258,0.22550100088119507,,321888.53658536583
113259,,3.0,321890.2195121951
113264,0.22553099691867828,,321898.6341463415
113265,,3.0,321900.31707317074
113276,0.22555099427700043,,321920.46153846156
113277,,2.0,321922.76923076925
113287,0.22557099163532257,,321945.8461538461
113288,,2.0,321948.1538461539
113297,0.22559098899364471,,321968.92307692306
113298,,2.0,321971.23076923075
113305,0.22561098635196686,,321987.3846153846
113306,,2.0,321989.6923076923
113322,0.22564098238945007,,322012.0909090909
113323,,3.0,322013.63636363635
113331,0.2256709784269333,,322026.0
113332,,3.0,322027.54545454547
113339,0.2257009744644165,,322038.36363636365
113340,,3.0,322039.9090909091
113351,0.22573097050189972,,322056.9090909091
113352,,3.0,322058.45454545453
113366,0.2257409691810608,,322078.8222222222
113367,,1.0,322080.5333333333
113376,0.22575096786022186,,322095.93333333335
113377,,1.0,322097.64444444445
113385,0.22576096653938293,,322111.3333333333
113386,,1.0,322113.0444444445
113398,0.225770965218544,,322133.5777777778
113399,,1.0,322135.2888888889
113412,0.22580096125602722,,322155.3333333333
113413,,3.0,322157.1666666667
113420,0.22583095729351044,,322170.0
113421,,3.0,322171.8333333333
113434,0.22586095333099365,,322195.6666666667
113435,,3.0,322197.5
113442,0.22589094936847687,,322210.3333333333
113443,,3.0,322212.1666666667
113459,0.22590094804763794,,322237.5813953488
113460,,1.0,322239.3953488372
113467,0.225910946726799,,322252.0930232558
113468,,1.0,322253.9069767442
113479,0.22592094540596008,,322273.8604651163
113480,,1.0,322275.67441860464
113487,0.22593094408512115,,322288.37209302327
113488,,1.0,322290.18604651163
113502,0.22593094408512115,,322309.51020408166
113503,,0.0,322311.10204081633
113514,0.22593094408512115,,322328.612244898
113515,,0.0,322330.20408163266
113527,0.22593094408512115,,322349.306122449
113528,,0.0,322350.89795918367
113538,0.22593094408512115,,322366.8163265306
113539,,0.0,322368.4081632653
113554,0.22596094012260437,,322388.0
113555,,3.0,322389.5
113566,0.22599093616008759,,322406.0
113567,,3.0,322407.5
113576,0.2260209321975708,,322421.0
113577,,3.0,322422.5
113588,0.22605092823505402,,322439.0
113589,,3.0,322440.5
113605,0.22607092559337616,,322472.2448979592
113606,,2.0,322474.5714285714
113614,0.2260909229516983,,322493.1836734694
113615,,2.0,322495.51020408166
113625,0.22611092031002045,,322518.7755102041
113626,,2.0,322521.10204081633
113639,0.2261309176683426,,322551.3469387755
113640,,2.0,322553.67346938775
113652,0.22614091634750366,,322573.5714285714
113653,,1.0,322575.5238095238
113661,0.22615091502666473,,322591.14285714284
113662,,1.0,322593.09523809527
113672,0.2261609137058258,,322612.61904761905
113673,,1.0,322614.5714285714
113683,0.22617091238498688,,322634.09523809527
113684,,1.0,322636.04761904763
113698,0.22619090974330902,,322674.6666666667
113699,,2.0,322678.0
113709,0.22621090710163116,,322711.3333333333
113710,,2.0,322714.6666666667
113722,0.2262309044599533,,322754.6666666667
113723,,2.0,322758.0
113727,0.22625090181827545,,322771.3333333333
113728,,2.0,322774.6666666667
113744,0.22628089785575867,,322839.90476190473
113745,,3.0,322844.6666666667
113754,0.22631089389324188,,322887.5238095238
113755,,3.0,322892.28571428574
113764,0.2263408899307251,,322935.14285714284
113765,,3.0,322939.90476190473
113771,0.2263708859682083,,322968.4761904762
113772,,3.0,322973.2380952381
113789,0.22638088464736938,,323001.71428571426
113790,,1.0,323003.4081632653
113796,0.22639088332653046,,323013.5714285714
113797,,1.0,323015.2653061224
113805,0.22640088200569153,,323028.8163265306
113806,,1.0,323030.51020408166
113822,0.2264108806848526,,323057.612244898
113823,,1.0,323059.306122449
113835,0.22643087804317474,,323081.6052631579
113836,,2.0,323083.8947368421
113846,0.2264508754014969,,323106.7894736842
113847,,2.0,323109.0789473684
113855,0.22647087275981903,,323127.3947368421
113856,,2.0,323129.6842105263
113862,0.22649087011814117,,323143.4210526316
113863,,2.0,323145.7105263158
113882,0.22650086879730225,,323176.52173913043
113883,,1.0,323178.3043478261
113892,0.22651086747646332,,323194.347826087
113893,,1.0,323196.1304347826
113901,0.2265208661556244,,323210.39130434784
113902,,1.0,323212.17391304346
113910,0.22653086483478546,,323226.4347826087
113911,,1.0,323228.2173913043
113931,0.22653086483478546,,323256.2083333333
113932,,0.0,323257.75
113938,0.22653086483478546,,323267.0
113939,,0.0,323268.5416666667
113946,0.22653086483478546,,323279.3333333333
113947,,0.0,323280.875
113960,0.22653086483478546,,323300.9166666667
113961,,0.0,323302.4583333333
113974,0.2265508621931076,,323337.9024390244
113975,,2.0,323341.2926829268
113985,0.22657085955142975,,323375.1951219512
113986,,2.0,323378.5853658537
113993,0.2265908569097519,,323402.31707317074
113994,,2.0,323405.7073170732
114003,0.22661085426807404,,323436.2195121951
114004,,2.0,323439.60975609755
114017,0.22664085030555725,,323465.5581395349
114018,,3.0,323467.81395348837
114028,0.22667084634304047,,323490.37209302327
114029,,3.0,323492.62790697673
114040,0.22670084238052368,,323517.4418604651
114041,,3.0,323519.6976744186
114048,0.2267308384180069,,323535.488372093
114049,,3.0,323537.74418604653
114065,0.2267308384180069,,323564.4146341463
114066,,0.0,323566.2926829268
114075,0.2267308384180069,,323583.1951219512
114076,,0.0,323585.0731707317
114081,0.2267308384180069,,323594.46341463417
114082,,0.0,323596.34146341466
114091,0.2267308384180069,,323613.243902439
114092,,0.0,323615.1219512195
114106,0.22675083577632904,,323658.4857142857
114107,,2.0,323662.2571428571
114113,0.22677083313465118,,323684.8857142857
114114,,2.0,323688.65714285715
114121,0.22679083049297333,,323715.0571428572
114122,,2.0,323718.82857142854
114128,0.22681082785129547,,323741.45714285714
114129,,2.0,323745.22857142857
114145,0.22682082653045654,,323772.97777777776
114146,,1.0,323774.8222222222
114155,0.22683082520961761,,323791.4222222222
114156,,1.0,323793.26666666666
114163,0.2268408238887787,,323806.1777777778
114164,,1.0,323808.02222222224
114175,0.22685082256793976,,323828.31111111114
114176,,1.0,323830.15555555554
114196,0.2268708199262619,,323887.7021276596
114197,,2.0,323890.97872340423
114203,0.22689081728458405,,323910.6382978723
114204,,2.0,323913.91489361704
114215,0.2269108146429062,,323949.9574468085
114216,,2.0,323953.2340425532
114224,0.22693081200122833,,323979.44680851063
114225,,2.0,323982.72340425535
114241,0.22695080935955048,,324019.1914893617
114242,,2.0,324021.74468085106
114253,0.22697080671787262,,324049.829787234
114254,,2.0,324052.3829787234
114261,0.22699080407619476,,324070.25531914894
114262,,2.0,324072.8085106383
114273,0.2270108014345169,,324100.89361702127
114274,,2.0,324103.44680851063
114285,0.22703079879283905,,324140.1052631579
114286,,2.0,324144.36842105264
114291,0.2270507961511612,,324165.6842105263
114292,,2.0,324169.94736842107
114302,0.22707079350948334,,324212.5789473684
114303,,2.0,324216.84210526315
114313,0.22709079086780548,,324259.4736842105
114314,,2.0,324263.7368421053
114329,0.22711078822612762,,324300.60869565216
114330,,2.0,324303.32608695654
114337,0.22713078558444977,,324322.347826087
114338,,2.0,324325.0652173913
114350,0.2271507829427719,,324357.67391304346
114351,,2.0,324360.39130434784
114361,0.22717078030109406,,324387.5652173913
114362,,2.0,324390.2826086957
114376,0.22718077898025513,,324415.5238095238
114377,,1.0,324417.5714285714
114388,0.2271907776594162,,324440.09523809527
114389,,1.0,324442.14285714284
114396,0.22720077633857727,,324456.4761904762
114397,,1.0,324458.5238095238
114405,0.22721077501773834,,324474.90476190473
114406,,1.0,324476.95238095237
114421,0.22723077237606049,,324508.85365853657
114422,,2.0,324511.34146341466
114429,0.22725076973438263,,324528.756097561
114430,,2.0,324531.243902439
114439,0.22727076709270477,,324553.6341463415
114440,,2.0,324556.1219512195
114448,0.22729076445102692,,324576.0243902439
114449,,2.0,324578.51219512196
114468,0.227300763130188,,324607.7826086957
114469,,1.0,324609.45652173914
114472,0.22731076180934906,,324614.47826086957
114473,,1.0,324616.152173913
114486,0.22732076048851013,,324637.9130434783
114487,,1.0,324639.5869565217
114496,0.2273307591676712,,324654.652173913
114497,,1.0,324656.32608695654
114510,0.22734075784683228,,324679.25
114511,,1.0,324681.375
114517,0.22735075652599335,,324694.125
114518,,1.0,324696.25
114528,0.22736075520515442,,324717.5
114529,,1.0,324719.625
114538,0.2273707538843155,,324738.75
114539,,1.0,324740.875
114555,0.22738075256347656,,324766.5813953488
114556,,1.0,324768.3953488372
114567,0.22739075124263763,,324788.3488372093
114568,,1.0,324790.16279069765
114572,0.2274007499217987,,324797.4186046512
114573,,1.0,324799.23255813954
114583,0.22741074860095978,,324817.37209302327
114584,,1.0,324819.18604651163
114601,0.22741074860095978,,324847.0909090909
114602,,0.0,324848.95454545453
114613,0.22741074860095978,,324869.45454545453
114614,,0.0,324871.3181818182
114621,0.22741074860095978,,324884.36363636365
114622,,0.0,324886.2272727273
114629,0.22741074860095978,,324899.2727272727
114630,,0.0,324901.13636363635
114646,0.22743074595928192,,324935.5
114647,,2.0,324938.0
114659,0.22745074331760406,,324968.0
114660,,2.0,324970.5
114669,0.2274707406759262,,324993.0
114670,,2.0,324995.5
114677,0.22749073803424835,,325013.0
114678,,2.0,325015.5
114692,0.22749073803424835,,325035.3191489362
114693,,0.0,325036.89361702127
114708,0.22749073803424835,,325060.5106382979
114709,,0.0,325062.08510638296
114718,0.22749073803424835,,325076.25531914894
114719,,0.0,325077.829787234
114726,0.22749073803424835,,325088.8510638298
114727,,0.0,325090.42553191487
114747,0.22752073407173157,,325118.36734693876
114748,,3.0,325119.9183673469
114758,0.22755073010921478,,325135.4285714286
114759,,3.0,325136.97959183675
114769,0.227580726146698,,325152.48979591834
114770,,3.0,325154.0408163265
114777,0.2276107221841812,,325164.89795918367
114778,,3.0,325166.44897959183
114799,0.22763071954250336,,325207.6
114800,,2.0,325209.8
114809,0.2276507169008255,,325229.6
114810,,2.0,325231.8
114818,0.22767071425914764,,325249.4
114819,,2.0,325251.6
114829,0.2276907116174698,,325273.6
114830,,2.0,325275.8
114842,0.2276907116174698,,325296.0
114843,,0.0,325298.0
114850,0.2276907116174698,,325312.0
114851,,0.0,325314.0
114856,0.2276907116174698,,325324.0
114857,,0.0,325326.0
114868,0.2276907116174698,,325348.0
114869,,0.0,325350.0
114885,0.22770071029663086,,325376.18604651163
114886,,1.0,325378.0465116279
114893,0.22771070897579193,,325391.06976744183
114894,,1.0,325392.93023255817
114905,0.227720707654953,,325413.3953488372
114906,,1.0,325415.25581395347
114913,0.22773070633411407,,325428.27906976745
114914,,1.0,325430.1395348837
114927,0.22774070501327515,,325450.1395348837
114928,,1.0,325451.9534883721
114937,0.22775070369243622,,325468.27906976745
114938,,1.0,325470.0930232558
114946,0.2277607023715973,,325484.6046511628
114947,,1.0,325486.4186046512
114958,0.22777070105075836,,325506.37209302327
114959,,1.0,325508.18604651163
114977,0.22778069972991943,,325537.95454545453
114978,,1.0,325539.8181818182
114985,0.2277906984090805,,325552.86363636365
114986,,1.0,325554.7272727273
114993,0.22780069708824158,,325567.7727272727
114994,,1.0,325569.63636363635
115004,0.22781069576740265,,325588.2727272727
115005,,1.0,325590.13636363635
115015,0.22781069576740265,,325603.10869565216
115016,,0.0,325604.6956521739
115028,0.22781069576740265,,325623.73913043475
115029,,0.0,325625.32608695654
115037,0.22781069576740265,,325638.02173913043
115038,,0.0,325639.60869565216
115052,0.22781069576740265,,325661.82608695654
115053,,0.0,325663.4130434783
115066,0.22781069576740265,,325683.7804878049
115067,,0.0,325685.65853658534
115073,0.22781069576740265,,325696.9268292683
115074,,0.0,325698.8048780488
115087,0.22781069576740265,,325723.2195121951
115088,,0.0,325725.0975609756
115095,0.22781069576740265,,325738.243902439
115096,,0.0,325740.1219512195
115112,0.22781069576740265,,325764.59523809527
115113,,0.0,325766.3333333333
115124,0.22781069576740265,,325785.45238095237
115125,,0.0,325787.1904761905
115132,0.22781069576740265,,325799.35714285716
115133,,0.0,325801.09523809527
115139,0.22781069576740265,,325811.5238095238
115140,,0.0,325813.2619047619
115152,0.22781069576740265,,325838.0294117647
115153,,0.0,325840.5882352941
115160,0.22781069576740265,,325858.5
115161,,0.0,325861.0588235294
115166,0.22781069576740265,,325873.85294117645
115167,,0.0,325876.4117647059
115175,0.22781069576740265,,325896.8823529412
115176,,0.0,325899.4411764706
115190,0.22782069444656372,,325925.22222222225
115191,,1.0,325927.3333333333
115201,0.2278306931257248,,325948.44444444444
115202,,1.0,325950.55555555556
115212,0.22784069180488586,,325971.6666666667
115213,,1.0,325973.77777777775
115222,0.22785069048404694,,325992.77777777775
115223,,1.0,325994.8888888889
115238,0.227860689163208,,326026.1891891892
115239,,1.0,326028.6216216216
115247,0.22787068784236908,,326048.08108108107
115248,,1.0,326050.5135135135
115254,0.22788068652153015,,326065.1081081081
115255,,1.0,326067.54054054053
115261,0.22789068520069122,,326082.13513513515
115262,,1.0,326084.5675675676
115276,0.2279006838798523,,326107.77777777775
115277,,1.0,326109.6666666667
115284,0.22791068255901337,,326122.8888888889
115285,,1.0,326124.77777777775
115296,0.22792068123817444,,326145.55555555556
115297,,1.0,326147.44444444444
115308,0.2279306799173355,,326168.22222222225
115309,,1.0,326170.1111111111
115324,0.22796067595481873,,326201.6
115325,,3.0,326204.06666666665
115333,0.22799067199230194,,326223.8
115334,,3.0,326226.26666666666
115342,0.22802066802978516,,326246.0
115343,,3.0,326248.4666666667
115355,0.22805066406726837,,326278.06666666665
115356,,3.0,326280.5333333333
115374,0.22805066406726837,,326311.875
115375,,0.0,326313.8
115380,0.22805066406726837,,326323.425
115381,,0.0,326325.35
115391,0.22805066406726837,,326344.6
115392,,0.0,326346.525
115397,0.22805066406726837,,326356.15
115398,,0.0,326358.075
115416,0.22807066142559052,,326388.1632653061
115417,,2.0,326390.0408163265
115427,0.22809065878391266,,326408.8163265306
115428,,2.0,326410.693877551
115436,0.2281106561422348,,326425.71428571426
115437,,2.0,326427.5918367347
115448,0.22813065350055695,,326448.2448979592
115449,,2.0,326450.1224489796
115467,0.22814065217971802,,326479.55102040817
115468,,1.0,326481.387755102
115481,0.2281506508588791,,326505.2653061224
115482,,1.0,326507.10204081633
115491,0.22816064953804016,,326523.63265306124
115492,,1.0,326525.4693877551
115499,0.22817064821720123,,326538.32653061225
115500,,1.0,326540.1632653061
115512,0.22819064557552338,,326563.2
115513,,2.0,326565.55555555556
115523,0.22821064293384552,,326589.1111111111
115524,,2.0,326591.4666666667
115534,0.22823064029216766,,326615.02222222224
115535,,2.0,326617.3777777778
115546,0.2282506376504898,,326643.2888888889
115547,,2.0,326645.64444444445
115564,0.2282506376504898,,326672.3333333333
115565,,0.0,326674.0714285714
115571,0.2282506376504898,,326684.5
115572,,0.0,326686.2380952381
115580,0.2282506376504898,,326700.14285714284
115581,,0.0,326701.88095238095
115590,0.2282506376504898,,326717.5238095238
115591,,0.0,326719.2619047619
115603,0.2282506376504898,,326736.85714285716
115604,,0.0,326738.61904761905
115615,0.2282506376504898,,326758.0
115616,,0.0,326759.7619047619
115623,0.2282506376504898,,326772.09523809527
115624,,0.0,326773.85714285716
115634,0.2282506376504898,,326791.4761904762
115635,,0.0,326793.2380952381
115645,0.22827063500881195,,326823.68292682926
115646,,2.0,326827.7804878049
115656,0.2282906323671341,,326868.756097561
115657,,2.0,326872.85365853657
115666,0.22831062972545624,,326909.73170731706
115667,,2.0,326913.8292682927
115677,0.22833062708377838,,326954.8048780488
115678,,2.0,326958.9024390244
115691,0.22833062708377838,,326978.9183673469
115692,,0.0,326980.51020408166
115704,0.22833062708377838,,326999.612244898
115705,,0.0,327001.20408163266
115717,0.22833062708377838,,327020.306122449
115718,,0.0,327021.89795918367
115728,0.22833062708377838,,327037.8163265306
115729,,0.0,327039.4081632653
115746,0.22834062576293945,,327070.75
115747,,1.0,327072.875
115755,0.22835062444210052,,327089.875
115756,,1.0,327092.0
115763,0.2283606231212616,,327106.875
115764,,1.0,327109.0
115778,0.22837062180042267,,327138.75
115779,,1.0,327140.875
115795,0.22840061783790588,,327208.0
115796,,3.0,327213.0
115804,0.2284306138753891,,327253.0
115805,,3.0,327258.0
115810,0.22846060991287231,,327283.0
115811,,3.0,327288.0
115820,0.22849060595035553,,327333.0
115821,,3.0,327338.0
115831,0.2285006046295166,,327360.2
115832,,1.0,327362.65714285715
115844,0.22851060330867767,,327392.14285714284
115845,,1.0,327394.6
115850,0.22852060198783875,,327406.8857142857
115851,,1.0,327409.34285714285
115857,0.22853060066699982,,327424.0857142857
115858,,1.0,327426.54285714286
115874,0.2285405993461609,,327459.83720930235
115875,,1.0,327462.20930232556
115882,0.22855059802532196,,327478.81395348837
115883,,1.0,327481.18604651163
115890,0.22856059670448303,,327497.79069767444
115891,,1.0,327500.16279069765
115902,0.2285705953836441,,327526.25581395347
115903,,1.0,327528.62790697673
115915,0.22860059142112732,,327547.71428571426
115916,,3.0,327549.5714285714
115924,0.22863058745861053,,327564.4285714286
115925,,3.0,327566.28571428574
115932,0.22866058349609375,,327579.28571428574
115933,,3.0,327581.14285714284
115939,0.22869057953357697,,327592.28571428574
115940,,3.0,327594.14285714284
115954,0.22872057557106018,,327617.45
115955,,3.0,327619.4
115963,0.2287505716085434,,327635.0
115964,,3.0,327636.95
115973,0.2287805676460266,,327654.5
115974,,3.0,327656.45
115981,0.22881056368350983,,327670.1
115982,,3.0,327672.05
115994,0.22883056104183197,,327701.0
115995,,2.0,327704.0
116003,0.2288505584001541,,327728.0
116004,,2.0,327731.0
116015,0.22887055575847626,,327764.0
116016,,2.0,327767.0
116019,0.2288905531167984,,327776.0
116020,,2.0,327779.0
116036,0.22890055179595947,,327805.5813953488
116037,,1.0,327807.3953488372
116043,0.22891055047512054,,327818.27906976745
116044,,1.0,327820.0930232558
116052,0.22892054915428162,,327834.6046511628
116053,,1.0,327836.4186046512
116064,0.2289305478334427,,327856.37209302327
116065,,1.0,327858.18604651163
116085,0.2289605438709259,,327887.27906976745
116086,,3.0,327888.88372093026
116094,0.22899053990840912,,327901.72093023255
116095,,3.0,327903.32558139536
116101,0.22902053594589233,,327912.9534883721
116102,,3.0,327914.5581395349
116109,0.22905053198337555,,327925.79069767444
116110,,3.0,327927.3953488372
116127,0.22906053066253662,,327958.62790697673
116128,,1.0,327960.74418604653
116136,0.2290705293416977,,327977.67441860464
116137,,1.0,327979.79069767444
116146,0.22908052802085876,,327998.83720930235
116147,,1.0,328000.9534883721
116154,0.22909052670001984,,328015.76744186046
116155,,1.0,328017.88372093026
116171,0.22909052670001984,,328039.63265306124
116172,,0.0,328041.14285714284
116180,0.22909052670001984,,328053.2244897959
116181,,0.0,328054.7346938776
116192,0.22909052670001984,,328071.3469387755
116193,,0.0,328072.85714285716
116205,0.22909052670001984,,328090.97959183675
116206,,0.0,328092.48979591834
116229,0.22912052273750305,,328124.0
116230,,3.0,328125.5
116240,0.22915051877498627,,328140.5
116241,,3.0,328142.0
116248,0.22918051481246948,,328152.5
116249,,3.0,328154.0
116255,0.2292105108499527,,328163.0
116256,,3.0,328164.5
116274,0.22923050820827484,,328196.0
116275,,2.0,328198.0
116283,0.22925050556659698,,328214.0
116284,,2.0,328216.0
116294,0.22927050292491913,,328236.0
116295,,2.0,328238.0
116302,0.22929050028324127,,328252.0
116303,,2.0,328254.0
116319,0.22931049764156342,,328294.6904761905
116320,,2.0,328297.6666666667
116329,0.22933049499988556,,328324.45238095237
116330,,2.0,328327.4285714286
116336,0.2293504923582077,,328345.28571428574
116337,,2.0,328348.2619047619
116346,0.22937048971652985,,328375.04761904763
116347,,2.0,328378.0238095238
116362,0.22938048839569092,,328402.488372093
116363,,1.0,328404.27906976745
116372,0.229390487074852,,328420.3953488372
116373,,1.0,328422.18604651163
116383,0.22940048575401306,,328440.0930232558
116384,,1.0,328441.88372093026
116391,0.22941048443317413,,328454.4186046512
116392,,1.0,328456.20930232556
116411,0.22944048047065735,,328479.42372881353
116412,,3.0,328480.76271186443
116426,0.22947047650814056,,328499.5084745763
116427,,3.0,328500.8474576271
116438,0.22950047254562378,,328515.57627118647
116439,,3.0,328516.9152542373
116452,0.229530468583107,,328534.3220338983
116453,,3.0,328535.66101694916
116464,0.229530468583107,,328551.9743589744
116465,,0.0,328553.8461538461
116474,0.229530468583107,,328570.6923076923
116475,,0.0,328572.5641025641
116483,0.229530468583107,,328587.53846153844
116484,,0.0,328589.41025641025
116493,0.229530468583107,,328606.25641025644
116494,,0.0,328608.1282051282
116508,0.22954046726226807,,328631.52173913043
116509,,1.0,328633.47826086957
116518,0.22955046594142914,,328651.0869565217
116519,,1.0,328653.04347826086
116530,0.2295604646205902,,328674.5652173913
116531,,1.0,328676.52173913043
116541,0.22957046329975128,,328696.0869565217
116542,,1.0,328698.04347826086
116557,0.22959046065807343,,328739.71428571426
116558,,2.0,328743.0238095238
116565,0.22961045801639557,,328766.1904761905
116566,,2.0,328769.5
116573,0.2296304553747177,,328792.6666666667
116574,,2.0,328795.9761904762
116585,0.22965045273303986,,328832.38095238095
116586,,2.0,328835.6904761905
116603,0.22968044877052307,,328889.9090909091
116604,,3.0,328893.54545454547
116620,0.2297104448080063,,328951.7272727273
116621,,3.0,328955.36363636365
116633,0.2297404408454895,,328999.0
116634,,3.0,329002.63636363635
116642,0.22977043688297272,,329031.7272727273
116643,,3.0,329035.36363636365
116660,0.2297804355621338,,329063.95652173914
116661,,1.0,329065.73913043475
116670,0.22979043424129486,,329081.7826086957
116671,,1.0,329083.5652173913
116679,0.22980043292045593,,329097.82608695654
116680,,1.0,329099.60869565216
116690,0.229810431599617,,329117.4347826087
116691,,1.0,329119.2173913043
116705,0.22983042895793915,,329151.0208333333
116706,,2.0,329153.75
116717,0.2298504263162613,,329183.7708333333
116718,,2.0,329186.5
116727,0.22987042367458344,,329211.0625
116728,,2.0,329213.7916666667
116740,0.22989042103290558,,329246.5416666667
116741,,2.0,329249.2708333333
116754,0.22991041839122772,,329282.0
116755,,2.0,329285.0
116764,0.22993041574954987,,329312.0
116765,,2.0,329315.0
116770,0.229950413107872,,329330.0
116771,,2.0,329333.0
116779,0.22997041046619415,,329357.0
116780,,2.0,329360.0
116799,0.22998040914535522,,329391.8
116800,,1.0,329393.6
116807,0.2299904078245163,,329406.2
116808,,1.0,329408.0
116818,0.23000040650367737,,329426.0
116819,,1.0,329427.8
116831,0.23001040518283844,,329449.4
116832,,1.0,329451.2
116855,0.23003040254116058,,329502.4117647059
116856,,2.0,329504.8823529412
116861,0.23005039989948273,,329517.23529411765
116862,,2.0,329519.70588235295
116873,0.23007039725780487,,329546.8823529412
116874,,2.0,329549.35294117645
116884,0.23009039461612701,,329574.0588235294
116885,,2.0,329576.5294117647
116895,0.23010039329528809,,329593.71794871794
116896,,1.0,329595.8205128205
116904,0.23011039197444916,,329612.641025641
116905,,1.0,329614.74358974356
116914,0.23012039065361023,,329633.6666666667
116915,,1.0,329635.76923076925
116925,0.2301303893327713,,329656.7948717949
116926,,1.0,329658.89743589744
116938,0.23014038801193237,,329681.25
116939,,1.0,329683.5
116950,0.23015038669109344,,329708.25
116951,,1.0,329710.5
116959,0.23016038537025452,,329728.5
116960,,1.0,329730.75
116971,0.2301703840494156,,329755.5
116972,,1.0,329757.75
116984,0.23018038272857666,,329776.1590909091
116985,,1.0,329777.95454545453
116994,0.23019038140773773,,329794.11363636365
116995,,1.0,329795.9090909091
117006,0.2302003800868988,,329815.6590909091
117007,,1.0,329817.45454545453
117017,0.23021037876605988,,329835.4090909091
117018,,1.0,329837.20454545453
117029,0.23023037612438202,,329865.3829787234
117030,,2.0,329868.6808510638
117040,0.23025037348270416,,329901.6595744681
117041,,2.0,329904.9574468085
117054,0.2302703708410263,,329947.829787234
117055,,2.0,329951.12765957444
117066,0.23029036819934845,,329987.40425531915
117067,,2.0,329990.7021276596
117087,0.23030036687850952,,330020.71428571426
117088,,1.0,330022.28571428574
117102,0.2303103655576706,,330044.28571428574
117103,,1.0,330045.85714285716
117110,0.23032036423683167,,330056.85714285716
117111,,1.0,330058.4285714286
117117,0.23033036291599274,,330067.85714285716
117118,,1.0,330069.4285714286
117136,0.23033036291599274,,330094.125
117137,,0.0,330095.6666666667
117144,0.23033036291599274,,330106.4583333333
117145,,0.0,330108.0
117155,0.23033036291599274,,330123.4166666667
117156,,0.0,330124.9583333333
117167,0.23033036291599274,,330141.9166666667
117168,,0.0,330143.4583333333
117181,0.23035036027431488,,330171.8292682927
117182,,2.0,330174.51219512196
117193,0.23037035763263702,,330204.0243902439
117194,,2.0,330206.7073170732
117202,0.23039035499095917,,330228.1707317073
117203,,2.0,330230.85365853657
117210,0.2304103523492813,,330249.6341463415
117211,,2.0,330252.31707317074
117227,0.23043034970760345,,330286.3695652174
117228,,2.0,330288.7826086957
117240,0.2304503470659256,,330317.73913043475
117241,,2.0,330320.152173913
117247,0.23047034442424774,,330334.6304347826
117248,,2.0,330337.04347826086
117258,0.23049034178256989,,330361.17391304346
117259,,2.0,330363.5869565217
117272,0.23050034046173096,,330387.2195121951
117273,,1.0,330389.34146341466
117280,0.23051033914089203,,330404.1951219512
117281,,1.0,330406.31707317074
117291,0.2305203378200531,,330427.53658536583
117292,,1.0,330429.65853658534
117301,0.23053033649921417,,330448.756097561
117302,,1.0,330450.8780487805
117314,0.2305603325366974,,330470.35714285716
117315,,3.0,330472.28571428574
117324,0.2305903285741806,,330489.64285714284
117325,,3.0,330491.5714285714
117333,0.23062032461166382,,330507.0
117334,,3.0,330508.9285714286
117345,0.23065032064914703,,330530.14285714284
117346,,3.0,330532.0714285714
117362,0.23068031668663025,,330552.43636363634
117363,,3.0,330553.85454545455
117375,0.23071031272411346,,330570.87272727274
117376,,3.0,330572.2909090909
117386,0.23074030876159668,,330586.4727272727
117387,,3.0,330587.89090909093
117402,0.2307703047990799,,330609.16363636364
117403,,3.0,330610.58181818185
117422,0.2308003008365631,,330635.3846153846
117423,,3.0,330636.8461538461
117434,0.23083029687404633,,330652.92307692306
117435,,3.0,330654.3846153846
117443,0.23086029291152954,,330666.07692307694
117444,,3.0,330667.53846153844
117456,0.23089028894901276,,330685.07692307694
117457,,3.0,330686.53846153844
117469,0.23092028498649597,,330704.28571428574
117470,,3.0,330706.09523809527
117477,0.2309502810239792,,330718.7619047619
117478,,3.0,330720.5714285714
117486,0.2309802770614624,,330735.04761904763
117487,,3.0,330736.85714285716
117500,0.23101027309894562,,330760.38095238095
117501,,3.0,330762.1904761905
117517,0.2310202717781067,,330800.14634146343
117518,,1.0,330802.9268292683
117524,0.23103027045726776,,330819.60975609755
117525,,1.0,330822.39024390245
117533,0.23104026913642883,,330844.6341463415
117534,,1.0,330847.4146341463
117543,0.2310502678155899,,330872.43902439025
117544,,1.0,330875.2195121951
117562,0.23107026517391205,,330909.91489361704
117563,,2.0,330912.0425531915
117574,0.2310902625322342,,330935.44680851063
117575,,2.0,330937.57446808513
117580,0.23111025989055634,,330948.21276595746
117581,,2.0,330950.3404255319
117592,0.23113025724887848,,330973.74468085106
117593,,2.0,330975.87234042556
117608,0.23115025460720062,,330997.4666666667
117609,,2.0,330999.0888888889
117620,0.23117025196552277,,331016.93333333335
117621,,2.0,331018.55555555556
117629,0.2311902493238449,,331031.5333333333
117630,,2.0,331033.15555555554
117639,0.23121024668216705,,331047.7555555556
117640,,2.0,331049.3777777778
117656,0.2312302440404892,,331085.0888888889
117657,,2.0,331087.7111111111
117667,0.23125024139881134,,331113.93333333335
117668,,2.0,331116.55555555556
117679,0.23127023875713348,,331145.4
117680,,2.0,331148.02222222224
117686,0.23129023611545563,,331163.7555555556
117687,,2.0,331166.3777777778
117706,0.23129023611545563,,331193.6666666667
117707,,0.0,331195.2083333333
117714,0.23129023611545563,,331206.0
117715,,0.0,331207.5416666667
117726,0.23129023611545563,,331224.5
117727,,0.0,331226.0416666667
117736,0.23129023611545563,,331239.9166666667
117737,,0.0,331241.4583333333
117752,0.23131023347377777,,331269.85714285716
117753,,2.0,331272.09523809527
117762,0.23133023083209991,,331292.2380952381
117763,,2.0,331294.4761904762
117769,0.23135022819042206,,331307.90476190473
117770,,2.0,331310.14285714284
117780,0.2313702255487442,,331332.5238095238
117781,,2.0,331334.7619047619
117796,0.23138022422790527,,331355.5
117797,,1.0,331357.0416666667
117808,0.23139022290706635,,331374.0
117809,,1.0,331375.5416666667
117821,0.23140022158622742,,331394.0416666667
117822,,1.0,331395.5833333333
117830,0.2314102202653885,,331407.9166666667
117831,,1.0,331409.4583333333
117843,0.23142021894454956,,331427.71428571426
117844,,1.0,331429.5714285714
117852,0.23143021762371063,,331444.4285714286
117853,,1.0,331446.28571428574
117861,0.2314402163028717,,331461.14285714284
117862,,1.0,331463.0
117874,0.23145021498203278,,331485.28571428574
117875,,1.0,331487.14285714284
117887,0.23146021366119385,,331518.84210526315
117888,,1.0,331522.15789473685
117898,0.23147021234035492,,331555.3157894737
117899,,1.0,331558.63157894736
117904,0.231480211019516,,331575.2105263158
117905,,1.0,331578.5263157895
117914,0.23149020969867706,,331608.36842105264
117915,,1.0,331611.6842105263
117929,0.2315102070569992,,331657.1219512195
117930,,2.0,331660.9512195122
117940,0.23153020441532135,,331699.243902439
117941,,2.0,331703.0731707317
117946,0.2315502017736435,,331722.2195121951
117947,,2.0,331726.0487804878
117957,0.23157019913196564,,331764.34146341466
117958,,2.0,331768.1707317073
117971,0.2315801978111267,,331801.0
117972,,1.0,331803.9
117982,0.23159019649028778,,331832.9
117983,,1.0,331835.8
117988,0.23160019516944885,,331850.3
117989,,1.0,331853.2
117999,0.23161019384860992,,331882.2
118000,,1.0,331885.1
118015,0.231620192527771,,331911.72093023255
118016,,1.0,331913.6976744186
118024,0.23163019120693207,,331929.511627907
118025,,1.0,331931.488372093
118035,0.23164018988609314,,331951.25581395347
118036,,1.0,331953.23255813954
118044,0.2316501885652542,,331969.0465116279
118045,,1.0,331971.0232558139
118063,0.23168018460273743,,332008.76923076925
118064,,3.0,332011.1538461539
118073,0.23171018064022064,,332032.6153846154
118074,,3.0,332035.0
118087,0.23174017667770386,,332066.0
118088,,3.0,332068.3846153846
118098,0.23177017271518707,,332092.23076923075
118099,,3.0,332094.6153846154
118117,0.2318001687526703,,332141.7
118118,,3.0,332144.68
118125,0.2318301647901535,,332165.54
118126,,3.0,332168.52
118137,0.23186016082763672,,332201.3
118138,,3.0,332204.28
118150,0.23189015686511993,,332240.04
118151,,3.0,332243.02
118167,0.23189015686511993,,332266.0416666667
118168,,0.0,332267.5833333333
118176,0.23189015686511993,,332279.9166666667
118177,,0.0,332281.4583333333
118185,0.23189015686511993,,332293.7916666667
118186,,0.0,332295.3333333333
118200,0.23189015686511993,,332316.9166666667
118201,,0.0,332318.4583333333
118217,0.231900155544281,,332347.9117647059
118218,,1.0,332350.0588235294
118224,0.23191015422344208,,332362.9411764706
118225,,1.0,332365.0882352941
118230,0.23192015290260315,,332375.82352941175
118231,,1.0,332377.9705882353
118236,0.23193015158176422,,332388.70588235295
118237,,1.0,332390.85294117645
118256,0.23195014894008636,,332433.8888888889
118257,,2.0,332436.44444444444
118267,0.2319701462984085,,332462.0
118268,,2.0,332464.55555555556
118274,0.23199014365673065,,332479.8888888889
118275,,2.0,332482.44444444444
118283,0.2320101410150528,,332502.8888888889
118284,,2.0,332505.44444444444
118298,0.23203013837337494,,332531.4347826087
118299,,2.0,332533.5652173913
118305,0.23205013573169708,,332546.347826087
118306,,2.0,332548.47826086957
118320,0.23207013309001923,,332578.3043478261
118321,,2.0,332580.4347826087
118331,0.23209013044834137,,332601.73913043475
118332,,2.0,332603.8695652174
118350,0.23210012912750244,,332629.2978723404
118351,,1.0,332630.8510638298
118360,0.2321101278066635,,332644.829787234
118361,,1.0,332646.3829787234
118373,0.23212012648582458,,332665.02127659577
118374,,1.0,332666.57446808513
118380,0.23213012516498566,,332675.89361702127
118381,,1.0,332677.44680851063
118392,0.23214012384414673,,332695.4210526316
118393,,1.0,332697.4736842105
118403,0.2321501225233078,,332718.0
118404,,1.0,332720.05263157893
118410,0.23216012120246887,,332732.36842105264
118411,,1.0,332734.4210526316
118420,0.23217011988162994,,332752.8947368421
118421,,1.0,332754.94736842107
118438,0.23220011591911316,,332779.85714285716
118439,,3.0,332781.48979591834
118448,0.23223011195659637,,332796.1836734694
118449,,3.0,332797.8163265306
118459,0.2322601079940796,,332814.14285714284
118460,,3.0,332815.7755102041
118471,0.2322901040315628,,332833.7346938776
118472,,3.0,332835.36734693876
118483,0.23230010271072388,,332851.9090909091
118484,,1.0,332853.7727272727
118498,0.23231010138988495,,332879.86363636365
118499,,1.0,332881.7272727273
118507,0.23232010006904602,,332896.63636363635
118508,,1.0,332898.5
118517,0.2323300987482071,,332915.2727272727
118518,,1.0,332917.13636363635
118533,0.23235009610652924,,332949.7826086957
118534,,2.0,332952.347826087
118542,0.23237009346485138,,332972.8695652174
118543,,2.0,332975.4347826087
118554,0.23239009082317352,,333003.652173913
118555,,2.0,333006.2173913043
118565,0.23241008818149567,,333031.8695652174
118566,,2.0,333034.4347826087
118589,0.23241008818149567,,333065.46153846156
118590,,0.0,333066.8846153846
118596,0.23241008818149567,,333075.42307692306
118597,,0.0,333076.8461538461
118608,0.23241008818149567,,333092.5
118609,,0.0,333093.92307692306
118619,0.23241008818149567,,333108.1538461539
118620,,0.0,333109.57692307694
118638,0.23242008686065674,,333138.0731707317
118639,,1.0,333139.8780487805
118647,0.2324300855398178,,333154.31707317074
118648,,1.0,333156.1219512195
118655,0.23244008421897888,,333168.756097561
118656,,1.0,333170.56097560975
118662,0.23245008289813995,,333181.39024390245
118663,,1.0,333183.1951219512
118678,0.23245008289813995,,333206.9
118679,,0.0,333208.725
118686,0.23245008289813995,,333221.5
118687,,0.0,333223.325
118692,0.23245008289813995,,333232.45
118693,,0.0,333234.275
118704,0.23245008289813995,,333254.35
118705,,0.0,333256.175
118723,0.23248007893562317,,333282.28571428574
118724,,3.0,333283.90476190473
118729,0.23251007497310638,,333292.0
118730,,3.0,333293.61904761905
118739,0.2325400710105896,,333308.1904761905
118740,,3.0,333309.8095238095
118748,0.23257006704807281,,333322.7619047619
118749,,3.0,333324.38095238095
118763,0.23259006440639496,,333381.3142857143
118764,,2.0,333386.34285714285
118769,0.2326100617647171,,333411.4857142857
118770,,2.0,333416.5142857143
118776,0.23263005912303925,,333446.6857142857
118777,,2.0,333451.71428571426
118785,0.2326500564813614,,333491.9428571428
118786,,2.0,333496.97142857144
118799,0.2326800525188446,,333522.8695652174
118800,,3.0,333524.95652173914
118809,0.23271004855632782,,333543.73913043475
118810,,3.0,333545.82608695654
118821,0.23274004459381104,,333568.7826086957
118822,,3.0,333570.8695652174
118833,0.23277004063129425,,333593.82608695654
118834,,3.0,333595.9130434783
118850,0.23278003931045532,,333620.6808510638
118851,,1.0,333622.42553191487
118862,0.2327900379896164,,333641.6170212766
118863,,1.0,333643.3617021277
118870,0.23280003666877747,,333655.57446808513
118871,,1.0,333657.3191489362
118882,0.23281003534793854,,333676.5106382979
118883,,1.0,333678.25531914894
118899,0.23284003138542175,,333703.63636363635
118900,,3.0,333705.45454545453
118906,0.23287002742290497,,333716.36363636365
118907,,3.0,333718.1818181818
118914,0.23290002346038818,,333730.9090909091
118915,,3.0,333732.7272727273
118928,0.2329300194978714,,333756.36363636365
118929,,3.0,333758.1818181818
118942,0.2329300194978714,,333775.5319148936
118943,,0.0,333777.08510638296
118956,0.2329300194978714,,333797.27659574465
118957,,0.0,333798.829787234
118966,0.2329300194978714,,333812.8085106383
118967,,0.0,333814.3617021277
118977,0.2329300194978714,,333829.89361702127
118978,,0.0,333831.44680851063
118993,0.23296001553535461,,333860.3191489362
118994,,3.0,333862.59574468085
119005,0.23299001157283783,,333887.6382978723
119006,,3.0,333889.91489361704
119016,0.23302000761032104,,333912.6808510638
119017,,3.0,333914.9574468085
119026,0.23305000364780426,,333935.44680851063
119027,,3.0,333937.72340425535
119042,0.23306000232696533,,333961.2727272727
119043,,1.0,333963.04545454547
119051,0.2330700010061264,,333977.2272727273
119052,,1.0,333979.0
119057,0.23307999968528748,,333987.86363636365
119058,,1.0,333989.63636363635
119072,0.23308999836444855,,334014.45454545453
119073,,1.0,334016.2272727273
119087,0.23311999440193176,,334053.4146341463
119088,,3.0,334056.6341463415
119097,0.23314999043941498,,334085.60975609755
119098,,3.0,334088.8292682927
119104,0.2331799864768982,,334108.14634146343
119105,,3.0,334111.3658536585
119115,0.2332099825143814,,334143.56097560975
119116,,3.0,334146.7804878049
119133,0.23322997987270355,,334196.9
119134,,2.0,334200.25
119140,0.2332499772310257,,334220.35
119141,,2.0,334223.7
119151,0.23326997458934784,,334257.2
119152,,2.0,334260.55
119157,0.23328997194766998,,334277.3
119158,,2.0,334280.65
119170,0.23330996930599213,,334300.9024390244
119171,,2.0,334302.7804878049
119177,0.23332996666431427,,334314.0487804878
119178,,2.0,334315.9268292683
119191,0.2333499640226364,,334340.34146341466
119192,,2.0,334342.2195121951
119200,0.23336996138095856,,334357.243902439
119201,,2.0,334359.1219512195
119219,0.2333899587392807,,334386.6666666667
119220,,2.0,334388.3777777778
119231,0.23340995609760284,,334407.2
119232,,2.0,334408.9111111111
119239,0.233429953455925,,334420.8888888889
119240,,2.0,334422.6
119247,0.23344995081424713,,334434.5777777778
119248,,2.0,334436.2888888889
119265,0.2334599494934082,,334463.5111111111
119266,,1.0,334465.3333333333
119274,0.23346994817256927,,334479.9111111111
119275,,1.0,334481.73333333334
119282,0.23347994685173035,,334494.4888888889
119283,,1.0,334496.31111111114
119294,0.23348994553089142,,334516.35555555555
119295,,1.0,334518.1777777778
119310,0.2334999442100525,,334546.1538461539
119311,,1.0,334548.3333333333
119320,0.23350994288921356,,334567.9487179487
119321,,1.0,334570.1282051282
119326,0.23351994156837463,,334581.0256410256
119327,,1.0,334583.2051282051
119335,0.2335299402475357,,334600.641025641
119336,,1.0,334602.8205128205
119352,0.23354993760585785,,334632.5294117647
119353,,2.0,334634.64705882355
119363,0.23356993496418,,334655.82352941175
119364,,2.0,334657.9411764706
119377,0.23358993232250214,,334685.4705882353
119378,,2.0,334687.5882352941
119388,0.23360992968082428,,334708.76470588235
119389,,2.0,334710.8823529412
119402,0.23362992703914642,,334742.0
119403,,2.0,334744.9
119413,0.23364992439746857,,334773.9
119414,,2.0,334776.8
119424,0.2336699217557907,,334805.8
119425,,2.0,334808.7
119430,0.23368991911411285,,334823.2
119431,,2.0,334826.1
119448,0.23368991911411285,,334851.52173913043
119449,,0.0,334853.1304347826
119459,0.23368991911411285,,334869.2173913043
119460,,0.0,334870.82608695654
119467,0.23368991911411285,,334882.0869565217
119468,,0.0,334883.6956521739
119478,0.23368991911411285,,334899.7826086957
119479,,0.0,334901.39130434784
119490,0.23369991779327393,,334918.5789473684
119491,,1.0,334920.5263157895
119501,0.233709916472435,,334940.0
119502,,1.0,334941.94736842107
119509,0.23371991515159607,,334955.5789473684
119510,,1.0,334957.5263157895
119518,0.23372991383075714,,334973.1052631579
119519,,1.0,334975.05263157893
119534,0.2337399125099182,,334994.4117647059
119535,,1.0,334995.862745098
119545,0.23374991118907928,,335010.3725490196
119546,,1.0,335011.82352941175
119557,0.23375990986824036,,335027.7843137255
119558,,1.0,335029.23529411765
119571,0.23376990854740143,,335048.09803921566
119572,,1.0,335049.54901960783
119585,0.2337799072265625,,335067.95652173914
119586,,1.0,335069.652173913
119601,0.23378990590572357,,335095.0869565217
119602,,1.0,335096.7826086957
119609,0.23379990458488464,,335108.652173913
119610,,1.0,335110.347826087
119619,0.23380990326404572,,335125.60869565216
119620,,1.0,335127.3043478261
119633,0.23382990062236786,,335148.3181818182
119634,,2.0,335150.25
119644,0.23384989798069,,335169.5681818182
119645,,2.0,335171.5
119658,0.23386989533901215,,335196.61363636365
119659,,2.0,335198.54545454547
119665,0.2338898926973343,,335210.13636363635
119666,,2.0,335212.0681818182
119679,0.23390989005565643,,335239.1515151515
119680,,2.0,335241.6666666667
119688,0.23392988741397858,,335261.7878787879
119689,,2.0,335264.30303030304
119695,0.23394988477230072,,335279.3939393939
119696,,2.0,335281.9090909091
119700,0.23396988213062286,,335291.9696969697
119701,,2.0,335294.48484848486
119714,0.23396988213062286,,335318.14285714284
119715,,0.0,335320.2571428571
119721,0.23396988213062286,,335332.9428571428
119722,,0.0,335335.0571428572
119728,0.23396988213062286,,335347.7428571429
119729,,0.0,335349.85714285716
119737,0.23396988213062286,,335366.77142857143
119738,,0.0,335368.8857142857
119751,0.23397988080978394,,335389.2978723404
119752,,1.0,335391.12765957444
119763,0.233989879488945,,335411.25531914894
119764,,1.0,335413.08510638296
119777,0.23399987816810608,,335436.87234042556
119778,,1.0,335438.7021276596
119786,0.23400987684726715,,335453.3404255319
119787,,1.0,335455.170212766
119803,0.23400987684726715,,335478.5681818182
119804,,0.0,335480.2272727273
119813,0.23400987684726715,,335495.1590909091
119814,,0.0,335496.8181818182
119821,0.23400987684726715,,335508.4318181818
119822,,0.0,335510.0909090909
119832,0.23400987684726715,,335526.6818181818
119833,,0.0,335528.3409090909
119850,0.2340298742055893,,335561.2083333333
119851,,2.0,335563.4375
119861,0.23404987156391144,,335585.7291666667
119862,,2.0,335587.9583333333
119872,0.23406986892223358,,335610.25
119873,,2.0,335612.4791666667
119882,0.23408986628055573,,335632.5416666667
119883,,2.0,335634.7708333333
119898,0.23410986363887787,,335675.5714285714
119899,,2.0,335678.78571428574
119906,0.2341298609972,,335701.28571428574
119907,,2.0,335704.5
119916,0.23414985835552216,,335733.4285714286
119917,,2.0,335736.64285714284
119926,0.2341698557138443,,335765.5714285714
119927,,2.0,335768.78571428574
119942,0.2341698557138443,,335793.76744186046
119943,,0.0,335795.5813953488
119950,0.2341698557138443,,335808.27906976745
119951,,0.0,335810.0930232558
119962,0.2341698557138443,,335830.0465116279
119963,,0.0,335831.8604651163
119971,0.2341698557138443,,335846.37209302327
119972,,0.0,335848.18604651163
119985,0.23419985175132751,,335898.7804878049
119986,,3.0,335903.65853658534
119994,0.23422984778881073,,335942.68292682926
119995,,3.0,335947.56097560975
120002,0.23425984382629395,,335981.7073170732
120003,,3.0,335986.5853658537
120014,0.23428983986377716,,336040.243902439
120015,,3.0,336045.1219512195
120029,0.23429983854293823,,336067.6956521739
120030,,1.0,336069.3043478261
120041,0.2343098372220993,,336087.0
120042,,1.0,336088.60869565216
120052,0.23431983590126038,,336104.6956521739
120053,,1.0,336106.3043478261
120062,0.23432983458042145,,336120.7826086957
120063,,1.0,336122.39130434784
120079,0.23432983458042145,,336143.36734693876
120080,,0.0,336144.85714285716
120090,0.23432983458042145,,336159.7551020408
120091,,0.0,336161.2448979592
120100,0.23432983458042145,,336174.6530612245
120101,,0.0,336176.14285714284
120113,0.23432983458042145,,336194.02040816325
120114,,0.0,336195.51020408166
120127,0.2343498319387436,,336216.8
120128,,2.0,336218.78
120139,0.23436982929706573,,336240.56
120140,,2.0,336242.54
120155,0.23438982665538788,,336272.24
120156,,2.0,336274.22
120165,0.23440982401371002,,336292.04
120166,,2.0,336294.02
120180,0.23442982137203217,,336319.925
120181,,2.0,336322.1
120190,0.2344498187303543,,336341.675
120191,,2.0,336343.85
120200,0.23446981608867645,,336363.425
120201,,2.0,336365.6
120207,0.2344898134469986,,336378.65
120208,,2.0,336380.825
120221,0.2345198094844818,,336403.8108108108
120222,,3.0,336405.8918918919
120228,0.23454980552196503,,336418.3783783784
120229,,3.0,336420.45945945947
120238,0.23457980155944824,,336439.1891891892
120239,,3.0,336441.2702702703
120246,0.23460979759693146,,336455.8378378378
120247,,3.0,336457.91891891893
120263,0.23460979759693146,,336483.04545454547
120264,,0.0,336484.8181818182
120272,0.23460979759693146,,336499.0
120273,,0.0,336500.7727272727
120282,0.23460979759693146,,336516.7272727273
120283,,0.0,336518.5
120292,0.23460979759693146,,336534.45454545453
120293,,0.0,336536.2272727273
120308,0.23463979363441467,,336593.81395348837
120309,,3.0,336598.4651162791
120319,0.2346697896718979,,336644.9767441861
120320,,3.0,336649.62790697673
120328,0.2346997857093811,,336686.83720930235
120329,,3.0,336691.488372093
120337,0.23472978174686432,,336728.6976744186
120338,,3.0,336733.3488372093
120355,0.23474977910518646,,336773.875
120356,,2.0,336776.4375
120368,0.2347697764635086,,336807.1875
120369,,2.0,336809.75
120377,0.23478977382183075,,336830.25
120378,,2.0,336832.8125
120387,0.2348097711801529,,336855.875
120388,,2.0,336858.4375
120399,0.23481976985931396,,336877.7111111111
120400,,1.0,336879.8
120411,0.23482976853847504,,336902.77777777775
120412,,1.0,336904.86666666664
120423,0.2348397672176361,,336927.84444444446
120424,,1.0,336929.93333333335
120434,0.23484976589679718,,336950.8222222222
120435,,1.0,336952.9111111111
120452,0.2348797619342804,,336969.0
120453,,3.0,336970.0
120464,0.2349097579717636,,336981.0
120465,,3.0,336982.0
120473,0.23493975400924683,,336990.0
120474,,3.0,336991.0
120483,0.23496975004673004,,337000.0
120484,,3.0,337001.0
120500,0.2349797487258911,,337037.425
120501,,1.0,337040.15
120509,0.23498974740505219,,337061.95
120510,,1.0,337064.675
120517,0.23499974608421326,,337083.75
120518,,1.0,337086.475
120525,0.23500974476337433,,337105.55
120526,,1.0,337108.275
120542,0.23500974476337433,,337137.3095238095
120543,,0.0,337139.3333333333
120549,0.23500974476337433,,337151.4761904762
120550,,0.0,337153.5
120562,0.23500974476337433,,337177.78571428574
120563,,0.0,337179.8095238095
120569,0.23500974476337433,,337191.95238095237
120570,,0.0,337193.9761904762
120585,0.23502974212169647,,337229.1304347826
120586,,2.0,337231.89130434784
120594,0.23504973948001862,,337253.97826086957
120595,,2.0,337256.73913043475
120604,0.23506973683834076,,337281.5869565217
120605,,2.0,337284.347826087
120617,0.2350897341966629,,337317.47826086957
120618,,2.0,337320.23913043475
120631,0.23509973287582397,,337346.8095238095
120632,,1.0,337349.1904761905
120640,0.23510973155498505,,337368.2380952381
120641,,1.0,337370.61904761905
120649,0.23511973023414612,,337389.6666666667
120650,,1.0,337392.04761904763
120661,0.2351297289133072,,337418.2380952381
120662,,1.0,337420.61904761905
120677,0.2351597249507904,,337473.0
120678,,3.0,337477.1666666667
120689,0.23518972098827362,,337523.0
120690,,3.0,337527.1666666667
120699,0.23521971702575684,,337564.6666666667
120700,,3.0,337568.8333333333
120711,0.23524971306324005,,337614.6666666667
120712,,3.0,337618.8333333333
120724,0.2352697104215622,,337643.14285714284
120725,,2.0,337645.38095238095
120735,0.23528970777988434,,337667.7619047619
120736,,2.0,337670.0
120747,0.23530970513820648,,337694.61904761905
120748,,2.0,337696.85714285716
120755,0.23532970249652863,,337712.5238095238
120756,,2.0,337714.7619047619
120770,0.23535969853401184,,337761.511627907
120771,,3.0,337765.5581395349
120782,0.23538969457149506,,337810.06976744183
120783,,3.0,337814.11627906974
120789,0.23541969060897827,,337838.3953488372
120790,,3.0,337842.4418604651
120800,0.2354496866464615,,337882.9069767442
120801,,3.0,337886.9534883721
120818,0.2354796826839447,,337930.4285714286
120819,,3.0,337933.2448979592
120832,0.23550967872142792,,337969.85714285716
120833,,3.0,337972.67346938775
120840,0.23553967475891113,,337992.387755102
120841,,3.0,337995.20408163266
120851,0.23556967079639435,,338023.36734693876
120852,,3.0,338026.1836734694
120865,0.23557966947555542,,338048.8076923077
120866,,1.0,338050.78846153844
120880,0.2355896681547165,,338078.51923076925
120881,,1.0,338080.5
120893,0.23559966683387756,,338104.26923076925
120894,,1.0,338106.25
120905,0.23560966551303864,,338128.03846153844
120906,,1.0,338130.01923076925
120924,0.23562966287136078,,338171.57446808513
120925,,2.0,338174.21276595746
120933,0.23564966022968292,,338195.3191489362
120934,,2.0,338197.9574468085
120944,0.23566965758800507,,338224.3404255319
120945,,2.0,338226.97872340423
120954,0.2356896549463272,,338250.72340425535
120955,,2.0,338253.3617021277
120968,0.23570965230464935,,338281.95238095237
120969,,2.0,338284.54761904763
120976,0.2357296496629715,,338302.71428571426
120977,,2.0,338305.3095238095
120987,0.23574964702129364,,338331.2619047619
120988,,2.0,338333.85714285716
120998,0.23576964437961578,,338359.8095238095
120999,,2.0,338362.40476190473
121014,0.23578964173793793,,338391.0
121015,,2.0,338393.1666666667
121029,0.23580963909626007,,338423.5
121030,,2.0,338425.6666666667
121036,0.23582963645458221,,338438.6666666667
121037,,2.0,338440.8333333333
121048,0.23584963381290436,,338464.6666666667
121049,,2.0,338466.8333333333
121062,0.23587962985038757,,338511.25
121063,,3.0,338515.475
121069,0.2359096258878708,,338540.825
121070,,3.0,338545.05
121081,0.235939621925354,,338591.525
121082,,3.0,338595.75
121090,0.23596961796283722,,338629.55
121091,,3.0,338633.775
121104,0.23598961532115936,,338666.28571428574
121105,,2.0,338669.1142857143
121112,0.2360096126794815,,338688.9142857143
121113,,2.0,338691.7428571429
121121,0.23602961003780365,,338714.3714285714
121122,,2.0,338717.2
121127,0.2360496073961258,,338731.34285714285
121128,,2.0,338734.17142857146
121145,0.236079603433609,,338750.68888888886
121146,,3.0,338751.6666666667
121154,0.23610959947109222,,338759.4888888889
121155,,3.0,338760.4666666667
121163,0.23613959550857544,,338768.2888888889
121164,,3.0,338769.26666666666
121174,0.23616959154605865,,338779.0444444445
121175,,3.0,338780.02222222224
121194,0.23619958758354187,,338815.24
121195,,3.0,338817.38
121205,0.23622958362102509,,338838.78
121206,,3.0,338840.92
121217,0.2362595796585083,,338864.46
121218,,3.0,338866.6
121226,0.23628957569599152,,338883.72
121227,,3.0,338885.86
121241,0.23631957173347473,,338907.90476190473
121242,,3.0,338909.71428571426
121249,0.23634956777095795,,338922.38095238095
121250,,3.0,338924.1904761905
121261,0.23637956380844116,,338944.09523809527
121262,,3.0,338945.90476190473
121270,0.23640955984592438,,338960.38095238095
121271,,3.0,338962.1904761905
121286,0.23641955852508545,,338987.7272727273
121287,,1.0,338989.70454545453
121295,0.23642955720424652,,339005.5227272727
121296,,1.0,339007.5
121308,0.2364395558834076,,339031.2272727273
121309,,1.0,339033.20454545453
121316,0.23644955456256866,,339047.04545454547
121317,,1.0,339049.0227272727
121327,0.23644955456256866,,339064.63157894736
121328,,0.0,339066.5789473684
121336,0.23644955456256866,,339082.15789473685
121337,,0.0,339084.1052631579
121347,0.23644955456256866,,339103.5789473684
121348,,0.0,339105.5263157895
121356,0.23644955456256866,,339121.1052631579
121357,,0.0,339123.05263157893
121369,0.2364695519208908,,339164.73170731706
121370,,2.0,339169.14634146343
121378,0.23648954927921295,,339204.46341463417
121379,,2.0,339208.8780487805
121386,0.2365095466375351,,339239.7804878049
121387,,2.0,339244.1951219512
121399,0.23652954399585724,,339297.1707317073
121400,,2.0,339301.5853658537
121413,0.23655954003334045,,339334.86363636365
121414,,3.0,339337.75
121426,0.23658953607082367,,339372.38636363635
121427,,3.0,339375.2727272727
121437,0.23661953210830688,,339404.13636363635
121438,,3.0,339407.0227272727
121445,0.2366495281457901,,339427.2272727273
121446,,3.0,339430.11363636365
121456,0.23666952550411224,,339462.75
121457,,2.0,339467.0
121468,0.2366895228624344,,339513.75
121469,,2.0,339518.0
121477,0.23670952022075653,,339552.0
121478,,2.0,339556.25
121483,0.23672951757907867,,339577.5
121484,,2.0,339581.75
121499,0.23672951757907867,,339612.1176470588
121500,,0.0,339614.29411764705
121508,0.23672951757907867,,339631.70588235295
121509,,0.0,339633.8823529412
121513,0.23672951757907867,,339642.5882352941
121514,,0.0,339644.76470588235
121519,0.23672951757907867,,339655.64705882355
121520,,0.0,339657.82352941175
121534,0.23672951757907867,,339679.38095238095
121535,,0.0,339681.14285714284
121543,0.23672951757907867,,339695.2380952381
121544,,0.0,339697.0
121555,0.23672951757907867,,339716.38095238095
121556,,0.0,339718.14285714284
121563,0.23672951757907867,,339730.4761904762
121564,,0.0,339732.2380952381
121580,0.23672951757907867,,339756.90476190473
121581,,0.0,339758.6666666667
121592,0.23672951757907867,,339778.04761904763
121593,,0.0,339779.8095238095
121599,0.23672951757907867,,339790.38095238095
121600,,0.0,339792.14285714284
121607,0.23672951757907867,,339804.4761904762
121608,,0.0,339806.2380952381
121625,0.23673951625823975,,339836.3333333333
121626,,1.0,339838.35714285716
121637,0.23674951493740082,,339860.61904761905
121638,,1.0,339862.64285714284
121645,0.2367595136165619,,339876.8095238095
121646,,1.0,339878.8333333333
121651,0.23676951229572296,,339888.95238095237
121652,,1.0,339890.9761904762
121666,0.23677951097488403,,339911.0888888889
121667,,1.0,339912.73333333334
121674,0.2367895096540451,,339924.2444444444
121675,,1.0,339925.8888888889
121686,0.23679950833320618,,339943.97777777776
121687,,1.0,339945.6222222222
121698,0.23680950701236725,,339963.7111111111
121699,,1.0,339965.35555555555
121714,0.23681950569152832,,339990.47826086957
121715,,1.0,339992.4347826087
121723,0.2368295043706894,,340008.0869565217
121724,,1.0,340010.04347826086
121733,0.23683950304985046,,340027.652173913
121734,,1.0,340029.60869565216
121746,0.23684950172901154,,340053.0869565217
121747,,1.0,340055.04347826086
121764,0.2368595004081726,,340082.09433962265
121765,,1.0,340083.88679245283
121778,0.23686949908733368,,340107.1886792453
121779,,1.0,340108.9811320755
121791,0.23687949776649475,,340130.4905660377
121792,,1.0,340132.28301886795
121801,0.23688949644565582,,340148.41509433964
121802,,1.0,340150.2075471698
121817,0.23690949380397797,,340187.73333333334
121818,,2.0,340190.7111111111
121828,0.2369294911623001,,340220.4888888889
121829,,2.0,340223.4666666667
121837,0.23694948852062225,,340247.2888888889
121838,,2.0,340250.26666666666
121848,0.2369694858789444,,340280.0444444445
121849,,2.0,340283.02222222224
121866,0.23698948323726654,,340342.95454545453
121867,,2.0,340347.0227272727
121875,0.23700948059558868,,340379.5681818182
121876,,2.0,340383.63636363635
121885,0.23702947795391083,,340420.25
121886,,2.0,340424.3181818182
121894,0.23704947531223297,,340456.86363636365
121895,,2.0,340460.9318181818
121914,0.23706947267055511,,340500.649122807
121915,,2.0,340502.8771929825
121926,0.23708947002887726,,340527.3859649123
121927,,2.0,340529.6140350877
121941,0.2371094673871994,,340560.8070175439
121942,,2.0,340563.0350877193
121953,0.23712946474552155,,340587.5438596491
121954,,2.0,340589.77192982455
121966,0.23712946474552155,,340607.488372093
121967,,0.0,340609.20930232556
121974,0.23712946474552155,,340621.25581395347
121975,,0.0,340622.9767441861
121982,0.23712946474552155,,340635.0232558139
121983,,0.0,340636.74418604653
121998,0.23712946474552155,,340662.5581395349
121999,,0.0,340664.27906976745
122015,0.2371494621038437,,340711.1176470588
122016,,2.0,340714.5882352941
122033,0.23716945946216583,,340773.5882352941
122034,,2.0,340777.0588235294
122041,0.23718945682048798,,340801.35294117645
122042,,2.0,340804.82352941175
122051,0.23720945417881012,,340836.0588235294
122052,,2.0,340839.5294117647
122066,0.23722945153713226,,340867.14634146343
122067,,2.0,340869.34146341466
122076,0.2372494488954544,,340889.0975609756
122077,,2.0,340891.2926829268
122087,0.23726944625377655,,340913.243902439
122088,,2.0,340915.43902439025
122094,0.2372894436120987,,340928.60975609755
122095,,2.0,340930.8048780488
122110,0.2372894436120987,,340952.9090909091
122111,,0.0,340954.5681818182
122121,0.2372894436120987,,340971.1590909091
122122,,0.0,340972.8181818182
122132,0.2372894436120987,,340989.4090909091
122133,,0.0,340991.0681818182
122140,0.2372894436120987,,341002.6818181818
122141,,0.0,341004.3409090909
122158,0.23730944097042084,,341052.43902439025
122159,,2.0,341055.756097561
122167,0.23732943832874298,,341082.2926829268
122168,,2.0,341085.60975609755
122174,0.23734943568706512,,341105.51219512196
122175,,2.0,341108.8292682927
122183,0.23736943304538727,,341135.3658536585
122184,,2.0,341138.68292682926
122202,0.23739942908287048,,341183.78571428574
122203,,3.0,341186.5714285714
122211,0.2374294251203537,,341208.85714285716
122212,,3.0,341211.64285714284
122221,0.23745942115783691,,341236.71428571426
122222,,3.0,341239.5
122227,0.23748941719532013,,341253.4285714286
122228,,3.0,341256.21428571426
122244,0.23750941455364227,,341295.97777777776
122245,,2.0,341298.8222222222
122250,0.23752941191196442,,341313.0444444445
122251,,2.0,341315.8888888889
122265,0.23754940927028656,,341355.7111111111
122266,,2.0,341358.55555555556
122274,0.2375694066286087,,341381.31111111114
122275,,2.0,341384.15555555554
122291,0.23759940266609192,,341435.25
122292,,3.0,341438.96153846156
122305,0.23762939870357513,,341487.21153846156
122306,,3.0,341490.92307692306
122315,0.23765939474105835,,341524.32692307694
122316,,3.0,341528.03846153844
122328,0.23768939077854156,,341572.57692307694
122329,,3.0,341576.28846153844
122344,0.23771938681602478,,341631.06382978725
122345,,3.0,341635.3191489362
122351,0.237749382853508,,341660.8510638298
122352,,3.0,341665.10638297873
122366,0.2377793788909912,,341724.6808510638
122367,,3.0,341728.93617021275
122377,0.23780937492847443,,341771.4893617021
122378,,3.0,341775.74468085106
122395,0.23782937228679657,,341809.2727272727
122396,,2.0,341811.36363636365
122404,0.2378493696451187,,341828.0909090909
122405,,2.0,341830.1818181818
122415,0.23786936700344086,,341851.0909090909
122416,,2.0,341853.1818181818
122423,0.237889364361763,,341867.8181818182
122424,,2.0,341869.9090909091
122439,0.237889364361763,,341892.0869565217
122440,,0.0,341893.76086956525
122453,0.237889364361763,,341915.52173913043
122454,,0.0,341917.1956521739
122461,0.237889364361763,,341928.9130434783
122462,,0.0,341930.5869565217
122471,0.237889364361763,,341945.652173913
122472,,0.0,341947.32608695654
122485,0.23790936172008514,,341983.5714285714
122486,,2.0,341987.02857142856
122491,0.2379293590784073,,342004.3142857143
122492,,2.0,342007.77142857143
122500,0.23794935643672943,,342035.4285714286
122501,,2.0,342038.8857142857
122508,0.23796935379505157,,342063.0857142857
122509,,2.0,342066.54285714286
122524,0.23797935247421265,,342097.51219512196
122525,,1.0,342099.8048780488
122534,0.23798935115337372,,342120.43902439025
122535,,1.0,342122.73170731706
122542,0.2379993498325348,,342138.7804878049
122543,,1.0,342141.0731707317
122551,0.23800934851169586,,342159.4146341463
122552,,1.0,342161.7073170732
122566,0.23800934851169586,,342183.5853658537
122567,,0.0,342185.3658536585
122576,0.23800934851169586,,342201.39024390245
122577,,0.0,342203.1707317073
122587,0.23800934851169586,,342220.9756097561
122588,,0.0,342222.756097561
122594,0.23800934851169586,,342233.43902439025
122595,,0.0,342235.2195121951
122604,0.23801934719085693,,342253.875
122605,,1.0,342256.6875
122614,0.238029345870018,,342282.0
122615,,1.0,342284.8125
122622,0.23803934454917908,,342304.5
122623,,1.0,342307.3125
122628,0.23804934322834015,,342321.375
122629,,1.0,342324.1875
122640,0.23805934190750122,,342344.2631578947
122641,,1.0,342346.4210526316
122653,0.2380693405866623,,342372.3157894737
122654,,1.0,342374.4736842105
122661,0.23807933926582336,,342389.5789473684
122662,,1.0,342391.7368421053
122668,0.23808933794498444,,342404.6842105263
122669,,1.0,342406.84210526315
122684,0.2380993366241455,,342430.2727272727
122685,,1.0,342432.04545454547
122694,0.23810933530330658,,342448.0
122695,,1.0,342449.7727272727
122706,0.23811933398246765,,342469.2727272727
122707,,1.0,342471.04545454547
122714,0.23812933266162872,,342483.45454545453
122715,,1.0,342485.2272727273
122726,0.23814933001995087,,342530.55555555556
122727,,2.0,342536.0
122735,0.238169327378273,,342579.55555555556
122736,,2.0,342585.0
122744,0.23818932473659515,,342628.55555555556
122745,,2.0,342634.0
122752,0.2382093220949173,,342672.1111111111
122753,,2.0,342677.55555555556
122768,0.23822931945323944,,342718.2173913043
122769,,2.0,342721.152173913
122781,0.23824931681156158,,342756.3695652174
122782,,2.0,342759.3043478261
122793,0.23826931416988373,,342791.5869565217
122794,,2.0,342794.52173913043
122800,0.23828931152820587,,342812.1304347826
122801,,2.0,342815.0652173913
122815,0.23828931152820587,,342837.18604651163
122816,,0.0,342838.93023255817
122825,0.23828931152820587,,342854.62790697673
122826,,0.0,342856.37209302327
122837,0.23828931152820587,,342875.5581395349
122838,,0.0,342877.3023255814
122845,0.23828931152820587,,342889.511627907
122846,,0.0,342891.25581395347
122862,0.23828931152820587,,342917.375
122863,,0.0,342919.25
122872,0.23828931152820587,,342936.125
122873,,0.0,342938.0
122879,0.23828931152820587,,342949.25
122880,,0.0,342951.125
122887,0.23828931152820587,,342964.25
122888,,0.0,342966.125
122904,0.23828931152820587,,342992.05
122905,,0.0,342993.9
122913,0.23828931152820587,,343008.7
122914,,0.0,343010.55
122922,0.23828931152820587,,343025.35
122923,,0.0,343027.2
122929,0.23828931152820587,,343038.3
122930,,0.0,343040.15
122947,0.2383193075656891,,343063.38181818184
122948,,3.0,343064.9090909091
122960,0.2383493036031723,,343083.2363636364
122961,,3.0,343084.7636363636
122971,0.23837929964065552,,343100.0363636364
122972,,3.0,343101.56363636366
122986,0.23840929567813873,,343122.94545454544
122987,,3.0,343124.4727272727
123001,0.23843929171562195,,343172.39130434784
123002,,3.0,343176.60869565216
123015,0.23846928775310516,,343231.4347826087
123016,,3.0,343235.652173913
123027,0.23849928379058838,,343282.04347826086
123028,,3.0,343286.26086956525
123034,0.2385292798280716,,343311.5652173913
123035,,3.0,343315.7826086957
123053,0.23853927850723267,,343343.75
123054,,1.0,343345.3333333333
123065,0.23854927718639374,,343362.75
123066,,1.0,343364.3333333333
123075,0.2385592758655548,,343378.5833333333
123076,,1.0,343380.1666666667
123084,0.23856927454471588,,343392.8333333333
123085,,1.0,343394.4166666667
123098,0.23858927190303802,,343418.38095238095
123099,,2.0,343420.61904761905
123108,0.23860926926136017,,343440.7619047619
123109,,2.0,343443.0
123118,0.2386292666196823,,343463.14285714284
123119,,2.0,343465.38095238095
123128,0.23864926397800446,,343485.5238095238
123129,,2.0,343487.7619047619
123146,0.2386692613363266,,343532.0
123147,,2.0,343535.0
123155,0.23868925869464874,,343559.0
123156,,2.0,343562.0
123163,0.2387092560529709,,343583.0
123164,,2.0,343586.0
123170,0.23872925341129303,,343604.0
123171,,2.0,343607.0
123186,0.23874925076961517,,343640.1538461539
123187,,2.0,343642.6666666667
123197,0.23876924812793732,,343667.7948717949
123198,,2.0,343670.3076923077
123204,0.23878924548625946,,343685.3846153846
123205,,2.0,343687.89743589744
123211,0.2388092428445816,,343702.9743589744
123212,,2.0,343705.4871794872
123227,0.23882924020290375,,343738.35294117645
123228,,2.0,343740.8823529412
123232,0.2388492375612259,,343751.0
123233,,2.0,343753.5294117647
123238,0.23886923491954803,,343766.17647058825
123239,,2.0,343768.70588235295
123247,0.23888923227787018,,343788.9411764706
123248,,2.0,343791.4705882353
123262,0.23888923227787018,,343812.4893617021
123263,,0.0,343814.170212766
123274,0.23888923227787018,,343832.6595744681
123275,,0.0,343834.3404255319
123282,0.23888923227787018,,343846.10638297873
123283,,0.0,343847.78723404254
123296,0.23888923227787018,,343869.6382978723
123297,,0.0,343871.3191489362
123313,0.23888923227787018,,343895.5333333333
123314,,0.0,343897.26666666666
123321,0.23888923227787018,,343909.4
123322,,0.0,343911.13333333336
123331,0.23888923227787018,,343926.73333333334
123332,,0.0,343928.4666666667
123343,0.23888923227787018,,343947.5333333333
123344,,0.0,343949.26666666666
123359,0.23890922963619232,,343990.8823529412
123360,,2.0,343994.20588235295
123365,0.23892922699451447,,344010.82352941175
123366,,2.0,344014.14705882355
123373,0.2389492243528366,,344037.4117647059
123374,,2.0,344040.73529411765
123379,0.23896922171115875,,344057.35294117645
123380,,2.0,344060.67647058825
123394,0.2389892190694809,,344094.5853658537
123395,,2.0,344097.3658536585
123405,0.23900921642780304,,344125.1707317073
123406,,2.0,344127.9512195122
123415,0.23902921378612518,,344152.9756097561
123416,,2.0,344155.756097561
123422,0.23904921114444733,,344172.43902439025
123423,,2.0,344175.2195121951
123433,0.23904921114444733,,344193.23529411765
123434,,0.0,344195.4117647059
123442,0.23904921114444733,,344212.82352941175
123443,,0.0,344215.0
123449,0.23904921114444733,,344228.0588235294
123450,,0.0,344230.23529411765
123458,0.23904921114444733,,344247.64705882355
123459,,0.0,344249.82352941175
123475,0.2390592098236084,,344278.0
123476,,1.0,344280.0
123488,0.23906920850276947,,344304.0
123489,,1.0,344306.0
123496,0.23907920718193054,,344320.0
123497,,1.0,344322.0
123504,0.2390892058610916,,344336.0
123505,,1.0,344338.0
123519,0.23910920321941376,,344373.6875
123520,,2.0,344376.75
123528,0.2391292005777359,,344401.25
123529,,2.0,344404.3125
123542,0.23914919793605804,,344444.125
123543,,2.0,344447.1875
123554,0.2391691952943802,,344480.875
123555,,2.0,344483.9375
123569,0.23918919265270233,,344515.6511627907
123570,,2.0,344518.25581395347
123580,0.23920919001102448,,344544.3023255814
123581,,2.0,344546.9069767442
123591,0.23922918736934662,,344572.9534883721
123592,,2.0,344575.5581395349
123599,0.23924918472766876,,344593.79069767444
123600,,2.0,344596.3953488372
123611,0.23924918472766876,,344614.6
123612,,0.0,344616.55
123617,0.23924918472766876,,344626.3
123618,,0.0,344628.25
123631,0.23924918472766876,,344653.6
123632,,0.0,344655.55
123641,0.23924918472766876,,344673.1
123642,,0.0,344675.05
123657,0.23924918472766876,,344695.48
123658,,0.0,344697.02
123672,0.23924918472766876,,344718.58
123673,,0.0,344720.12
123685,0.23924918472766876,,344738.6
123686,,0.0,344740.14
123693,0.23924918472766876,,344750.92
123694,,0.0,344752.46
123706,0.23925918340682983,,344772.64285714284
123707,,1.0,344774.71428571426
123713,0.2392691820859909,,344787.14285714284
123714,,1.0,344789.21428571426
123727,0.23927918076515198,,344816.14285714284
123728,,1.0,344818.21428571426
123737,0.23928917944431305,,344836.85714285716
123738,,1.0,344838.9285714286
123752,0.23931917548179626,,344897.41025641025
123753,,3.0,344902.53846153844
123763,0.23934917151927948,,344953.8205128205
123764,,3.0,344958.9487179487
123771,0.2393791675567627,,344994.8461538461
123772,,3.0,344999.9743589744
123778,0.2394091635942459,,345030.74358974356
123779,,3.0,345035.8717948718
123793,0.2394091635942459,,345061.8717948718
123794,,0.0,345063.76923076925
123801,0.2394091635942459,,345077.0512820513
123802,,0.0,345078.9487179487
123812,0.2394091635942459,,345097.92307692306
123813,,0.0,345099.8205128205
123819,0.2394091635942459,,345111.2051282051
123820,,0.0,345113.10256410256
123839,0.23942916095256805,,345154.2727272727
123840,,2.0,345156.7272727273
123853,0.2394491583108902,,345188.63636363635
123854,,2.0,345191.0909090909
123867,0.23946915566921234,,345223.0
123868,,2.0,345225.45454545453
123876,0.23948915302753448,,345245.0909090909
123877,,2.0,345247.54545454547
123892,0.23948915302753448,,345272.28571428574
123893,,0.0,345274.14285714284
123901,0.23948915302753448,,345289.0
123902,,0.0,345290.85714285716
123910,0.23948915302753448,,345305.71428571426
123911,,0.0,345307.5714285714
123920,0.23948915302753448,,345324.28571428574
123921,,0.0,345326.14285714284
123934,0.23949915170669556,,345347.5
123935,,1.0,345349.45
123942,0.23950915038585663,,345363.1
123943,,1.0,345365.05
123952,0.2395191490650177,,345382.6
123953,,1.0,345384.55
123962,0.23952914774417877,,345402.1
123963,,1.0,345404.05
123978,0.239559143781662,,345437.07692307694
123979,,3.0,345439.6666666667
123984,0.2395891398191452,,345452.6153846154
123985,,3.0,345455.2051282051
123996,0.23961913585662842,,345483.6923076923
123997,,3.0,345486.28205128206
124003,0.23964913189411163,,345501.8205128205
124004,,3.0,345504.41025641025
124023,0.2396591305732727,,345534.25925925927
124024,,1.0,345535.962962963
124036,0.23966912925243378,,345556.4074074074
124037,,1.0,345558.1111111111
124048,0.23967912793159485,,345576.85185185185
124049,,1.0,345578.55555555556
124059,0.23968912661075592,,345595.5925925926
124060,,1.0,345597.2962962963
124072,0.23968912661075592,,345614.95454545453
124073,,0.0,345616.7272727273
124080,0.23968912661075592,,345629.13636363635
124081,,0.0,345630.9090909091
124094,0.23968912661075592,,345653.95454545453
124095,,0.0,345655.7272727273
124105,0.23968912661075592,,345673.45454545453
124106,,0.0,345675.2272727273
124120,0.23970912396907806,,345722.9555555555
124121,,2.0,345727.13333333336
124131,0.2397291213274002,,345768.9111111111
124132,,2.0,345773.0888888889
124140,0.23974911868572235,,345806.5111111111
124141,,2.0,345810.68888888886
124152,0.2397691160440445,,345856.64444444445
124153,,2.0,345860.8222222222
124169,0.23977911472320557,,345884.37735849054
124170,,1.0,345885.8679245283
124182,0.23978911340236664,,345903.75471698114
124183,,1.0,345905.24528301886
124194,0.2397991120815277,,345921.641509434
124195,,1.0,345923.1320754717
124207,0.23980911076068878,,345941.0188679245
124208,,1.0,345942.5094339623
124221,0.23982910811901093,,345975.1904761905
124222,,2.0,345978.3095238095
124230,0.23984910547733307,,346003.2619047619
124231,,2.0,346006.38095238095
124241,0.2398691028356552,,346037.5714285714
124242,,2.0,346040.6904761905
124251,0.23988910019397736,,346068.7619047619
124252,,2.0,346071.88095238095
124266,0.2399090975522995,,346105.6976744186
124267,,2.0,346108.488372093
124275,0.23992909491062164,,346130.81395348837
124276,,2.0,346133.6046511628
124285,0.2399490922689438,,346158.72093023255
124286,,2.0,346161.511627907
124296,0.23996908962726593,,346189.4186046512
124297,,2.0,346192.20930232556
124312,0.239979088306427,,346215.93617021275
124313,,1.0,346217.6808510638
124320,0.23998908698558807,,346229.89361702127
124321,,1.0,346231.6382978723
124334,0.23999908566474915,,346254.3191489362
124335,,1.0,346256.06382978725
124345,0.24000908434391022,,346273.5106382979
124346,,1.0,346275.25531914894
124366,0.24000908434391022,,346300.7358490566
124367,,0.0,346302.1320754717
124380,0.24000908434391022,,346320.28301886795
124381,,0.0,346321.679245283
124391,0.24000908434391022,,346335.641509434
124392,,0.0,346337.03773584904
124400,0.24000908434391022,,346348.2075471698
124401,,0.0,346349.6037735849
124420,0.24003908038139343,,346379.8
124421,,3.0,346381.6
124427,0.24006907641887665,,346392.4
124428,,3.0,346394.2
124436,0.24009907245635986,,346408.6
124437,,3.0,346410.4
124447,0.24012906849384308,,346428.4
124448,,3.0,346430.2
124465,0.2401590645313263,,346453.16279069765
124466,,3.0,346454.67441860464
124474,0.2401890605688095,,346466.76744186046
124475,,3.0,346468.27906976745
124483,0.24021905660629272,,346480.37209302327
124484,,3.0,346481.88372093026
124492,0.24024905264377594,,346493.9767441861
124493,,3.0,346495.488372093
124514,0.24024905264377594,,346519.6551724138
124515,,0.0,346520.9137931034
124529,0.24024905264377594,,346538.5344827586
124530,,0.0,346539.7931034483
124544,0.24024905264377594,,346557.4137931034
124545,,0.0,346558.6724137931
124552,0.24024905264377594,,346567.4827586207
124553,,0.0,346568.7413793103
124571,0.240259051322937,,346592.9411764706
124572,,1.0,346594.4705882353
124584,0.24026905000209808,,346612.82352941175
124585,,1.0,346614.35294117645
124594,0.24027904868125916,,346628.1176470588
124595,,1.0,346629.64705882355
124605,0.24028904736042023,,346644.9411764706
124606,,1.0,346646.4705882353
124619,0.24028904736042023,,346668.25641025644
124620,,0.0,346670.28205128206
124632,0.24028904736042023,,346694.58974358975
124633,,0.0,346696.6153846154
124639,0.24028904736042023,,346708.76923076925
124640,,0.0,346710.7948717949
124646,0.24028904736042023,,346722.9487179487
124647,,0.0,346724.9743589744
124661,0.24030904471874237,,346753.125
124662,,2.0,346755.5
124672,0.24032904207706451,,346779.25
124673,,2.0,346781.625
124684,0.24034903943538666,,346807.75
124685,,2.0,346810.125
124696,0.2403690367937088,,346836.25
124697,,2.0,346838.625
124706,0.24038903415203094,,346860.07692307694
124707,,2.0,346863.25641025644
124716,0.2404090315103531,,346891.8717948718
124717,,2.0,346895.0512820513
124726,0.24042902886867523,,346923.6666666667
124727,,2.0,346926.8461538461
124737,0.24044902622699738,,346958.641025641
124738,,2.0,346961.8205128205
124754,0.24045902490615845,,346991.2653061224
124755,,1.0,346993.28571428574
124767,0.24046902358531952,,347017.5306122449
124768,,1.0,347019.55102040817
124779,0.2404790222644806,,347041.7755102041
124780,,1.0,347043.79591836734
124788,0.24048902094364166,,347059.9591836735
124789,,1.0,347061.97959183675
124803,0.24048902094364166,,347083.85365853657
124804,,0.0,347085.65853658534
124814,0.24048902094364166,,347103.7073170732
124815,,0.0,347105.51219512196
124823,0.24048902094364166,,347119.9512195122
124824,,0.0,347121.756097561
124831,0.24048902094364166,,347134.39024390245
124832,,0.0,347136.1951219512
124848,0.2405090183019638,,347175.0
124849,,2.0,347177.8461538461
124856,0.24052901566028595,,347197.76923076925
124857,,2.0,347200.6153846154
124865,0.2405490130186081,,347223.3846153846
124866,,2.0,347226.23076923075
124872,0.24056901037693024,,347243.3076923077
124873,,2.0,347246.1538461539
124886,0.2405790090560913,,347267.1395348837
124887,,1.0,347268.9534883721
124896,0.24058900773525238,,347285.27906976745
124897,,1.0,347287.0930232558
124905,0.24059900641441345,,347301.6046511628
124906,,1.0,347303.4186046512
124917,0.24060900509357452,,347323.37209302327
124918,,1.0,347325.18604651163
124934,0.24060900509357452,,347345.862745098
124935,,0.0,347347.3137254902
124946,0.24060900509357452,,347363.2745098039
124947,,0.0,347364.7254901961
124961,0.24060900509357452,,347385.03921568627
124962,,0.0,347386.49019607843
124970,0.24060900509357452,,347398.09803921566
124971,,0.0,347399.54901960783
124987,0.24063900113105774,,347423.45454545453
124988,,3.0,347425.1818181818
124995,0.24066899716854095,,347437.2727272727
124996,,3.0,347439.0
125008,0.24069899320602417,,347459.7272727273
125009,,3.0,347461.45454545453
125016,0.24072898924350739,,347473.54545454547
125017,,3.0,347475.2727272727
125030,0.24073898792266846,,347497.0
125031,,1.0,347499.0
125038,0.24074898660182953,,347513.0
125039,,1.0,347515.0
125048,0.2407589852809906,,347533.0
125049,,1.0,347535.0
125057,0.24076898396015167,,347551.0
125058,,1.0,347553.0
125071,0.24078898131847382,,347590.5
125072,,2.0,347594.05
125079,0.24080897867679596,,347618.9
125080,,2.0,347622.45
125090,0.2408289760351181,,347657.95
125091,,2.0,347661.5
125099,0.24084897339344025,,347689.9
125100,,2.0,347693.45
125115,0.2408689707517624,,347729.7804878049
125116,,2.0,347732.51219512196
125122,0.24088896811008453,,347748.9024390244
125123,,2.0,347751.6341463415
125132,0.24090896546840668,,347776.2195121951
125133,,2.0,347778.9512195122
125142,0.24092896282672882,,347803.53658536583
125143,,2.0,347806.26829268294
125161,0.24092896282672882,,347836.0731707317
125162,,0.0,347837.8780487805
125169,0.24092896282672882,,347850.51219512196
125170,,0.0,347852.31707317074
125174,0.24092896282672882,,347859.53658536583
125175,,0.0,347861.34146341466
125185,0.24092896282672882,,347879.39024390245
125186,,0.0,347881.1951219512
125206,0.2409389615058899,,347911.21276595746
125207,,1.0,347912.87234042556
125216,0.24094896018505096,,347927.8085106383
125217,,1.0,347929.4680851064
125225,0.24095895886421204,,347942.74468085106
125226,,1.0,347944.40425531915
125234,0.2409689575433731,,347957.6808510638
125235,,1.0,347959.3404255319
125255,0.24099895358085632,,348013.13333333336
125256,,3.0,348016.2
125265,0.24102894961833954,,348043.8
125266,,3.0,348046.86666666664
125272,0.24105894565582275,,348065.26666666666
125273,,3.0,348068.3333333333
125281,0.24108894169330597,,348092.86666666664
125282,,3.0,348095.93333333335
125294,0.24109894037246704,,348117.8780487805
125295,,1.0,348119.9756097561
125303,0.2411089390516281,,348136.756097561
125304,,1.0,348138.85365853657
125313,0.24111893773078918,,348157.73170731706
125314,,1.0,348159.8292682927
125324,0.24112893640995026,,348180.8048780488
125325,,1.0,348182.9024390244
125345,0.2411489337682724,,348236.34
125346,,2.0,348239.36
125354,0.24116893112659454,,348263.52
125355,,2.0,348266.54
125365,0.2411889284849167,,348296.74
125366,,2.0,348299.76
125376,0.24120892584323883,,348329.96
125377,,2.0,348332.98
125395,0.24122892320156097,,348375.375
125396,,2.0,348378.0
125403,0.24124892055988312,,348396.375
125404,,2.0,348399.0
125414,0.24126891791820526,,348425.25
125415,,2.0,348427.875
125426,0.2412889152765274,,348456.75
125427,,2.0,348459.375
125441,0.24130891263484955,,348496.60975609755
125442,,2.0,348499.756097561
125453,0.2413289099931717,,348534.3658536585
125454,,2.0,348537.51219512196
125463,0.24134890735149384,,348565.8292682927
125464,,2.0,348568.9756097561
125469,0.24136890470981598,,348584.7073170732
125470,,2.0,348587.85365853657
125487,0.24138890206813812,,348628.64444444445
125488,,2.0,348631.3333333333
125496,0.24140889942646027,,348652.84444444446
125497,,2.0,348655.5333333333
125503,0.2414288967847824,,348671.6666666667
125504,,2.0,348674.35555555555
125516,0.24144889414310455,,348706.6222222222
125517,,2.0,348709.31111111114
125530,0.24147889018058777,,348734.5
125531,,3.0,348736.75
125538,0.24150888621807098,,348752.5
125539,,3.0,348754.75
125545,0.2415388822555542,,348768.25
125546,,3.0,348770.5
125554,0.24156887829303741,,348788.5
125555,,3.0,348790.75
125571,0.2415788769721985,,348815.8163265306
125572,,1.0,348817.5714285714
125582,0.24158887565135956,,348835.1224489796
125583,,1.0,348836.8775510204
125593,0.24159887433052063,,348854.4285714286
125594,,1.0,348856.1836734694
125605,0.2416088730096817,,348875.48979591834
125606,,1.0,348877.2448979592
125619,0.24162887036800385,,348913.6511627907
125620,,2.0,348917.11627906974
125632,0.241648867726326,,348958.6976744186
125633,,2.0,348962.16279069765
125639,0.24166886508464813,,348982.9534883721
125640,,2.0,348986.4186046512
125650,0.24168886244297028,,349021.06976744183
125651,,2.0,349024.5348837209
125662,0.2417188584804535,,349071.24324324325
125663,,3.0,349076.64864864864
125669,0.2417488545179367,,349109.08108108107
125670,,3.0,349114.4864864865
125679,0.24177885055541992,,349163.13513513515
125680,,3.0,349168.54054054053
125689,0.24180884659290314,,349217.1891891892
125690,,3.0,349222.5945945946
125707,0.2418188452720642,,349257.3658536585
125708,,1.0,349259.46341463417
125715,0.24182884395122528,,349274.14634146343
125716,,1.0,349276.243902439
125723,0.24183884263038635,,349290.9268292683
125724,,1.0,349293.0243902439
125732,0.24184884130954742,,349309.8048780488
125733,,1.0,349311.9024390244
125750,0.24184884130954742,,349335.0
125751,,0.0,349336.5
125759,0.24184884130954742,,349348.5
125760,,0.0,349350.0
125775,0.24184884130954742,,349372.5
125776,,0.0,349374.0
125786,0.24184884130954742,,349389.0
125787,,0.0,349390.5
125807,0.24187883734703064,,349460.0
125808,,3.0,349464.0
125816,0.24190883338451385,,349496.0
125817,,3.0,349500.0
125827,0.24193882942199707,,349540.0
125828,,3.0,349544.0
125838,0.24196882545948029,,349584.0
125839,,3.0,349588.0
125854,0.2419988214969635,,349652.0
125855,,3.0,349657.0
125860,0.24202881753444672,,349682.0
125861,,3.0,349687.0
125871,0.24205881357192993,,349737.0
125872,,3.0,349742.0
125880,0.24208880960941315,,349782.0
125881,,3.0,349787.0
125897,0.24209880828857422,,349814.06976744183
125898,,1.0,349815.76744186046
125910,0.2421088069677353,,349836.1395348837
125911,,1.0,349837.83720930235
125918,0.24211880564689636,,349849.72093023255
125919,,1.0,349851.4186046512
125925,0.24212880432605743,,349861.6046511628
125926,,1.0,349863.3023255814
125939,0.24214880168437958,,349892.44680851063
125940,,2.0,349895.1914893617
125951,0.24216879904270172,,349925.3829787234
125952,,2.0,349928.12765957444
125964,0.24218879640102386,,349961.06382978725
125965,,2.0,349963.8085106383
125974,0.242208793759346,,349988.5106382979
125975,,2.0,349991.25531914894
125992,0.24222879111766815,,350047.2
125993,,2.0,350051.0
126002,0.2422487884759903,,350085.2
126003,,2.0,350089.0
126010,0.24226878583431244,,350115.6
126011,,2.0,350119.4
126021,0.24228878319263458,,350157.4
126022,,2.0,350161.2
126035,0.24228878319263458,,350187.42424242425
126036,,0.0,350189.6666666667
126043,0.24228878319263458,,350205.36363636365
126044,,0.0,350207.6060606061
126047,0.24228878319263458,,350214.3333333333
126048,,0.0,350216.57575757575
126056,0.24228878319263458,,350234.51515151514
126057,,0.0,350236.75757575757
126079,0.24230878055095673,,350294.0677966102
126080,,2.0,350296.9661016949
126092,0.24232877790927887,,350331.74576271186
126093,,2.0,350334.6440677966
126104,0.242348775267601,,350366.5254237288
126105,,2.0,350369.42372881353
126117,0.24236877262592316,,350404.2033898305
126118,,2.0,350407.10169491527
126133,0.2423887699842453,,350462.5333333333
126134,,2.0,350466.9111111111
126143,0.24240876734256744,,350506.31111111114
126144,,2.0,350510.68888888886
126154,0.2424287647008896,,350554.4666666667
126155,,2.0,350558.84444444446
126164,0.24244876205921173,,350598.2444444444
126165,,2.0,350602.6222222222
126177,0.24244876205921173,,350623.65
126178,,0.0,350625.5
126186,0.24244876205921173,,350640.3
126187,,0.0,350642.15
126200,0.24244876205921173,,350666.2
126201,,0.0,350668.05
126206,0.24244876205921173,,350677.3
126207,,0.0,350679.15
126220,0.24247875809669495,,350696.6756756757
126221,,3.0,350698.24324324325
126229,0.24250875413417816,,350710.7837837838
126230,,3.0,350712.35135135136
126236,0.24253875017166138,,350721.75675675675
126237,,3.0,350723.3243243243
126245,0.2425687462091446,,350735.86486486485
126246,,3.0,350737.4324324324
126262,0.2425687462091446,,350760.57446808513
126263,,0.0,350762.2340425532
126272,0.2425687462091446,,350777.170212766
126273,,0.0,350778.829787234
126283,0.2425687462091446,,350795.42553191487
126284,,0.0,350797.08510638296
126294,0.2425687462091446,,350813.6808510638
126295,,0.0,350815.3404255319
126306,0.24258874356746674,,350861.8
126307,,2.0,350867.4
126312,0.24260874092578888,,350895.4
126313,,2.0,350901.0
126322,0.24262873828411102,,350951.4
126323,,2.0,350957.0
126331,0.24264873564243317,,351001.8
126332,,2.0,351007.4
126348,0.24267873167991638,,351031.0408163265
126349,,3.0,351032.4285714286
126356,0.2427087277173996,,351042.14285714284
126357,,3.0,351043.5306122449
126367,0.2427387237548828,,351057.4081632653
126368,,3.0,351058.79591836734
126382,0.24276871979236603,,351078.2244897959
126383,,3.0,351079.612244898
126400,0.24278871715068817,,351145.0
126401,,2.0,351149.5714285714
126407,0.24280871450901031,,351177.0
126408,,2.0,351181.5714285714
126416,0.24282871186733246,,351218.14285714284
126417,,2.0,351222.71428571426
126426,0.2428487092256546,,351263.85714285716
126427,,2.0,351268.4285714286
126444,0.24286870658397675,,351301.875
126445,,2.0,351303.9375
126454,0.2428887039422989,,351322.5
126455,,2.0,351324.5625
126464,0.24290870130062103,,351343.125
126465,,2.0,351345.1875
126476,0.24292869865894318,,351367.875
126477,,2.0,351369.9375
126487,0.24294869601726532,,351386.36842105264
126488,,2.0,351388.4210526316
126495,0.24296869337558746,,351402.7894736842
126496,,2.0,351404.84210526315
126504,0.2429886907339096,,351421.2631578947
126505,,2.0,351423.3157894737
126516,0.24300868809223175,,351445.8947368421
126517,,2.0,351447.94736842107
126529,0.24303868412971497,,351464.170212766
126530,,3.0,351465.74468085106
126541,0.24306868016719818,,351483.06382978725
126542,,3.0,351484.6382978723
126551,0.2430986762046814,,351498.8085106383
126552,,3.0,351500.3829787234
126565,0.2431286722421646,,351520.8510638298
126566,,3.0,351522.42553191487
126585,0.24315866827964783,,351556.32653061225
126586,,3.0,351558.3469387755
126597,0.24318866431713104,,351580.5714285714
126598,,3.0,351582.5918367347
126605,0.24321866035461426,,351596.7346938776
126606,,3.0,351598.7551020408
126616,0.24324865639209747,,351618.9591836735
126617,,3.0,351620.97959183675
126629,0.2432786524295807,,351636.6153846154
126630,,3.0,351638.1282051282
126640,0.2433086484670639,,351653.25641025644
126641,,3.0,351654.76923076925
126650,0.24333864450454712,,351668.3846153846
126651,,3.0,351669.89743589744
126657,0.24336864054203033,,351678.9743589744
126658,,3.0,351680.4871794872
126675,0.2433786392211914,,351704.52173913043
126676,,1.0,351706.1304347826
126683,0.24338863790035248,,351717.39130434784
126684,,1.0,351719.0
126698,0.24339863657951355,,351741.52173913043
126699,,1.0,351743.1304347826
126705,0.24340863525867462,,351752.7826086957
126706,,1.0,351754.39130434784
126724,0.24342863261699677,,351790.89130434784
126725,,2.0,351793.2173913043
126733,0.2434486299753189,,351811.82608695654
126734,,2.0,351814.152173913
126743,0.24346862733364105,,351835.0869565217
126744,,2.0,351837.4130434783
126753,0.2434886246919632,,351858.347826087
126754,,2.0,351860.67391304346
126767,0.2435186207294464,,351877.5238095238
126768,,3.0,351878.9761904762
126779,0.24354861676692963,,351894.95238095237
126780,,3.0,351896.40476190473
126788,0.24357861280441284,,351908.0238095238
126789,,3.0,351909.4761904762
126797,0.24360860884189606,,351921.09523809527
126798,,3.0,351922.54761904763
126813,0.24361860752105713,,351954.6
126814,,1.0,351957.15
126821,0.2436286062002182,,351975.0
126822,,1.0,351977.55
126825,0.24363860487937927,,351985.2
126826,,1.0,351987.75
126839,0.24364860355854034,,352020.9
126840,,1.0,352023.45
126853,0.24367859959602356,,352073.61904761905
126854,,3.0,352078.38095238095
126862,0.24370859563350677,,352116.4761904762
126863,,3.0,352121.2380952381
126875,0.24373859167099,,352178.38095238095
126876,,3.0,352183.14285714284
126883,0.2437685877084732,,352216.4761904762
126884,,3.0,352221.2380952381
126899,0.24378858506679535,,352257.5652173913
126900,,2.0,352260.1956521739
126908,0.2438085824251175,,352281.23913043475
126909,,2.0,352283.8695652174
126920,0.24382857978343964,,352312.8043478261
126921,,2.0,352315.4347826087
126931,0.24384857714176178,,352341.73913043475
126932,,2.0,352344.3695652174
126947,0.24386857450008392,,352377.54545454547
126948,,2.0,352380.0909090909
126958,0.24388857185840607,,352405.54545454547
126959,,2.0,352408.0909090909
126967,0.2439085692167282,,352428.45454545453
126968,,2.0,352431.0
126977,0.24392856657505035,,352453.9090909091
126978,,2.0,352456.45454545453
126996,0.24395856261253357,,352528.76744186046
126997,,3.0,352533.4186046512
127004,0.24398855865001678,,352565.9767441861
127005,,3.0,352570.62790697673
127014,0.2440185546875,,352612.488372093
127015,,3.0,352617.1395348837
127022,0.24404855072498322,,352649.6976744186
127023,,3.0,352654.3488372093
127039,0.24407854676246643,,352688.09523809527
127040,,3.0,352690.3333333333
127048,0.24410854279994965,,352708.2380952381
127049,,3.0,352710.4761904762
127056,0.24413853883743286,,352726.14285714284
127057,,3.0,352728.38095238095
127066,0.24416853487491608,,352748.5238095238
127067,,3.0,352750.7619047619
127079,0.2441985309123993,,352784.1707317073
127080,,3.0,352787.6341463415
127089,0.2442285269498825,,352818.8048780488
127090,,3.0,352822.26829268294
127101,0.24425852298736572,,352860.3658536585
127102,,3.0,352863.8292682927
127109,0.24428851902484894,,352888.0731707317
127110,,3.0,352891.53658536583
127126,0.24429851770401,,352924.97222222225
127127,,1.0,352927.27777777775
127134,0.24430851638317108,,352943.4166666667
127135,,1.0,352945.72222222225
127141,0.24431851506233215,,352959.55555555556
127142,,1.0,352961.8611111111
127147,0.24432851374149323,,352973.3888888889
127148,,1.0,352975.69444444444
127164,0.24435850977897644,,353004.0
127165,,3.0,353006.0
127173,0.24438850581645966,,353022.0
127174,,3.0,353024.0
127186,0.24441850185394287,,353048.0
127187,,3.0,353050.0
127196,0.2444484978914261,,353068.0
127197,,3.0,353070.0
127212,0.24446849524974823,,353105.1914893617
127213,,2.0,353107.9574468085
127225,0.24448849260807037,,353141.1489361702
127226,,2.0,353143.91489361704
127238,0.24450848996639252,,353177.10638297873
127239,,2.0,353179.87234042556
127245,0.24452848732471466,,353196.4680851064
127246,,2.0,353199.2340425532
127262,0.24455848336219788,,353226.2272727273
127263,,3.0,353228.0909090909
127273,0.2445884793996811,,353246.7272727273
127274,,3.0,353248.5909090909
127281,0.2446184754371643,,353261.63636363635
127282,,3.0,353263.5
127291,0.24464847147464752,,353280.2727272727
127292,,3.0,353282.13636363635
127308,0.2446584701538086,,353306.8222222222
127309,,1.0,353308.5777777778
127320,0.24466846883296967,,353327.8888888889
127321,,1.0,353329.64444444445
127328,0.24467846751213074,,353341.93333333335
127329,,1.0,353343.68888888886
127338,0.2446884661912918,,353359.4888888889
127339,,1.0,353361.2444444444
127351,0.24470846354961395,,353384.42
127352,,2.0,353386.8
127366,0.2447284609079361,,353420.12
127367,,2.0,353422.5
127377,0.24474845826625824,,353446.3
127378,,2.0,353448.68
127390,0.24476845562458038,,353477.24
127391,,2.0,353479.62
127406,0.2447984516620636,,353506.94736842107
127407,,3.0,353509.0263157895
127413,0.24482844769954681,,353521.5
127414,,3.0,353523.5789473684
127424,0.24485844373703003,,353544.36842105264
127425,,3.0,353546.44736842107
127430,0.24488843977451324,,353556.84210526315
127431,,3.0,353558.9210526316
127451,0.2449084371328354,,353612.73913043475
127452,,2.0,353615.7826086957
127461,0.24492843449115753,,353643.17391304346
127462,,2.0,353646.2173913043
127471,0.24494843184947968,,353673.60869565216
127472,,2.0,353676.652173913
127478,0.24496842920780182,,353694.9130434783
127479,,2.0,353697.95652173914
127492,0.24498842656612396,,353727.25
127493,,2.0,353729.875
127502,0.2450084239244461,,353753.5
127503,,2.0,353756.125
127511,0.24502842128276825,,353777.125
127512,,2.0,353779.75
127520,0.2450484186410904,,353800.75
127521,,2.0,353803.375
127534,0.24506841599941254,,353827.28205128206
127535,,2.0,353829.41025641025
127542,0.24508841335773468,,353844.3076923077
127543,,2.0,353846.4358974359
127550,0.24510841071605682,,353861.3333333333
127551,,2.0,353863.46153846156
127561,0.24512840807437897,,353884.74358974356
127562,,2.0,353886.8717948718
127582,0.24515840411186218,,353917.06976744183
127583,,3.0,353918.72093023255
127588,0.2451884001493454,,353926.9767441861
127589,,3.0,353928.62790697673
127597,0.2452183961868286,,353941.83720930235
127598,,3.0,353943.488372093
127606,0.24524839222431183,,353956.6976744186
127607,,3.0,353958.3488372093
127623,0.24527838826179504,,353989.39130434784
127624,,3.0,353991.652173913
127631,0.24530838429927826,,354007.47826086957
127632,,3.0,354009.73913043475
127641,0.24533838033676147,,354030.0869565217
127642,,3.0,354032.347826087
127654,0.2453683763742447,,354059.47826086957
127655,,3.0,354061.73913043475
127672,0.24538837373256683,,354096.170212766
127673,,2.0,354098.4680851064
127682,0.24540837109088898,,354119.1489361702
127683,,2.0,354121.44680851063
127691,0.24542836844921112,,354139.829787234
127692,,2.0,354142.12765957444
127703,0.24544836580753326,,354167.40425531915
127704,,2.0,354169.7021276596
127721,0.2454683631658554,,354223.86363636365
127722,,2.0,354227.5681818182
127730,0.24548836052417755,,354257.20454545453
127731,,2.0,354260.9090909091
127740,0.2455083578824997,,354294.25
127741,,2.0,354297.95454545453
127749,0.24552835524082184,,354327.5909090909
127750,,2.0,354331.29545454547
127765,0.24552835524082184,,354354.9090909091
127766,,0.0,354356.5681818182
127777,0.24552835524082184,,354374.8181818182
127778,,0.0,354376.4772727273
127785,0.24552835524082184,,354388.0909090909
127786,,0.0,354389.75
127795,0.24552835524082184,,354404.6818181818
127796,,0.0,354406.3409090909
127807,0.24554835259914398,,354429.2727272727
127808,,2.0,354431.9318181818
127819,0.24556834995746613,,354461.1818181818
127820,,2.0,354463.8409090909
127829,0.24558834731578827,,354487.7727272727
127830,,2.0,354490.4318181818
127841,0.2456083446741104,,354519.6818181818
127842,,2.0,354522.3409090909
127854,0.24561834335327148,,354541.7727272727
127855,,1.0,354543.63636363635
127866,0.24562834203243256,,354564.13636363635
127867,,1.0,354566.0
127877,0.24563834071159363,,354584.63636363635
127878,,1.0,354586.5
127887,0.2456483393907547,,354603.2727272727
127888,,1.0,354605.13636363635
127906,0.24566833674907684,,354634.7358490566
127907,,2.0,354636.58490566036
127917,0.245688334107399,,354655.07547169813
127918,,2.0,354656.92452830187
127928,0.24570833146572113,,354675.41509433964
127929,,2.0,354677.2641509434
127942,0.24572832882404327,,354701.30188679247
127943,,2.0,354703.1509433962
127957,0.24573832750320435,,354723.4130434783
127958,,1.0,354725.0869565217
127971,0.24574832618236542,,354746.847826087
127972,,1.0,354748.52173913043
127981,0.2457583248615265,,354763.5869565217
127982,,1.0,354765.26086956525
127990,0.24576832354068756,,354778.652173913
127991,,1.0,354780.32608695654
128005,0.24577832221984863,,354804.8048780488
128006,,1.0,354806.8780487805
128015,0.2457883208990097,,354825.53658536583
128016,,1.0,354827.60975609755
128023,0.24579831957817078,,354842.1219512195
128024,,1.0,354844.1951219512
128033,0.24580831825733185,,354862.85365853657
128034,,1.0,354864.9268292683
128055,0.245828315615654,,354925.32
128056,,2.0,354928.56
128063,0.24584831297397614,,354951.24
128064,,2.0,354954.48
128075,0.24586831033229828,,354990.12
128076,,2.0,354993.36
128085,0.24588830769062042,,355022.52
128086,,2.0,355025.76
128095,0.24588830769062042,,355043.29411764705
128096,,0.0,355045.67647058825
128101,0.24588830769062042,,355057.5882352941
128102,,0.0,355059.9705882353
128109,0.24588830769062042,,355076.64705882355
128110,,0.0,355079.0294117647
128121,0.24588830769062042,,355105.23529411765
128122,,0.0,355107.6176470588
128138,0.24591830372810364,,355138.85365853657
128139,,3.0,355141.0731707317
128147,0.24594829976558685,,355158.8292682927
128148,,3.0,355161.0487804878
128156,0.24597829580307007,,355178.8048780488
128157,,3.0,355181.0243902439
128164,0.24600829184055328,,355196.56097560975
128165,,3.0,355198.7804878049
128179,0.2460382878780365,,355228.2105263158
128180,,3.0,355230.6842105263
128189,0.24606828391551971,,355252.94736842107
128190,,3.0,355255.4210526316
128195,0.24609827995300293,,355267.7894736842
128196,,3.0,355270.2631578947
128204,0.24612827599048615,,355290.05263157893
128205,,3.0,355292.5263157895
128227,0.24615827202796936,,355325.4716981132
128228,,3.0,355327.07547169813
128236,0.24618826806545258,,355339.90566037735
128237,,3.0,355341.5094339623
128252,0.2462182641029358,,355365.56603773584
128253,,3.0,355367.1698113208
128259,0.246248260140419,,355376.7924528302
128260,,3.0,355378.3962264151
128275,0.24626825749874115,,355406.347826087
128276,,2.0,355408.54347826086
128285,0.2462882548570633,,355428.3043478261
128286,,2.0,355430.5
128297,0.24630825221538544,,355454.652173913
128298,,2.0,355456.847826087
128307,0.24632824957370758,,355476.60869565216
128308,,2.0,355478.8043478261
128324,0.24634824693202972,,355529.0
128325,,2.0,355532.6923076923
128332,0.24636824429035187,,355558.53846153844
128333,,2.0,355562.23076923075
128338,0.246388241648674,,355580.6923076923
128339,,2.0,355584.3846153846
128348,0.24640823900699615,,355617.6153846154
128349,,2.0,355621.3076923077
128366,0.24641823768615723,,355655.73170731706
128367,,1.0,355657.9268292683
128372,0.2464282363653183,,355668.9024390244
128373,,1.0,355671.0975609756
128385,0.24643823504447937,,355697.43902439025
128386,,1.0,355699.6341463415
128391,0.24644823372364044,,355710.60975609755
128392,,1.0,355712.8048780488
128409,0.24646823108196259,,355766.5789473684
128410,,2.0,355770.2631578947
128419,0.24648822844028473,,355803.4210526316
128420,,2.0,355807.1052631579
128426,0.24650822579860687,,355829.2105263158
128427,,2.0,355832.8947368421
128431,0.24652822315692902,,355847.63157894736
128432,,2.0,355851.3157894737
128451,0.24652822315692902,,355879.6666666667
128452,,0.0,355881.2083333333
128460,0.24652822315692902,,355893.5416666667
128461,,0.0,355895.0833333333
128471,0.24652822315692902,,355910.5
128472,,0.0,355912.0416666667
128481,0.24652822315692902,,355925.9166666667
128482,,0.0,355927.4583333333
128495,0.24654822051525116,,355948.5238095238
128496,,2.0,355950.4761904762
128507,0.2465682178735733,,355971.95238095237
128508,,2.0,355973.90476190473
128514,0.24658821523189545,,355985.61904761905
128515,,2.0,355987.5714285714
128525,0.2466082125902176,,356007.09523809527
128526,,2.0,356009.04761904763
128536,0.2466082125902176,,356025.1842105263
128537,,0.0,356027.2105263158
128545,0.2466082125902176,,356043.4210526316
128546,,0.0,356045.44736842107
128557,0.2466082125902176,,356067.7368421053
128558,,0.0,356069.7631578947
128565,0.2466082125902176,,356083.94736842107
128566,,0.0,356085.9736842105
128579,0.24662820994853973,,356117.28571428574
128580,,2.0,356120.21428571426
128588,0.24664820730686188,,356143.64285714284
128589,,2.0,356146.5714285714
128599,0.24666820466518402,,356175.85714285716
128600,,2.0,356178.78571428574
128609,0.24668820202350616,,356205.14285714284
128610,,2.0,356208.0714285714
128624,0.24669820070266724,,356229.93023255817
128625,,1.0,356231.6511627907
128633,0.2467081993818283,,356245.4186046512
128634,,1.0,356247.1395348837
128642,0.24671819806098938,,356260.9069767442
128643,,1.0,356262.62790697673
128654,0.24672819674015045,,356281.5581395349
128655,,1.0,356283.27906976745
128669,0.24675819277763367,,356330.8333333333
128670,,3.0,356335.0
128682,0.24678818881511688,,356385.0
128683,,3.0,356389.1666666667
128694,0.2468181848526001,,356435.0
128695,,3.0,356439.1666666667
128704,0.2468481808900833,,356476.6666666667
128705,,3.0,356480.8333333333
128724,0.24685817956924438,,356512.73333333334
128725,,1.0,356514.4666666667
128734,0.24686817824840546,,356530.06666666665
128735,,1.0,356531.8
128742,0.24687817692756653,,356543.93333333335
128743,,1.0,356545.6666666667
128751,0.2468881756067276,,356559.5333333333
128752,,1.0,356561.26666666666
128766,0.24690817296504974,,356595.10204081633
128767,,2.0,356598.02040816325
128778,0.2469281703233719,,356630.1224489796
128779,,2.0,356633.0408163265
128789,0.24694816768169403,,356662.2244897959
128790,,2.0,356665.14285714284
128802,0.24696816504001617,,356700.1632653061
128803,,2.0,356703.0816326531
128824,0.2469981610774994,,356740.875
128825,,3.0,356742.8125
128834,0.2470281571149826,,356760.25
128835,,3.0,356762.1875
128844,0.24705815315246582,,356779.625
128845,,3.0,356781.5625
128852,0.24708814918994904,,356795.125
128853,,3.0,356797.0625
128868,0.24708814918994904,,356821.2
128869,,0.0,356823.05
128878,0.24708814918994904,,356839.7
128879,,0.0,356841.55
128885,0.24708814918994904,,356852.65
128886,,0.0,356854.5
128894,0.24708814918994904,,356869.3
128895,,0.0,356871.15
128904,0.2470981478691101,,356886.6666666667
128905,,1.0,356888.94444444444
128914,0.24710814654827118,,356909.44444444444
128915,,1.0,356911.72222222225
128926,0.24711814522743225,,356936.77777777775
128927,,1.0,356939.05555555556
128932,0.24712814390659332,,356950.44444444444
128933,,1.0,356952.72222222225
128948,0.24714814126491547,,356982.06976744183
128949,,2.0,356984.32558139536
128958,0.2471681386232376,,357004.62790697673
128959,,2.0,357006.88372093026
128968,0.24718813598155975,,357027.18604651163
128969,,2.0,357029.4418604651
128977,0.2472081333398819,,357047.488372093
128978,,2.0,357049.74418604653
128996,0.24722813069820404,,357088.7346938776
128997,,2.0,357091.1836734694
129006,0.24724812805652618,,357113.2244897959
129007,,2.0,357115.67346938775
129017,0.24726812541484833,,357140.1632653061
129018,,2.0,357142.612244898
129028,0.24728812277317047,,357167.10204081633
129029,,2.0,357169.55102040817
129037,0.24730812013149261,,357184.35294117645
129038,,2.0,357186.82352941175
129047,0.24732811748981476,,357209.0588235294
129048,,2.0,357211.5294117647
129056,0.2473481148481369,,357231.29411764705
129057,,2.0,357233.76470588235
129064,0.24736811220645905,,357251.0588235294
129065,,2.0,357253.5294117647
129078,0.24736811220645905,,357277.6666666667
129079,,0.0,357279.8333333333
129087,0.24736811220645905,,357297.1666666667
129088,,0.0,357299.3333333333
129096,0.24736811220645905,,357316.6666666667
129097,,0.0,357318.8333333333
129102,0.24736811220645905,,357329.6666666667
129103,,0.0,357331.8333333333
129121,0.2473881095647812,,357366.5
129122,,2.0,357368.6666666667
129130,0.24740810692310333,,357386.0
129131,,2.0,357388.1666666667
129139,0.24742810428142548,,357405.5
129140,,2.0,357407.6666666667
129146,0.24744810163974762,,357420.6666666667
129147,,2.0,357422.8333333333
129166,0.24746809899806976,,357493.2926829268
129167,,2.0,357497.56097560975
129174,0.2474880963563919,,357527.43902439025
129175,,2.0,357531.7073170732
129181,0.24750809371471405,,357557.31707317074
129182,,2.0,357561.5853658537
129189,0.2475280910730362,,357591.46341463417
129190,,2.0,357595.73170731706
129205,0.24753808975219727,,357625.1707317073
129206,,1.0,357627.26829268294
129214,0.24754808843135834,,357644.0487804878
129215,,1.0,357646.14634146343
129223,0.2475580871105194,,357662.9268292683
129224,,1.0,357665.0243902439
129232,0.24756808578968048,,357681.8048780488
129233,,1.0,357683.9024390244
129248,0.24757808446884155,,357707.39130434784
129249,,1.0,357709.17391304346
129259,0.24758808314800262,,357727.0
129260,,1.0,357728.7826086957
129270,0.2475980818271637,,357746.60869565216
129271,,1.0,357748.39130434784
129280,0.24760808050632477,,357764.4347826087
129281,,1.0,357766.2173913043
129292,0.24761807918548584,,357783.2195121951
129293,,1.0,357785.1219512195
129303,0.2476280778646469,,357804.14634146343
129304,,1.0,357806.0487804878
129314,0.24763807654380798,,357825.0731707317
129315,,1.0,357826.9756097561
129323,0.24764807522296906,,357842.1951219512
129324,,1.0,357844.0975609756
129340,0.24765807390213013,,357866.4680851064
129341,,1.0,357868.0425531915
129349,0.2476680725812912,,357880.6382978723
129350,,1.0,357882.21276595746
129361,0.24767807126045227,,357899.5319148936
129362,,1.0,357901.10638297873
129372,0.24768806993961334,,357916.8510638298
129373,,1.0,357918.42553191487
129387,0.24768806993961334,,357940.58974358975
129388,,0.0,357942.46153846156
129397,0.24768806993961334,,357959.3076923077
129398,,0.0,357961.1794871795
129406,0.24768806993961334,,357976.1538461539
129407,,0.0,357978.0256410256
129413,0.24768806993961334,,357989.25641025644
129414,,0.0,357991.1282051282
129433,0.24768806993961334,,358022.3333333333
129434,,0.0,358024.1666666667
129441,0.24768806993961334,,358037.0
129442,,0.0,358038.8333333333
129449,0.24768806993961334,,358051.6666666667
129450,,0.0,358053.5
129457,0.24768806993961334,,358066.3333333333
129458,,0.0,358068.1666666667
129473,0.24769806861877441,,358090.0869565217
129474,,1.0,358091.76086956525
129483,0.24770806729793549,,358106.82608695654
129484,,1.0,358108.5
129493,0.24771806597709656,,358123.5652173913
129494,,1.0,358125.23913043475
129505,0.24772806465625763,,358143.652173913
129506,,1.0,358145.32608695654
129520,0.2477380633354187,,358172.2195121951
129521,,1.0,358174.51219512196
129531,0.24774806201457977,,358197.43902439025
129532,,1.0,358199.73170731706
129540,0.24775806069374084,,358218.0731707317
129541,,1.0,358220.3658536585
129548,0.24776805937290192,,358236.4146341463
129549,,1.0,358238.7073170732
129568,0.24776805937290192,,358265.6666666667
129569,,0.0,358267.2083333333
129577,0.24776805937290192,,358279.5416666667
129578,,0.0,358281.0833333333
129588,0.24776805937290192,,358296.5
129589,,0.0,358298.0416666667
129598,0.24776805937290192,,358311.9166666667
129599,,0.0,358313.4583333333
129619,0.24776805937290192,,358341.0
129620,,0.0,358342.5294117647
129630,0.24776805937290192,,358357.82352941175
129631,,0.0,358359.35294117645
129641,0.24776805937290192,,358374.64705882355
129642,,0.0,358376.17647058825
129651,0.24776805937290192,,358389.9411764706
129652,,0.0,358391.4705882353
129671,0.24776805937290192,,358415.641509434
129672,,0.0,358417.0566037736
129681,0.24776805937290192,,358429.7924528302
129682,,0.0,358431.2075471698
129695,0.24776805937290192,,358449.6037735849
129696,,0.0,358451.0188679245
129706,0.24776805937290192,,358465.1698113208
129707,,0.0,358466.58490566036
129727,0.247778058052063,,358495.58490566036
129728,,1.0,358497.2075471698
129737,0.24778805673122406,,358511.8113207547
129738,,1.0,358513.43396226416
129747,0.24779805541038513,,358528.03773584904
129748,,1.0,358529.6603773585
129761,0.2478080540895462,,358550.75471698114
129762,,1.0,358552.37735849054
129778,0.24781805276870728,,358580.31707317074
129779,,1.0,358582.34146341466
129785,0.24782805144786835,,358594.48780487804
129786,,1.0,358596.51219512196
129797,0.24783805012702942,,358618.7804878049
129798,,1.0,358620.8048780488
129804,0.2478480488061905,,358632.9512195122
129805,,1.0,358634.9756097561
129820,0.2478480488061905,,358655.1224489796
129821,,0.0,358656.63265306124
129833,0.2478480488061905,,358674.7551020408
129834,,0.0,358676.2653061224
129845,0.2478480488061905,,358692.8775510204
129846,,0.0,358694.387755102
129855,0.2478480488061905,,358707.97959183675
129856,,0.0,358709.48979591834
129871,0.24785804748535156,,358735.6
129872,,1.0,358737.65
129877,0.24786804616451263,,358747.9
129878,,1.0,358749.95
129884,0.2478780448436737,,358762.25
129885,,1.0,358764.3
129897,0.24788804352283478,,358788.9
129898,,1.0,358790.95
129913,0.24790804088115692,,358830.82608695654
129914,,2.0,358833.97826086957
129926,0.24792803823947906,,358871.8043478261
129927,,2.0,358874.95652173914
129937,0.2479480355978012,,358906.47826086957
129938,,2.0,358909.6304347826
129945,0.24796803295612335,,358931.6956521739
129946,,2.0,358934.847826087
129961,0.2479880303144455,,358961.45454545453
129962,,2.0,358963.4090909091
129967,0.24800802767276764,,358973.1818181818
129968,,2.0,358975.13636363635
129981,0.24802802503108978,,359000.54545454547
129982,,2.0,359002.5
129991,0.24804802238941193,,359020.0909090909
129992,,2.0,359022.04545454547
130009,0.24806801974773407,,359056.3076923077
130010,,2.0,359058.6153846154
130021,0.2480880171060562,,359084.0
130022,,2.0,359086.3076923077
130035,0.24810801446437836,,359116.3076923077
130036,,2.0,359118.6153846154
130045,0.2481280118227005,,359139.3846153846
130046,,2.0,359141.6923076923
130059,0.2481280118227005,,359162.25
130060,,0.0,359164.075
130068,0.2481280118227005,,359178.675
130069,,0.0,359180.5
130079,0.2481280118227005,,359198.75
130080,,0.0,359200.575
130087,0.2481280118227005,,359213.35
130088,,0.0,359215.175
130107,0.24813801050186157,,359254.9534883721
130108,,1.0,359257.32558139536
130116,0.24814800918102264,,359276.3023255814
130117,,1.0,359278.67441860464
130126,0.24815800786018372,,359300.0232558139
130127,,1.0,359302.3953488372
130132,0.2481680065393448,,359314.25581395347
130133,,1.0,359316.62790697673
130148,0.24817800521850586,,359341.88372093026
130149,,1.0,359343.79069767444
130157,0.24818800389766693,,359359.0465116279
130158,,1.0,359360.9534883721
130167,0.248198002576828,,359378.11627906974
130168,,1.0,359380.0232558139
130177,0.24820800125598907,,359397.18604651163
130178,,1.0,359399.0930232558
130194,0.24822799861431122,,359454.97826086957
130195,,2.0,359459.1304347826
130202,0.24824799597263336,,359488.1956521739
130203,,2.0,359492.347826087
130211,0.2482679933309555,,359525.5652173913
130212,,2.0,359529.7173913043
130225,0.24828799068927765,,359583.6956521739
130226,,2.0,359587.847826087
130241,0.24829798936843872,,359617.8
130242,,1.0,359619.95
130251,0.2483079880475998,,359639.3
130252,,1.0,359641.45
130261,0.24831798672676086,,359660.8
130262,,1.0,359662.95
130267,0.24832798540592194,,359673.7
130268,,1.0,359675.85
130281,0.248337984085083,,359695.7272727273
130282,,1.0,359697.5
130291,0.24834798276424408,,359713.45454545453
130292,,1.0,359715.2272727273
130301,0.24835798144340515,,359731.1818181818
130302,,1.0,359732.95454545453
130313,0.24836798012256622,,359752.45454545453
130314,,1.0,359754.2272727273
130330,0.24836798012256622,,359776.9130434783
130331,,0.0,359778.52173913043
130340,0.24836798012256622,,359793.0
130341,,0.0,359794.60869565216
130349,0.24836798012256622,,359807.47826086957
130350,,0.0,359809.0869565217
130361,0.24836798012256622,,359826.7826086957
130362,,0.0,359828.39130434784
130375,0.2483779788017273,,359846.4
130376,,1.0,359848.04
130387,0.24838797748088837,,359866.08
130388,,1.0,359867.72
130403,0.24839797616004944,,359892.32
130404,,1.0,359893.96
130413,0.2484079748392105,,359908.72
130414,,1.0,359910.36
130429,0.24841797351837158,,359931.8367346939
130430,,1.0,359933.48979591834
130447,0.24842797219753265,,359961.5918367347
130448,,1.0,359963.2448979592
130454,0.24843797087669373,,359973.1632653061
130455,,1.0,359974.8163265306
130464,0.2484479695558548,,359989.693877551
130465,,1.0,359991.3469387755
130475,0.24845796823501587,,360004.5111111111
130476,,1.0,360006.15555555554
130487,0.24846796691417694,,360024.2444444444
130488,,1.0,360025.8888888889
130498,0.248477965593338,,360042.3333333333
130499,,1.0,360043.97777777776
130511,0.24848796427249908,,360063.7111111111
130512,,1.0,360065.35555555555
130535,0.2485179603099823,,360117.8771929825
130536,,3.0,360120.4210526316
130544,0.24854795634746552,,360140.77192982455
130545,,3.0,360143.3157894737
130557,0.24857795238494873,,360173.84210526315
130558,,3.0,360176.3859649123
130570,0.24860794842243195,,360206.91228070174
130571,,3.0,360209.4561403509
130582,0.24860794842243195,,360228.0
130583,,0.0,360230.0
130590,0.24860794842243195,,360244.0
130591,,0.0,360246.0
130602,0.24860794842243195,,360268.0
130603,,0.0,360270.0
130609,0.24860794842243195,,360282.0
130610,,0.0,360284.0
130628,0.2486279457807541,,360313.55102040817
130629,,2.0,360315.387755102
130642,0.24864794313907623,,360339.2653061224
130643,,2.0,360341.10204081633
130650,0.24866794049739838,,360353.9591836735
130651,,2.0,360355.79591836734
130660,0.24868793785572052,,360372.32653061225
130661,,2.0,360374.1632653061
130674,0.24871793389320374,,360401.71428571426
130675,,3.0,360404.28571428574
130685,0.24874792993068695,,360430.0
130686,,3.0,360432.5714285714
130696,0.24877792596817017,,360458.28571428574
130697,,3.0,360460.85714285716
130704,0.24880792200565338,,360478.85714285716
130705,,3.0,360481.4285714286
130716,0.24881792068481445,,360499.6
130717,,1.0,360501.55
130728,0.24882791936397552,,360523.0
130729,,1.0,360524.95
130735,0.2488379180431366,,360536.65
130736,,1.0,360538.6
130746,0.24884791672229767,,360558.1
130747,,1.0,360560.05
130763,0.24885791540145874,,360587.025
130764,,1.0,360588.95
130771,0.2488679140806198,,360602.425
130772,,1.0,360604.35
130780,0.24887791275978088,,360619.75
130781,,1.0,360621.675
130788,0.24888791143894196,,360635.15
130789,,1.0,360637.075
130809,0.24888791143894196,,360668.54761904763
130810,,0.0,360670.28571428574
130815,0.24888791143894196,,360678.9761904762
130816,,0.0,360680.71428571426
130823,0.24888791143894196,,360692.88095238095
130824,,0.0,360694.61904761905
130832,0.24888791143894196,,360708.5238095238
130833,,0.0,360710.2619047619
130850,0.24891790747642517,,360774.22222222225
130851,,3.0,360778.6666666667
130857,0.2489479035139084,,360805.3333333333
130858,,3.0,360809.77777777775
130867,0.2489778995513916,,360849.77777777775
130868,,3.0,360854.22222222225
130879,0.24900789558887482,,360903.1111111111
130880,,3.0,360907.55555555556
130896,0.24902789294719696,,360948.075
130897,,2.0,360950.85
130906,0.2490478903055191,,360975.825
130907,,2.0,360978.6
130914,0.24906788766384125,,360998.025
130915,,2.0,361000.8
130921,0.2490878850221634,,361017.45
130922,,2.0,361020.225
130946,0.24909788370132446,,361057.44
130947,,1.0,361059.08
130952,0.24910788238048553,,361067.28
130953,,1.0,361068.92
130964,0.2491178810596466,,361086.96
130965,,1.0,361088.6
130973,0.24912787973880768,,361101.72
130974,,1.0,361103.36
130990,0.24912787973880768,,361124.63265306124
130991,,0.0,361126.14285714284
131000,0.24912787973880768,,361139.7346938776
131001,,0.0,361141.2448979592
131013,0.24912787973880768,,361159.36734693876
131014,,0.0,361160.8775510204
131024,0.24912787973880768,,361175.97959183675
131025,,0.0,361177.48979591834
131041,0.24913787841796875,,361202.14634146343
131042,,1.0,361203.9268292683
131048,0.24914787709712982,,361214.60975609755
131049,,1.0,361216.39024390245
131062,0.2491578757762909,,361239.53658536583
131063,,1.0,361241.31707317074
131067,0.24916787445545197,,361248.43902439025
131068,,1.0,361250.2195121951
131084,0.24917787313461304,,361278.0
131085,,1.0,361280.0
131090,0.2491878718137741,,361290.0
131091,,1.0,361292.0
131101,0.24919787049293518,,361312.0
131102,,1.0,361314.0
131112,0.24920786917209625,,361334.0
131113,,1.0,361336.0
131131,0.24921786785125732,,361362.3396226415
131132,,1.0,361363.96226415096
131145,0.2492278665304184,,361385.0566037736
131146,,1.0,361386.679245283
131156,0.24923786520957947,,361402.90566037735
131157,,1.0,361404.5283018868
131167,0.24924786388874054,,361420.75471698114
131168,,1.0,361422.37735849054
131185,0.2492578625679016,,361450.6341463415
131186,,1.0,361452.53658536583
131193,0.24926786124706268,,361465.85365853657
131194,,1.0,361467.756097561
131202,0.24927785992622375,,361482.9756097561
131203,,1.0,361484.8780487805
131210,0.24928785860538483,,361498.1951219512
131211,,1.0,361500.0975609756
131232,0.24928785860538483,,361528.28
131233,,0.0,361529.74
131239,0.24928785860538483,,361538.5
131240,,0.0,361539.96
131250,0.24928785860538483,,361554.56
131251,,0.0,361556.02
131262,0.24928785860538483,,361572.08
131263,,0.0,361573.54
131279,0.24931785464286804,,361610.12765957444
131280,,3.0,361612.829787234
131291,0.24934785068035126,,361642.55319148937
131292,,3.0,361645.25531914894
131300,0.24937784671783447,,361666.87234042556
131301,,3.0,361669.57446808513
131311,0.2494078427553177,,361696.59574468085
131312,,3.0,361699.2978723404
131330,0.24942784011363983,,361729.0535714286
131331,,2.0,361730.85714285716
131340,0.24944783747196198,,361747.08928571426
131341,,2.0,361748.89285714284
131356,0.24946783483028412,,361775.9464285714
131357,,2.0,361777.75
131369,0.24948783218860626,,361799.39285714284
131370,,2.0,361801.1964285714
131388,0.24949783086776733,,361830.9069767442
131389,,1.0,361832.76744186046
131396,0.2495078295469284,,361845.79069767444
131397,,1.0,361847.6511627907
131405,0.24951782822608948,,361862.5348837209
131406,,1.0,361864.3953488372
131414,0.24952782690525055,,361879.27906976745
131415,,1.0,361881.1395348837
131430,0.24952782690525055,,361904.76744186046
131431,,0.0,361906.5813953488
131441,0.24952782690525055,,361924.72093023255
131442,,0.0,361926.5348837209
131450,0.24952782690525055,,361941.0465116279
131451,,0.0,361942.8604651163
131459,0.24952782690525055,,361957.37209302327
131460,,0.0,361959.18604651163
131477,0.2495478242635727,,361985.5777777778
131478,,2.0,361987.3333333333
131486,0.24956782162189484,,362001.3777777778
131487,,2.0,362003.13333333336
131497,0.24958781898021698,,362020.68888888886
131498,,2.0,362022.44444444444
131506,0.24960781633853912,,362036.4888888889
131507,,2.0,362038.2444444444
131520,0.24962781369686127,,362065.27777777775
131521,,2.0,362067.80555555556
131529,0.2496478110551834,,362088.02777777775
131530,,2.0,362090.55555555556
131536,0.24966780841350555,,362105.72222222225
131537,,2.0,362108.25
131544,0.2496878057718277,,362125.94444444444
131545,,2.0,362128.47222222225
131561,0.24969780445098877,,362153.8163265306
131562,,1.0,362155.5714285714
131573,0.24970780313014984,,362174.8775510204
131574,,1.0,362176.63265306124
131584,0.2497178018093109,,362194.1836734694
131585,,1.0,362195.9387755102
131595,0.24972780048847198,,362213.48979591834
131596,,1.0,362215.2448979592
131610,0.2497577965259552,,362230.2
131611,,3.0,362231.4
131623,0.24978779256343842,,362245.8
131624,,3.0,362247.0
131634,0.24981778860092163,,362259.0
131635,,3.0,362260.2
131642,0.24984778463840485,,362268.6
131643,,3.0,362269.8
131657,0.249867781996727,,362294.32
131658,,2.0,362296.44
131666,0.24988777935504913,,362313.4
131667,,2.0,362315.52
131674,0.24990777671337128,,362330.36
131675,,2.0,362332.48
131694,0.24992777407169342,,362372.76
131695,,2.0,362374.88
131714,0.2499377727508545,,362404.3333333333
131715,,1.0,362406.0416666667
131723,0.24994777143001556,,362419.7083333333
131724,,1.0,362421.4166666667
131733,0.24995777010917664,,362436.7916666667
131734,,1.0,362438.5
131744,0.2499677687883377,,362455.5833333333
131745,,1.0,362457.2916666667
131760,0.24999776482582092,,362477.93333333335
131761,,3.0,362479.5111111111
131772,0.25002777576446533,,362496.86666666664
131773,,3.0,362498.44444444444
131782,0.25005778670310974,,362512.64444444445
131783,,3.0,362514.22222222225
131791,0.25008779764175415,,362526.84444444446
131792,,3.0,362528.4222222222
131808,0.2500978112220764,,362557.6956521739
131809,,1.0,362559.82608695654
131817,0.2501078248023987,,362576.8695652174
131818,,1.0,362579.0
131826,0.25011783838272095,,362596.04347826086
131827,,1.0,362598.17391304346
131839,0.2501278519630432,,362623.73913043475
131840,,1.0,362625.8695652174
131850,0.2501578629016876,,362644.1
131851,,3.0,362646.4
131862,0.25018787384033203,,362671.7
131863,,3.0,362674.0
131878,0.25021788477897644,,362708.5
131879,,3.0,362710.8
131891,0.25024789571762085,,362738.4
131892,,3.0,362740.7
131908,0.25027790665626526,,362763.4285714286
131909,,3.0,362765.0
131923,0.25030791759490967,,362787.0
131924,,3.0,362788.5714285714
131933,0.2503379285335541,,362802.71428571426
131934,,3.0,362804.28571428574
131942,0.2503679394721985,,362816.85714285716
131943,,3.0,362818.4285714286
131959,0.25038793683052063,,362847.6956521739
131960,,2.0,362849.82608695654
131968,0.2504079341888428,,362866.8695652174
131969,,2.0,362869.0
131981,0.2504279315471649,,362894.5652173913
131982,,2.0,362896.6956521739
131990,0.25044792890548706,,362913.73913043475
131991,,2.0,362915.8695652174
132007,0.25044792890548706,,362936.98
132008,,0.0,362938.44
132023,0.25044792890548706,,362960.34
132024,,0.0,362961.8
132033,0.25044792890548706,,362974.94
132034,,0.0,362976.4
132042,0.25044792890548706,,362988.08
132043,,0.0,362989.54
132062,0.2504679262638092,,363028.9130434783
132063,,2.0,363031.2826086957
132070,0.25048792362213135,,363047.8695652174
132071,,2.0,363050.23913043475
132081,0.2505079209804535,,363073.9347826087
132082,,2.0,363076.3043478261
132090,0.25052791833877563,,363095.26086956525
132091,,2.0,363097.6304347826
132112,0.2505379319190979,,363132.93617021275
132113,,1.0,363134.7659574468
132119,0.25054794549942017,,363145.74468085106
132120,,1.0,363147.57446808513
132130,0.25055795907974243,,363165.87234042556
132131,,1.0,363167.7021276596
132139,0.2505679726600647,,363182.3404255319
132140,,1.0,363184.170212766
132154,0.25057798624038696,,363202.612244898
132155,,1.0,363204.1224489796
132167,0.25058799982070923,,363222.2448979592
132168,,1.0,363223.7551020408
132180,0.2505980134010315,,363241.8775510204
132181,,1.0,363243.387755102
132190,0.25060802698135376,,363256.97959183675
132191,,1.0,363258.48979591834
132208,0.25060802698135376,,363290.5128205128
132209,,0.0,363292.6923076923
132216,0.25060802698135376,,363307.9487179487
132217,,0.0,363310.1282051282
132222,0.25060802698135376,,363321.0256410256
132223,,0.0,363323.2051282051
132231,0.25060802698135376,,363340.641025641
132232,,0.0,363342.8205128205
132247,0.250618040561676,,363365.5
132248,,1.0,363367.2083333333
132261,0.2506280541419983,,363389.4166666667
132262,,1.0,363391.125
132273,0.25063806772232056,,363409.9166666667
132274,,1.0,363411.625
132281,0.2506480813026428,,363423.5833333333
132282,,1.0,363425.2916666667
132302,0.25067809224128723,,363471.7551020408
132303,,3.0,363474.387755102
132313,0.25070810317993164,,363500.71428571426
132314,,3.0,363503.3469387755
132323,0.25073811411857605,,363527.0408163265
132324,,3.0,363529.67346938775
132332,0.25076812505722046,,363550.7346938776
132333,,3.0,363553.36734693876
132354,0.2507781386375427,,363586.52173913043
132355,,1.0,363588.2173913043
132363,0.250788152217865,,363601.7826086957
132364,,1.0,363603.47826086957
132372,0.25079816579818726,,363617.04347826086
132373,,1.0,363618.73913043475
132380,0.2508081793785095,,363630.60869565216
132381,,1.0,363632.3043478261
132394,0.2508081793785095,,363650.0869565217
132395,,0.0,363651.6956521739
132407,0.2508081793785095,,363671.0
132408,,0.0,363672.60869565216
132415,0.2508081793785095,,363683.8695652174
132416,,0.0,363685.47826086957
132428,0.2508081793785095,,363704.7826086957
132429,,0.0,363706.39130434784
132442,0.25082817673683167,,363739.6666666667
132443,,2.0,363742.8333333333
132450,0.2508481740951538,,363765.0
132451,,2.0,363768.1666666667
132462,0.25086817145347595,,363803.0
132463,,2.0,363806.1666666667
132478,0.2508881688117981,,363853.6666666667
132479,,2.0,363856.8333333333
132493,0.25089818239212036,,363882.0
132494,,1.0,363884.0
132499,0.2509081959724426,,363894.0
132500,,1.0,363896.0
132510,0.2509182095527649,,363916.0
132511,,1.0,363918.0
132521,0.25092822313308716,,363938.0
132522,,1.0,363940.0
132533,0.25095823407173157,,363957.06976744183
132534,,3.0,363958.9534883721
132542,0.250988245010376,,363974.0232558139
132543,,3.0,363975.9069767442
132554,0.2510182559490204,,363996.62790697673
132555,,3.0,363998.511627907
132566,0.2510482668876648,,364019.23255813954
132567,,3.0,364021.11627906974
132580,0.25106826424598694,,364068.1219512195
132581,,2.0,364072.6341463415
132588,0.2510882616043091,,364104.2195121951
132589,,2.0,364108.73170731706
132599,0.2511082589626312,,364153.85365853657
132600,,2.0,364158.3658536585
132609,0.25112825632095337,,364198.9756097561
132610,,2.0,364203.48780487804
132624,0.25112825632095337,,364224.9074074074
132625,,0.0,364226.44444444444
132634,0.25112825632095337,,364240.27777777775
132635,,0.0,364241.81481481483
132653,0.25112825632095337,,364269.48148148146
132654,,0.0,364271.01851851854
132665,0.25112825632095337,,364287.9259259259
132666,,0.0,364289.462962963
132680,0.2511482536792755,,364316.75
132681,,2.0,364319.0909090909
132693,0.25116825103759766,,364347.1818181818
132694,,2.0,364349.5227272727
132703,0.2511882483959198,,364370.5909090909
132704,,2.0,364372.9318181818
132711,0.25120824575424194,,364389.3181818182
132712,,2.0,364391.6590909091
132733,0.25123825669288635,,364467.4693877551
132734,,3.0,364471.55102040817
132744,0.25126826763153076,,364512.36734693876
132745,,3.0,364516.44897959183
132752,0.25129827857017517,,364545.02040816325
132753,,3.0,364549.10204081633
132762,0.2513282895088196,,364585.8367346939
132763,,3.0,364589.9183673469
132782,0.2513482868671417,,364628.73170731706
132783,,2.0,364630.9024390244
132790,0.25136828422546387,,364646.0975609756
132791,,2.0,364648.26829268294
132797,0.251388281583786,,364661.2926829268
132798,,2.0,364663.46341463417
132805,0.25140827894210815,,364678.65853658534
132806,,2.0,364680.8292682927
132824,0.2514182925224304,,364706.05555555556
132825,,1.0,364707.5925925926
132835,0.2514283061027527,,364722.962962963
132836,,1.0,364724.5
132848,0.25143831968307495,,364742.94444444444
132849,,1.0,364744.48148148146
132861,0.2514483332633972,,364762.9259259259
132862,,1.0,364764.462962963
132878,0.2514583468437195,,364793.26829268294
132879,,1.0,364795.3658536585
132884,0.25146836042404175,,364805.85365853657
132885,,1.0,364807.9512195122
132893,0.251478374004364,,364824.73170731706
132894,,1.0,364826.8292682927
132904,0.2514883875846863,,364847.8048780488
132905,,1.0,364849.9024390244
132919,0.2515083849430084,,364877.2195121951
132920,,2.0,364879.51219512196
132928,0.25152838230133057,,364897.85365853657
132929,,2.0,364900.14634146343
132937,0.2515483796596527,,364918.48780487804
132938,,2.0,364920.7804878049
132947,0.25156837701797485,,364941.4146341463
132948,,2.0,364943.7073170732
132962,0.2515783905982971,,364966.9767441861
132963,,1.0,364968.88372093026
132971,0.2515884041786194,,364984.1395348837
132972,,1.0,364986.0465116279
132981,0.25159841775894165,,365003.20930232556
132982,,1.0,365005.11627906974
132992,0.2516084313392639,,365024.18604651163
132993,,1.0,365026.0930232558
133011,0.2516184449195862,,365057.347826087
133012,,1.0,365059.3043478261
133018,0.25162845849990845,,365071.04347826086
133019,,1.0,365073.0
133028,0.2516384720802307,,365090.60869565216
133029,,1.0,365092.5652173913
133040,0.251648485660553,,365114.0869565217
133041,,1.0,365116.04347826086
133058,0.2516784965991974,,365152.5714285714
133059,,3.0,365155.0408163265
133068,0.2517085075378418,,365177.2653061224
133069,,3.0,365179.7346938776
133078,0.2517385184764862,,365201.9591836735
133079,,3.0,365204.4285714286
133091,0.2517685294151306,,365234.0612244898
133092,,3.0,365236.5306122449
133110,0.2517785429954529,,365267.6666666667
133111,,1.0,365269.5777777778
133119,0.25178855657577515,,365284.86666666664
133120,,1.0,365286.77777777775
133127,0.2517985701560974,,365300.15555555554
133128,,1.0,365302.06666666665
133138,0.2518085837364197,,365321.1777777778
133139,,1.0,365323.0888888889
133155,0.2518285810947418,,365351.0
133156,,2.0,365353.0
133161,0.25184857845306396,,365363.0
133162,,2.0,365365.0
133176,0.2518685758113861,,365393.0
133177,,2.0,365395.0
133184,0.25188857316970825,,365409.0
133185,,2.0,365411.0
133198,0.2518985867500305,,365437.2105263158
133199,,1.0,365439.63157894736
133204,0.2519086003303528,,365451.7368421053
133205,,1.0,365454.15789473685
133212,0.25191861391067505,,365471.1052631579
133213,,1.0,365473.5263157895
133224,0.2519286274909973,,365500.15789473685
133225,,1.0,365502.5789473684
133237,0.25194862484931946,,365538.5675675676
133238,,2.0,365542.2972972973
133246,0.2519686222076416,,365572.13513513515
133247,,2.0,365575.86486486485
133251,0.25198861956596375,,365590.7837837838
133252,,2.0,365594.5135135135
133263,0.2520086169242859,,365635.54054054053
133264,,2.0,365639.2702702703
133277,0.25202861428260803,,365681.93617021275
133278,,2.0,365685.829787234
133287,0.2520486116409302,,365720.87234042556
133288,,2.0,365724.7659574468
133298,0.2520686089992523,,365763.7021276596
133299,,2.0,365767.59574468085
133312,0.25208860635757446,,365818.21276595746
133313,,2.0,365822.10638297873
133328,0.25211861729621887,,365876.0
133329,,3.0,365880.1666666667
133338,0.2521486282348633,,365917.6666666667
133339,,3.0,365921.8333333333
133350,0.2521786391735077,,365967.6666666667
133351,,3.0,365971.8333333333
133362,0.2522086501121521,,366017.6666666667
133363,,3.0,366021.8333333333
133382,0.2522386610507965,,366087.53846153844
133383,,3.0,366091.3846153846
133397,0.2522686719894409,,366145.23076923075
133398,,3.0,366149.07692307694
133407,0.2522986829280853,,366183.6923076923
133408,,3.0,366187.53846153844
133416,0.25232869386672974,,366218.3076923077
133417,,3.0,366222.1538461539
133433,0.25235870480537415,,366282.52173913043
133434,,3.0,366286.8695652174
133442,0.25238871574401855,,366321.652173913
133443,,3.0,366326.0
133453,0.25241872668266296,,366369.47826086957
133454,,3.0,366373.82608695654
133464,0.2524487376213074,,366417.3043478261
133465,,3.0,366421.652173913
133480,0.2524787485599518,,366483.14285714284
133481,,3.0,366487.90476190473
133488,0.2525087594985962,,366521.2380952381
133489,,3.0,366526.0
133498,0.2525387704372406,,366568.85714285716
133499,,3.0,366573.61904761905
133508,0.252568781375885,,366616.4761904762
133509,,3.0,366621.2380952381
133525,0.2525987923145294,,366676.0
133526,,3.0,366679.8461538461
133538,0.25262880325317383,,366726.0
133539,,3.0,366729.8461538461
133550,0.25265881419181824,,366772.1538461539
133551,,3.0,366776.0
133562,0.25268882513046265,,366818.3076923077
133563,,3.0,366822.1538461539
133575,0.25271883606910706,,366873.36842105264
133576,,3.0,366878.63157894736
133583,0.25274884700775146,,366915.4736842105
133584,,3.0,366920.7368421053
133592,0.2527788579463959,,366962.84210526315
133593,,3.0,366968.1052631579
133602,0.2528088688850403,,367015.4736842105
133603,,3.0,367020.7368421053
133613,0.2528388798236847,,367063.8378378378
133614,,3.0,367069.24324324325
133620,0.2528688907623291,,367101.6756756757
133621,,3.0,367107.08108108107
133630,0.2528989017009735,,367155.7297297297
133631,,3.0,367161.13513513515
133641,0.2529289126396179,,367215.1891891892
133642,,3.0,367220.5945945946
133659,0.25294890999794006,,367258.4680851064
133660,,2.0,367260.78723404254
133667,0.2529689073562622,,367277.02127659577
133668,,2.0,367279.3404255319
133679,0.25298890471458435,,367304.8510638298
133680,,2.0,367307.170212766
133690,0.2530089020729065,,367330.3617021277
133691,,2.0,367332.6808510638
133708,0.2530389130115509,,367389.90196078434
133709,,3.0,367393.82352941175
133716,0.2530689239501953,,367421.2745098039
133717,,3.0,367425.1960784314
133730,0.2530989348888397,,367476.17647058825
133731,,3.0,367480.09803921566
133743,0.25312894582748413,,367527.1568627451
133744,,3.0,367531.07843137253
133757,0.25315895676612854,,367581.511627907
133758,,3.0,367586.16279069765
133771,0.25318896770477295,,367646.62790697673
133772,,3.0,367651.27906976745
133780,0.25321897864341736,,367688.488372093
133781,,3.0,367693.1395348837
133788,0.25324898958206177,,367725.6976744186
133789,,3.0,367730.3488372093
133807,0.25325900316238403,,367763.6046511628
133808,,1.0,367765.511627907
133811,0.2532690167427063,,367771.23255813954
133812,,1.0,367773.1395348837
133821,0.25327903032302856,,367790.3023255814
133822,,1.0,367792.20930232556
133833,0.25328904390335083,,367813.18604651163
133834,,1.0,367815.0930232558
133847,0.253309041261673,,367851.1666666667
133848,,2.0,367854.5833333333
133857,0.2533290386199951,,367885.3333333333
133858,,2.0,367888.75
133862,0.25334903597831726,,367902.4166666667
133863,,2.0,367905.8333333333
133871,0.2533690333366394,,367933.1666666667
133872,,2.0,367936.5833333333
133887,0.2533690333366394,,367957.07692307694
133888,,0.0,367958.5
133900,0.2533690333366394,,367975.57692307694
133901,,0.0,367977.0
133915,0.2533690333366394,,367996.92307692306
133916,,0.0,367998.3461538461
133925,0.2533690333366394,,368011.1538461539
133926,,0.0,368012.57692307694
133947,0.25338903069496155,,368054.9411764706
133948,,2.0,368057.2156862745
133956,0.2534090280532837,,368075.4117647059
133957,,2.0,368077.6862745098
133969,0.25342902541160583,,368104.98039215687
133970,,2.0,368107.2549019608
133978,0.253449022769928,,368125.45098039217
133979,,2.0,368127.7254901961
133992,0.2534690201282501,,368154.5238095238
133993,,2.0,368156.9761904762
133999,0.25348901748657227,,368171.6904761905
134000,,2.0,368174.14285714284
134009,0.2535090148448944,,368196.21428571426
134010,,2.0,368198.6666666667
134022,0.25352901220321655,,368228.09523809527
134023,,2.0,368230.54761904763
134032,0.25352901220321655,,368244.1
134033,,0.0,368245.95
134044,0.25352901220321655,,368266.3
134045,,0.0,368268.15
134055,0.25352901220321655,,368286.65
134056,,0.0,368288.5
134064,0.25352901220321655,,368303.3
134065,,0.0,368305.15
134080,0.2535390257835388,,368330.2173913043
134081,,1.0,368332.152173913
134092,0.2535490393638611,,368353.4347826087
134093,,1.0,368355.3695652174
134105,0.25355905294418335,,368378.5869565217
134106,,1.0,368380.52173913043
134112,0.2535690665245056,,368392.1304347826
134113,,1.0,368394.0652173913
134134,0.2535690665245056,,368424.28571428574
134135,,0.0,368425.85714285716
134144,0.2535690665245056,,368440.0
134145,,0.0,368441.5714285714
134155,0.2535690665245056,,368457.28571428574
134156,,0.0,368458.85714285716
134163,0.2535690665245056,,368469.85714285716
134164,,0.0,368471.4285714286
134177,0.2535690665245056,,368492.5
134178,,0.0,368494.45
134186,0.2535690665245056,,368510.05
134187,,0.0,368512.0
134195,0.2535690665245056,,368527.6
134196,,0.0,368529.55
134205,0.2535690665245056,,368547.1
134206,,0.0,368549.05
134226,0.25359907746315,,368577.8076923077
134227,,3.0,368579.3846153846
134239,0.25362908840179443,,368598.3076923077
134240,,3.0,368599.8846153846
134249,0.25365909934043884,,368614.07692307694
134250,,3.0,368615.6538461539
134259,0.25368911027908325,,368629.8461538461
134260,,3.0,368631.42307692306
134273,0.25368911027908325,,368654.08108108107
134274,,0.0,368656.1891891892
134282,0.25368911027908325,,368673.0540540541
134283,,0.0,368675.1621621622
134290,0.25368911027908325,,368689.91891891893
134291,,0.0,368692.02702702704
134298,0.25368911027908325,,368706.7837837838
134299,,0.0,368708.8918918919
134314,0.25368911027908325,,368730.91489361704
134315,,0.0,368732.57446808513
134326,0.25368911027908325,,368750.829787234
134327,,0.0,368752.4893617021
134336,0.25368911027908325,,368767.42553191487
134337,,0.0,368769.08510638296
134347,0.25368911027908325,,368785.6808510638
134348,,0.0,368787.3404255319
134366,0.25368911027908325,,368817.53658536583
134367,,0.0,368819.43902439025
134375,0.25368911027908325,,368834.65853658534
134376,,0.0,368836.56097560975
134383,0.25368911027908325,,368849.8780487805
134384,,0.0,368851.7804878049
134390,0.25368911027908325,,368863.1951219512
134391,,0.0,368865.0975609756
134404,0.25368911027908325,,368884.61904761905
134405,,0.0,368886.38095238095
134415,0.25368911027908325,,368904.0
134416,,0.0,368905.7619047619
134424,0.25368911027908325,,368919.85714285716
134425,,0.0,368921.61904761905
134434,0.25368911027908325,,368937.4761904762
134435,,0.0,368939.2380952381
134450,0.25368911027908325,,368962.54545454547
134451,,0.0,368964.3409090909
134461,0.25368911027908325,,368982.29545454547
134462,,0.0,368984.0909090909
134470,0.25368911027908325,,368998.45454545453
134471,,0.0,369000.25
134480,0.25368911027908325,,369016.4090909091
134481,,0.0,369018.20454545453
134493,0.2536991238594055,,369038.39130434784
134494,,1.0,369040.4347826087
134504,0.2537091374397278,,369060.8695652174
134505,,1.0,369062.9130434783
134515,0.25371915102005005,,369083.347826087
134516,,1.0,369085.39130434784
134528,0.2537291646003723,,369109.9130434783
134529,,1.0,369111.95652173914
134551,0.2537291646003723,,369141.0925925926
134552,,0.0,369142.51851851854
134563,0.2537291646003723,,369158.2037037037
134564,,0.0,369159.6296296296
134576,0.2537291646003723,,369176.74074074073
134577,,0.0,369178.1666666667
134584,0.2537291646003723,,369188.14814814815
134585,,0.0,369189.5740740741
134600,0.2537291646003723,,369212.2727272727
134601,,0.0,369214.04545454547
134610,0.2537291646003723,,369230.0
134611,,0.0,369231.7727272727
134619,0.2537291646003723,,369245.95454545453
134620,,0.0,369247.7272727273
134630,0.2537291646003723,,369265.45454545453
134631,,0.0,369267.2272727273
134649,0.2537291646003723,,369292.5714285714
134650,,0.0,369294.14285714284
134659,0.2537291646003723,,369308.28571428574
134660,,0.0,369309.85714285716
134670,0.2537291646003723,,369325.5714285714
134671,,0.0,369327.14285714284
134681,0.2537291646003723,,369342.85714285716
134682,,0.0,369344.4285714286
134696,0.25374916195869446,,369377.5
134697,,2.0,369380.36363636365
134705,0.2537691593170166,,369403.2727272727
134706,,2.0,369406.13636363635
134717,0.25378915667533875,,369437.63636363635
134718,,2.0,369440.5
134727,0.2538091540336609,,369466.2727272727
134728,,2.0,369469.13636363635
134740,0.2538391649723053,,369520.64864864864
134741,,3.0,369526.0540540541
134748,0.2538691759109497,,369563.8918918919
134749,,3.0,369569.2972972973
134756,0.2538991868495941,,369607.13513513515
134757,,3.0,369612.54054054053
134766,0.2539291977882385,,369661.1891891892
134767,,3.0,369666.5945945946
134777,0.25395920872688293,,369703.1111111111
134778,,3.0,369707.55555555556
134791,0.25398921966552734,,369765.3333333333
134792,,3.0,369769.77777777775
134800,0.25401923060417175,,369805.3333333333
134801,,3.0,369809.77777777775
134813,0.25404924154281616,,369863.1111111111
134814,,3.0,369867.55555555556
134829,0.25407925248146057,,369927.81395348837
134830,,3.0,369932.4651162791
134836,0.254109263420105,,369960.37209302327
134837,,3.0,369965.0232558139
134849,0.2541392743587494,,370020.83720930235
134850,,3.0,370025.488372093
134858,0.2541692852973938,,370062.6976744186
134859,,3.0,370067.3488372093
134871,0.2541992962360382,,370117.0
134872,,3.0,370122.0
134885,0.2542293071746826,,370187.0
134886,,3.0,370192.0
134893,0.254259318113327,,370227.0
134894,,3.0,370232.0
134900,0.25428932905197144,,370262.0
134901,,3.0,370267.0
134912,0.25428932905197144,,370288.2162162162
134913,,0.0,370290.24324324325
134921,0.25428932905197144,,370306.45945945947
134922,,0.0,370308.4864864865
134929,0.25428932905197144,,370322.6756756757
134930,,0.0,370324.7027027027
134939,0.25428932905197144,,370342.9459459459
134940,,0.0,370344.97297297296
134962,0.2542993426322937,,370378.42307692306
134963,,1.0,370380.07692307694
134974,0.25430935621261597,,370398.26923076925
134975,,1.0,370399.92307692306
134982,0.25431936979293823,,370411.5
134983,,1.0,370413.1538461539
134993,0.2543293833732605,,370429.6923076923
134994,,1.0,370431.3461538461
135012,0.25434938073158264,,370477.0425531915
135013,,2.0,370479.97872340423
135022,0.2543693780899048,,370506.40425531915
135023,,2.0,370509.3404255319
135033,0.25438937544822693,,370538.7021276596
135034,,2.0,370541.6382978723
135042,0.2544093728065491,,370565.12765957444
135043,,2.0,370568.06382978725
135059,0.2544093728065491,,370592.3777777778
135060,,0.0,370594.02222222224
135069,0.2544093728065491,,370608.8222222222
135070,,0.0,370610.4666666667
135080,0.2544093728065491,,370626.9111111111
135081,,0.0,370628.55555555556
135089,0.2544093728065491,,370641.7111111111
135090,,0.0,370643.35555555555
135101,0.2544293701648712,,370681.75675675675
135102,,2.0,370686.35135135136
135109,0.25444936752319336,,370718.5135135135
135110,,2.0,370723.1081081081
135119,0.2544693648815155,,370764.45945945947
135120,,2.0,370769.0540540541
135128,0.25448936223983765,,370805.8108108108
135129,,2.0,370810.4054054054
135145,0.2544993758201599,,370836.57446808513
135146,,1.0,370838.2340425532
135156,0.2545093894004822,,370854.829787234
135157,,1.0,370856.4893617021
135166,0.25451940298080444,,370871.42553191487
135167,,1.0,370873.08510638296
135177,0.2545294165611267,,370889.6808510638
135178,,1.0,370891.3404255319
135197,0.25454941391944885,,370934.0566037736
135198,,2.0,370936.62264150946
135205,0.254569411277771,,370954.58490566036
135206,,2.0,370957.1509433962
135223,0.25458940863609314,,371000.77358490566
135224,,2.0,371003.3396226415
135232,0.2546094059944153,,371023.8679245283
135233,,2.0,371026.43396226416
135244,0.25461941957473755,,371043.85714285716
135245,,1.0,371045.71428571426
135258,0.2546294331550598,,371069.85714285716
135259,,1.0,371071.71428571426
135271,0.2546394467353821,,371094.0
135272,,1.0,371095.85714285716
135283,0.25464946031570435,,371116.28571428574
135284,,1.0,371118.14285714284
135300,0.2546594738960266,,371147.15555555554
135301,,1.0,371149.2444444444
135312,0.2546694874763489,,371172.22222222225
135313,,1.0,371174.31111111114
135323,0.25467950105667114,,371195.2
135324,,1.0,371197.2888888889
135330,0.2546895146369934,,371209.8222222222
135331,,1.0,371211.9111111111
135346,0.2546995282173157,,371240.91891891893
135347,,1.0,371243.1621621622
135356,0.25470954179763794,,371263.35135135136
135357,,1.0,371265.5945945946
135362,0.2547195553779602,,371276.8108108108
135363,,1.0,371279.0540540541
135369,0.25472956895828247,,371292.5135135135
135370,,1.0,371294.75675675675
135390,0.25473958253860474,,371326.3333333333
135391,,1.0,371328.0588235294
135401,0.254749596118927,,371345.3137254902
135402,,1.0,371347.03921568627
135410,0.25475960969924927,,371360.8431372549
135411,,1.0,371362.56862745096
135422,0.25476962327957153,,371381.54901960783
135423,,1.0,371383.2745098039
135442,0.2547896206378937,,371430.0
135443,,2.0,371432.8125
135453,0.2548096179962158,,371460.9375
135454,,2.0,371463.75
135463,0.25482961535453796,,371489.0625
135464,,2.0,371491.875
135472,0.2548496127128601,,371514.375
135473,,2.0,371517.1875
135489,0.2548796236515045,,371541.0888888889
135490,,3.0,371542.7111111111
135498,0.2549096345901489,,371555.68888888886
135499,,3.0,371557.31111111114
135506,0.25493964552879333,,371568.6666666667
135507,,3.0,371570.2888888889
135519,0.25496965646743774,,371589.7555555556
135520,,3.0,371591.3777777778
135538,0.2549896538257599,,371661.1818181818
135539,,2.0,371665.7272727273
135548,0.25500965118408203,,371706.63636363635
135549,,2.0,371711.1818181818
135556,0.2550296485424042,,371743.0
135557,,2.0,371747.54545454547
135565,0.2550496459007263,,371783.9090909091
135566,,2.0,371788.45454545453
135583,0.25506964325904846,,371835.875
135584,,2.0,371838.9375
135591,0.2550896406173706,,371860.375
135592,,2.0,371863.4375
135603,0.25510963797569275,,371897.125
135604,,2.0,371900.1875
135615,0.2551296353340149,,371933.875
135616,,2.0,371936.9375
135630,0.2551296353340149,,371961.4210526316
135631,,0.0,371963.36842105264
135640,0.2551296353340149,,371980.8947368421
135641,,0.0,371982.84210526315
135648,0.2551296353340149,,371996.4736842105
135649,,0.0,371998.4210526316
135655,0.2551296353340149,,372010.1052631579
135656,,0.0,372012.05263157893
135668,0.25513964891433716,,372030.65
135669,,1.0,372032.5
135676,0.2551496624946594,,372045.45
135677,,1.0,372047.3
135687,0.2551596760749817,,372065.8
135688,,1.0,372067.65
135697,0.25516968965530396,,372084.3
135698,,1.0,372086.15
135715,0.25519970059394836,,372107.17391304346
135716,,3.0,372108.54347826086
135728,0.2552297115325928,,372124.97826086957
135729,,3.0,372126.347826087
135736,0.2552597224712372,,372135.9347826087
135737,,3.0,372137.3043478261
135745,0.2552897334098816,,372148.26086956525
135746,,3.0,372149.6304347826
135761,0.25529974699020386,,372176.71428571426
135762,,1.0,372178.85714285716
135776,0.2553097605705261,,372208.85714285716
135777,,1.0,372211.0
135783,0.2553197741508484,,372223.85714285716
135784,,1.0,372226.0
135789,0.25532978773117065,,372236.71428571426
135790,,1.0,372238.85714285716
135806,0.25532978773117065,,372263.60869565216
135807,,0.0,372265.347826087
135815,0.25532978773117065,,372279.26086956525
135816,,0.0,372281.0
135829,0.25532978773117065,,372303.60869565216
135830,,0.0,372305.347826087
135837,0.25532978773117065,,372317.52173913043
135838,,0.0,372319.26086956525
135850,0.25532978773117065,,372337.8461538461
135851,,0.0,372339.71794871794
135863,0.25532978773117065,,372362.1794871795
135864,,0.0,372364.0512820513
135871,0.25532978773117065,,372377.1538461539
135872,,0.0,372379.0256410256
135878,0.25532978773117065,,372390.25641025644
135879,,0.0,372392.1282051282
135894,0.2553497850894928,,372415.5
135895,,2.0,372417.2916666667
135908,0.25536978244781494,,372440.5833333333
135909,,2.0,372442.375
135918,0.2553897798061371,,372458.5
135919,,2.0,372460.2916666667
135928,0.25540977716445923,,372476.4166666667
135929,,2.0,372478.2083333333
135949,0.2554197907447815,,372508.82608695654
135950,,1.0,372510.52173913043
135957,0.25542980432510376,,372522.39130434784
135958,,1.0,372524.0869565217
135967,0.255439817905426,,372539.347826087
135968,,1.0,372541.04347826086
135976,0.2554498314857483,,372554.60869565216
135977,,1.0,372556.3043478261
135996,0.2554498314857483,,372589.2
135997,,0.0,372591.15
136003,0.2554498314857483,,372602.85
136004,,0.0,372604.8
136011,0.2554498314857483,,372618.45
136012,,0.0,372620.4
136018,0.2554498314857483,,372632.1
136019,,0.0,372634.05
136036,0.2554498314857483,,372662.3333333333
136037,,0.0,372664.21428571426
136044,0.2554498314857483,,372677.38095238095
136045,,0.0,372679.2619047619
136054,0.2554498314857483,,372696.1904761905
136055,,0.0,372698.0714285714
136062,0.2554498314857483,,372711.2380952381
136063,,0.0,372713.11904761905
136075,0.2554498314857483,,372732.16279069765
136076,,0.0,372734.06976744183
136084,0.2554498314857483,,372749.32558139536
136085,,0.0,372751.23255813954
136094,0.2554498314857483,,372768.3953488372
136095,,0.0,372770.3023255814
136107,0.2554498314857483,,372793.18604651163
136108,,0.0,372795.0930232558
136128,0.2554498314857483,,372821.24074074073
136129,,0.0,372822.6666666667
136142,0.2554498314857483,,372841.2037037037
136143,,0.0,372842.6296296296
136152,0.2554498314857483,,372855.462962963
136153,,0.0,372856.8888888889
136163,0.2554498314857483,,372871.14814814815
136164,,0.0,372872.5740740741
136180,0.2554498314857483,,372892.25
136181,,0.0,372893.6538461539
136196,0.2554498314857483,,372914.71153846156
136197,,0.0,372916.1153846154
136208,0.2554498314857483,,372931.5576923077
136209,,0.0,372932.96153846156
136217,0.2554498314857483,,372944.1923076923
136218,,0.0,372945.5961538461
136234,0.2554498314857483,,372967.4680851064
136235,,0.0,372969.0425531915
136245,0.2554498314857483,,372984.78723404254
136246,,0.0,372986.3617021277
136255,0.2554498314857483,,373000.5319148936
136256,,0.0,373002.10638297873
136266,0.2554498314857483,,373017.8510638298
136267,,0.0,373019.42553191487
136281,0.2554498314857483,,373041.9268292683
136282,,0.0,373043.8292682927
136289,0.2554498314857483,,373057.14634146343
136290,,0.0,373059.0487804878
136300,0.2554498314857483,,373078.0731707317
136301,,0.0,373079.9756097561
136309,0.2554498314857483,,373095.1951219512
136310,,0.0,373097.0975609756
136326,0.2554498314857483,,373122.45652173914
136327,,0.0,373124.26086956525
136336,0.2554498314857483,,373140.5
136337,,0.0,373142.3043478261
136346,0.2554498314857483,,373158.54347826086
136347,,0.0,373160.347826087
136357,0.2554498314857483,,373178.39130434784
136358,,0.0,373180.1956521739
136369,0.2554498314857483,,373197.2195121951
136370,,0.0,373199.1219512195
136379,0.2554498314857483,,373216.243902439
136380,,0.0,373218.14634146343
136390,0.2554498314857483,,373237.1707317073
136391,,0.0,373239.0731707317
136400,0.2554498314857483,,373256.1951219512
136401,,0.0,373258.0975609756
136414,0.25545984506607056,,373282.1621621622
136415,,1.0,373284.3783783784
136420,0.2554698586463928,,373295.45945945947
136421,,1.0,373297.6756756757
136431,0.2554798722267151,,373319.8378378378
136432,,1.0,373322.0540540541
136439,0.25548988580703735,,373337.5675675676
136440,,1.0,373339.7837837838
136450,0.2554998993873596,,373357.05
136451,,1.0,373359.2
136458,0.2555099129676819,,373374.25
136459,,1.0,373376.4
136468,0.25551992654800415,,373395.75
136469,,1.0,373397.9
136481,0.2555299401283264,,373423.7
136482,,1.0,373425.85
136497,0.2555399537086487,,373450.13333333336
136498,,1.0,373451.97777777776
136508,0.25554996728897095,,373470.4222222222
136509,,1.0,373472.26666666666
136517,0.2555599808692932,,373487.02222222224
136518,,1.0,373488.86666666664
136528,0.2555699944496155,,373507.31111111114
136529,,1.0,373509.15555555554
136547,0.2555699944496155,,373535.89361702127
136548,,0.0,373537.55319148937
136556,0.2555699944496155,,373550.829787234
136557,,0.0,373552.4893617021
136567,0.2555699944496155,,373569.08510638296
136568,,0.0,373570.74468085106
136577,0.2555699944496155,,373585.6808510638
136578,,0.0,373587.3404255319
136594,0.25558000802993774,,373616.73333333334
136595,,1.0,373618.86666666664
136604,0.25559002161026,,373638.06666666665
136605,,1.0,373640.2
136613,0.2556000351905823,,373657.26666666666
136614,,1.0,373659.4
136624,0.25561004877090454,,373680.73333333334
136625,,1.0,373682.86666666664
136639,0.25564005970954895,,373719.75
136640,,3.0,373722.9090909091
136646,0.25567007064819336,,373741.86363636365
136647,,3.0,373745.0227272727
136658,0.25570008158683777,,373779.7727272727
136659,,3.0,373782.9318181818
136670,0.2557300925254822,,373817.6818181818
136671,,3.0,373820.8409090909
136689,0.2557500898838043,,373869.3658536585
136690,,2.0,373872.39024390245
136698,0.25577008724212646,,373896.5853658537
136699,,2.0,373899.60975609755
136707,0.2557900846004486,,373923.8048780488
136708,,2.0,373926.8292682927
136713,0.25581008195877075,,373941.9512195122
136714,,2.0,373944.9756097561
136728,0.255820095539093,,373971.0731707317
136729,,1.0,373973.1707317073
136736,0.2558301091194153,,373987.85365853657
136737,,1.0,373989.9512195122
136747,0.25584012269973755,,374010.9268292683
136748,,1.0,374013.0243902439
136756,0.2558501362800598,,374029.8048780488
136757,,1.0,374031.9024390244
136768,0.2558601498603821,,374053.65714285715
136769,,1.0,374056.1142857143
136779,0.25587016344070435,,374080.6857142857
136780,,1.0,374083.14285714284
136785,0.2558801770210266,,374095.4285714286
136786,,1.0,374097.8857142857
136793,0.2558901906013489,,374115.0857142857
136794,,1.0,374117.54285714286
136811,0.25590020418167114,,374146.17391304346
136812,,1.0,374148.04347826086
136821,0.2559102177619934,,374164.8695652174
136822,,1.0,374166.73913043475
136830,0.2559202313423157,,374181.6956521739
136831,,1.0,374183.5652173913
136841,0.25593024492263794,,374202.26086956525
136842,,1.0,374204.1304347826
136860,0.2559502422809601,,374237.95652173914
136861,,2.0,374240.0869565217
136865,0.2559702396392822,,374248.60869565216
136866,,2.0,374250.73913043475
136876,0.25599023699760437,,374272.04347826086
136877,,2.0,374274.17391304346
136889,0.2560102343559265,,374299.73913043475
136890,,2.0,374301.8695652174
136907,0.2560202479362488,,374329.2
136908,,1.0,374331.0
136920,0.25603026151657104,,374352.6
136921,,1.0,374354.4
136928,0.2560402750968933,,374367.0
136929,,1.0,374368.8
136936,0.2560502886772156,,374381.4
136937,,1.0,374383.2
136956,0.2560702860355377,,374411.24
136957,,2.0,374412.88
136966,0.25609028339385986,,374427.64
136967,,2.0,374429.28
136975,0.256110280752182,,374442.4
136976,,2.0,374444.04
136988,0.25613027811050415,,374463.72
136989,,2.0,374465.36
137004,0.25613027811050415,,374486.1489361702
137005,,0.0,374487.74468085106
137012,0.25613027811050415,,374498.91489361704
137013,,0.0,374500.5106382979
137022,0.25613027811050415,,374514.87234042556
137023,,0.0,374516.4680851064
137037,0.25613027811050415,,374538.8085106383
137038,,0.0,374540.40425531915
137049,0.2561502754688263,,374559.3023255814
137050,,2.0,374561.4651162791
137064,0.25617027282714844,,374591.74418604653
137065,,2.0,374593.9069767442
137075,0.2561902701854706,,374615.5348837209
137076,,2.0,374617.6976744186
137082,0.2562102675437927,,374630.67441860464
137083,,2.0,374632.83720930235
137095,0.256220281124115,,374659.3947368421
137096,,1.0,374662.1052631579
137105,0.25623029470443726,,374686.5
137106,,1.0,374689.2105263158
137115,0.2562403082847595,,374713.6052631579
137116,,1.0,374716.3157894737
137122,0.2562503218650818,,374732.5789473684
137123,,1.0,374735.2894736842
137137,0.25627031922340393,,374784.5
137138,,2.0,374788.7272727273
137147,0.2562903165817261,,374826.7727272727
137148,,2.0,374831.0
137157,0.2563103139400482,,374869.04545454547
137158,,2.0,374873.2727272727
137168,0.25633031129837036,,374915.54545454547
137169,,2.0,374919.7727272727
137184,0.2563403248786926,,374949.86666666664
137185,,1.0,374952.02222222224
137194,0.2563503384590149,,374971.4222222222
137195,,1.0,374973.5777777778
137205,0.25636035203933716,,374995.13333333336
137206,,1.0,374997.2888888889
137215,0.2563703656196594,,375016.68888888886
137216,,1.0,375018.84444444446
137230,0.2563803791999817,,375042.26666666666
137231,,1.0,375044.2
137245,0.25639039278030396,,375071.26666666666
137246,,1.0,375073.2
137252,0.2564004063606262,,375084.8
137253,,1.0,375086.73333333334
137262,0.2564104199409485,,375104.13333333336
137263,,1.0,375106.06666666665
137280,0.25643041729927063,,375133.88679245283
137281,,2.0,375135.7358490566
137295,0.2564504146575928,,375161.62264150946
137296,,2.0,375163.4716981132
137308,0.2564704120159149,,375185.6603773585
137309,,2.0,375187.5094339623
137317,0.25649040937423706,,375202.30188679247
137318,,2.0,375204.1509433962
137334,0.2565004229545593,,375235.0425531915
137335,,1.0,375237.27659574465
137346,0.2565104365348816,,375261.8510638298
137347,,1.0,375264.08510638296
137355,0.25652045011520386,,375281.9574468085
137356,,1.0,375284.1914893617
137366,0.2565304636955261,,375306.5319148936
137367,,1.0,375308.7659574468
137381,0.2565404772758484,,375336.5675675676
137382,,1.0,375338.8918918919
137390,0.25655049085617065,,375357.4864864865
137391,,1.0,375359.8108108108
137395,0.2565605044364929,,375369.1081081081
137396,,1.0,375371.4324324324
137405,0.2565705180168152,,375392.35135135136
137406,,1.0,375394.6756756757
137419,0.2565705180168152,,375416.5
137420,,0.0,375418.45
137432,0.2565705180168152,,375441.85
137433,,0.0,375443.8
137440,0.2565705180168152,,375457.45
137441,,0.0,375459.4
137447,0.2565705180168152,,375471.1
137448,,0.0,375473.05
137457,0.25659051537513733,,375489.14285714284
137458,,2.0,375491.5
137466,0.2566105127334595,,375510.35714285716
137467,,2.0,375512.71428571426
137479,0.2566305100917816,,375541.0
137480,,2.0,375543.35714285716
137491,0.25665050745010376,,375569.28571428574
137492,,2.0,375571.64285714284
137506,0.2566705048084259,,375615.5853658537
137507,,2.0,375619.3658536585
137515,0.25669050216674805,,375649.60975609755
137516,,2.0,375653.39024390245
137522,0.2567104995250702,,375676.0731707317
137523,,2.0,375679.85365853657
137534,0.25673049688339233,,375721.43902439025
137535,,2.0,375725.2195121951
137555,0.2567504942417145,,375793.8775510204
137556,,2.0,375797.693877551
137566,0.2567704916000366,,375835.85714285716
137567,,2.0,375839.67346938775
137573,0.25679048895835876,,375862.5714285714
137574,,2.0,375866.387755102
137585,0.2568104863166809,,375908.36734693876
137586,,2.0,375912.1836734694
137598,0.25683048367500305,,375935.4693877551
137599,,2.0,375937.63265306124
137607,0.2568504810333252,,375954.9387755102
137608,,2.0,375957.10204081633
137618,0.25687047839164734,,375978.7346938776
137619,,2.0,375980.89795918367
137636,0.2568904757499695,,376017.67346938775
137637,,2.0,376019.8367346939
137655,0.25690048933029175,,376051.6511627907
137656,,1.0,376053.62790697673
137664,0.256910502910614,,376069.4418604651
137665,,1.0,376071.4186046512
137673,0.2569205164909363,,376087.23255813954
137674,,1.0,376089.20930232556
137681,0.25693053007125854,,376103.0465116279
137682,,1.0,376105.0232558139
137701,0.2569405436515808,,376140.4222222222
137702,,1.0,376142.5111111111
137706,0.2569505572319031,,376150.86666666664
137707,,1.0,376152.9555555555
137715,0.25696057081222534,,376169.6666666667
137716,,1.0,376171.7555555556
137728,0.2569705843925476,,376196.8222222222
137729,,1.0,376198.9111111111
137747,0.2569805979728699,,376227.7
137748,,1.0,376229.48
137759,0.25699061155319214,,376249.06
137760,,1.0,376250.84
137771,0.2570006251335144,,376270.42
137772,,1.0,376272.2
137780,0.25701063871383667,,376286.44
137781,,1.0,376288.22
137797,0.2570306360721588,,376335.0465116279
137798,,2.0,376338.511627907
137808,0.25705063343048096,,376373.16279069765
137809,,2.0,376376.62790697673
137816,0.2570706307888031,,376400.88372093026
137817,,2.0,376404.3488372093
137825,0.25709062814712524,,376432.06976744183
137826,,2.0,376435.5348837209
137841,0.2571006417274475,,376465.4
137842,,1.0,376467.6
137852,0.2571106553077698,,376489.6
137853,,1.0,376491.8
137861,0.25712066888809204,,376509.4
137862,,1.0,376511.6
137867,0.2571306824684143,,376522.6
137868,,1.0,376524.8
137885,0.2571306824684143,,376549.0
137886,,0.0,376550.5714285714
137895,0.2571306824684143,,376564.71428571426
137896,,0.0,376566.28571428574
137907,0.2571306824684143,,376583.5714285714
137908,,0.0,376585.14285714284
137918,0.2571306824684143,,376600.85714285716
137919,,0.0,376602.4285714286
137934,0.2571606934070587,,376638.53658536583
137935,,3.0,376641.4146341463
137942,0.2571907043457031,,376661.56097560975
137943,,3.0,376664.43902439025
137948,0.25722071528434753,,376678.8292682927
137949,,3.0,376681.7073170732
137961,0.25725072622299194,,376716.243902439
137962,,3.0,376719.1219512195
137977,0.2572707235813141,,376746.8181818182
137978,,2.0,376748.88636363635
137986,0.25729072093963623,,376765.4318181818
137987,,2.0,376767.5
137994,0.2573107182979584,,376781.9772727273
137995,,2.0,376784.04545454547
138007,0.2573307156562805,,376808.86363636365
138008,,2.0,376810.9318181818
138020,0.2573607265949249,,376867.54545454547
138021,,3.0,376873.6060606061
138031,0.25739073753356934,,376934.2121212121
138032,,3.0,376940.2727272727
138037,0.25742074847221375,,376970.57575757575
138038,,3.0,376976.63636363635
138042,0.25745075941085815,,377000.8787878788
138043,,3.0,377006.9393939394
138057,0.25745075941085815,,377035.5789473684
138058,,0.0,377037.63157894736
138067,0.25745075941085815,,377056.1052631579
138068,,0.0,377058.15789473685
138075,0.25745075941085815,,377072.5263157895
138076,,0.0,377074.5789473684
138082,0.25745075941085815,,377086.8947368421
138083,,0.0,377088.94736842107
138100,0.2574707567691803,,377148.6666666667
138101,,2.0,377152.78571428574
138109,0.25749075412750244,,377185.7380952381
138110,,2.0,377189.85714285716
138119,0.2575107514858246,,377226.9285714286
138120,,2.0,377231.04761904763
138126,0.25753074884414673,,377255.7619047619
138127,,2.0,377259.88095238095
138141,0.25755074620246887,,377308.67346938775
138142,,2.0,377312.7346938776
138152,0.257570743560791,,377353.3469387755
138153,,2.0,377357.4081632653
138166,0.25759074091911316,,377410.20408163266
138167,,2.0,377414.2653061224
138177,0.2576107382774353,,377454.8775510204
138178,,2.0,377458.9387755102
138191,0.25763073563575745,,377488.10638297873
138192,,2.0,377490.6170212766
138206,0.2576507329940796,,377525.7659574468
138207,,2.0,377528.27659574465
138218,0.25767073035240173,,377555.89361702127
138219,,2.0,377558.40425531915
138226,0.2576907277107239,,377575.97872340423
138227,,2.0,377578.4893617021
138245,0.25770074129104614,,377604.7272727273
138246,,1.0,377606.3090909091
138256,0.2577107548713684,,377622.12727272726
138257,,1.0,377623.7090909091
138269,0.2577207684516907,,377642.6909090909
138270,,1.0,377644.2727272727
138283,0.25773078203201294,,377664.83636363636
138284,,1.0,377666.41818181815
138296,0.25773078203201294,,377685.1219512195
138297,,0.0,377687.0243902439
138306,0.25773078203201294,,377704.14634146343
138307,,0.0,377706.0487804878
138314,0.25773078203201294,,377719.3658536585
138315,,0.0,377721.26829268294
138326,0.25773078203201294,,377742.1951219512
138327,,0.0,377744.0975609756
138336,0.2577407956123352,,377759.35
138337,,1.0,377761.575
138350,0.25775080919265747,,377790.5
138351,,1.0,377792.725
138358,0.25776082277297974,,377808.3
138359,,1.0,377810.525
138368,0.257770836353302,,377830.55
138369,,1.0,377832.775
138385,0.25778084993362427,,377860.4090909091
138386,,1.0,377862.36363636365
138394,0.25779086351394653,,377878.0
138395,,1.0,377879.95454545453
138406,0.2578008770942688,,377901.45454545453
138407,,1.0,377903.4090909091
138414,0.25781089067459106,,377917.0909090909
138415,,1.0,377919.04545454547
138430,0.2578308880329132,,377951.54545454547
138431,,2.0,377954.0909090909
138438,0.25785088539123535,,377971.9090909091
138439,,2.0,377974.45454545453
138446,0.2578708827495575,,377992.2727272727
138447,,2.0,377994.8181818182
138460,0.25789088010787964,,378027.9090909091
138461,,2.0,378030.45454545453
138473,0.25789088010787964,,378052.1538461539
138474,,0.0,378054.28205128206
138487,0.25789088010787964,,378081.9487179487
138488,,0.0,378084.07692307694
138494,0.25789088010787964,,378096.8461538461
138495,,0.0,378098.9743589744
138501,0.25789088010787964,,378111.74358974356
138502,,0.0,378113.8717948718
138516,0.25789088010787964,,378133.875
138517,,0.0,378135.5
138527,0.25789088010787964,,378151.75
138528,,0.0,378153.375
138541,0.25789088010787964,,378174.5
138542,,0.0,378176.125
138551,0.25789088010787964,,378190.75
138552,,0.0,378192.375
138570,0.2579008936882019,,378223.0625
138571,,1.0,378225.0
138581,0.25791090726852417,,378244.375
138582,,1.0,378246.3125
138589,0.25792092084884644,,378259.875
138590,,1.0,378261.8125
138601,0.2579309344291687,,378283.125
138602,,1.0,378285.0625
138613,0.2579309344291687,,378300.76744186046
138614,,0.0,378302.488372093
138624,0.2579309344291687,,378319.6976744186
138625,,0.0,378321.4186046512
138635,0.2579309344291687,,378338.62790697673
138636,,0.0,378340.3488372093
138646,0.2579309344291687,,378357.5581395349
138647,,0.0,378359.27906976745
138660,0.25795093178749084,,378399.75
138661,,2.0,378403.625
138670,0.257970929145813,,378438.5
138671,,2.0,378442.375
138677,0.25799092650413513,,378465.625
138678,,2.0,378469.5
138688,0.2580109238624573,,378508.25
138689,,2.0,378512.125
138702,0.2580409348011017,,378535.75
138703,,3.0,378537.725
138712,0.2580709457397461,,378555.5
138713,,3.0,378557.475
138719,0.2581009566783905,,378569.325
138720,,3.0,378571.3
138730,0.2581309676170349,,378591.05
138731,,3.0,378593.025
138747,0.25815096497535706,,378634.829787234
138748,,2.0,378637.89361702127
138758,0.2581709623336792,,378668.5319148936
138759,,2.0,378671.59574468085
138769,0.25819095969200134,,378702.2340425532
138770,,2.0,378705.2978723404
138779,0.2582109570503235,,378732.87234042556
138780,,2.0,378735.93617021275
138793,0.25822097063064575,,378761.1621621622
138794,,1.0,378763.3783783784
138805,0.258230984210968,,378787.75675675675
138806,,1.0,378789.97297297296
138811,0.2582409977912903,,378801.0540540541
138812,,1.0,378803.2702702703
138818,0.25825101137161255,,378816.5675675676
138819,,1.0,378818.7837837838
138834,0.2582710087299347,,378844.09433962265
138835,,2.0,378846.0188679245
138849,0.25829100608825684,,378872.96226415096
138850,,2.0,378874.88679245283
138865,0.258311003446579,,378903.75471698114
138866,,2.0,378905.679245283
138873,0.2583310008049011,,378919.1509433962
138874,,2.0,378921.07547169813
138886,0.25836101174354553,,378939.23529411765
138887,,3.0,378941.03921568627
138899,0.25839102268218994,,378962.6862745098
138900,,3.0,378964.49019607843
138912,0.25842103362083435,,378986.137254902
138913,,3.0,378987.9411764706
138926,0.25845104455947876,,379011.39215686277
138927,,3.0,379013.1960784314
138937,0.258461058139801,,379030.5135135135
138938,,1.0,379032.7297297297
138946,0.2584710717201233,,379050.45945945947
138947,,1.0,379052.6756756757
138957,0.25848108530044556,,379074.8378378378
138958,,1.0,379077.0540540541
138965,0.2584910988807678,,379092.5675675676
138966,,1.0,379094.7837837838
138978,0.25851109623908997,,379115.92307692306
138979,,2.0,379118.0256410256
138987,0.2585310935974121,,379134.8461538461
138988,,2.0,379136.9487179487
138995,0.25855109095573425,,379151.6666666667
138996,,2.0,379153.76923076925
139006,0.2585710883140564,,379174.7948717949
139007,,2.0,379176.89743589744
139029,0.25859108567237854,,379218.21276595746
139030,,2.0,379220.27659574465
139037,0.2586110830307007,,379234.72340425535
139038,,2.0,379236.78723404254
139043,0.2586310803890228,,379247.10638297873
139044,,2.0,379249.170212766
139055,0.25865107774734497,,379271.87234042556
139056,,2.0,379273.93617021275
139070,0.25866109132766724,,379296.32608695654
139071,,1.0,379298.17391304346
139080,0.2586711049079895,,379314.8043478261
139081,,1.0,379316.652173913
139092,0.25868111848831177,,379336.97826086957
139093,,1.0,379338.82608695654
139103,0.25869113206863403,,379357.3043478261
139104,,1.0,379359.152173913
139126,0.2587011456489563,,379391.2448979592
139127,,1.0,379392.8367346939
139135,0.25871115922927856,,379405.5714285714
139136,,1.0,379407.1632653061
139147,0.25872117280960083,,379424.67346938775
139148,,1.0,379426.2653061224
139154,0.2587311863899231,,379435.8163265306
139155,,1.0,379437.4081632653
139167,0.25875118374824524,,379464.425
139168,,2.0,379467.25
139175,0.2587711811065674,,379487.025
139176,,2.0,379489.85
139185,0.2587911784648895,,379515.275
139186,,2.0,379518.1
139196,0.25881117582321167,,379546.35
139197,,2.0,379549.175
139215,0.25882118940353394,,379575.6538461539
139216,,1.0,379577.23076923075
139228,0.2588312029838562,,379596.1538461539
139229,,1.0,379597.73076923075
139237,0.25884121656417847,,379610.3461538461
139238,,1.0,379611.92307692306
139250,0.25885123014450073,,379630.8461538461
139251,,1.0,379632.42307692306
139267,0.258861243724823,,379657.78723404254
139268,,1.0,379659.6170212766
139277,0.25887125730514526,,379676.08510638296
139278,,1.0,379677.91489361704
139289,0.25888127088546753,,379698.0425531915
139290,,1.0,379699.87234042556
139299,0.2588912844657898,,379716.3404255319
139300,,1.0,379718.170212766
139315,0.25891128182411194,,379743.75
139316,,2.0,379745.7291666667
139326,0.2589312791824341,,379765.5208333333
139327,,2.0,379767.5
139340,0.2589512765407562,,379793.2291666667
139341,,2.0,379795.2083333333
139349,0.25897127389907837,,379811.0416666667
139350,,2.0,379813.0208333333
139361,0.2589912712574005,,379846.04761904763
139362,,2.0,379849.9285714286
139373,0.25901126861572266,,379892.61904761905
139374,,2.0,379896.5
139385,0.2590312659740448,,379939.1904761905
139386,,2.0,379943.0714285714
139393,0.25905126333236694,,379970.2380952381
139394,,2.0,379974.11904761905
139405,0.2590612769126892,,379994.0
139406,,1.0,379996.0
139414,0.2590712904930115,,380012.0
139415,,1.0,380014.0
139421,0.25908130407333374,,380026.0
139422,,1.0,380028.0
139432,0.259091317653656,,380048.0
139433,,1.0,380050.0
139450,0.259091317653656,,380074.28571428574
139451,,0.0,380075.8775510204
139461,0.259091317653656,,380091.79591836734
139462,,0.0,380093.387755102
139471,0.259091317653656,,380107.71428571426
139472,,0.0,380109.306122449
139483,0.259091317653656,,380126.8163265306
139484,,0.0,380128.4081632653
139496,0.25910133123397827,,380153.4
139497,,1.0,380156.0
139501,0.25911134481430054,,380166.4
139502,,1.0,380169.0
139512,0.2591213583946228,,380195.0
139513,,1.0,380197.6
139520,0.25913137197494507,,380215.8
139521,,1.0,380218.4
139532,0.2591513693332672,,380242.46341463417
139533,,2.0,380245.14634146343
139541,0.25917136669158936,,380266.60975609755
139542,,2.0,380269.2926829268
139551,0.2591913640499115,,380293.43902439025
139552,,2.0,380296.1219512195
139563,0.25921136140823364,,380325.6341463415
139564,,2.0,380328.31707317074
139579,0.2592213749885559,,380365.93333333335
139580,,1.0,380368.84444444446
139587,0.2592313885688782,,380389.22222222225
139588,,1.0,380392.13333333336
139597,0.25924140214920044,,380418.3333333333
139598,,1.0,380421.2444444444
139610,0.2592514157295227,,380456.1777777778
139611,,1.0,380459.0888888889
139626,0.25927141308784485,,380484.13333333336
139627,,2.0,380485.97777777776
139642,0.259291410446167,,380513.64444444445
139643,,2.0,380515.4888888889
139651,0.25931140780448914,,380530.2444444444
139652,,2.0,380532.0888888889
139657,0.2593314051628113,,380541.31111111114
139658,,2.0,380543.15555555554
139672,0.2593314051628113,,380562.51020408166
139673,,0.0,380564.10204081633
139683,0.2593314051628113,,380580.02040816325
139684,,0.0,380581.612244898
139696,0.2593314051628113,,380600.71428571426
139697,,0.0,380602.306122449
139708,0.2593314051628113,,380619.8163265306
139709,,0.0,380621.4081632653
139725,0.2593514025211334,,380657.02127659577
139726,,2.0,380659.6382978723
139734,0.25937139987945557,,380680.57446808513
139735,,2.0,380683.1914893617
139744,0.2593913972377777,,380706.74468085106
139745,,2.0,380709.3617021277
139757,0.25941139459609985,,380740.7659574468
139758,,2.0,380743.3829787234
139770,0.25941139459609985,,380766.3823529412
139771,,0.0,380768.64705882355
139780,0.25941139459609985,,380789.0294117647
139781,,0.0,380791.29411764705
139785,0.25941139459609985,,380800.35294117645
139786,,0.0,380802.6176470588
139793,0.25941139459609985,,380818.4705882353
139794,,0.0,380820.73529411765
139804,0.25941139459609985,,380835.6341463415
139805,,0.0,380837.43902439025
139814,0.25941139459609985,,380853.68292682926
139815,,0.0,380855.48780487804
139824,0.25941139459609985,,380871.73170731706
139825,,0.0,380873.53658536583
139836,0.25941139459609985,,380893.39024390245
139837,,0.0,380895.1951219512
139852,0.259431391954422,,380930.9
139853,,2.0,380933.725
139863,0.25945138931274414,,380961.975
139864,,2.0,380964.8
139869,0.2594713866710663,,380978.925
139870,,2.0,380981.75
139878,0.2594913840293884,,381004.35
139879,,2.0,381007.175
139891,0.2595013976097107,,381028.4736842105
139892,,1.0,381030.5263157895
139904,0.25951141119003296,,381055.15789473685
139905,,1.0,381057.2105263158
139909,0.2595214247703552,,381065.4210526316
139910,,1.0,381067.4736842105
139918,0.2595314383506775,,381083.8947368421
139919,,1.0,381085.94736842107
139932,0.25955143570899963,,381108.55555555556
139933,,2.0,381110.6111111111
139947,0.2595714330673218,,381139.3888888889
139948,,2.0,381141.44444444444
139962,0.2595914304256439,,381170.22222222225
139963,,2.0,381172.27777777775
139974,0.25961142778396606,,381194.8888888889
139975,,2.0,381196.94444444444
139995,0.25961142778396606,,381224.0363636364
139996,,0.0,381225.5090909091
140005,0.25961142778396606,,381238.7636363636
140006,,0.0,381240.2363636364
140019,0.25961142778396606,,381259.38181818184
140020,,0.0,381260.85454545455
140031,0.25961142778396606,,381277.05454545456
140032,,0.0,381278.5272727273
140047,0.25962144136428833,,381305.1707317073
140048,,1.0,381307.26829268294
140059,0.2596314549446106,,381330.34146341466
140060,,1.0,381332.43902439025
140066,0.25964146852493286,,381345.0243902439
140067,,1.0,381347.1219512195
140074,0.2596514821052551,,381361.8048780488
140075,,1.0,381363.9024390244
140092,0.2596614956855774,,381392.0
140093,,1.0,381393.85714285716
140101,0.25967150926589966,,381408.71428571426
140102,,1.0,381410.5714285714
140110,0.2596815228462219,,381425.4285714286
140111,,1.0,381427.28571428574
140118,0.2596915364265442,,381440.28571428574
140119,,1.0,381442.14285714284
140134,0.25970155000686646,,381468.6
140135,,1.0,381470.65
140143,0.2597115635871887,,381487.05
140144,,1.0,381489.1
140151,0.259721577167511,,381503.45
140152,,1.0,381505.5
140160,0.25973159074783325,,381521.9
140161,,1.0,381523.95
140175,0.2597416043281555,,381545.9534883721
140176,,1.0,381547.76744186046
140185,0.2597516179084778,,381564.0930232558
140186,,1.0,381565.9069767442
140195,0.25976163148880005,,381582.23255813954
140196,,1.0,381584.0465116279
140205,0.2597716450691223,,381600.37209302327
140206,,1.0,381602.18604651163
140218,0.2597716450691223,,381619.0652173913
140219,,0.0,381620.73913043475
140229,0.2597716450691223,,381637.47826086957
140230,,0.0,381639.152173913
140240,0.2597716450691223,,381655.89130434784
140241,,0.0,381657.5652173913
140253,0.2597716450691223,,381677.652173913
140254,,0.0,381679.32608695654
140268,0.2598016560077667,,381700.38095238095
140269,,3.0,381702.14285714284
140280,0.25983166694641113,,381721.5238095238
140281,,3.0,381723.28571428574
140288,0.25986167788505554,,381735.61904761905
140289,,3.0,381737.38095238095
140297,0.25989168882369995,,381751.4761904762
140298,,3.0,381753.2380952381
140306,0.2599017024040222,,381767.7027027027
140307,,1.0,381770.24324324325
140319,0.2599117159843445,,381800.7297297297
140320,,1.0,381803.2702702703
140329,0.25992172956466675,,381826.13513513515
140330,,1.0,381828.6756756757
140336,0.259931743144989,,381843.91891891893
140337,,1.0,381846.45945945947
140355,0.25995174050331116,,381887.23529411765
140356,,2.0,381889.7843137255
140365,0.2599717378616333,,381912.7254901961
140366,,2.0,381915.2745098039
140376,0.25999173521995544,,381940.76470588235
140377,,2.0,381943.3137254902
140389,0.2600117325782776,,381973.90196078434
140390,,2.0,381976.45098039217
140412,0.2600117325782776,,382004.56363636366
140413,,0.0,382005.9090909091
140422,0.2600117325782776,,382018.0181818182
140423,,0.0,382019.36363636365
140433,0.2600117325782776,,382032.8181818182
140434,,0.0,382034.16363636364
140446,0.2600117325782776,,382050.3090909091
140447,,0.0,382051.65454545454
140461,0.26002174615859985,,382073.5
140462,,1.0,382075.36363636365
140469,0.2600317597389221,,382088.4090909091
140470,,1.0,382090.2727272727
140482,0.2600417733192444,,382112.63636363635
140483,,1.0,382114.5
140492,0.26005178689956665,,382131.2727272727
140493,,1.0,382133.13636363635
140504,0.2600717842578888,,382152.5238095238
140505,,2.0,382154.71428571426
140514,0.26009178161621094,,382174.4285714286
140515,,2.0,382176.61904761905
140525,0.2601117789745331,,382198.5238095238
140526,,2.0,382200.71428571426
140536,0.2601317763328552,,382222.61904761905
140537,,2.0,382224.8095238095
140549,0.26015177369117737,,382251.5106382979
140550,,2.0,382254.2340425532
140561,0.2601717710494995,,382284.1914893617
140562,,2.0,382286.91489361704
140575,0.26019176840782166,,382322.3191489362
140576,,2.0,382325.0425531915
140585,0.2602117657661438,,382349.55319148937
140586,,2.0,382352.27659574465
140596,0.26023176312446594,,382373.3191489362
140597,,2.0,382375.93617021275
140609,0.2602517604827881,,382407.3404255319
140610,,2.0,382409.9574468085
140624,0.26027175784111023,,382446.59574468085
140625,,2.0,382449.21276595746
140634,0.2602917551994324,,382472.7659574468
140635,,2.0,382475.3829787234
140649,0.26030176877975464,,382503.85
140650,,1.0,382506.2
140659,0.2603117823600769,,382527.35
140660,,1.0,382529.7
140666,0.26032179594039917,,382543.8
140667,,1.0,382546.15
140676,0.26033180952072144,,382567.3
140677,,1.0,382569.65
140689,0.2603518068790436,,382610.86363636365
140690,,2.0,382615.1818181818
140700,0.2603718042373657,,382658.36363636365
140701,,2.0,382662.6818181818
140711,0.26039180159568787,,382705.86363636365
140712,,2.0,382710.1818181818
140722,0.26041179895401,,382753.36363636365
140723,,2.0,382757.6818181818
140739,0.2604218125343323,,382784.2083333333
140740,,1.0,382785.9166666667
140750,0.26043182611465454,,382803.0
140751,,1.0,382804.7083333333
140762,0.2604418396949768,,382823.5
140763,,1.0,382825.2083333333
140772,0.2604518532752991,,382840.5833333333
140773,,1.0,382842.2916666667
140789,0.26046186685562134,,382870.5909090909
140790,,1.0,382872.63636363635
140802,0.2604718804359436,,382897.1818181818
140803,,1.0,382899.2272727273
140809,0.26048189401626587,,382911.5
140810,,1.0,382913.54545454547
140818,0.26049190759658813,,382929.9090909091
140819,,1.0,382931.95454545453
140832,0.2605019211769104,,382956.79069767444
140833,,1.0,382959.06976744183
140844,0.26051193475723267,,382984.1395348837
140845,,1.0,382986.4186046512
140851,0.26052194833755493,,383000.0930232558
140852,,1.0,383002.37209302327
140863,0.2605319619178772,,383027.4418604651
140864,,1.0,383029.72093023255
140880,0.26055195927619934,,383080.9574468085
140881,,2.0,383084.72340425535
140891,0.2605719566345215,,383122.3829787234
140892,,2.0,383126.1489361702
140898,0.26059195399284363,,383148.74468085106
140899,,2.0,383152.5106382979
140912,0.26061195135116577,,383201.4680851064
140913,,2.0,383205.2340425532
140929,0.2606419622898102,,383258.5
140930,,3.0,383262.3076923077
140942,0.2606719732284546,,383308.0
140943,,3.0,383311.8076923077
140956,0.260701984167099,,383361.3076923077
140957,,3.0,383365.1153846154
140966,0.2607319951057434,,383399.3846153846
140967,,3.0,383403.1923076923
140985,0.2607420086860657,,383431.1176470588
140986,,1.0,383432.7254901961
140995,0.26075202226638794,,383447.1960784314
140996,,1.0,383448.8039215686
141008,0.2607620358467102,,383468.09803921566
141009,,1.0,383469.70588235295
141019,0.26077204942703247,,383485.7843137255
141020,,1.0,383487.39215686277
141037,0.26077204942703247,,383513.26666666666
141038,,0.0,383515.0
141050,0.26077204942703247,,383535.8
141051,,0.0,383537.5333333333
141060,0.26077204942703247,,383553.13333333336
141061,,0.0,383554.86666666664
141066,0.26077204942703247,,383563.5333333333
141067,,0.0,383565.26666666666
141082,0.2607920467853546,,383594.75
141083,,2.0,383597.0625
141093,0.26081204414367676,,383620.1875
141094,,2.0,383622.5
141105,0.2608320415019989,,383647.9375
141106,,2.0,383650.25
141116,0.26085203886032104,,383673.375
141117,,2.0,383675.6875
141132,0.26085203886032104,,383695.07692307694
141133,,0.0,383696.5
141144,0.26085203886032104,,383712.1538461539
141145,,0.0,383713.57692307694
141158,0.26085203886032104,,383732.07692307694
141159,,0.0,383733.5
141170,0.26085203886032104,,383749.1538461539
141171,,0.0,383750.57692307694
141183,0.26085203886032104,,383770.5
141184,,0.0,383772.55555555556
141192,0.26085203886032104,,383789.0
141193,,0.0,383791.05555555556
141198,0.26085203886032104,,383801.3333333333
141199,,0.0,383803.3888888889
141208,0.26085203886032104,,383821.8888888889
141209,,0.0,383823.94444444444
141218,0.26088204979896545,,383845.14285714284
141219,,3.0,383848.3333333333
141230,0.26091206073760986,,383883.4285714286
141231,,3.0,383886.61904761905
141241,0.2609420716762543,,383918.5238095238
141242,,3.0,383921.71428571426
141252,0.2609720826148987,,383953.61904761905
141253,,3.0,383956.8095238095
141268,0.26098209619522095,,383980.347826087
141269,,1.0,383982.04347826086
141282,0.2609921097755432,,384004.0869565217
141283,,1.0,384005.7826086957
141289,0.2610021233558655,,384015.95652173914
141290,,1.0,384017.652173913
141300,0.26101213693618774,,384034.60869565216
141301,,1.0,384036.3043478261
141313,0.26102215051651,,384058.53846153844
141314,,1.0,384060.8205128205
141320,0.2610321640968323,,384074.5128205128
141321,,1.0,384076.7948717949
141329,0.26104217767715454,,384095.0512820513
141330,,1.0,384097.3333333333
141341,0.2610521912574768,,384122.4358974359
141342,,1.0,384124.71794871794
141353,0.26107218861579895,,384148.20930232556
141354,,2.0,384150.8604651163
141362,0.2610921859741211,,384172.06976744183
141363,,2.0,384174.72093023255
141375,0.26111218333244324,,384206.5348837209
141376,,2.0,384209.18604651163
141386,0.2611321806907654,,384235.6976744186
141387,,2.0,384238.3488372093
141404,0.2611321806907654,,384263.07692307694
141405,,0.0,384264.6538461539
141417,0.2611321806907654,,384283.57692307694
141418,,0.0,384285.1538461539
141428,0.2611321806907654,,384300.92307692306
141429,,0.0,384302.5
141440,0.2611321806907654,,384319.8461538461
141441,,0.0,384321.42307692306
141458,0.2611521780490875,,384349.8085106383
141459,,2.0,384351.72340425535
141471,0.26117217540740967,,384374.7021276596
141472,,2.0,384376.6170212766
141482,0.2611921727657318,,384395.7659574468
141483,,2.0,384397.6808510638
141489,0.26121217012405396,,384409.170212766
141490,,2.0,384411.08510638296
141503,0.2612321674823761,,384439.511627907
141504,,2.0,384442.16279069765
141510,0.26125216484069824,,384458.06976744183
141511,,2.0,384460.72093023255
141523,0.2612721621990204,,384492.5348837209
141524,,2.0,384495.18604651163
141534,0.26129215955734253,,384521.6976744186
141535,,2.0,384524.3488372093
141554,0.2613021731376648,,384553.89361702127
141555,,1.0,384555.57446808513
141565,0.26131218671798706,,384572.3829787234
141566,,1.0,384574.06382978725
141574,0.2613222002983093,,384587.5106382979
141575,,1.0,384589.1914893617
141583,0.2613322138786316,,384602.6382978723
141584,,1.0,384604.3191489362
141601,0.26134222745895386,,384636.6046511628
141602,,1.0,384638.79069767444
141613,0.2613522410392761,,384662.83720930235
141614,,1.0,384665.0232558139
141619,0.2613622546195984,,384675.9534883721
141620,,1.0,384678.1395348837
141628,0.26137226819992065,,384695.62790697673
141629,,1.0,384697.81395348837
141639,0.26137226819992065,,384713.6666666667
141640,,0.0,384715.61904761905
141652,0.26137226819992065,,384739.04761904763
141653,,0.0,384741.0
141665,0.26137226819992065,,384764.4285714286
141666,,0.0,384766.38095238095
141672,0.26137226819992065,,384778.09523809527
141673,,0.0,384780.04761904763
141687,0.2613822817802429,,384802.1666666667
141688,,1.0,384804.0
141696,0.2613922953605652,,384818.6666666667
141697,,1.0,384820.5
141707,0.26140230894088745,,384838.8333333333
141708,,1.0,384840.6666666667
141716,0.2614123225212097,,384855.3333333333
141717,,1.0,384857.1666666667
141734,0.26143231987953186,,384911.3333333333
141735,,2.0,384915.0714285714
141739,0.261452317237854,,384930.0238095238
141740,,2.0,384933.7619047619
141750,0.26147231459617615,,384971.14285714284
141751,,2.0,384974.88095238095
141760,0.2614923119544983,,385008.5238095238
141761,,2.0,385012.2619047619
141777,0.2614923119544983,,385040.14285714284
141778,,0.0,385042.0
141784,0.2614923119544983,,385053.14285714284
141785,,0.0,385055.0
141796,0.2614923119544983,,385075.4285714286
141797,,0.0,385077.28571428574
141804,0.2614923119544983,,385090.28571428574
141805,,0.0,385092.14285714284
141821,0.2614923119544983,,385118.73170731706
141822,,0.0,385120.6341463415
141831,0.2614923119544983,,385137.756097561
141832,,0.0,385139.65853658534
141840,0.2614923119544983,,385154.8780487805
141841,,0.0,385156.7804878049
141847,0.2614923119544983,,385168.1951219512
141848,,0.0,385170.0975609756
141861,0.26150232553482056,,385192.4347826087
141862,,1.0,385194.47826086957
141872,0.2615123391151428,,385214.9130434783
141873,,1.0,385216.95652173914
141883,0.2615223526954651,,385237.39130434784
141884,,1.0,385239.4347826087
141895,0.26153236627578735,,385261.9130434783
141896,,1.0,385263.95652173914
141913,0.2615423798561096,,385289.77358490566
141914,,1.0,385291.4716981132
141922,0.2615523934364319,,385305.0566037736
141923,,1.0,385306.75471698114
141934,0.26156240701675415,,385325.43396226416
141935,,1.0,385327.1320754717
141950,0.2615724205970764,,385352.6037735849
141951,,1.0,385354.30188679247
141962,0.26159241795539856,,385370.4347826087
141963,,2.0,385372.23913043475
141976,0.2616124153137207,,385395.6956521739
141977,,2.0,385397.5
141986,0.26163241267204285,,385413.73913043475
141987,,2.0,385415.54347826086
141998,0.261652410030365,,385435.39130434784
141999,,2.0,385437.1956521739
142012,0.261652410030365,,385455.9767441861
142013,,0.0,385457.67441860464
142022,0.261652410030365,,385472.9534883721
142023,,0.0,385474.6511627907
142032,0.261652410030365,,385489.93023255817
142033,,0.0,385491.62790697673
142043,0.261652410030365,,385508.6046511628
142044,,0.0,385510.3023255814
142058,0.26167240738868713,,385537.3846153846
142059,,2.0,385539.6923076923
142067,0.2616924047470093,,385558.1538461539
142068,,2.0,385560.46153846156
142077,0.2617124021053314,,385581.23076923075
142078,,2.0,385583.53846153844
142084,0.26173239946365356,,385597.3846153846
142085,,2.0,385599.6923076923
142100,0.261762410402298,,385622.37209302327
142101,,3.0,385624.06976744183
142110,0.2617924213409424,,385639.3488372093
142111,,3.0,385641.0465116279
142123,0.2618224322795868,,385661.4186046512
142124,,3.0,385663.11627906974
142129,0.2618524432182312,,385671.6046511628
142130,,3.0,385673.3023255814
142141,0.26187244057655334,,385697.8888888889
142142,,2.0,385700.75
142149,0.2618924379348755,,385720.77777777775
142150,,2.0,385723.6388888889
142159,0.26191243529319763,,385749.3888888889
142160,,2.0,385752.25
142167,0.2619324326515198,,385772.27777777775
142168,,2.0,385775.1388888889
142185,0.2619324326515198,,385803.2
142186,,0.0,385805.0
142194,0.2619324326515198,,385819.4
142195,,0.0,385821.2
142203,0.2619324326515198,,385835.6
142204,,0.0,385837.4
142214,0.2619324326515198,,385855.4
142215,,0.0,385857.2
142236,0.26194244623184204,,385890.125
142237,,1.0,385891.8541666667
142245,0.2619524598121643,,385905.6875
142246,,1.0,385907.4166666667
142255,0.2619624733924866,,385922.9791666667
142256,,1.0,385924.7083333333
142264,0.26197248697280884,,385938.5416666667
142265,,1.0,385940.2708333333
142279,0.261992484331131,,385966.5
142280,,2.0,385968.7272727273
142289,0.2620124816894531,,385988.7727272727
142290,,2.0,385991.0
142298,0.26203247904777527,,386008.8181818182
142299,,2.0,386011.04545454547
142310,0.2620524764060974,,386035.54545454547
142311,,2.0,386037.7727272727
142327,0.2620524764060974,,386061.0888888889
142328,,0.0,386062.7111111111
142336,0.2620524764060974,,386075.68888888886
142337,,0.0,386077.31111111114
142346,0.2620524764060974,,386091.9111111111
142347,,0.0,386093.5333333333
142357,0.2620524764060974,,386109.7555555556
142358,,0.0,386111.3777777778
142367,0.26207247376441956,,386131.0
142368,,2.0,386134.0
142377,0.2620924711227417,,386161.0
142378,,2.0,386164.0
142383,0.26211246848106384,,386179.0
142384,,2.0,386182.0
142396,0.262132465839386,,386218.0
142397,,2.0,386221.0
142412,0.26214247941970825,,386249.23076923075
142413,,1.0,386251.3333333333
142418,0.2621524930000305,,386261.8461538461
142419,,1.0,386263.9487179487
142426,0.2621625065803528,,386278.6666666667
142427,,1.0,386280.76923076925
142437,0.26217252016067505,,386301.7948717949
142438,,1.0,386303.89743589744
142452,0.2621925175189972,,386346.54285714286
142453,,2.0,386350.22857142857
142459,0.26221251487731934,,386372.34285714285
142460,,2.0,386376.02857142856
142467,0.2622325122356415,,386401.82857142854
142468,,2.0,386405.5142857143
142474,0.2622525095939636,,386427.6285714286
142475,,2.0,386431.3142857143
142488,0.26227250695228577,,386467.5
142489,,2.0,386470.75
142497,0.2622925043106079,,386496.75
142498,,2.0,386500.0
142507,0.26231250166893005,,386529.25
142508,,2.0,386532.5
142520,0.2623324990272522,,386571.5
142521,,2.0,386574.75
142538,0.2623324990272522,,386607.1052631579
142539,,0.0,386609.1842105263
142545,0.2623324990272522,,386621.65789473685
142546,,0.0,386623.7368421053
142553,0.2623324990272522,,386638.2894736842
142554,,0.0,386640.36842105264
142560,0.2623324990272522,,386652.84210526315
142561,,0.0,386654.9210526316
142571,0.2623324990272522,,386669.9111111111
142572,,0.0,386671.7555555556
142585,0.2623324990272522,,386695.73333333334
142586,,0.0,386697.5777777778
142592,0.2623324990272522,,386708.64444444445
142593,,0.0,386710.4888888889
142607,0.2623324990272522,,386736.31111111114
142608,,0.0,386738.15555555554
142622,0.26234251260757446,,386761.4761904762
142623,,1.0,386763.4285714286
142635,0.26235252618789673,,386786.85714285716
142636,,1.0,386788.8095238095
142641,0.262362539768219,,386798.5714285714
142642,,1.0,386800.5238095238
142651,0.26237255334854126,,386818.09523809527
142652,,1.0,386820.04761904763
142668,0.2623825669288635,,386847.4347826087
142669,,1.0,386849.39130434784
142678,0.2623925805091858,,386867.0
142679,,1.0,386868.95652173914
142688,0.26240259408950806,,386886.5652173913
142689,,1.0,386888.52173913043
142699,0.2624126076698303,,386908.0869565217
142700,,1.0,386910.04347826086
142720,0.2624226212501526,,386938.1538461539
142721,,1.0,386939.6923076923
142732,0.26243263483047485,,386956.6153846154
142733,,1.0,386958.1538461539
142743,0.2624426484107971,,386973.53846153844
142744,,1.0,386975.07692307694
142753,0.2624526619911194,,386988.92307692306
142754,,1.0,386990.46153846156
142770,0.2624526619911194,,387018.0
142771,,0.0,387020.0
142780,0.2624526619911194,,387038.0
142781,,0.0,387040.0
142785,0.2624526619911194,,387048.0
142786,,0.0,387050.0
142792,0.2624526619911194,,387062.0
142793,,0.0,387064.0
142811,0.26246267557144165,,387096.0
142812,,1.0,387098.0
142822,0.2624726891517639,,387118.0
142823,,1.0,387120.0
142831,0.2624827027320862,,387136.0
142832,,1.0,387138.0
142840,0.26249271631240845,,387154.0
142841,,1.0,387156.0
142858,0.26252272725105286,,387223.11627906974
142859,,3.0,387227.76744186046
142865,0.26255273818969727,,387255.67441860464
142866,,3.0,387260.32558139536
142876,0.2625827491283417,,387306.83720930235
142877,,3.0,387311.488372093
142885,0.2626127600669861,,387348.6976744186
142886,,3.0,387353.3488372093
142900,0.26262277364730835,,387377.06666666665
142901,,1.0,387378.8
142910,0.2626327872276306,,387394.4
142911,,1.0,387396.13333333336
142923,0.2626428008079529,,387416.93333333335
142924,,1.0,387418.6666666667
142932,0.26265281438827515,,387432.5333333333
142933,,1.0,387434.26666666666
142948,0.2626628279685974,,387464.92307692306
142949,,1.0,387467.3333333333
142958,0.2626728415489197,,387489.0256410256
142959,,1.0,387491.4358974359
142966,0.26268285512924194,,387508.3076923077
142967,,1.0,387510.71794871794
142973,0.2626928687095642,,387525.1794871795
142974,,1.0,387527.58974358975
142987,0.2626928687095642,,387550.0
142988,,0.0,387552.0
142994,0.2626928687095642,,387564.0
142995,,0.0,387566.0
143003,0.2626928687095642,,387582.0
143004,,0.0,387584.0
143012,0.2626928687095642,,387600.0
143013,,0.0,387602.0
143028,0.2627028822898865,,387630.85714285716
143029,,1.0,387633.09523809527
143038,0.26271289587020874,,387653.2380952381
143039,,1.0,387655.4761904762
143047,0.262722909450531,,387673.38095238095
143048,,1.0,387675.61904761905
143056,0.26273292303085327,,387693.5238095238
143057,,1.0,387695.7619047619
143073,0.26273292303085327,,387717.24
143074,,0.0,387718.72
143086,0.26273292303085327,,387736.48
143087,,0.0,387737.96
143096,0.26273292303085327,,387751.28
143097,,0.0,387752.76
143108,0.26273292303085327,,387769.04
143109,,0.0,387770.52
143121,0.26273292303085327,,387786.8
143122,,0.0,387788.44444444444
143134,0.26273292303085327,,387808.1777777778
143135,,0.0,387809.8222222222
143142,0.26273292303085327,,387821.3333333333
143143,,0.0,387822.97777777776
143155,0.26273292303085327,,387842.7111111111
143156,,0.0,387844.35555555555
143170,0.26273292303085327,,387870.42
143171,,0.0,387872.64
143184,0.26273292303085327,,387901.5
143185,,0.0,387903.72
143196,0.26273292303085327,,387928.14
143197,,0.0,387930.36
143207,0.26273292303085327,,387952.56
143208,,0.0,387954.78
143226,0.26273292303085327,,387981.1304347826
143227,,0.0,387982.73913043475
143237,0.26273292303085327,,387998.82608695654
143238,,0.0,388000.4347826087
143244,0.26273292303085327,,388010.0869565217
143245,,0.0,388011.6956521739
143255,0.26273292303085327,,388027.7826086957
143256,,0.0,388029.39130434784
143272,0.2627629339694977,,388059.82608695654
143273,,3.0,388062.04347826086
143285,0.2627929449081421,,388088.652173913
143286,,3.0,388090.8695652174
143293,0.2628229558467865,,388106.39130434784
143294,,3.0,388108.60869565216
143303,0.2628529667854309,,388128.5652173913
143304,,3.0,388130.7826086957
143317,0.2628629803657532,,388147.71698113205
143318,,1.0,388149.1886792453
143335,0.26287299394607544,,388174.2075471698
143336,,1.0,388175.679245283
143346,0.2628830075263977,,388190.3962264151
143347,,1.0,388191.8679245283
143358,0.26289302110671997,,388208.0566037736
143359,,1.0,388209.5283018868
143372,0.2629130184650421,,388230.1111111111
143373,,2.0,388232.02222222224
143381,0.26293301582336426,,388247.31111111114
143382,,2.0,388249.22222222225
143393,0.2629530131816864,,388270.2444444444
143394,,2.0,388272.15555555554
143405,0.26297301054000854,,388293.1777777778
143406,,2.0,388295.0888888889
143421,0.2629830241203308,,388319.8292682927
143422,,1.0,388321.73170731706
143427,0.2629930377006531,,388331.243902439
143428,,1.0,388333.14634146343
143439,0.26300305128097534,,388354.0731707317
143440,,1.0,388355.9756097561
143448,0.2630130648612976,,388371.1951219512
143449,,1.0,388373.0975609756
143464,0.26303306221961975,,388410.2653061224
143465,,2.0,388413.20408163266
143474,0.2630530595779419,,388439.6530612245
143475,,2.0,388442.5918367347
143486,0.26307305693626404,,388474.9183673469
143487,,2.0,388477.85714285716
143499,0.2630930542945862,,388513.1224489796
143500,,2.0,388516.0612244898
143514,0.2631130516529083,,388558.08510638296
143515,,2.0,388561.6382978723
143525,0.26313304901123047,,388597.170212766
143526,,2.0,388600.72340425535
143536,0.2631530463695526,,388636.25531914894
143537,,2.0,388639.8085106383
143548,0.26317304372787476,,388678.89361702127
143549,,2.0,388682.44680851063
143562,0.263183057308197,,388703.0833333333
143563,,1.0,388704.7916666667
143575,0.2631930708885193,,388725.2916666667
143576,,1.0,388727.0
143584,0.26320308446884155,,388740.6666666667
143585,,1.0,388742.375
143598,0.2632130980491638,,388764.5833333333
143599,,1.0,388766.2916666667
143616,0.26323309540748596,,388817.35
143617,,2.0,388820.875
143625,0.2632530927658081,,388849.075
143626,,2.0,388852.6
143633,0.26327309012413025,,388877.275
143634,,2.0,388880.8
143640,0.2632930874824524,,388901.95
143641,,2.0,388905.475
143657,0.26330310106277466,,388930.1568627451
143658,,1.0,388931.7843137255
143668,0.2633131146430969,,388948.0588235294
143669,,1.0,388949.6862745098
143681,0.2633231282234192,,388969.2156862745
143682,,1.0,388970.8431372549
143693,0.26333314180374146,,388988.7450980392
143694,,1.0,388990.3725490196
143708,0.26336315274238586,,389031.1875
143709,,3.0,389034.75
143725,0.2633931636810303,,389091.75
143726,,3.0,389095.3125
143735,0.2634231746196747,,389127.375
143736,,3.0,389130.9375
143743,0.2634531855583191,,389155.875
143744,,3.0,389159.4375
143758,0.26346319913864136,,389184.52173913043
143759,,1.0,389186.47826086957
143771,0.2634732127189636,,389209.95652173914
143772,,1.0,389211.9130434783
143778,0.2634832262992859,,389223.652173913
143779,,1.0,389225.60869565216
143791,0.26349323987960815,,389249.0869565217
143792,,1.0,389251.04347826086
143807,0.2635132372379303,,389282.14285714284
143808,,2.0,389284.5714285714
143815,0.26353323459625244,,389301.5714285714
143816,,2.0,389304.0
143824,0.2635532319545746,,389323.4285714286
143825,,2.0,389325.85714285716
143835,0.26357322931289673,,389350.14285714284
143836,,2.0,389352.5714285714
143848,0.26359322667121887,,389383.0465116279
143849,,2.0,389386.16279069765
143857,0.263613224029541,,389411.0930232558
143858,,2.0,389414.20930232556
143869,0.26363322138786316,,389448.488372093
143870,,2.0,389451.6046511628
143880,0.2636532187461853,,389482.76744186046
143881,,2.0,389485.88372093026
143900,0.26367321610450745,,389523.28571428574
143901,,2.0,389525.4285714286
143906,0.2636932134628296,,389536.14285714284
143907,,2.0,389538.28571428574
143919,0.26371321082115173,,389564.0
143920,,2.0,389566.14285714284
143931,0.2637332081794739,,389589.71428571426
143932,,2.0,389591.85714285716
143947,0.26374322175979614,,389615.1914893617
143948,,1.0,389616.9574468085
143957,0.2637532353401184,,389632.8510638298
143958,,1.0,389634.6170212766
143969,0.2637632489204407,,389654.0425531915
143970,,1.0,389655.8085106383
143980,0.26377326250076294,,389673.4680851064
143981,,1.0,389675.2340425532
143994,0.2637832760810852,,389696.06976744183
143995,,1.0,389697.9767441861
144003,0.26379328966140747,,389713.23255813954
144004,,1.0,389715.1395348837
144014,0.26380330324172974,,389734.20930232556
144015,,1.0,389736.11627906974
144025,0.263813316822052,,389755.18604651163
144026,,1.0,389757.0930232558
144044,0.26383331418037415,,389805.5
144045,,2.0,389808.6
144051,0.2638533115386963,,389827.2
144052,,2.0,389830.3
144057,0.26387330889701843,,389845.8
144058,,2.0,389848.9
144067,0.2638933062553406,,389876.8
144068,,2.0,389879.9
144082,0.2639133036136627,,389912.89743589744
144083,,2.0,389915.6153846154
144090,0.26393330097198486,,389934.641025641
144091,,2.0,389937.358974359
144100,0.263953298330307,,389961.8205128205
144101,,2.0,389964.53846153844
144108,0.26397329568862915,,389983.5641025641
144109,,2.0,389986.28205128206
144122,0.26397329568862915,,390011.5
144123,,0.0,390013.75
144132,0.26397329568862915,,390034.0
144133,,0.0,390036.25
144142,0.26397329568862915,,390056.5
144143,,0.0,390058.75
144154,0.26397329568862915,,390083.5
144155,,0.0,390085.75
144174,0.2639932930469513,,390127.71428571426
144175,,2.0,390130.1964285714
144187,0.26401329040527344,,390159.98214285716
144188,,2.0,390162.46428571426
144198,0.2640332877635956,,390187.28571428574
144199,,2.0,390189.76785714284
144212,0.2640532851219177,,390222.03571428574
144213,,2.0,390224.51785714284
144228,0.26408329606056213,,390264.9090909091
144229,,3.0,390268.0681818182
144238,0.26411330699920654,,390296.5
144239,,3.0,390299.6590909091
144248,0.26414331793785095,,390328.0909090909
144249,,3.0,390331.25
144258,0.26417332887649536,,390359.6818181818
144259,,3.0,390362.8409090909
144276,0.2641833424568176,,390391.8222222222
144277,,1.0,390393.6666666667
144283,0.2641933560371399,,390404.73333333334
144284,,1.0,390406.5777777778
144294,0.26420336961746216,,390425.02222222224
144295,,1.0,390426.86666666664
144305,0.2642133831977844,,390445.31111111114
144306,,1.0,390447.15555555554
144325,0.26424339413642883,,390472.2156862745
144326,,3.0,390473.6666666667
144332,0.26427340507507324,,390482.3725490196
144333,,3.0,390483.82352941175
144346,0.26430341601371765,,390502.6862745098
144347,,3.0,390504.137254902
144358,0.26433342695236206,,390520.09803921566
144359,,3.0,390521.54901960783
144378,0.2643434405326843,,390549.24
144379,,1.0,390550.88
144389,0.2643534541130066,,390567.28
144390,,1.0,390568.92
144401,0.26436346769332886,,390586.96
144402,,1.0,390588.6
144410,0.2643734812736511,,390601.72
144411,,1.0,390603.36
144425,0.26440349221229553,,390622.25
144426,,3.0,390623.8181818182
144437,0.26443350315093994,,390641.0681818182
144438,,3.0,390642.63636363635
144445,0.26446351408958435,,390653.61363636365
144446,,3.0,390655.1818181818
144456,0.26449352502822876,,390670.86363636365
144457,,3.0,390672.4318181818
144474,0.2645135223865509,,390699.0833333333
144475,,2.0,390700.875
144483,0.26453351974487305,,390715.2083333333
144484,,2.0,390717.0
144493,0.2645535171031952,,390733.125
144494,,2.0,390734.9166666667
144506,0.26457351446151733,,390756.4166666667
144507,,2.0,390758.2083333333
144528,0.26460352540016174,,390832.0
144529,,3.0,390836.0
144539,0.26463353633880615,,390876.0
144540,,3.0,390880.0
144547,0.26466354727745056,,390908.0
144548,,3.0,390912.0
144558,0.26469355821609497,,390952.0
144559,,3.0,390956.0
144577,0.26470357179641724,,390989.3617021277
144578,,1.0,390991.3191489362
144586,0.2647135853767395,,391006.97872340423
144587,,1.0,391008.93617021275
144599,0.26472359895706177,,391032.42553191487
144600,,1.0,391034.3829787234
144607,0.26473361253738403,,391048.08510638296
144608,,1.0,391050.0425531915
144626,0.26473361253738403,,391074.6530612245
144627,,0.0,391076.1632653061
144633,0.26473361253738403,,391085.2244897959
144634,,0.0,391086.7346938776
144643,0.26473361253738403,,391100.32653061225
144644,,0.0,391101.8367346939
144658,0.26473361253738403,,391122.97959183675
144659,,0.0,391124.48979591834
144669,0.2647536098957062,,391152.0256410256
144670,,2.0,391155.74358974356
144678,0.2647736072540283,,391185.4871794872
144679,,2.0,391189.2051282051
144690,0.26479360461235046,,391230.10256410256
144691,,2.0,391233.8205128205
144699,0.2648136019706726,,391263.5641025641
144700,,2.0,391267.28205128206
144716,0.2648236155509949,,391301.13636363635
144717,,1.0,391303.45454545453
144725,0.26483362913131714,,391322.0
144726,,1.0,391324.3181818182
144733,0.2648436427116394,,391340.54545454547
144734,,1.0,391342.86363636365
144745,0.26485365629196167,,391368.36363636365
144746,,1.0,391370.6818181818
144763,0.26486366987228394,,391398.26829268294
144764,,1.0,391400.0731707317
144771,0.2648736834526062,,391412.7073170732
144772,,1.0,391414.51219512196
144779,0.26488369703292847,,391427.14634146343
144780,,1.0,391428.9512195122
144788,0.26489371061325073,,391443.39024390245
144789,,1.0,391445.1951219512
144800,0.264903724193573,,391466.1219512195
144801,,1.0,391468.51219512196
144806,0.26491373777389526,,391480.46341463417
144807,,1.0,391482.85365853657
144819,0.26492375135421753,,391511.53658536583
144820,,1.0,391513.9268292683
144831,0.2649337649345398,,391540.2195121951
144832,,1.0,391542.60975609755
144844,0.26495376229286194,,391570.2
144845,,2.0,391573.0
144853,0.2649737596511841,,391595.4
144854,,2.0,391598.2
144871,0.2649937570095062,,391645.8
144872,,2.0,391648.6
144878,0.26501375436782837,,391665.4
144879,,2.0,391668.2
144895,0.26502376794815063,,391698.625
144896,,1.0,391700.75
144905,0.2650337815284729,,391719.875
144906,,1.0,391722.0
144915,0.26504379510879517,,391741.125
144916,,1.0,391743.25
144928,0.26505380868911743,,391768.75
144929,,1.0,391770.875
144944,0.2650638222694397,,391804.31707317074
144945,,1.0,391806.9268292683
144953,0.26507383584976196,,391827.8048780488
144954,,1.0,391830.4146341463
144963,0.26508384943008423,,391853.9024390244
144964,,1.0,391856.51219512196
144971,0.2650938630104065,,391874.7804878049
144972,,1.0,391877.39024390245
144984,0.26511386036872864,,391908.8409090909
144985,,2.0,391912.04545454547
144997,0.2651338577270508,,391950.5
144998,,2.0,391953.70454545453
145008,0.2651538550853729,,391985.75
145009,,2.0,391988.95454545453
145017,0.26517385244369507,,392014.5909090909
145018,,2.0,392017.79545454547
145031,0.2652038633823395,,392042.875
145032,,3.0,392045.0625
145037,0.2652338743209839,,392056.0
145038,,3.0,392058.1875
145044,0.2652638852596283,,392071.3125
145045,,3.0,392073.5
145051,0.2652938961982727,,392086.625
145052,,3.0,392088.8125
145061,0.2653239071369171,,392096.7272727273
145062,,3.0,392097.6818181818
145073,0.2653539180755615,,392108.1818181818
145074,,3.0,392109.13636363635
145081,0.26538392901420593,,392115.8181818182
145082,,3.0,392116.7727272727
145097,0.26541393995285034,,392131.0909090909
145098,,3.0,392132.04545454547
145114,0.2654239535331726,,392158.4090909091
145115,,1.0,392160.36363636365
145124,0.2654339671134949,,392177.95454545453
145125,,1.0,392179.9090909091
145136,0.26544398069381714,,392201.4090909091
145137,,1.0,392203.36363636365
145143,0.2654539942741394,,392215.0909090909
145144,,1.0,392217.04545454547
145160,0.2654539942741394,,392238.01851851854
145161,,0.0,392239.48148148146
145172,0.2654539942741394,,392255.5740740741
145173,,0.0,392257.037037037
145187,0.2654539942741394,,392277.51851851854
145188,,0.0,392278.98148148146
145199,0.2654539942741394,,392295.0740740741
145200,,0.0,392296.537037037
145213,0.26546400785446167,,392320.2727272727
145214,,1.0,392322.5
145222,0.26547402143478394,,392340.3181818182
145223,,1.0,392342.54545454547
145236,0.2654840350151062,,392371.5
145237,,1.0,392373.7272727273
145245,0.26549404859542847,,392391.54545454547
145246,,1.0,392393.7727272727
145264,0.26549404859542847,,392423.20930232556
145265,,0.0,392425.0232558139
145275,0.26549404859542847,,392443.16279069765
145276,,0.0,392444.9767441861
145283,0.26549404859542847,,392457.67441860464
145284,,0.0,392459.488372093
145290,0.26549404859542847,,392470.37209302327
145291,,0.0,392472.18604651163
145305,0.26550406217575073,,392499.5675675676
145306,,1.0,392501.8918918919
145311,0.265514075756073,,392513.5135135135
145312,,1.0,392515.8378378378
145320,0.26552408933639526,,392534.4324324324
145321,,1.0,392536.75675675675
145329,0.26553410291671753,,392555.35135135136
145330,,1.0,392557.6756756757
145340,0.2655441164970398,,392574.36842105264
145341,,1.0,392576.4210526316
145349,0.26555413007736206,,392592.84210526315
145350,,1.0,392594.8947368421
145359,0.2655641436576843,,392613.36842105264
145360,,1.0,392615.4210526316
145369,0.2655741572380066,,392633.8947368421
145370,,1.0,392635.94736842107
145383,0.2655741572380066,,392654.73913043475
145384,,0.0,392656.4130434783
145395,0.2655741572380066,,392674.82608695654
145396,,0.0,392676.5
145408,0.2655741572380066,,392696.5869565217
145409,,0.0,392698.26086956525
145417,0.2655741572380066,,392711.652173913
145418,,0.0,392713.32608695654
145428,0.2655741572380066,,392726.4680851064
145429,,0.0,392728.10638297873
145442,0.2655741572380066,,392749.40425531915
145443,,0.0,392751.0425531915
145453,0.2655741572380066,,392767.42553191487
145454,,0.0,392769.06382978725
145466,0.2655741572380066,,392788.72340425535
145467,,0.0,392790.3617021277
145481,0.26558417081832886,,392817.5675675676
145482,,1.0,392819.8918918919
145488,0.2655941843986511,,392833.8378378378
145489,,1.0,392836.1621621622
145498,0.2656041979789734,,392857.08108108107
145499,,1.0,392859.4054054054
145505,0.26561421155929565,,392873.35135135136
145506,,1.0,392875.6756756757
145522,0.2656242251396179,,392907.8409090909
145523,,1.0,392910.13636363635
145530,0.2656342387199402,,392926.20454545453
145531,,1.0,392928.5
145540,0.26564425230026245,,392949.1590909091
145541,,1.0,392951.45454545453
145551,0.2656542658805847,,392974.4090909091
145552,,1.0,392976.70454545453
145561,0.265664279460907,,392992.05
145562,,1.0,392994.225
145573,0.26567429304122925,,393018.15
145574,,1.0,393020.325
145585,0.2656843066215515,,393044.25
145586,,1.0,393046.425
145593,0.2656943202018738,,393061.65
145594,,1.0,393063.825
145608,0.2657143175601959,,393099.825
145609,,2.0,393102.9
145617,0.26573431491851807,,393127.5
145618,,2.0,393130.575
145625,0.2657543122768402,,393152.1
145626,,2.0,393155.175
145635,0.26577430963516235,,393182.85
145636,,2.0,393185.925
145647,0.26577430963516235,,393207.35294117645
145648,,0.0,393209.64705882355
145653,0.26577430963516235,,393221.1176470588
145654,,0.0,393223.4117647059
145663,0.26577430963516235,,393244.0588235294
145664,,0.0,393246.35294117645
145671,0.26577430963516235,,393262.4117647059
145672,,0.0,393264.70588235295
145687,0.2657843232154846,,393291.5853658537
145688,,1.0,393293.6341463415
145696,0.2657943367958069,,393310.0243902439
145697,,1.0,393312.0731707317
145705,0.26580435037612915,,393328.46341463417
145706,,1.0,393330.51219512196
145714,0.2658143639564514,,393346.9024390244
145715,,1.0,393348.9512195122
145731,0.2658243775367737,,393375.3043478261
145732,,1.0,393377.17391304346
145737,0.26583439111709595,,393386.52173913043
145738,,1.0,393388.39130434784
145753,0.2658444046974182,,393416.4347826087
145754,,1.0,393418.3043478261
145762,0.2658544182777405,,393433.26086956525
145763,,1.0,393435.1304347826
145780,0.26586443185806274,,393469.0444444445
145781,,1.0,393471.3333333333
145789,0.265874445438385,,393489.64444444445
145790,,1.0,393491.93333333335
145800,0.2658844590187073,,393514.8222222222
145801,,1.0,393517.1111111111
145809,0.26589447259902954,,393535.4222222222
145810,,1.0,393537.7111111111
145820,0.26589447259902954,,393552.6341463415
145821,,0.0,393554.43902439025
145830,0.26589447259902954,,393570.68292682926
145831,,0.0,393572.48780487804
145842,0.26589447259902954,,393592.34146341466
145843,,0.0,393594.14634146343
145852,0.26589447259902954,,393610.39024390245
145853,,0.0,393612.1951219512
145869,0.2659044861793518,,393638.488372093
145870,,1.0,393640.37209302327
145881,0.2659144997596741,,393661.0930232558
145882,,1.0,393662.9767441861
145889,0.26592451333999634,,393676.16279069765
145890,,1.0,393678.0465116279
145897,0.2659345269203186,,393691.23255813954
145898,,1.0,393693.11627906974
145912,0.2659345269203186,,393714.38095238095
145913,,0.0,393716.14285714284
145920,0.2659345269203186,,393728.4761904762
145921,,0.0,393730.2380952381
145931,0.2659345269203186,,393747.85714285716
145932,,0.0,393749.61904761905
145941,0.2659345269203186,,393765.4761904762
145942,,0.0,393767.2380952381
145956,0.2659345269203186,,393791.6111111111
145957,,0.0,393793.6666666667
145966,0.2659345269203186,,393812.1666666667
145967,,0.0,393814.22222222225
145972,0.2659345269203186,,393824.5
145973,,0.0,393826.55555555556
145979,0.2659345269203186,,393838.8888888889
145980,,0.0,393840.94444444444
145996,0.26595452427864075,,393875.20454545453
145997,,2.0,393877.6818181818
146006,0.2659745216369629,,393899.9772727273
146007,,2.0,393902.45454545453
146014,0.26599451899528503,,393919.79545454547
146015,,2.0,393922.2727272727
146025,0.2660145163536072,,393947.04545454547
146026,,2.0,393949.5227272727
146039,0.26602452993392944,,393969.44680851063
146040,,1.0,393971.1914893617
146052,0.2660345435142517,,393992.12765957444
146053,,1.0,393993.87234042556
146062,0.266044557094574,,394009.57446808513
146063,,1.0,394011.3191489362
146074,0.26605457067489624,,394030.5106382979
146075,,1.0,394032.25531914894
146089,0.26608458161354065,,394053.0
146090,,3.0,394054.7272727273
146097,0.26611459255218506,,394066.8181818182
146098,,3.0,394068.54545454547
146108,0.26614460349082947,,394085.8181818182
146109,,3.0,394087.54545454547
146120,0.2661746144294739,,394106.54545454547
146121,,3.0,394108.2727272727
146136,0.2662046253681183,,394127.17647058825
146137,,3.0,394128.60784313723
146149,0.2662346363067627,,394145.7843137255
146150,,3.0,394147.2156862745
146160,0.2662646472454071,,394161.5294117647
146161,,3.0,394162.96078431373
146173,0.2662946581840515,,394180.137254902
146174,,3.0,394181.56862745096
146189,0.2662946581840515,,394204.54545454547
146190,,0.0,394206.3409090909
146197,0.2662946581840515,,394218.9090909091
146198,,0.0,394220.70454545453
146206,0.2662946581840515,,394235.0681818182
146207,,0.0,394236.86363636365
146219,0.2662946581840515,,394258.4090909091
146220,,0.0,394260.20454545453
146233,0.2663046717643738,,394280.4
146234,,1.0,394282.24
146245,0.26631468534469604,,394302.48
146246,,1.0,394304.32
146256,0.2663246989250183,,394322.72
146257,,1.0,394324.56
146271,0.2663347125053406,,394350.32
146272,,1.0,394352.16
146286,0.2663347125053406,,394372.652173913
146287,,0.0,394374.347826087
146299,0.2663347125053406,,394394.6956521739
146300,,0.0,394396.39130434784
146311,0.2663347125053406,,394415.04347826086
146312,,0.0,394416.73913043475
146319,0.2663347125053406,,394428.60869565216
146320,,0.0,394430.3043478261
146331,0.2663547098636627,,394454.1052631579
146332,,2.0,394456.86842105264
146341,0.26637470722198486,,394481.7368421053
146342,,2.0,394484.5
146348,0.266394704580307,,394501.0789473684
146349,,2.0,394503.84210526315
146359,0.26641470193862915,,394531.4736842105
146360,,2.0,394534.2368421053
146376,0.26641470193862915,,394558.06
146377,,0.0,394559.68
146387,0.26641470193862915,,394575.88
146388,,0.0,394577.5
146397,0.26641470193862915,,394592.08
146398,,0.0,394593.7
146411,0.26641470193862915,,394614.76
146412,,0.0,394616.38
146425,0.2664247155189514,,394640.5
146426,,1.0,394642.75
146433,0.2664347290992737,,394658.5
146434,,1.0,394660.75
146442,0.26644474267959595,,394678.75
146443,,1.0,394681.0
146453,0.2664547562599182,,394703.5
146454,,1.0,394705.75
146465,0.2664647698402405,,394728.22222222225
146466,,1.0,394730.75
146476,0.26647478342056274,,394756.02777777775
146477,,1.0,394758.55555555556
146485,0.266484797000885,,394778.77777777775
146486,,1.0,394781.30555555556
146491,0.2664948105812073,,394793.94444444444
146492,,1.0,394796.47222222225
146511,0.2664948105812073,,394831.0
146512,,0.0,394833.0
146517,0.2664948105812073,,394843.0
146518,,0.0,394845.0
146525,0.2664948105812073,,394859.0
146526,,0.0,394861.0
146535,0.2664948105812073,,394879.0
146536,,0.0,394881.0
146548,0.2665148079395294,,394911.875
146549,,2.0,394915.0833333333
146558,0.26653480529785156,,394943.9583333333
146559,,2.0,394947.1666666667
146572,0.2665548026561737,,394988.875
146573,,2.0,394992.0833333333
146585,0.26657480001449585,,395030.5833333333
146586,,2.0,395033.7916666667
146602,0.26657480001449585,,395058.86363636365
146603,,0.0,395060.54545454547
146613,0.26657480001449585,,395077.36363636365
146614,,0.0,395079.04545454547
146620,0.26657480001449585,,395089.13636363635
146621,,0.0,395090.8181818182
146631,0.26657480001449585,,395107.63636363635
146632,,0.0,395109.3181818182
146650,0.26660481095314026,,395157.17647058825
146651,,3.0,395160.2549019608
146663,0.26663482189178467,,395197.1960784314
146664,,3.0,395200.2745098039
146672,0.2666648328304291,,395224.90196078434
146673,,3.0,395227.98039215687
146684,0.2666948437690735,,395261.8431372549
146685,,3.0,395264.92156862747
146697,0.26670485734939575,,395286.4285714286
146698,,1.0,395288.4761904762
146705,0.266714870929718,,395302.8095238095
146706,,1.0,395304.85714285716
146716,0.2667248845100403,,395325.3333333333
146717,,1.0,395327.38095238095
146728,0.26673489809036255,,395349.90476190473
146729,,1.0,395351.95238095237
146745,0.2667449116706848,,395380.27659574465
146746,,1.0,395382.2978723404
146756,0.2667549252510071,,395402.5106382979
146757,,1.0,395404.5319148936
146767,0.26676493883132935,,395424.74468085106
146768,,1.0,395426.7659574468
146777,0.2667749524116516,,395444.9574468085
146778,,1.0,395446.97872340423
146787,0.2667749524116516,,395463.4324324324
146788,,0.0,395465.8378378378
146795,0.2667749524116516,,395482.6756756757
146796,,0.0,395485.08108108107
146806,0.2667749524116516,,395509.13513513515
146807,,0.0,395511.54054054053
146816,0.2667749524116516,,395533.1891891892
146817,,0.0,395535.5945945946
146834,0.2667849659919739,,395566.53846153844
146835,,1.0,395568.57692307694
146847,0.26679497957229614,,395593.03846153844
146848,,1.0,395595.07692307694
146857,0.2668049931526184,,395613.42307692306
146858,,1.0,395615.46153846156
146870,0.2668150067329407,,395639.92307692306
146871,,1.0,395641.96153846156
146886,0.26682502031326294,,395668.3
146887,,1.0,395670.325
146895,0.2668350338935852,,395686.525
146896,,1.0,395688.55
146903,0.26684504747390747,,395702.725
146904,,1.0,395704.75
146912,0.26685506105422974,,395720.95
146913,,1.0,395722.975
146928,0.2668750584125519,,395752.07692307694
146929,,2.0,395754.3333333333
146939,0.266895055770874,,395776.89743589744
146940,,2.0,395779.1538461539
146948,0.26691505312919617,,395797.2051282051
146949,,2.0,395799.46153846156
146953,0.2669350504875183,,395808.4871794872
146954,,2.0,395810.74358974356
146972,0.26695504784584045,,395851.0487804878
146973,,2.0,395853.5853658537
146978,0.2669750452041626,,395866.26829268294
146979,,2.0,395868.8048780488
146988,0.26699504256248474,,395891.6341463415
146989,,2.0,395894.1707317073
146996,0.2670150399208069,,395911.9268292683
146997,,2.0,395914.46341463417
147010,0.26702505350112915,,395952.6756756757
147011,,1.0,395956.24324324325
147018,0.2670350670814514,,395981.2162162162
147019,,1.0,395984.7837837838
147025,0.2670450806617737,,396006.1891891892
147026,,1.0,396009.75675675675
147035,0.26705509424209595,,396041.86486486485
147036,,1.0,396045.4324324324
147048,0.2670750916004181,,396074.8461538461
147049,,2.0,396077.71794871794
147059,0.26709508895874023,,396106.4358974359
147060,,2.0,396109.3076923077
147067,0.2671150863170624,,396129.41025641025
147068,,2.0,396132.28205128206
147076,0.2671350836753845,,396155.25641025644
147077,,2.0,396158.1282051282
147093,0.26715508103370667,,396207.347826087
147094,,2.0,396210.9130434783
147102,0.2671750783920288,,396239.4347826087
147103,,2.0,396243.0
147114,0.26719507575035095,,396282.2173913043
147115,,2.0,396285.7826086957
147124,0.2672150731086731,,396317.8695652174
147125,,2.0,396321.4347826087
147141,0.26723507046699524,,396365.82
147142,,2.0,396368.96
147154,0.2672550678253174,,396406.64
147155,,2.0,396409.78
147165,0.2672750651836395,,396441.18
147166,,2.0,396444.32
147176,0.26729506254196167,,396475.72
147177,,2.0,396478.86
147191,0.26730507612228394,,396503.7708333333
147192,,1.0,396505.75
147204,0.2673150897026062,,396529.5
147205,,1.0,396531.4791666667
147213,0.26732510328292847,,396547.3125
147214,,1.0,396549.2916666667
147226,0.26733511686325073,,396573.0416666667
147227,,1.0,396575.0208333333
147241,0.2673551142215729,,396605.0789473684
147242,,2.0,396607.63157894736
147249,0.267375111579895,,396625.5
147250,,2.0,396628.05263157893
147258,0.26739510893821716,,396648.4736842105
147259,,2.0,396651.0263157895
147266,0.2674151062965393,,396668.8947368421
147267,,2.0,396671.44736842107
147282,0.2674251198768616,,396696.88372093026
147283,,1.0,396698.79069767444
147291,0.26743513345718384,,396714.0465116279
147292,,1.0,396715.9534883721
147301,0.2674451470375061,,396733.11627906974
147302,,1.0,396735.0232558139
147311,0.26745516061782837,,396752.18604651163
147312,,1.0,396754.0930232558
147327,0.26746517419815063,,396782.60869565216
147328,,1.0,396784.82608695654
147338,0.2674751877784729,,396807.0
147339,,1.0,396809.2173913043
147351,0.26748520135879517,,396835.82608695654
147352,,1.0,396838.04347826086
147359,0.26749521493911743,,396853.5652173913
147360,,1.0,396855.7826086957
147377,0.2675052285194397,,396883.0833333333
147378,,1.0,396884.875
147386,0.26751524209976196,,396899.2083333333
147387,,1.0,396901.0
147398,0.26752525568008423,,396920.7083333333
147399,,1.0,396922.5
147409,0.2675352692604065,,396940.4166666667
147410,,1.0,396942.2083333333
147425,0.26755526661872864,,396982.0
147426,,2.0,396985.1666666667
147435,0.2675752639770508,,397013.6666666667
147436,,2.0,397016.8333333333
147449,0.2675952613353729,,397058.0
147450,,2.0,397061.1666666667
147459,0.26761525869369507,,397089.6666666667
147460,,2.0,397092.8333333333
147467,0.26761525869369507,,397103.2888888889
147468,,0.0,397105.1111111111
147479,0.26761525869369507,,397125.15555555554
147480,,0.0,397126.97777777776
147492,0.26761525869369507,,397148.84444444446
147493,,0.0,397150.6666666667
147506,0.26761525869369507,,397174.35555555555
147507,,0.0,397176.1777777778
147521,0.2676352560520172,,397227.5
147522,,2.0,397232.0
147531,0.26765525341033936,,397272.5
147532,,2.0,397277.0
147538,0.2676752507686615,,397304.0
147539,,2.0,397308.5
147546,0.26769524812698364,,397340.0
147547,,2.0,397344.5
147567,0.2677152454853058,,397382.6666666667
147568,,2.0,397384.64705882355
147581,0.26773524284362793,,397410.39215686277
147582,,2.0,397412.3725490196
147589,0.2677552402019501,,397426.23529411765
147590,,2.0,397428.2156862745
147599,0.2677752375602722,,397446.03921568627
147600,,2.0,397448.01960784313
147615,0.26779523491859436,,397490.5
147616,,2.0,397493.875
147623,0.2678152322769165,,397517.5
147624,,2.0,397520.875
147631,0.26783522963523865,,397544.5
147632,,2.0,397547.875
147641,0.2678552269935608,,397578.25
147642,,2.0,397581.625
147655,0.2678552269935608,,397600.9183673469
147656,,0.0,397602.51020408166
147669,0.2678552269935608,,397623.20408163266
147670,,0.0,397624.79591836734
147679,0.2678552269935608,,397639.1224489796
147680,,0.0,397640.71428571426
147692,0.2678552269935608,,397659.8163265306
147693,,0.0,397661.4081632653
147710,0.2678552269935608,,397684.4117647059
147711,,0.0,397685.9411764706
147722,0.2678552269935608,,397702.76470588235
147723,,0.0,397704.29411764705
147733,0.2678552269935608,,397719.5882352941
147734,,0.0,397721.1176470588
147745,0.2678552269935608,,397737.9411764706
147746,,0.0,397739.4705882353
147759,0.26786524057388306,,397763.63157894736
147760,,1.0,397765.8947368421
147765,0.2678752541542053,,397777.2105263158
147766,,1.0,397779.4736842105
147776,0.2678852677345276,,397802.1052631579
147777,,1.0,397804.36842105264
147785,0.26789528131484985,,397822.4736842105
147786,,1.0,397824.7368421053
147798,0.26789528131484985,,397841.8
147799,,0.0,397843.44444444444
147805,0.26789528131484985,,397853.31111111114
147806,,0.0,397854.9555555555
147816,0.26789528131484985,,397871.4
147817,,0.0,397873.0444444445
147832,0.26789528131484985,,397897.7111111111
147833,,0.0,397899.35555555555
147850,0.2679052948951721,,397931.86363636365
147851,,1.0,397934.0681818182
147859,0.2679153084754944,,397951.70454545453
147860,,1.0,397953.9090909091
147871,0.26792532205581665,,397978.1590909091
147872,,1.0,397980.36363636365
147878,0.2679353356361389,,397993.5909090909
147879,,1.0,397995.79545454547
147895,0.26795533299446106,,398020.3888888889
147896,,2.0,398022.1111111111
147906,0.2679753303527832,,398039.3333333333
147907,,2.0,398041.05555555556
147923,0.26799532771110535,,398068.6111111111
147924,,2.0,398070.3333333333
147934,0.2680153250694275,,398087.55555555556
147935,,2.0,398089.27777777775
147947,0.26802533864974976,,398112.34285714285
147948,,1.0,398114.71428571426
147956,0.268035352230072,,398133.6857142857
147957,,1.0,398136.0571428572
147964,0.2680453658103943,,398152.65714285715
147965,,1.0,398155.02857142856
147971,0.26805537939071655,,398169.2571428571
147972,,1.0,398171.6285714286
147988,0.2680653929710388,,398191.47540983604
147989,,1.0,398192.81967213115
148004,0.2680754065513611,,398212.98360655736
148005,,1.0,398214.3278688525
148020,0.26808542013168335,,398234.4918032787
148021,,1.0,398235.8360655738
148034,0.2680954337120056,,398253.31147540984
148035,,1.0,398254.65573770495
148057,0.2681054472923279,,398292.56603773584
148058,,1.0,398294.4905660377
148064,0.26811546087265015,,398306.03773584904
148065,,1.0,398307.96226415096
148073,0.2681254744529724,,398323.358490566
148074,,1.0,398325.28301886795
148089,0.2681354880332947,,398354.1509433962
148090,,1.0,398356.07547169813
148105,0.26814550161361694,,398385.15789473685
148106,,1.0,398387.4210526316
148112,0.2681555151939392,,398401.0
148113,,1.0,398403.2631578947
148120,0.2681655287742615,,398419.1052631579
148121,,1.0,398421.36842105264
148129,0.26817554235458374,,398439.4736842105
148130,,1.0,398441.7368421053
148146,0.26820555329322815,,398478.9555555555
148147,,3.0,398481.64444444445
148158,0.26823556423187256,,398511.22222222225
148159,,3.0,398513.9111111111
148167,0.26826557517051697,,398535.4222222222
148168,,3.0,398538.1111111111
148176,0.2682955861091614,,398559.6222222222
148177,,3.0,398562.31111111114
148189,0.26830559968948364,,398583.62790697673
148190,,1.0,398585.6976744186
148203,0.2683156132698059,,398612.6046511628
148204,,1.0,398614.67441860464
148211,0.2683256268501282,,398629.16279069765
148212,,1.0,398631.23255813954
148221,0.26833564043045044,,398649.8604651163
148222,,1.0,398651.93023255817
148235,0.26833564043045044,,398669.74468085106
148236,,0.0,398671.3191489362
148248,0.26833564043045044,,398690.21276595746
148249,,0.0,398691.78723404254
148259,0.26833564043045044,,398707.5319148936
148260,,0.0,398709.10638297873
148270,0.26833564043045044,,398724.8510638298
148271,,0.0,398726.42553191487
148287,0.2683456540107727,,398749.86363636365
148288,,1.0,398751.54545454547
148295,0.26835566759109497,,398763.3181818182
148296,,1.0,398765.0
148307,0.26836568117141724,,398783.5
148308,,1.0,398785.1818181818
148316,0.2683756947517395,,398798.63636363635
148317,,1.0,398800.3181818182
148330,0.26838570833206177,,398822.9756097561
148331,,1.0,398825.0731707317
148342,0.26839572191238403,,398848.14634146343
148343,,1.0,398850.243902439
148349,0.2684057354927063,,398862.8292682927
148350,,1.0,398864.9268292683
148359,0.26841574907302856,,398883.8048780488
148360,,1.0,398885.9024390244
148372,0.26841574907302856,,398904.243902439
148373,,0.0,398906.0487804878
148383,0.26841574907302856,,398924.0975609756
148384,,0.0,398925.9024390244
148392,0.26841574907302856,,398940.34146341466
148393,,0.0,398942.14634146343
148402,0.26841574907302856,,398958.39024390245
148403,,0.0,398960.1951219512
148414,0.26841574907302856,,398982.12903225806
148415,,0.0,398984.6451612903
148423,0.26841574907302856,,399004.77419354836
148424,,0.0,399007.29032258067
148429,0.26841574907302856,,399019.87096774194
148430,,0.0,399022.3870967742
148435,0.26841574907302856,,399034.96774193546
148436,,0.0,399037.48387096776
148447,0.26842576265335083,,399058.34146341466
148448,,1.0,399060.6341463415
148456,0.2684357762336731,,399078.9756097561
148457,,1.0,399081.26829268294
148467,0.26844578981399536,,399104.1951219512
148468,,1.0,399106.48780487804
148478,0.2684558033943176,,399129.4146341463
148479,,1.0,399131.7073170732
148492,0.26847580075263977,,399166.38095238095
148493,,2.0,399169.61904761905
148501,0.2684957981109619,,399195.5238095238
148502,,2.0,399198.7619047619
148513,0.26851579546928406,,399234.38095238095
148514,,2.0,399237.61904761905
148522,0.2685357928276062,,399263.5238095238
148523,,2.0,399266.7619047619
148541,0.26855579018592834,,399312.85714285716
148542,,2.0,399315.71428571426
148553,0.2685757875442505,,399347.14285714284
148554,,2.0,399350.0
148561,0.26859578490257263,,399370.0
148562,,2.0,399372.85714285716
148573,0.2686157822608948,,399404.28571428574
148574,,2.0,399407.14285714284
148589,0.26862579584121704,,399436.0
148590,,1.0,399438.1666666667
148598,0.2686358094215393,,399455.5
148599,,1.0,399457.6666666667
148606,0.2686458230018616,,399472.8333333333
148607,,1.0,399475.0
148611,0.26865583658218384,,399483.6666666667
148612,,1.0,399485.8333333333
148627,0.26865583658218384,,399512.3
148628,,0.0,399514.325
148633,0.26865583658218384,,399524.45
148634,,0.0,399526.475
148646,0.26865583658218384,,399550.775
148647,,0.0,399552.8
148653,0.26865583658218384,,399564.95
148654,,0.0,399566.975
148671,0.268675833940506,,399607.28571428574
148672,,2.0,399610.02040816325
148684,0.2686958312988281,,399642.8367346939
148685,,2.0,399645.5714285714
148694,0.26871582865715027,,399670.1836734694
148695,,2.0,399672.9183673469
148704,0.2687358260154724,,399697.5306122449
148705,,2.0,399700.2653061224
148726,0.2687358260154724,,399731.28571428574
148727,,0.0,399732.85714285716
148736,0.2687358260154724,,399747.0
148737,,0.0,399748.5714285714
148747,0.2687358260154724,,399764.28571428574
148748,,0.0,399765.85714285716
148755,0.2687358260154724,,399776.85714285716
148756,,0.0,399778.4285714286
148767,0.26875582337379456,,399798.5263157895
148768,,2.0,399800.84210526315
148778,0.2687758207321167,,399824.0
148779,,2.0,399826.3157894737
148786,0.26879581809043884,,399842.5263157895
148787,,2.0,399844.84210526315
148795,0.268815815448761,,399863.36842105264
148796,,2.0,399865.6842105263
148816,0.26883581280708313,,399907.87272727274
148817,,2.0,399910.2181818182
148830,0.2688558101654053,,399940.7090909091
148831,,2.0,399943.05454545456
148843,0.2688758075237274,,399971.2
148844,,2.0,399973.54545454547
148852,0.26889580488204956,,399992.3090909091
148853,,2.0,399994.65454545454
148871,0.2689058184623718,,400019.9411764706
148872,,1.0,400021.4705882353
148883,0.2689158320426941,,400038.29411764705
148884,,1.0,400039.82352941175
148893,0.26892584562301636,,400053.5882352941
148894,,1.0,400055.1176470588
148905,0.2689358592033386,,400071.9411764706
148906,,1.0,400073.4705882353
148926,0.2689458727836609,,400104.6595744681
148927,,1.0,400106.40425531915
148933,0.26895588636398315,,400116.87234042556
148934,,1.0,400118.6170212766
148943,0.2689658999443054,,400134.3191489362
148944,,1.0,400136.06382978725
148954,0.2689759135246277,,400153.5106382979
148955,,1.0,400155.25531914894
148973,0.2689759135246277,,400190.24324324325
148974,,0.0,400192.45945945947
148980,0.2689759135246277,,400205.75675675675
148981,,0.0,400207.97297297296
148987,0.2689759135246277,,400221.2702702703
148988,,0.0,400223.4864864865
148993,0.2689759135246277,,400234.5675675676
148994,,0.0,400236.7837837838
149009,0.26898592710494995,,400266.51219512196
149010,,1.0,400268.8048780488
149017,0.2689959406852722,,400284.85365853657
149018,,1.0,400287.14634146343
149026,0.2690059542655945,,400305.48780487804
149027,,1.0,400307.7804878049
149036,0.26901596784591675,,400328.4146341463
149037,,1.0,400330.7073170732
149059,0.2690359652042389,,400368.72
149060,,2.0,400370.6
149067,0.26905596256256104,,400383.76
149068,,2.0,400385.64
149078,0.2690759599208832,,400404.44
149079,,2.0,400406.32
149088,0.2690959572792053,,400423.24
149089,,2.0,400425.12
149105,0.2691059708595276,,400452.49019607843
149106,,1.0,400454.45098039217
149114,0.26911598443984985,,400470.137254902
149115,,1.0,400472.09803921566
149124,0.2691259980201721,,400489.7450980392
149125,,1.0,400491.70588235295
149141,0.2691360116004944,,400523.07843137253
149142,,1.0,400525.03921568627
149156,0.26914602518081665,,400547.9767441861
149157,,1.0,400549.88372093026
149165,0.2691560387611389,,400565.1395348837
149166,,1.0,400567.0465116279
149178,0.2691660523414612,,400589.93023255817
149179,,1.0,400591.83720930235
149186,0.26917606592178345,,400605.18604651163
149187,,1.0,400607.0930232558
149201,0.2691860795021057,,400629.4285714286
149202,,1.0,400631.28571428574
149212,0.269196093082428,,400649.85714285716
149213,,1.0,400651.71428571426
149223,0.26920610666275024,,400670.28571428574
149224,,1.0,400672.14285714284
149230,0.2692161202430725,,400683.28571428574
149231,,1.0,400685.14285714284
149250,0.2692261338233948,,400715.36363636365
149251,,1.0,400717.13636363635
149258,0.26923614740371704,,400729.54545454547
149259,,1.0,400731.3181818182
149265,0.2692461609840393,,400741.95454545453
149266,,1.0,400743.7272727273
149276,0.2692561745643616,,400761.45454545453
149277,,1.0,400763.2272727273
149293,0.26926618814468384,,400788.17391304346
149294,,1.0,400789.95652173914
149305,0.2692762017250061,,400809.5652173913
149306,,1.0,400811.347826087
149314,0.26928621530532837,,400825.60869565216
149315,,1.0,400827.39130434784
149324,0.26929622888565063,,400843.4347826087
149325,,1.0,400845.2173913043
149341,0.2693162262439728,,400870.0566037736
149342,,2.0,400871.8301886792
149351,0.2693362236022949,,400887.7924528302
149352,,2.0,400889.56603773584
149360,0.26935622096061707,,400903.75471698114
149361,,2.0,400905.5283018868
149379,0.2693762183189392,,400937.4528301887
149380,,2.0,400939.22641509434
149392,0.2693762183189392,,400957.9024390244
149393,,0.0,400959.7804878049
149403,0.2693762183189392,,400978.56097560975
149404,,0.0,400980.43902439025
149412,0.2693762183189392,,400995.46341463417
149413,,0.0,400997.34146341466
149422,0.2693762183189392,,401014.243902439
149423,,0.0,401016.1219512195
149441,0.2693762183189392,,401043.4347826087
149442,,0.0,401045.1304347826
149449,0.2693762183189392,,401057.0
149450,,0.0,401058.6956521739
149459,0.2693762183189392,,401073.95652173914
149460,,0.0,401075.652173913
149470,0.2693762183189392,,401092.60869565216
149471,,0.0,401094.3043478261
149486,0.2694062292575836,,401115.63636363635
149487,,3.0,401117.2727272727
149494,0.269436240196228,,401128.7272727273
149495,,3.0,401130.36363636365
149504,0.26946625113487244,,401145.0909090909
149505,,3.0,401146.7272727273
149516,0.26949626207351685,,401164.7272727273
149517,,3.0,401166.36363636365
149529,0.2695062756538391,,401184.7727272727
149530,,1.0,401186.63636363635
149540,0.2695162892341614,,401205.2727272727
149541,,1.0,401207.13636363635
149552,0.26952630281448364,,401227.63636363635
149553,,1.0,401229.5
149562,0.2695363163948059,,401246.2727272727
149563,,1.0,401248.13636363635
149580,0.2695363163948059,,401274.5714285714
149581,,0.0,401276.32653061225
149589,0.2695363163948059,,401290.36734693876
149590,,0.0,401292.1224489796
149598,0.2695363163948059,,401306.1632653061
149599,,0.0,401307.9183673469
149613,0.2695363163948059,,401332.48979591834
149614,,0.0,401334.2448979592
149628,0.2695463299751282,,401359.22222222225
149629,,1.0,401361.3333333333
149639,0.26955634355545044,,401382.44444444444
149640,,1.0,401384.55555555556
149651,0.2695663571357727,,401407.77777777775
149652,,1.0,401409.8888888889
149660,0.26957637071609497,,401426.77777777775
149661,,1.0,401428.8888888889
149672,0.26957637071609497,,401446.36842105264
149673,,0.0,401448.2894736842
149681,0.26957637071609497,,401463.65789473685
149682,,0.0,401465.5789473684
149690,0.26957637071609497,,401480.94736842107
149691,,0.0,401482.86842105264
149700,0.26957637071609497,,401500.15789473685
149701,,0.0,401502.0789473684
149716,0.2695963680744171,,401538.8292682927
149717,,2.0,401541.73170731706
149726,0.26961636543273926,,401567.85365853657
149727,,2.0,401570.756097561
149734,0.2696363627910614,,401591.0731707317
149735,,2.0,401593.9756097561
149743,0.26965636014938354,,401617.1951219512
149744,,2.0,401620.0975609756
149759,0.26965636014938354,,401643.1818181818
149760,,0.0,401644.86363636365
149767,0.26965636014938354,,401656.63636363635
149768,,0.0,401658.3181818182
149780,0.26965636014938354,,401678.5
149781,,0.0,401680.1818181818
149789,0.26965636014938354,,401693.63636363635
149790,,0.0,401695.3181818182
149810,0.2696663737297058,,401731.0
149811,,1.0,401733.0
149818,0.2696763873100281,,401747.0
149819,,1.0,401749.0
149825,0.26968640089035034,,401761.0
149826,,1.0,401763.0
149832,0.2696964144706726,,401775.0
149833,,1.0,401777.0
149844,0.26971641182899475,,401803.93023255817
149845,,2.0,401807.0465116279
149854,0.2697364091873169,,401835.0930232558
149855,,2.0,401838.20930232556
149865,0.26975640654563904,,401869.37209302327
149866,,2.0,401872.488372093
149877,0.2697764039039612,,401906.76744186046
149878,,2.0,401909.88372093026
149891,0.26978641748428345,,401937.8780487805
149892,,1.0,401940.3658536585
149899,0.2697964310646057,,401957.7804878049
149900,,1.0,401960.26829268294
149909,0.269806444644928,,401982.65853658534
149910,,1.0,401985.14634146343
149920,0.26981645822525024,,402010.0243902439
149921,,1.0,402012.51219512196
149940,0.2698264718055725,,402048.2075471698
149941,,1.0,402050.28301886795
149957,0.2698364853858948,,402083.4905660377
149958,,1.0,402085.56603773584
149967,0.26984649896621704,,402104.24528301886
149968,,1.0,402106.320754717
149975,0.2698565125465393,,402120.8490566038
149976,,1.0,402122.92452830187
149989,0.2698565125465393,,402145.27777777775
149990,,0.0,402147.30555555556
149995,0.2698565125465393,,402157.44444444444
149996,,0.0,402159.47222222225
150002,0.2698565125465393,,402171.6388888889
150003,,0.0,402173.6666666667
150013,0.2698565125465393,,402193.94444444444
150014,,0.0,402195.97222222225
150032,0.2698565125465393,,402222.6666666667
150033,,0.0,402224.31111111114
150038,0.2698565125465393,,402232.5333333333
150039,,0.0,402234.1777777778
150049,0.2698565125465393,,402250.6222222222
150050,,0.0,402252.26666666666
150060,0.2698565125465393,,402268.7111111111
150061,,0.0,402270.35555555555
150075,0.2698565125465393,,402290.8222222222
150076,,0.0,402292.5333333333
150087,0.2698565125465393,,402311.35555555555
150088,,0.0,402313.06666666665
150095,0.2698565125465393,,402325.0444444445
150096,,0.0,402326.7555555556
150107,0.2698565125465393,,402345.5777777778
150108,,0.0,402347.2888888889
150125,0.2698665261268616,,402374.375
150126,,1.0,402376.1875
150132,0.26987653970718384,,402387.0625
150133,,1.0,402388.875
150147,0.2698865532875061,,402414.25
150148,,1.0,402416.0625
150157,0.26989656686782837,,402432.375
150158,,1.0,402434.1875
150172,0.2699165642261505,,402468.02222222224
150173,,2.0,402470.93333333335
150183,0.26993656158447266,,402500.0444444445
150184,,2.0,402502.9555555555
150194,0.2699565589427948,,402532.06666666665
150195,,2.0,402534.97777777776
150204,0.26997655630111694,,402561.1777777778
150205,,2.0,402564.0888888889
150223,0.2699965536594391,,402631.88372093026
150224,,2.0,402636.20930232556
150231,0.27001655101776123,,402666.488372093
150232,,2.0,402670.81395348837
150240,0.2700365483760834,,402705.4186046512
150241,,2.0,402709.74418604653
150249,0.2700565457344055,,402744.3488372093
150250,,2.0,402748.67441860464
150265,0.2700665593147278,,402783.0
150266,,1.0,402785.5
150274,0.27007657289505005,,402805.5
150275,,1.0,402808.0
150279,0.2700865864753723,,402818.0
150280,,1.0,402820.5
150285,0.2700966000556946,,402833.0
150286,,1.0,402835.5
150300,0.2701165974140167,,402862.5
150301,,2.0,402864.7272727273
150310,0.27013659477233887,,402884.7727272727
150311,,2.0,402887.0
150318,0.270156592130661,,402902.5909090909
150319,,2.0,402904.8181818182
150331,0.27017658948898315,,402931.54545454547
150332,,2.0,402933.7727272727
150343,0.2701866030693054,,402952.4
150344,,1.0,402954.45
150353,0.2701966166496277,,402972.9
150354,,1.0,402974.95
150361,0.27020663022994995,,402989.3
150362,,1.0,402991.35
150373,0.2702166438102722,,403013.9
150374,,1.0,403015.95
150389,0.2702266573905945,,403046.0
150390,,1.0,403048.3333333333
150396,0.27023667097091675,,403062.3333333333
150397,,1.0,403064.6666666667
150406,0.270246684551239,,403085.6666666667
150407,,1.0,403088.0
150417,0.2702566981315613,,403111.3333333333
150418,,1.0,403113.6666666667
150438,0.27026671171188354,,403147.829787234
150439,,1.0,403149.7021276596
150450,0.2702767252922058,,403170.2978723404
150451,,1.0,403172.170212766
150459,0.2702867388725281,,403187.1489361702
150460,,1.0,403189.02127659577
150466,0.27029675245285034,,403200.25531914894
150467,,1.0,403202.12765957444
150482,0.2703067660331726,,403225.06666666665
150483,,1.0,403226.8222222222
150489,0.2703167796134949,,403237.35555555555
150490,,1.0,403239.1111111111
150503,0.27032679319381714,,403261.93333333335
150504,,1.0,403263.68888888886
150513,0.2703368067741394,,403279.4888888889
150514,,1.0,403281.2444444444
150527,0.2703368067741394,,403301.9743589744
150528,,0.0,403303.8717948718
150539,0.2703368067741394,,403324.74358974356
150540,,0.0,403326.641025641
150547,0.2703368067741394,,403339.92307692306
150548,,0.0,403341.8205128205
150554,0.2703368067741394,,403353.2051282051
150555,,0.0,403355.10256410256
150568,0.2703368067741394,,403372.6
150569,,0.0,403374.16
150578,0.2703368067741394,,403388.2
150579,,0.0,403389.76
150593,0.2703368067741394,,403411.6
150594,,0.0,403413.16
150606,0.2703368067741394,,403431.88
150607,,0.0,403433.44
150628,0.27035680413246155,,403469.26923076925
150629,,2.0,403471.17307692306
150640,0.2703768014907837,,403492.1153846154
150641,,2.0,403494.01923076925
150651,0.27039679884910583,,403513.0576923077
150652,,2.0,403514.96153846156
150660,0.270416796207428,,403530.1923076923
150661,,2.0,403532.0961538461
150678,0.27042680978775024,,403563.14285714284
150679,,1.0,403565.2244897959
150688,0.2704368233680725,,403583.9591836735
150689,,1.0,403586.0408163265
150701,0.2704468369483948,,403611.02040816325
150702,,1.0,403613.10204081633
150711,0.27045685052871704,,403631.8367346939
150712,,1.0,403633.9183673469
150726,0.27045685052871704,,403654.93023255817
150727,,0.0,403656.6511627907
150737,0.27045685052871704,,403673.8604651163
150738,,0.0,403675.5813953488
150745,0.27045685052871704,,403687.62790697673
150746,,0.0,403689.3488372093
150756,0.27045685052871704,,403706.5581395349
150757,,0.0,403708.27906976745
150771,0.2704668641090393,,403730.4285714286
150772,,1.0,403732.28571428574
150780,0.2704768776893616,,403747.14285714284
150781,,1.0,403749.0
150790,0.27048689126968384,,403765.71428571426
150791,,1.0,403767.5714285714
150800,0.2704969048500061,,403784.28571428574
150801,,1.0,403786.14285714284
150813,0.27050691843032837,,403811.8378378378
150814,,1.0,403814.4864864865
150822,0.27051693201065063,,403835.6756756757
150823,,1.0,403838.3243243243
150829,0.2705269455909729,,403854.2162162162
150830,,1.0,403856.86486486485
150839,0.27053695917129517,,403880.7027027027
150840,,1.0,403883.35135135136
150856,0.2705569565296173,,403926.20930232556
150857,,2.0,403929.3023255814
150865,0.27057695388793945,,403954.0465116279
150866,,2.0,403957.1395348837
150875,0.2705969512462616,,403984.9767441861
150876,,2.0,403988.06976744183
150884,0.27061694860458374,,404012.81395348837
150885,,2.0,404015.9069767442
150901,0.27061694860458374,,404040.125
150902,,0.0,404041.75
150910,0.27061694860458374,,404054.75
150911,,0.0,404056.375
150923,0.27061694860458374,,404075.875
150924,,0.0,404077.5
150934,0.27061694860458374,,404093.75
150935,,0.0,404095.375
150949,0.270626962184906,,404117.0869565217
150950,,1.0,404118.9130434783
150962,0.27063697576522827,,404140.82608695654
150963,,1.0,404142.652173913
150972,0.27064698934555054,,404159.0869565217
150973,,1.0,404160.9130434783
150982,0.2706570029258728,,404177.347826087
150983,,1.0,404179.17391304346
150997,0.2706870138645172,,404207.8604651163
150998,,3.0,404210.3023255814
151004,0.2707170248031616,,404224.9534883721
151005,,3.0,404227.3953488372
151013,0.27074703574180603,,404246.93023255817
151014,,3.0,404249.37209302327
151027,0.27077704668045044,,404281.11627906974
151028,,3.0,404283.5581395349
151042,0.2707870602607727,,404307.2
151043,,1.0,404309.12727272726
151055,0.27079707384109497,,404332.2545454545
151056,,1.0,404334.1818181818
151068,0.27080708742141724,,404357.3090909091
151069,,1.0,404359.2363636364
151084,0.2708171010017395,,404388.14545454545
151085,,1.0,404390.07272727275
151104,0.2708171010017395,,404414.3396226415
151105,,0.0,404415.7358490566
151114,0.2708171010017395,,404428.30188679247
151115,,0.0,404429.69811320753
151127,0.2708171010017395,,404446.4528301887
151128,,0.0,404447.8490566038
151139,0.2708171010017395,,404463.2075471698
151140,,0.0,404464.6037735849
151153,0.27083709836006165,,404503.8378378378
151154,,2.0,404507.6216216216
151161,0.2708570957183838,,404534.1081081081
151162,,2.0,404537.8918918919
151168,0.27087709307670593,,404560.5945945946
151169,,2.0,404564.3783783784
151178,0.2708970904350281,,404598.4324324324
151179,,2.0,404602.2162162162
151197,0.27090710401535034,,404632.32653061225
151198,,1.0,404634.0816326531
151210,0.2709171175956726,,404655.14285714284
151211,,1.0,404656.89795918367
151219,0.2709271311759949,,404670.9387755102
151220,,1.0,404672.693877551
151229,0.27093714475631714,,404688.48979591834
151230,,1.0,404690.2448979592
151244,0.2709471583366394,,404715.8780487805
151245,,1.0,404718.0487804878
151254,0.27095717191696167,,404737.5853658537
151255,,1.0,404739.756097561
151265,0.27096718549728394,,404761.46341463417
151266,,1.0,404763.6341463415
151272,0.2709771990776062,,404776.65853658534
151273,,1.0,404778.8292682927
151288,0.2709771990776062,,404805.0
151289,,0.0,404807.0
151296,0.2709771990776062,,404821.0
151297,,0.0,404823.0
151301,0.2709771990776062,,404831.0
151302,,0.0,404833.0
151313,0.2709771990776062,,404855.0
151314,,0.0,404857.0
151333,0.27099719643592834,,404897.54545454547
151334,,2.0,404899.95454545453
151344,0.2710171937942505,,404924.04545454547
151345,,2.0,404926.45454545453
151351,0.27103719115257263,,404940.9090909091
151352,,2.0,404943.3181818182
151359,0.2710571885108948,,404960.1818181818
151360,,2.0,404962.5909090909
151373,0.2710571885108948,,404980.74468085106
151374,,0.0,404982.3191489362
151383,0.2710571885108948,,404996.4893617021
151384,,0.0,404998.06382978725
151394,0.2710571885108948,,405013.8085106383
151395,,0.0,405015.3829787234
151408,0.2710571885108948,,405035.8510638298
151409,,0.0,405037.42553191487
151426,0.27106720209121704,,405065.6976744186
151427,,1.0,405067.6046511628
151433,0.2710772156715393,,405079.0465116279
151434,,1.0,405080.9534883721
151442,0.2710872292518616,,405096.20930232556
151443,,1.0,405098.11627906974
151453,0.27109724283218384,,405117.18604651163
151454,,1.0,405119.0930232558
151467,0.271117240190506,,405147.8085106383
151468,,2.0,405150.4893617021
151478,0.2711372375488281,,405177.2978723404
151479,,2.0,405179.97872340423
151488,0.27115723490715027,,405204.10638297873
151489,,2.0,405206.78723404254
151502,0.2711772322654724,,405241.6382978723
151503,,2.0,405244.3191489362
151518,0.2711872458457947,,405272.36363636365
151519,,1.0,405274.4772727273
151529,0.27119725942611694,,405295.61363636365
151530,,1.0,405297.7272727273
151539,0.2712072730064392,,405316.75
151540,,1.0,405318.86363636365
151548,0.2712172865867615,,405335.7727272727
151549,,1.0,405337.88636363635
151566,0.27122730016708374,,405370.5128205128
151567,,1.0,405372.6923076923
151574,0.271237313747406,,405387.9487179487
151575,,1.0,405390.1282051282
151583,0.27124732732772827,,405407.5641025641
151584,,1.0,405409.74358974356
151589,0.27125734090805054,,405420.641025641
151590,,1.0,405422.8205128205
151602,0.27128735184669495,,405447.0263157895
151603,,3.0,405449.4736842105
151611,0.27131736278533936,,405469.05263157893
151612,,3.0,405471.5
151622,0.27134737372398376,,405495.9736842105
151623,,3.0,405498.4210526316
151629,0.2713773846626282,,405513.1052631579
151630,,3.0,405515.55263157893
151643,0.27138739824295044,,405539.08108108107
151644,,1.0,405541.1891891892
151650,0.2713974118232727,,405553.8378378378
151651,,1.0,405555.9459459459
151657,0.27140742540359497,,405568.5945945946
151658,,1.0,405570.7027027027
151668,0.27141743898391724,,405591.7837837838
151669,,1.0,405593.8918918919
151682,0.27144744992256165,,405617.94444444444
151683,,3.0,405620.1388888889
151689,0.27147746086120605,,405633.30555555556
151690,,3.0,405635.5
151697,0.27150747179985046,,405650.8611111111
151698,,3.0,405653.05555555556
151706,0.2715374827384949,,405670.6111111111
151707,,3.0,405672.80555555556
151716,0.271557480096817,,405693.34285714285
151717,,2.0,405696.4
151726,0.27157747745513916,,405723.9142857143
151727,,2.0,405726.97142857144
151737,0.2715974748134613,,405757.54285714286
151738,,2.0,405760.6
151743,0.27161747217178345,,405775.8857142857
151744,,2.0,405778.9428571428
151761,0.27164748311042786,,405844.22222222225
151762,,3.0,405848.6666666667
151774,0.27167749404907227,,405902.0
151775,,3.0,405906.44444444444
151781,0.2717075049877167,,405933.1111111111
151782,,3.0,405937.55555555556
151790,0.2717375159263611,,405973.1111111111
151791,,3.0,405977.55555555556
151808,0.2717675268650055,,406034.1818181818
151809,,3.0,406037.9090909091
151820,0.2717975378036499,,406078.9090909091
151821,,3.0,406082.63636363635
151829,0.2718275487422943,,406112.45454545453
151830,,3.0,406116.1818181818
151836,0.2718575596809387,,406138.54545454547
151837,,3.0,406142.2727272727
151860,0.27187755703926086,,406210.59016393445
151861,,2.0,406213.81967213115
151871,0.271897554397583,,406246.11475409835
151872,,2.0,406249.34426229505
151884,0.27191755175590515,,406288.0983606557
151885,,2.0,406291.3278688525
151899,0.2719375491142273,,406336.54098360654
151900,,2.0,406339.7704918033
151913,0.2719675600528717,,406397.0540540541
151914,,3.0,406402.45945945947
151920,0.2719975709915161,,406434.8918918919
151921,,3.0,406440.2972972973
151928,0.2720275819301605,,406478.13513513515
151929,,3.0,406483.54054054053
151938,0.27205759286880493,,406532.1891891892
151939,,3.0,406537.5945945946
151957,0.2720676064491272,,406571.9772727273
151958,,1.0,406573.9090909091
151964,0.27207762002944946,,406585.5
151965,,1.0,406587.4318181818
151973,0.27208763360977173,,406602.88636363635
151974,,1.0,406604.8181818182
151984,0.272097647190094,,406624.13636363635
151985,,1.0,406626.0681818182
152000,0.2721276581287384,,406646.54545454547
152001,,3.0,406648.0909090909
152010,0.2721576690673828,,406662.0
152011,,3.0,406663.54545454547
152022,0.2721876800060272,,406680.54545454547
152023,,3.0,406682.0909090909
152030,0.27221769094467163,,406692.9090909091
152031,,3.0,406694.45454545453
152046,0.27221769094467163,,406716.5333333333
152047,,0.0,406718.2444444444
152059,0.27221769094467163,,406738.77777777775
152060,,0.0,406740.4888888889
152070,0.27221769094467163,,406757.6
152071,,0.0,406759.31111111114
152077,0.27221769094467163,,406769.5777777778
152078,,0.0,406771.2888888889
152094,0.2722376883029938,,406801.4375
152095,,2.0,406803.625
152106,0.2722576856613159,,406827.6875
152107,,2.0,406829.875
152117,0.27227768301963806,,406851.75
152118,,2.0,406853.9375
152127,0.2722976803779602,,406873.625
152128,,2.0,406875.8125
152142,0.2722976803779602,,406900.28205128206
152143,,0.0,406902.3076923077
152151,0.2722976803779602,,406918.5128205128
152152,,0.0,406920.53846153844
152161,0.2722976803779602,,406938.76923076925
152162,,0.0,406940.7948717949
152168,0.2722976803779602,,406952.9487179487
152169,,0.0,406954.9743589744
152183,0.2723276913166046,,406988.6904761905
152184,,3.0,406991.5714285714
152192,0.272357702255249,,407014.61904761905
152193,,3.0,407017.5
152204,0.27238771319389343,,407049.1904761905
152205,,3.0,407052.0714285714
152212,0.27241772413253784,,407072.2380952381
152213,,3.0,407075.11904761905
152229,0.27244773507118225,,407101.97777777776
152230,,3.0,407103.8222222222
152238,0.27247774600982666,,407118.5777777778
152239,,3.0,407120.4222222222
152249,0.27250775694847107,,407138.86666666664
152250,,3.0,407140.7111111111
152259,0.2725377678871155,,407157.31111111114
152260,,3.0,407159.15555555554
152276,0.2725377678871155,,407181.8541666667
152277,,0.0,407183.4583333333
152286,0.2725377678871155,,407197.8958333333
152287,,0.0,407199.5
152296,0.2725377678871155,,407213.9375
152297,,0.0,407215.5416666667
152309,0.2725377678871155,,407234.7916666667
152310,,0.0,407236.3958333333
152328,0.27254778146743774,,407263.29411764705
152329,,1.0,407264.98039215687
152336,0.27255779504776,,407276.7843137255
152337,,1.0,407278.4705882353
152349,0.2725678086280823,,407298.70588235295
152350,,1.0,407300.39215686277
152362,0.27257782220840454,,407320.6274509804
152363,,1.0,407322.3137254902
152375,0.27260783314704895,,407366.0
152376,,3.0,407370.6666666667
152383,0.27263784408569336,,407403.3333333333
152384,,3.0,407408.0
152391,0.27266785502433777,,407440.6666666667
152392,,3.0,407445.3333333333
152403,0.2726978659629822,,407496.6666666667
152404,,3.0,407501.3333333333
152416,0.2727178633213043,,407526.925
152417,,2.0,407529.25
152426,0.27273786067962646,,407550.175
152427,,2.0,407552.5
152436,0.2727578580379486,,407573.425
152437,,2.0,407575.75
152445,0.27277785539627075,,407594.35
152446,,2.0,407596.675
152460,0.272787868976593,,407620.175
152461,,1.0,407622.1
152467,0.2727978825569153,,407633.65
152468,,1.0,407635.575
152476,0.27280789613723755,,407650.975
152477,,1.0,407652.9
152487,0.2728179097175598,,407672.15
152488,,1.0,407674.075
152505,0.27283790707588196,,407713.56097560975
152506,,2.0,407716.243902439
152511,0.2728579044342041,,407729.65853658534
152512,,2.0,407732.34146341466
152521,0.27287790179252625,,407756.48780487804
152522,,2.0,407759.1707317073
152530,0.2728978991508484,,407780.6341463415
152531,,2.0,407783.31707317074
152544,0.27291789650917053,,407824.37209302327
152545,,2.0,407828.20930232556
152555,0.2729378938674927,,407866.5813953488
152556,,2.0,407870.4186046512
152565,0.2729578912258148,,407904.9534883721
152566,,2.0,407908.79069767444
152575,0.27297788858413696,,407943.32558139536
152576,,2.0,407947.16279069765
152596,0.27298790216445923,,407980.0416666667
152597,,1.0,407981.75
152606,0.2729979157447815,,407997.125
152607,,1.0,407998.8333333333
152614,0.27300792932510376,,408010.7916666667
152615,,1.0,408012.5
152625,0.273017942905426,,408029.5833333333
152626,,1.0,408031.2916666667
152644,0.27304795384407043,,408102.76744186046
152645,,3.0,408107.4186046512
152653,0.27307796478271484,,408144.62790697673
152654,,3.0,408149.27906976745
152661,0.27310797572135925,,408181.83720930235
152662,,3.0,408186.488372093
152670,0.27313798666000366,,408223.6976744186
152671,,3.0,408228.3488372093
152684,0.2731480002403259,,408262.23076923075
152685,,1.0,408265.1538461539
152693,0.2731580138206482,,408288.53846153844
152694,,1.0,408291.46153846156
152700,0.27316802740097046,,408309.0
152701,,1.0,408311.92307692306
152711,0.2731780409812927,,408341.1538461539
152712,,1.0,408344.07692307694
152729,0.273188054561615,,408367.6037735849
152730,,1.0,408369.07547169813
152740,0.27319806814193726,,408383.7924528302
152741,,1.0,408385.2641509434
152755,0.2732080817222595,,408405.8679245283
152756,,1.0,408407.3396226415
152766,0.2732180953025818,,408422.0566037736
152767,,1.0,408423.5283018868
152782,0.27323809266090393,,408466.23076923075
152783,,2.0,408469.6666666667
152790,0.2732580900192261,,408493.71794871794
152791,,2.0,408497.1538461539
152798,0.2732780873775482,,408521.2051282051
152799,,2.0,408524.641025641
152807,0.27329808473587036,,408552.1282051282
152808,,2.0,408555.5641025641
152824,0.2733180820941925,,408596.0975609756
152825,,2.0,408598.9512195122
152834,0.27333807945251465,,408624.6341463415
152835,,2.0,408627.48780487804
152842,0.2733580768108368,,408647.46341463417
152843,,2.0,408650.31707317074
152850,0.27337807416915894,,408670.2926829268
152851,,2.0,408673.14634146343
152870,0.27340808510780334,,408736.37735849054
152871,,3.0,408740.1509433962
152886,0.27343809604644775,,408796.75471698114
152887,,3.0,408800.5283018868
152896,0.27346810698509216,,408834.4905660377
152897,,3.0,408838.2641509434
152905,0.2734981179237366,,408868.4528301887
152906,,3.0,408872.22641509434
152922,0.27350813150405884,,408897.57446808513
152923,,1.0,408899.2340425532
152938,0.2735181450843811,,408924.12765957444
152939,,1.0,408925.78723404254
152944,0.27352815866470337,,408934.08510638296
152945,,1.0,408935.74468085106
152954,0.27353817224502563,,408950.6808510638
152955,,1.0,408952.3404255319
152973,0.2735481858253479,,408992.4146341463
152974,,1.0,408994.9756097561
152982,0.27355819940567017,,409015.46341463417
152983,,1.0,409018.0243902439
152989,0.27356821298599243,,409033.39024390245
152990,,1.0,409035.9512195122
152997,0.2735782265663147,,409053.8780487805
152998,,1.0,409056.43902439025
153008,0.27359822392463684,,409089.1538461539
153009,,2.0,409093.46153846156
153019,0.273618221282959,,409136.53846153844
153020,,2.0,409140.8461538461
153029,0.27363821864128113,,409179.6153846154
153030,,2.0,409183.92307692306
153038,0.27365821599960327,,409218.3846153846
153039,,2.0,409222.6923076923
153052,0.27366822957992554,,409251.4736842105
153053,,1.0,409253.9210526316
153058,0.2736782431602478,,409266.15789473685
153059,,1.0,409268.6052631579
153066,0.27368825674057007,,409285.7368421053
153067,,1.0,409288.1842105263
153078,0.27369827032089233,,409315.1052631579
153079,,1.0,409317.55263157893
153096,0.2737182676792145,,409378.73170731706
153097,,2.0,409382.9268292683
153104,0.2737382650375366,,409412.2926829268
153105,,2.0,409416.48780487804
153113,0.27375826239585876,,409450.0487804878
153114,,2.0,409454.243902439
153121,0.2737782597541809,,409483.60975609755
153122,,2.0,409487.8048780488
153132,0.2738082706928253,,409510.2
153133,,3.0,409512.8
153145,0.2738382816314697,,409544.0
153146,,3.0,409546.6
153153,0.27386829257011414,,409564.8
153154,,3.0,409567.4
153163,0.27389830350875854,,409590.8
153164,,3.0,409593.4
153177,0.2739083170890808,,409612.44444444444
153178,,1.0,409614.0888888889
153190,0.2739183306694031,,409633.8222222222
153191,,1.0,409635.4666666667
153202,0.27392834424972534,,409653.55555555556
153203,,1.0,409655.2
153210,0.2739383578300476,,409666.7111111111
153211,,1.0,409668.35555555555
153227,0.2739383578300476,,409695.6666666667
153228,,0.0,409697.641025641
153234,0.2739383578300476,,409709.4871794872
153235,,0.0,409711.46153846156
153243,0.2739383578300476,,409727.25641025644
153244,,0.0,409729.23076923075
153251,0.2739383578300476,,409743.0512820513
153252,,0.0,409745.0256410256
153266,0.2739483714103699,,409774.3658536585
153267,,1.0,409776.85365853657
153276,0.27395838499069214,,409799.243902439
153277,,1.0,409801.73170731706
153282,0.2739683985710144,,409814.1707317073
153283,,1.0,409816.65853658534
153294,0.27397841215133667,,409844.0243902439
153295,,1.0,409846.51219512196
153311,0.2740084230899811,,409910.90476190473
153312,,3.0,409915.6666666667
153320,0.2740384340286255,,409953.7619047619
153321,,3.0,409958.5238095238
153328,0.2740684449672699,,409991.85714285716
153329,,3.0,409996.61904761905
153338,0.2740984559059143,,410039.4761904762
153339,,3.0,410044.2380952381
153358,0.27411845326423645,,410092.6666666667
153359,,2.0,410095.3958333333
153367,0.2741384506225586,,410117.2291666667
153368,,2.0,410119.9583333333
153380,0.27415844798088074,,410152.7083333333
153381,,2.0,410155.4375
153388,0.2741784453392029,,410174.5416666667
153389,,2.0,410177.2708333333
153405,0.274198442697525,,410222.44897959183
153406,,2.0,410225.71428571426
153417,0.27421844005584717,,410261.63265306124
153418,,2.0,410264.89795918367
153427,0.2742384374141693,,410294.28571428574
153428,,2.0,410297.55102040817
153439,0.27425843477249146,,410333.4693877551
153440,,2.0,410336.7346938776
153453,0.27425843477249146,,410356.2
153454,,0.0,410357.82
153466,0.27425843477249146,,410377.26
153467,,0.0,410378.88
153478,0.27425843477249146,,410396.7
153479,,0.0,410398.32
153491,0.27425843477249146,,410417.76
153492,,0.0,410419.38
153510,0.2742784321308136,,410452.6304347826
153511,,2.0,410454.73913043475
153523,0.27429842948913574,,410480.04347826086
153524,,2.0,410482.152173913
153529,0.2743184268474579,,410492.6956521739
153530,,2.0,410494.8043478261
153539,0.27433842420578003,,410513.7826086957
153540,,2.0,410515.89130434784
153558,0.27433842420578003,,410540.6530612245
153559,,0.0,410542.1632653061
153566,0.27433842420578003,,410552.7346938776
153567,,0.0,410554.2448979592
153580,0.27433842420578003,,410573.8775510204
153581,,0.0,410575.387755102
153590,0.27433842420578003,,410588.97959183675
153591,,0.0,410590.48979591834
153602,0.27433842420578003,,410605.15555555554
153603,,0.0,410606.8
153616,0.27433842420578003,,410628.1777777778
153617,,0.0,410629.8222222222
153630,0.27433842420578003,,410651.2
153631,,0.0,410652.84444444446
153637,0.27433842420578003,,410662.7111111111
153638,,0.0,410664.35555555555
153652,0.2743484377861023,,410689.8333333333
153653,,1.0,410692.0
153660,0.27435845136642456,,410707.1666666667
153661,,1.0,410709.3333333333
153671,0.2743684649467468,,410731.0
153672,,1.0,410733.1666666667
153681,0.2743784785270691,,410752.6666666667
153682,,1.0,410754.8333333333
153696,0.27438849210739136,,410779.4583333333
153697,,1.0,410781.5
153710,0.2743985056877136,,410808.0416666667
153711,,1.0,410810.0833333333
153722,0.2744085192680359,,410832.5416666667
153723,,1.0,410834.5833333333
153731,0.27441853284835815,,410850.9166666667
153732,,1.0,410852.9583333333
153740,0.2744385302066803,,410875.73529411765
153741,,2.0,410879.8823529412
153747,0.27445852756500244,,410904.76470588235
153748,,2.0,410908.9117647059
153757,0.2744785249233246,,410946.23529411765
153758,,2.0,410950.3823529412
153767,0.27449852228164673,,410987.70588235295
153768,,2.0,410991.85294117645
153780,0.27452853322029114,,411014.5
153781,,3.0,411016.55555555556
153789,0.27455854415893555,,411033.0
153790,,3.0,411035.05555555556
153797,0.27458855509757996,,411049.44444444444
153798,,3.0,411051.5
153805,0.27461856603622437,,411065.8888888889
153806,,3.0,411067.94444444444
153821,0.2746385633945465,,411104.28571428574
153822,,2.0,411107.14285714284
153832,0.27465856075286865,,411135.71428571426
153833,,2.0,411138.5714285714
153841,0.2746785581111908,,411161.4285714286
153842,,2.0,411164.28571428574
153849,0.27469855546951294,,411184.28571428574
153850,,2.0,411187.14285714284
153864,0.2747085690498352,,411209.8
153865,,1.0,411211.6
153873,0.27471858263015747,,411226.0
153874,,1.0,411227.8
153885,0.27472859621047974,,411247.6
153886,,1.0,411249.4
153896,0.274738609790802,,411267.4
153897,,1.0,411269.2
153908,0.274738609790802,,411285.8
153909,,0.0,411287.65
153919,0.274738609790802,,411306.15
153920,,0.0,411308.0
153929,0.274738609790802,,411324.65
153930,,0.0,411326.5
153938,0.274738609790802,,411341.3
153939,,0.0,411343.15
153952,0.27475860714912415,,411390.45454545453
153953,,2.0,411395.0
153961,0.2747786045074463,,411431.36363636365
153962,,2.0,411435.9090909091
153972,0.27479860186576843,,411481.36363636365
153973,,2.0,411485.9090909091
153984,0.2748185992240906,,411535.9090909091
153985,,2.0,411540.45454545453
154006,0.2748185992240906,,411572.36
154007,,0.0,411573.88
154018,0.2748185992240906,,411590.6
154019,,0.0,411592.12
154030,0.2748185992240906,,411608.84
154031,,0.0,411610.36
154036,0.2748185992240906,,411617.96
154037,,0.0,411619.48
154049,0.2748385965824127,,411646.7727272727
154050,,2.0,411649.63636363635
154059,0.27485859394073486,,411675.4090909091
154060,,2.0,411678.2727272727
154070,0.274878591299057,,411706.9090909091
154071,,2.0,411709.7727272727
154082,0.27489858865737915,,411741.2727272727
154083,,2.0,411744.13636363635
154099,0.27492859959602356,,411810.4146341463
154100,,3.0,411815.2926829268
154109,0.27495861053466797,,411859.1951219512
154110,,3.0,411864.0731707317
154116,0.2749886214733124,,411893.34146341466
154117,,3.0,411898.2195121951
154125,0.2750186324119568,,411937.243902439
154126,,3.0,411942.1219512195
154144,0.27503862977027893,,411980.0
154145,,2.0,411982.2
154153,0.2750586271286011,,411999.8
154154,,2.0,412002.0
154164,0.2750786244869232,,412024.0
154165,,2.0,412026.2
154172,0.27509862184524536,,412041.6
154173,,2.0,412043.8
154187,0.2751086354255676,,412068.53658536583
154188,,1.0,412070.5853658537
154195,0.2751186490058899,,412084.9268292683
154196,,1.0,412086.9756097561
154206,0.27512866258621216,,412107.46341463417
154207,,1.0,412109.51219512196
154215,0.2751386761665344,,412125.9024390244
154216,,1.0,412127.9512195122
154231,0.2751386761665344,,412150.85714285716
154232,,0.0,412152.59523809527
154244,0.2751386761665344,,412173.45238095237
154245,,0.0,412175.1904761905
154250,0.2751386761665344,,412183.88095238095
154251,,0.0,412185.61904761905
154259,0.2751386761665344,,412199.5238095238
154260,,0.0,412201.2619047619
154274,0.2751486897468567,,412221.25531914894
154275,,1.0,412222.91489361704
154287,0.27515870332717896,,412242.829787234
154288,,1.0,412244.4893617021
154293,0.2751687169075012,,412252.78723404254
154294,,1.0,412254.44680851063
154308,0.2751787304878235,,412277.6808510638
154309,,1.0,412279.3404255319
154324,0.27518874406814575,,412306.71428571426
154325,,1.0,412308.85714285716
154337,0.275198757648468,,412334.5714285714
154338,,1.0,412336.71428571426
154344,0.2752087712287903,,412349.5714285714
154345,,1.0,412351.71428571426
154352,0.27521878480911255,,412366.71428571426
154353,,1.0,412368.85714285716
154373,0.27521878480911255,,412393.46428571426
154374,,0.0,412394.78571428574
154386,0.27521878480911255,,412410.64285714284
154387,,0.0,412411.96428571426
154401,0.27521878480911255,,412430.46428571426
154402,,0.0,412431.78571428574
154410,0.27521878480911255,,412442.35714285716
154411,,0.0,412443.6785714286
154420,0.27521878480911255,,412457.0
154421,,0.0,412459.0
154428,0.27521878480911255,,412473.0
154429,,0.0,412475.0
154443,0.27521878480911255,,412503.0
154444,,0.0,412505.0
154449,0.27521878480911255,,412515.0
154450,,0.0,412517.0
154465,0.2752387821674347,,412557.511627907
154466,,2.0,412560.72093023255
154474,0.27525877952575684,,412586.3953488372
154475,,2.0,412589.6046511628
154484,0.275278776884079,,412618.488372093
154485,,2.0,412621.6976744186
154494,0.2752987742424011,,412650.5813953488
154495,,2.0,412653.79069767444
154507,0.2753087878227234,,412677.6756756757
154508,,1.0,412679.97297297296
154516,0.27531880140304565,,412698.35135135136
154517,,1.0,412700.64864864864
154526,0.2753288149833679,,412721.3243243243
154527,,1.0,412723.6216216216
154533,0.2753388285636902,,412737.4054054054
154534,,1.0,412739.7027027027
154547,0.2753388285636902,,412761.5
154548,,0.0,412763.45
154558,0.2753388285636902,,412782.95
154559,,0.0,412784.9
154566,0.2753388285636902,,412798.55
154567,,0.0,412800.5
154575,0.2753388285636902,,412816.1
154576,,0.0,412818.05
154588,0.27535882592201233,,412843.75
154589,,2.0,412846.3888888889
154596,0.2753788232803345,,412864.8611111111
154597,,2.0,412867.5
154603,0.2753988206386566,,412883.3333333333
154604,,2.0,412885.97222222225
154613,0.27541881799697876,,412909.72222222225
154614,,2.0,412912.3611111111
154630,0.27541881799697876,,412935.4680851064
154631,,0.0,412937.0425531915
154644,0.27541881799697876,,412957.5106382979
154645,,0.0,412959.08510638296
154656,0.27541881799697876,,412976.40425531915
154657,,0.0,412977.97872340423
154662,0.27541881799697876,,412985.8510638298
154663,,0.0,412987.42553191487
154678,0.275428831577301,,413010.2727272727
154679,,1.0,413012.04545454547
154689,0.2754388451576233,,413029.7727272727
154690,,1.0,413031.54545454547
154696,0.27544885873794556,,413042.1818181818
154697,,1.0,413043.95454545453
154708,0.2754588723182678,,413063.45454545453
154709,,1.0,413065.2272727273
154720,0.2754688858985901,,413084.3333333333
154721,,1.0,413086.5
154729,0.27547889947891235,,413103.8333333333
154730,,1.0,413106.0
154736,0.2754889130592346,,413119.0
154737,,1.0,413121.1666666667
154746,0.2754989266395569,,413140.6666666667
154747,,1.0,413142.8333333333
154757,0.27550894021987915,,413158.8292682927
154758,,1.0,413160.8048780488
154769,0.2755189538002014,,413182.53658536583
154770,,1.0,413184.51219512196
154778,0.2755289673805237,,413200.31707317074
154779,,1.0,413202.2926829268
154789,0.27553898096084595,,413222.0487804878
154790,,1.0,413224.0243902439
154803,0.2755489945411682,,413244.1395348837
154804,,1.0,413245.9534883721
154813,0.2755590081214905,,413262.27906976745
154814,,1.0,413264.0930232558
154821,0.27556902170181274,,413276.79069767444
154822,,1.0,413278.6046511628
154834,0.275579035282135,,413300.37209302327
154835,,1.0,413302.18604651163
154847,0.2755890488624573,,413326.0263157895
154848,,1.0,413328.4736842105
154856,0.27559906244277954,,413348.05263157893
154857,,1.0,413350.5
154864,0.2756090760231018,,413367.63157894736
154865,,1.0,413370.0789473684
154874,0.2756190896034241,,413392.1052631579
154875,,1.0,413394.55263157893
154886,0.27562910318374634,,413417.0
154887,,1.0,413419.5
154896,0.2756391167640686,,413442.0
154897,,1.0,413444.5
154904,0.27564913034439087,,413462.0
154905,,1.0,413464.5
154912,0.27565914392471313,,413482.0
154913,,1.0,413484.5
154930,0.2756791412830353,,413515.85714285716
154931,,2.0,413517.9183673469
154945,0.2756991386413574,,413546.7755102041
154946,,2.0,413548.8367346939
154956,0.27571913599967957,,413569.44897959183
154957,,2.0,413571.51020408166
154963,0.2757391333580017,,413583.8775510204
154964,,2.0,413585.9387755102
154978,0.2757391333580017,,413611.2571428571
154979,,0.0,413613.3714285714
154984,0.2757391333580017,,413623.9428571428
154985,,0.0,413626.0571428572
154991,0.2757391333580017,,413638.7428571429
154992,,0.0,413640.85714285716
155000,0.2757391333580017,,413657.77142857143
155001,,0.0,413659.8857142857
155015,0.2757391333580017,,413679.51020408166
155016,,0.0,413681.10204081633
155029,0.2757391333580017,,413701.79591836734
155030,,0.0,413703.387755102
155041,0.2757391333580017,,413720.89795918367
155042,,0.0,413722.48979591834
155051,0.2757391333580017,,413736.8163265306
155052,,0.0,413738.4081632653
155065,0.27575913071632385,,413768.93617021275
155066,,2.0,413771.829787234
155074,0.275779128074646,,413794.97872340423
155075,,2.0,413797.87234042556
155085,0.27579912543296814,,413826.8085106383
155086,,2.0,413829.7021276596
155100,0.2758191227912903,,413870.21276595746
155101,,2.0,413873.10638297873
155114,0.27582913637161255,,413893.7272727273
155115,,1.0,413895.5
155122,0.2758391499519348,,413907.9090909091
155123,,1.0,413909.6818181818
155132,0.2758491635322571,,413925.63636363635
155133,,1.0,413927.4090909091
155146,0.27585917711257935,,413950.45454545453
155147,,1.0,413952.2272727273
155160,0.27585917711257935,,413971.20930232556
155161,,0.0,413972.93023255817
155167,0.27585917711257935,,413983.25581395347
155168,,0.0,413984.9767441861
155179,0.27585917711257935,,414003.9069767442
155180,,0.0,414005.62790697673
155191,0.27585917711257935,,414024.5581395349
155192,,0.0,414026.27906976745
155209,0.2758691906929016,,414056.0
155210,,1.0,414058.0
155215,0.2758792042732239,,414068.0
155216,,1.0,414070.0
155226,0.27588921785354614,,414090.0
155227,,1.0,414092.0
155240,0.2758992314338684,,414118.0
155241,,1.0,414120.0
155256,0.2759092450141907,,414142.93617021275
155257,,1.0,414144.6808510638
155271,0.27591925859451294,,414169.10638297873
155272,,1.0,414170.8510638298
155279,0.2759292721748352,,414183.06382978725
155280,,1.0,414184.8085106383
155289,0.27593928575515747,,414200.5106382979
155290,,1.0,414202.25531914894
155305,0.2759592831134796,,414235.73333333334
155306,,2.0,414238.3777777778
155314,0.27597928047180176,,414259.5333333333
155315,,2.0,414262.1777777778
155326,0.2759992778301239,,414291.26666666666
155327,,2.0,414293.9111111111
155336,0.27601927518844604,,414317.7111111111
155337,,2.0,414320.35555555555
155351,0.27601927518844604,,414342.9534883721
155352,,0.0,414344.76744186046
155361,0.27601927518844604,,414361.0930232558
155362,,0.0,414362.9069767442
155371,0.27601927518844604,,414379.23255813954
155372,,0.0,414381.0465116279
155381,0.27601927518844604,,414397.37209302327
155382,,0.0,414399.18604651163
155401,0.27604928612709045,,414433.92307692306
155402,,3.0,414435.98076923075
155411,0.27607929706573486,,414454.5
155412,,3.0,414456.5576923077
155424,0.2761093080043793,,414481.25
155425,,3.0,414483.3076923077
155435,0.2761393189430237,,414503.8846153846
155436,,3.0,414505.9423076923
155453,0.2761593163013458,,414541.06382978725
155454,,2.0,414543.42553191487
155463,0.27617931365966797,,414564.6808510638
155464,,2.0,414567.0425531915
155475,0.2761993110179901,,414593.02127659577
155476,,2.0,414595.3829787234
155484,0.27621930837631226,,414614.27659574465
155485,,2.0,414616.6382978723
155504,0.2762293219566345,,414644.7254901961
155505,,1.0,414646.3333333333
155518,0.2762393355369568,,414667.23529411765
155519,,1.0,414668.8431372549
155531,0.27624934911727905,,414688.137254902
155532,,1.0,414689.7450980392
155537,0.2762593626976013,,414697.7843137255
155538,,1.0,414699.39215686277
155552,0.2762593626976013,,414721.8717948718
155553,,0.0,414723.76923076925
155563,0.2762593626976013,,414742.74358974356
155564,,0.0,414744.641025641
155572,0.2762593626976013,,414759.8205128205
155573,,0.0,414761.71794871794
155578,0.2762593626976013,,414771.2051282051
155579,,0.0,414773.10256410256
155594,0.27627936005592346,,414824.4285714286
155595,,2.0,414828.54761904763
155602,0.2762993574142456,,414857.38095238095
155603,,2.0,414861.5
155615,0.27631935477256775,,414910.9285714286
155616,,2.0,414915.04761904763
155622,0.2763393521308899,,414939.7619047619
155623,,2.0,414943.88095238095
155637,0.2763393521308899,,414970.5789473684
155638,,0.0,414972.63157894736
155644,0.2763393521308899,,414984.94736842107
155645,,0.0,414987.0
155655,0.2763393521308899,,415007.5263157895
155656,,0.0,415009.5789473684
155662,0.2763393521308899,,415021.8947368421
155663,,0.0,415023.94736842107
155674,0.2763393521308899,,415040.8
155675,,0.0,415042.65
155682,0.2763393521308899,,415055.6
155683,,0.0,415057.45
155694,0.2763393521308899,,415077.8
155695,,0.0,415079.65
155704,0.2763393521308899,,415096.3
155705,,0.0,415098.15
155721,0.2763393521308899,,415120.0416666667
155722,,0.0,415121.5833333333
155731,0.2763393521308899,,415135.4583333333
155732,,0.0,415137.0
155741,0.2763393521308899,,415150.875
155742,,0.0,415152.4166666667
155754,0.2763393521308899,,415170.9166666667
155755,,0.0,415172.4583333333
155771,0.2763393521308899,,415195.3777777778
155772,,0.0,415197.02222222224
155781,0.2763393521308899,,415211.8222222222
155782,,0.0,415213.4666666667
155791,0.2763393521308899,,415228.26666666666
155792,,0.0,415229.9111111111
155801,0.2763393521308899,,415244.7111111111
155802,,0.0,415246.35555555555
155817,0.27634936571121216,,415273.8
155818,,1.0,415275.95
155828,0.2763593792915344,,415297.45
155829,,1.0,415299.6
155836,0.2763693928718567,,415314.65
155837,,1.0,415316.8
155843,0.27637940645217896,,415329.7
155844,,1.0,415331.85
155863,0.2763894200325012,,415368.1052631579
155864,,1.0,415370.2368421053
155871,0.2763994336128235,,415385.15789473685
155872,,1.0,415387.2894736842
155876,0.27640944719314575,,415395.8157894737
155877,,1.0,415397.94736842107
155883,0.276419460773468,,415410.7368421053
155884,,1.0,415412.86842105264
155902,0.276419460773468,,415439.1304347826
155903,,0.0,415440.73913043475
155911,0.276419460773468,,415453.60869565216
155912,,0.0,415455.2173913043
155924,0.276419460773468,,415474.52173913043
155925,,0.0,415476.1304347826
155931,0.276419460773468,,415485.7826086957
155932,,0.0,415487.39130434784
155947,0.2764294743537903,,415508.5
155948,,1.0,415510.125
155963,0.27643948793411255,,415534.5
155964,,1.0,415536.125
155973,0.2764495015144348,,415550.75
155974,,1.0,415552.375
155981,0.2764595150947571,,415563.75
155982,,1.0,415565.375
155996,0.2764595150947571,,415583.9583333333
155997,,0.0,415585.5
156007,0.2764595150947571,,415600.9166666667
156008,,0.0,415602.4583333333
156020,0.2764595150947571,,415620.9583333333
156021,,0.0,415622.5
156031,0.2764595150947571,,415637.9166666667
156032,,0.0,415639.4583333333
156047,0.27646952867507935,,415663.36363636365
156048,,1.0,415665.2272727273
156055,0.2764795422554016,,415678.2727272727
156056,,1.0,415680.13636363635
156065,0.2764895558357239,,415696.9090909091
156066,,1.0,415698.7727272727
156077,0.27649956941604614,,415719.2727272727
156078,,1.0,415721.13636363635
156092,0.2765195667743683,,415742.6274509804
156093,,2.0,415744.4117647059
156110,0.27653956413269043,,415774.7450980392
156111,,2.0,415776.5294117647
156121,0.2765595614910126,,415794.3725490196
156122,,2.0,415796.1568627451
156130,0.2765795588493347,,415810.43137254904
156131,,2.0,415812.2156862745
156141,0.2765795588493347,,415828.36842105264
156142,,0.0,415830.4210526316
156147,0.2765795588493347,,415840.6842105263
156148,,0.0,415842.7368421053
156155,0.2765795588493347,,415857.1052631579
156156,,0.0,415859.15789473685
156170,0.2765795588493347,,415887.8947368421
156171,,0.0,415889.94736842107
156186,0.2765795588493347,,415909.4117647059
156187,,0.0,415910.862745098
156199,0.2765795588493347,,415928.2745098039
156200,,0.0,415929.7254901961
156211,0.2765795588493347,,415945.6862745098
156212,,0.0,415947.137254902
156223,0.2765795588493347,,415963.09803921566
156224,,0.0,415964.54901960783
156238,0.276589572429657,,415983.875
156239,,1.0,415985.5
156251,0.27659958600997925,,416005.0
156252,,1.0,416006.625
156263,0.2766095995903015,,416024.5
156264,,1.0,416026.125
156273,0.2766196131706238,,416040.75
156274,,1.0,416042.375
156287,0.2766396105289459,,416090.4285714286
156288,,2.0,416095.0714285714
156298,0.27665960788726807,,416141.5
156299,,2.0,416146.14285714284
156306,0.2766796052455902,,416178.64285714284
156307,,2.0,416183.28571428574
156317,0.27669960260391235,,416229.71428571426
156318,,2.0,416234.35714285716
156336,0.2767195999622345,,416300.8292682927
156337,,2.0,416304.9512195122
156344,0.27673959732055664,,416333.8048780488
156345,,2.0,416337.9268292683
156354,0.2767595946788788,,416375.0243902439
156355,,2.0,416379.14634146343
156360,0.2767795920372009,,416399.756097561
156361,,2.0,416403.8780487805
156373,0.27680960297584534,,416432.21428571426
156374,,3.0,416434.90476190473
156384,0.27683961391448975,,416461.8095238095
156385,,3.0,416464.5
156394,0.27686962485313416,,416488.71428571426
156395,,3.0,416491.40476190473
156404,0.27689963579177856,,416515.61904761905
156405,,3.0,416518.3095238095
156418,0.27689963579177856,,416539.1395348837
156419,,0.0,416540.9534883721
156431,0.27689963579177856,,416562.72093023255
156432,,0.0,416564.5348837209
156440,0.27689963579177856,,416579.0465116279
156441,,0.0,416580.8604651163
156449,0.27689963579177856,,416595.37209302327
156450,,0.0,416597.18604651163
156468,0.2769196331501007,,416631.9411764706
156469,,2.0,416634.137254902
156478,0.27693963050842285,,416653.90196078434
156479,,2.0,416656.09803921566
156489,0.276959627866745,,416678.0588235294
156490,,2.0,416680.2549019608
156502,0.27697962522506714,,416706.60784313723
156503,,2.0,416708.8039215686
156518,0.2769896388053894,,416737.8085106383
156519,,1.0,416740.0425531915
156531,0.27699965238571167,,416766.8510638298
156532,,1.0,416769.08510638296
156542,0.27700966596603394,,416791.42553191487
156543,,1.0,416793.6595744681
156551,0.2770196795463562,,416811.5319148936
156552,,1.0,416813.7659574468
156568,0.2770196795463562,,416838.59523809527
156569,,0.0,416840.3333333333
156578,0.2770196795463562,,416855.9761904762
156579,,0.0,416857.71428571426
156588,0.2770196795463562,,416873.35714285716
156589,,0.0,416875.09523809527
156595,0.2770196795463562,,416885.5238095238
156596,,0.0,416887.2619047619
156614,0.2770196795463562,,416911.2
156615,,0.0,416912.68
156624,0.2770196795463562,,416926.0
156625,,0.0,416927.48
156636,0.2770196795463562,,416943.76
156637,,0.0,416945.24
156647,0.2770196795463562,,416960.04
156648,,0.0,416961.52
156661,0.2770196795463562,,416984.94444444444
156662,,0.0,416987.1388888889
156669,0.2770196795463562,,417002.5
156670,,0.0,417004.69444444444
156678,0.2770196795463562,,417022.25
156679,,0.0,417024.44444444444
156685,0.2770196795463562,,417037.6111111111
156686,,0.0,417039.80555555556
156704,0.2770196795463562,,417067.2272727273
156705,,0.0,417068.9090909091
156712,0.2770196795463562,,417080.6818181818
156713,,0.0,417082.36363636365
156721,0.2770196795463562,,417095.8181818182
156722,,0.0,417097.5
156731,0.2770196795463562,,417112.63636363635
156732,,0.0,417114.3181818182
156743,0.27702969312667847,,417129.5652173913
156744,,1.0,417131.26086956525
156754,0.27703970670700073,,417148.2173913043
156755,,1.0,417149.9130434783
156764,0.277049720287323,,417165.17391304346
156765,,1.0,417166.8695652174
156779,0.27705973386764526,,417190.60869565216
156780,,1.0,417192.3043478261
156792,0.27705973386764526,,417210.65
156793,,0.0,417212.5
156803,0.27705973386764526,,417231.0
156804,,0.0,417232.85
156812,0.27705973386764526,,417247.65
156813,,0.0,417249.5
156821,0.27705973386764526,,417264.3
156822,,0.0,417266.15
156840,0.27706974744796753,,417294.32653061225
156841,,1.0,417296.0816326531
156850,0.2770797610282898,,417311.8775510204
156851,,1.0,417313.63265306124
156861,0.27708977460861206,,417331.1836734694
156862,,1.0,417332.9387755102
156872,0.2770997881889343,,417350.48979591834
156873,,1.0,417352.2448979592
156887,0.27711978554725647,,417378.93333333335
156888,,2.0,417381.2
156895,0.2771397829055786,,417397.06666666665
156896,,2.0,417399.3333333333
156906,0.27715978026390076,,417422.0
156907,,2.0,417424.26666666666
156919,0.2771797776222229,,417451.4666666667
156920,,2.0,417453.73333333334
156935,0.27718979120254517,,417480.5714285714
156936,,1.0,417482.61904761905
156943,0.27719980478286743,,417496.95238095237
156944,,1.0,417499.0
156952,0.2772098183631897,,417515.38095238095
156953,,1.0,417517.4285714286
156963,0.27721983194351196,,417537.90476190473
156964,,1.0,417539.95238095237
156985,0.27721983194351196,,417567.26923076925
156986,,0.0,417568.67307692306
156996,0.27721983194351196,,417582.71153846156
156997,,0.0,417584.1153846154
157008,0.27721983194351196,,417599.5576923077
157009,,0.0,417600.96153846156
157017,0.27721983194351196,,417612.1923076923
157018,,0.0,417613.5961538461
157031,0.27721983194351196,,417634.1304347826
157032,,0.0,417636.04347826086
157046,0.27721983194351196,,417662.82608695654
157047,,0.0,417664.73913043475
157055,0.27721983194351196,,417680.04347826086
157056,,0.0,417681.95652173914
157065,0.27721983194351196,,417699.17391304346
157066,,0.0,417701.0869565217
157077,0.27722984552383423,,417719.1904761905
157078,,1.0,417721.21428571426
157090,0.2772398591041565,,417745.5
157091,,1.0,417747.5238095238
157102,0.27724987268447876,,417769.78571428574
157103,,1.0,417771.8095238095
157109,0.277259886264801,,417783.95238095237
157110,,1.0,417785.9761904762
157124,0.27727988362312317,,417832.8461538461
157125,,2.0,417836.92307692306
157130,0.2772998809814453,,417857.3076923077
157131,,2.0,417861.3846153846
157140,0.27731987833976746,,417898.07692307694
157141,,2.0,417902.1538461539
157150,0.2773398756980896,,417938.8461538461
157151,,2.0,417942.92307692306
157166,0.27735987305641174,,417996.86666666664
157167,,2.0,418001.02222222224
157175,0.2773798704147339,,418034.26666666666
157176,,2.0,418038.4222222222
157188,0.27739986777305603,,418088.2888888889
157189,,2.0,418092.44444444444
157197,0.2774198651313782,,418125.68888888886
157198,,2.0,418129.84444444446
157213,0.27742987871170044,,418160.0487804878
157214,,1.0,418162.2195121951
157223,0.2774398922920227,,418181.756097561
157224,,1.0,418183.9268292683
157232,0.27744990587234497,,418201.2926829268
157233,,1.0,418203.46341463417
157240,0.27745991945266724,,418218.65853658534
157241,,1.0,418220.8292682927
157259,0.2774799168109894,,418255.55319148937
157260,,2.0,418257.72340425535
157268,0.2774999141693115,,418275.08510638296
157269,,2.0,418277.25531914894
157280,0.27751991152763367,,418301.12765957444
157281,,2.0,418303.2978723404
157289,0.2775399088859558,,418320.6595744681
157290,,2.0,418322.829787234
157315,0.2775499224662781,,418356.9
157316,,1.0,418358.35
157325,0.27755993604660034,,418371.4
157326,,1.0,418372.85
157338,0.2775699496269226,,418390.25
157339,,1.0,418391.7
157351,0.2775799632072449,,418409.1
157352,,1.0,418410.55
157368,0.277599960565567,,418434.25
157369,,2.0,418435.96153846156
157384,0.27761995792388916,,418461.6346153846
157385,,2.0,418463.3461538461
157394,0.2776399552822113,,418478.75
157395,,2.0,418480.46153846156
157405,0.27765995264053345,,418497.57692307694
157406,,2.0,418499.28846153844
157420,0.27765995264053345,,418517.9583333333
157421,,0.0,418519.5
157432,0.27765995264053345,,418536.4583333333
157433,,0.0,418538.0
157444,0.27765995264053345,,418554.9583333333
157445,,0.0,418556.5
157455,0.27765995264053345,,418571.9166666667
157456,,0.0,418573.4583333333
157470,0.2776799499988556,,418609.4864864865
157471,,2.0,418612.6216216216
157476,0.27769994735717773,,418628.2972972973
157477,,2.0,418631.4324324324
157485,0.2777199447154999,,418656.5135135135
157486,,2.0,418659.64864864864
157494,0.277739942073822,,418684.7297297297
157495,,2.0,418687.86486486485
157513,0.2777499556541443,,418712.5789473684
157514,,1.0,418714.01754385966
157526,0.27775996923446655,,418731.2807017544
157527,,1.0,418732.7192982456
157541,0.2777699828147888,,418752.8596491228
157542,,1.0,418754.29824561405
157553,0.2777799963951111,,418770.1228070175
157554,,1.0,418771.56140350876
157570,0.2777999937534332,,418799.0
157571,,2.0,418801.0
157583,0.27781999111175537,,418825.0
157584,,2.0,418827.0
157595,0.2778399884700775,,418849.0
157596,,2.0,418851.0
157604,0.27785998582839966,,418867.0
157605,,2.0,418869.0
157614,0.27788999676704407,,418884.2
157615,,3.0,418886.4
157628,0.2779200077056885,,418915.0
157629,,3.0,418917.2
157634,0.2779500186443329,,418928.2
157635,,3.0,418930.4
157646,0.2779800295829773,,418954.6
157647,,3.0,418956.8
157662,0.27799004316329956,,418985.5714285714
157663,,1.0,418987.78571428574
157674,0.2780000567436218,,419012.14285714284
157675,,1.0,419014.35714285716
157680,0.2780100703239441,,419025.4285714286
157681,,1.0,419027.64285714284
157690,0.27802008390426636,,419047.5714285714
157691,,1.0,419049.78571428574
157702,0.27802008390426636,,419069.64705882355
157703,,0.0,419071.85294117645
157711,0.27802008390426636,,419089.5
157712,,0.0,419091.70588235295
157716,0.27802008390426636,,419100.5294117647
157717,,0.0,419102.73529411765
157726,0.27802008390426636,,419122.5882352941
157727,,0.0,419124.79411764705
157738,0.2780300974845886,,419144.0256410256
157739,,1.0,419146.1538461539
157747,0.2780401110649109,,419163.1794871795
157748,,1.0,419165.3076923077
157758,0.27805012464523315,,419186.58974358975
157759,,1.0,419188.71794871794
157767,0.2780601382255554,,419205.74358974356
157768,,1.0,419207.8717948718
157782,0.2780601382255554,,419232.0
157783,,0.0,419234.0
157792,0.2780601382255554,,419252.0
157793,,0.0,419254.0
157800,0.2780601382255554,,419268.0
157801,,0.0,419270.0
157808,0.2780601382255554,,419284.0
157809,,0.0,419286.0
157826,0.2780701518058777,,419309.84
157827,,1.0,419311.4
157837,0.27808016538619995,,419327.0
157838,,1.0,419328.56
157849,0.2780901789665222,,419345.72
157850,,1.0,419347.28
157860,0.2781001925468445,,419362.88
157861,,1.0,419364.44
157876,0.2781201899051666,,419402.6
157877,,2.0,419405.65
157884,0.27814018726348877,,419427.0
157885,,2.0,419430.05
157895,0.2781601846218109,,419460.55
157896,,2.0,419463.6
157902,0.27818018198013306,,419481.9
157903,,2.0,419484.95
157922,0.2781901955604553,,419520.84210526315
157923,,1.0,419522.8947368421
157930,0.2782002091407776,,419537.2631578947
157931,,1.0,419539.3157894737
157936,0.27821022272109985,,419549.5789473684
157937,,1.0,419551.63157894736
157942,0.2782202363014221,,419561.8947368421
157943,,1.0,419563.94736842107
157957,0.27824023365974426,,419585.60869565216
157958,,2.0,419587.39130434784
157971,0.2782602310180664,,419610.5652173913
157972,,2.0,419612.347826087
157980,0.27828022837638855,,419626.60869565216
157981,,2.0,419628.39130434784
157990,0.2783002257347107,,419644.4347826087
157991,,2.0,419646.2173913043
158006,0.27831023931503296,,419674.2105263158
158007,,1.0,419676.3947368421
158013,0.2783202528953552,,419689.5
158014,,1.0,419691.6842105263
158021,0.2783302664756775,,419706.9736842105
158022,,1.0,419709.15789473685
158030,0.27834028005599976,,419726.63157894736
158031,,1.0,419728.8157894737
158041,0.278350293636322,,419746.6
158042,,1.0,419748.82857142854
158049,0.2783603072166443,,419764.4285714286
158050,,1.0,419766.65714285715
158057,0.27837032079696655,,419782.2571428571
158058,,1.0,419784.4857142857
158067,0.2783803343772888,,419804.54285714286
158068,,1.0,419806.77142857143
158081,0.2783903479576111,,419828.3181818182
158082,,1.0,419830.25
158092,0.27840036153793335,,419849.5681818182
158093,,1.0,419851.5
158104,0.2784103751182556,,419872.75
158105,,1.0,419874.6818181818
158113,0.2784203886985779,,419890.13636363635
158114,,1.0,419892.0681818182
158128,0.2784403860569,,419924.42553191487
158129,,2.0,419927.1914893617
158140,0.27846038341522217,,419957.6170212766
158141,,2.0,419960.3829787234
158151,0.2784803807735443,,419988.0425531915
158152,,2.0,419990.8085106383
158162,0.27850037813186646,,420018.4680851064
158163,,2.0,420021.2340425532
158178,0.2785203754901886,,420058.32558139536
158179,,2.0,420061.18604651163
158185,0.27854037284851074,,420078.3488372093
158186,,2.0,420081.20930232556
158193,0.2785603702068329,,420101.23255813954
158194,,2.0,420104.0930232558
158207,0.27858036756515503,,420141.27906976745
158208,,2.0,420144.1395348837
158221,0.2786003649234772,,420177.0
158222,,2.0,420180.0
158234,0.2786203622817993,,420216.0
158235,,2.0,420219.0
158241,0.27864035964012146,,420237.0
158242,,2.0,420240.0
158246,0.2786603569984436,,420252.0
158247,,2.0,420255.0
158266,0.2786603569984436,,420283.0
158267,,0.0,420284.5625
158275,0.2786603569984436,,420297.0625
158276,,0.0,420298.625
158286,0.2786603569984436,,420314.25
158287,,0.0,420315.8125
158296,0.2786603569984436,,420329.875
158297,,0.0,420331.4375
158311,0.2786603569984436,,420351.93023255817
158312,,0.0,420353.6511627907
158320,0.2786603569984436,,420367.4186046512
158321,,0.0,420369.1395348837
158331,0.2786603569984436,,420386.3488372093
158332,,0.0,420388.06976744183
158341,0.2786603569984436,,420403.5581395349
158342,,0.0,420405.27906976745
158356,0.2786603569984436,,420424.1875
158357,,0.0,420425.75
158368,0.2786603569984436,,420442.9375
158369,,0.0,420444.5
158382,0.2786603569984436,,420464.8125
158383,,0.0,420466.375
158391,0.2786603569984436,,420478.875
158392,,0.0,420480.4375
158413,0.2786603569984436,,420506.54545454547
158414,,0.0,420507.9090909091
158423,0.2786603569984436,,420520.1818181818
158424,,0.0,420521.54545454547
158438,0.2786603569984436,,420540.63636363635
158439,,0.0,420542.0
158448,0.2786603569984436,,420554.2727272727
158449,,0.0,420555.63636363635
158460,0.27867037057876587,,420571.85714285716
158461,,1.0,420573.71428571426
158475,0.27868038415908813,,420599.71428571426
158476,,1.0,420601.5714285714
158483,0.2786903977394104,,420614.5714285714
158484,,1.0,420616.4285714286
158492,0.27870041131973267,,420631.28571428574
158493,,1.0,420633.14285714284
158511,0.27870041131973267,,420657.8125
158512,,0.0,420659.3333333333
158520,0.27870041131973267,,420671.5
158521,,0.0,420673.0208333333
158531,0.27870041131973267,,420688.2291666667
158532,,0.0,420689.75
158542,0.27870041131973267,,420704.9583333333
158543,,0.0,420706.4791666667
158560,0.2787204086780548,,420734.7826086957
158561,,2.0,420736.6956521739
158568,0.27874040603637695,,420750.0869565217
158569,,2.0,420752.0
158577,0.2787604033946991,,420767.3043478261
158578,,2.0,420769.2173913043
158590,0.27878040075302124,,420792.17391304346
158591,,2.0,420794.0869565217
158603,0.2788003981113434,,420830.75
158604,,2.0,420834.6111111111
158611,0.2788203954696655,,420861.6388888889
158612,,2.0,420865.5
158621,0.27884039282798767,,420900.25
158622,,2.0,420904.1111111111
158628,0.2788603901863098,,420927.27777777775
158629,,2.0,420931.1388888889
158644,0.2788704037666321,,420954.5
158645,,1.0,420956.125
158655,0.27888041734695435,,420972.375
158656,,1.0,420974.0
158671,0.2788904309272766,,420998.375
158672,,1.0,421000.0
158678,0.2789004445075989,,421009.75
158679,,1.0,421011.375
158693,0.2789004445075989,,421031.93023255817
158694,,0.0,421033.6511627907
158702,0.2789004445075989,,421047.4186046512
158703,,0.0,421049.1395348837
158713,0.2789004445075989,,421066.3488372093
158714,,0.0,421068.06976744183
158723,0.2789004445075989,,421083.5581395349
158724,,0.0,421085.27906976745
158736,0.27891045808792114,,421102.6
158737,,1.0,421104.3333333333
158746,0.2789204716682434,,421119.93333333335
158747,,1.0,421121.6666666667
158756,0.2789304852485657,,421137.26666666666
158757,,1.0,421139.0
158770,0.27894049882888794,,421161.5333333333
158771,,1.0,421163.26666666666
158784,0.2789505124092102,,421187.9411764706
158785,,1.0,421190.23529411765
158791,0.27896052598953247,,421204.0
158792,,1.0,421206.29411764705
158797,0.27897053956985474,,421217.76470588235
158798,,1.0,421220.0588235294
158806,0.278980553150177,,421238.4117647059
158807,,1.0,421240.70588235295
158825,0.278980553150177,,421276.4285714286
158826,,0.0,421278.65714285715
158832,0.278980553150177,,421292.02857142856
158833,,0.0,421294.2571428571
158838,0.278980553150177,,421305.4
158839,,0.0,421307.6285714286
158843,0.278980553150177,,421316.54285714286
158844,,0.0,421318.77142857143
158865,0.27899056673049927,,421352.5918367347
158866,,1.0,421354.3469387755
158873,0.27900058031082153,,421366.63265306124
158874,,1.0,421368.387755102
158883,0.2790105938911438,,421384.1836734694
158884,,1.0,421385.9387755102
158894,0.27902060747146606,,421403.48979591834
158895,,1.0,421405.2448979592
158910,0.27903062105178833,,421426.68
158911,,1.0,421428.32
158924,0.2790406346321106,,421449.64
158925,,1.0,421451.28
158935,0.27905064821243286,,421467.68
158936,,1.0,421469.32
158946,0.2790606617927551,,421485.72
158947,,1.0,421487.36
158962,0.2790606617927551,,421508.10204081633
158963,,0.0,421509.693877551
158970,0.2790606617927551,,421520.8367346939
158971,,0.0,421522.4285714286
158984,0.2790606617927551,,421543.1224489796
158985,,0.0,421544.71428571426
158997,0.2790606617927551,,421563.8163265306
158998,,0.0,421565.4081632653
159014,0.2790606617927551,,421587.0416666667
159015,,0.0,421588.5833333333
159024,0.2790606617927551,,421602.4583333333
159025,,0.0,421604.0
159036,0.2790606617927551,,421620.9583333333
159037,,0.0,421622.5
159047,0.2790606617927551,,421637.9166666667
159048,,0.0,421639.4583333333
159065,0.2790606617927551,,421664.76744186046
159066,,0.0,421666.4651162791
159073,0.2790606617927551,,421678.3488372093
159074,,0.0,421680.0465116279
159084,0.2790606617927551,,421697.0232558139
159085,,0.0,421698.72093023255
159092,0.2790606617927551,,421710.6046511628
159093,,0.0,421712.3023255814
159109,0.2790606617927551,,421734.4680851064
159110,,0.0,421736.0425531915
159120,0.2790606617927551,,421751.78723404254
159121,,0.0,421753.3617021277
159133,0.2790606617927551,,421772.25531914894
159134,,0.0,421773.829787234
159141,0.2790606617927551,,421784.8510638298
159142,,0.0,421786.42553191487
159158,0.2790706753730774,,421809.125
159159,,1.0,421810.75
159170,0.27908068895339966,,421828.625
159171,,1.0,421830.25
159181,0.2790907025337219,,421846.5
159182,,1.0,421848.125
159191,0.2791007161140442,,421862.75
159192,,1.0,421864.375
159204,0.27911072969436646,,421886.5
159205,,1.0,421888.77777777775
159213,0.2791207432746887,,421907.0
159214,,1.0,421909.27777777775
159220,0.279130756855011,,421922.94444444444
159221,,1.0,421925.22222222225
159229,0.27914077043533325,,421943.44444444444
159230,,1.0,421945.72222222225
159240,0.2791507840156555,,421961.65
159241,,1.0,421963.6
159252,0.2791607975959778,,421985.05
159253,,1.0,421987.0
159260,0.27917081117630005,,422000.65
159261,,1.0,422002.6
159271,0.2791808247566223,,422022.1
159272,,1.0,422024.05
159284,0.2791808247566223,,422041.85714285716
159285,,0.0,422043.61904761905
159296,0.2791808247566223,,422063.0
159297,,0.0,422064.7619047619
159305,0.2791808247566223,,422078.85714285716
159306,,0.0,422080.61904761905
159315,0.2791808247566223,,422096.4761904762
159316,,0.0,422098.2380952381
159331,0.2791808247566223,,422119.9090909091
159332,,0.0,422121.5681818182
159341,0.2791808247566223,,422136.5
159342,,0.0,422138.1590909091
159352,0.2791808247566223,,422154.75
159353,,0.0,422156.4090909091
159361,0.2791808247566223,,422169.6818181818
159362,,0.0,422171.3409090909
159376,0.2791808247566223,,422194.4210526316
159377,,0.0,422196.36842105264
159385,0.2791808247566223,,422211.94736842107
159386,,0.0,422213.8947368421
159395,0.2791808247566223,,422231.4210526316
159396,,0.0,422233.36842105264
159401,0.2791808247566223,,422243.1052631579
159402,,0.0,422245.05263157893
159417,0.27920082211494446,,422287.85714285716
159418,,2.0,422291.2619047619
159429,0.2792208194732666,,422328.71428571426
159430,,2.0,422332.11904761905
159436,0.27924081683158875,,422352.54761904763
159437,,2.0,422355.95238095237
159445,0.2792608141899109,,422383.1904761905
159446,,2.0,422386.59523809527
159460,0.27927082777023315,,422409.25
159461,,1.0,422411.0
159471,0.2792808413505554,,422428.5
159472,,1.0,422430.25
159482,0.2792908549308777,,422447.75
159483,,1.0,422449.5
159491,0.27930086851119995,,422463.5
159492,,1.0,422465.25
159507,0.27933087944984436,,422491.83720930235
159508,,3.0,422493.9069767442
159517,0.27936089038848877,,422512.5348837209
159518,,3.0,422514.6046511628
159528,0.2793909013271332,,422535.3023255814
159529,,3.0,422537.37209302327
159536,0.2794209122657776,,422551.8604651163
159537,,3.0,422553.93023255817
159548,0.27943092584609985,,422574.7428571429
159549,,1.0,422577.0857142857
159556,0.2794409394264221,,422593.4857142857
159557,,1.0,422595.82857142854
159566,0.2794509530067444,,422616.9142857143
159567,,1.0,422619.2571428571
159573,0.27946096658706665,,422633.3142857143
159574,,1.0,422635.65714285715
159591,0.2794709801673889,,422665.3333333333
159592,,1.0,422667.28571428574
159600,0.2794809937477112,,422682.90476190473
159601,,1.0,422684.85714285716
159610,0.27949100732803345,,422702.4285714286
159611,,1.0,422704.38095238095
159617,0.2795010209083557,,422716.09523809527
159618,,1.0,422718.04761904763
159631,0.279511034488678,,422742.38095238095
159632,,1.0,422744.61904761905
159641,0.27952104806900024,,422764.7619047619
159642,,1.0,422767.0
159653,0.2795310616493225,,422791.61904761905
159654,,1.0,422793.85714285716
159661,0.2795410752296448,,422809.5238095238
159662,,1.0,422811.7619047619
159676,0.27955108880996704,,422835.02222222224
159677,,1.0,422836.93333333335
159692,0.2795611023902893,,422865.6
159693,,1.0,422867.5111111111
159702,0.2795711159706116,,422884.7111111111
159703,,1.0,422886.6222222222
159708,0.27958112955093384,,422896.1777777778
159709,,1.0,422898.0888888889
159725,0.2795911431312561,,422927.511627907
159726,,1.0,422929.62790697673
159736,0.27960115671157837,,422950.79069767444
159737,,1.0,422952.9069767442
159743,0.27961117029190063,,422965.6046511628
159744,,1.0,422967.72093023255
159753,0.2796211838722229,,422986.76744186046
159754,,1.0,422988.88372093026
159767,0.27964118123054504,,423017.5853658537
159768,,2.0,423020.243902439
159777,0.2796611785888672,,423044.1707317073
159778,,2.0,423046.8292682927
159788,0.27968117594718933,,423073.4146341463
159789,,2.0,423076.0731707317
159796,0.2797011733055115,,423094.68292682926
159797,,2.0,423097.34146341466
159807,0.2797211706638336,,423124.85
159808,,2.0,423128.4
159816,0.27974116802215576,,423156.8
159817,,2.0,423160.35
159825,0.2797611653804779,,423188.75
159826,,2.0,423192.3
159838,0.27978116273880005,,423234.9
159839,,2.0,423238.45
159856,0.27978116273880005,,423266.6666666667
159857,,0.0,423268.4285714286
159864,0.27978116273880005,,423280.7619047619
159865,,0.0,423282.5238095238
159872,0.27978116273880005,,423294.85714285716
159873,,0.0,423296.61904761905
159882,0.27978116273880005,,423312.4761904762
159883,,0.0,423314.2380952381
159899,0.2797911763191223,,423340.1041666667
159900,,1.0,423341.9583333333
159908,0.2798011898994446,,423356.7916666667
159909,,1.0,423358.6458333333
159923,0.27981120347976685,,423384.6041666667
159924,,1.0,423386.4583333333
159932,0.2798212170600891,,423401.2916666667
159933,,1.0,423403.1458333333
159947,0.27984121441841125,,423430.3
159948,,2.0,423432.6
159957,0.2798612117767334,,423453.3
159958,,2.0,423455.6
159971,0.27988120913505554,,423485.5
159972,,2.0,423487.8
159984,0.2799012064933777,,423515.4
159985,,2.0,423517.7
160006,0.2799012064933777,,423545.1320754717
160007,,0.0,423546.5283018868
160018,0.2799012064933777,,423561.88679245283
160019,,0.0,423563.28301886795
160027,0.2799012064933777,,423574.4528301887
160028,,0.0,423575.8490566038
160039,0.2799012064933777,,423591.2075471698
160040,,0.0,423592.6037735849
160054,0.27991122007369995,,423622.24324324325
160055,,1.0,423624.8108108108
160061,0.2799212336540222,,423640.2162162162
160062,,1.0,423642.7837837838
160067,0.2799312472343445,,423655.6216216216
160068,,1.0,423658.1891891892
160078,0.27994126081466675,,423683.86486486485
160079,,1.0,423686.4324324324
160096,0.2799612581729889,,423749.6666666667
160097,,2.0,423754.0
160103,0.27998125553131104,,423780.0
160104,,2.0,423784.3333333333
160112,0.2800012528896332,,423819.0
160113,,2.0,423823.3333333333
160119,0.2800212502479553,,423849.3333333333
160120,,2.0,423853.6666666667
160138,0.28005126118659973,,423918.0
160139,,3.0,423922.0
160151,0.28008127212524414,,423970.0
160152,,3.0,423974.0
160159,0.28011128306388855,,424002.0
160160,,3.0,424006.0
160171,0.28014129400253296,,424050.0
160172,,3.0,424054.0
160187,0.2801513075828552,,424082.0
160188,,1.0,424084.0
160197,0.2801613211631775,,424102.0
160198,,1.0,424104.0
160211,0.28017133474349976,,424130.0
160212,,1.0,424132.0
160224,0.280181348323822,,424156.0
160225,,1.0,424158.0
160242,0.28020134568214417,,424195.51219512196
160243,,2.0,424198.0487804878
160253,0.2802213430404663,,424223.4146341463
160254,,2.0,424225.9512195122
160261,0.28024134039878845,,424243.7073170732
160262,,2.0,424246.243902439
160267,0.2802613377571106,,424258.9268292683
160268,,2.0,424261.46341463417
160288,0.28027135133743286,,424292.82608695654
160289,,1.0,424294.52173913043
160298,0.2802813649177551,,424309.7826086957
160299,,1.0,424311.47826086957
160307,0.2802913784980774,,424325.04347826086
160308,,1.0,424326.73913043475
160315,0.28030139207839966,,424338.60869565216
160316,,1.0,424340.3043478261
160330,0.2803114056587219,,424365.1282051282
160331,,1.0,424367.23076923075
160340,0.2803214192390442,,424386.1538461539
160341,,1.0,424388.25641025644
160347,0.28033143281936646,,424400.8717948718
160348,,1.0,424402.9743589744
160356,0.2803414463996887,,424419.7948717949
160357,,1.0,424421.89743589744
160372,0.280351459980011,,424444.1818181818
160373,,1.0,424445.86363636365
160385,0.28036147356033325,,424466.04545454547
160386,,1.0,424467.7272727273
160391,0.2803714871406555,,424476.13636363635
160392,,1.0,424477.8181818182
160402,0.2803815007209778,,424494.63636363635
160403,,1.0,424496.3181818182
160420,0.2803815007209778,,424521.9555555555
160421,,0.0,424523.6666666667
160432,0.2803815007209778,,424542.4888888889
160433,,0.0,424544.2
160440,0.2803815007209778,,424556.1777777778
160441,,0.0,424557.8888888889
160449,0.2803815007209778,,424571.5777777778
160450,,0.0,424573.2888888889
160463,0.28039151430130005,,424591.7346938776
160464,,1.0,424593.4081632653
160473,0.2804015278816223,,424608.4693877551
160474,,1.0,424610.14285714284
160486,0.2804115414619446,,424630.2244897959
160487,,1.0,424631.89795918367
160500,0.28042155504226685,,424653.6530612245
160501,,1.0,424655.32653061225
160520,0.28045156598091125,,424721.0
160521,,3.0,424725.0
160532,0.28048157691955566,,424769.0
160533,,3.0,424773.0
160542,0.2805115878582001,,424809.0
160543,,3.0,424813.0
160552,0.2805415987968445,,424849.0
160553,,3.0,424853.0
160569,0.2805615961551666,,424893.5813953488
160570,,2.0,424896.3953488372
160577,0.28058159351348877,,424916.0930232558
160578,,2.0,424918.9069767442
160585,0.2806015908718109,,424938.6046511628
160586,,2.0,424941.4186046512
160597,0.28062158823013306,,424972.37209302327
160598,,2.0,424975.18604651163
160610,0.28065159916877747,,425013.25
160611,,3.0,425017.1666666667
160619,0.2806816101074219,,425048.5
160620,,3.0,425052.4166666667
160626,0.2807116210460663,,425075.9166666667
160627,,3.0,425079.8333333333
160635,0.2807416319847107,,425111.1666666667
160636,,3.0,425115.0833333333
160649,0.2807416319847107,,425134.74468085106
160650,,0.0,425136.3191489362
160658,0.2807416319847107,,425148.91489361704
160659,,0.0,425150.4893617021
160671,0.2807416319847107,,425169.3829787234
160672,,0.0,425170.9574468085
160684,0.2807416319847107,,425189.8510638298
160685,,0.0,425191.42553191487
160695,0.28075164556503296,,425204.7659574468
160696,,1.0,425206.44680851063
160703,0.2807616591453552,,425218.21276595746
160704,,1.0,425219.89361702127
160717,0.2807716727256775,,425241.74468085106
160718,,1.0,425243.42553191487
160733,0.28078168630599976,,425268.6382978723
160734,,1.0,425270.3191489362
160744,0.280791699886322,,425285.63157894736
160745,,1.0,425287.5789473684
160756,0.2808017134666443,,425309.0
160757,,1.0,425310.94736842107
160764,0.28081172704696655,,425324.5789473684
160765,,1.0,425326.5263157895
160773,0.2808217406272888,,425342.1052631579
160774,,1.0,425344.05263157893
160788,0.2808517515659332,,425399.65853658534
160789,,3.0,425404.53658536583
160798,0.28088176250457764,,425448.43902439025
160799,,3.0,425453.31707317074
160806,0.28091177344322205,,425487.46341463417
160807,,3.0,425492.34146341466
160816,0.28094178438186646,,425536.243902439
160817,,3.0,425541.1219512195
160828,0.28097179532051086,,425564.6666666667
160829,,3.0,425567.0
160838,0.2810018062591553,,425588.0
160839,,3.0,425590.3333333333
160848,0.2810318171977997,,425611.3333333333
160849,,3.0,425613.6666666667
160854,0.2810618281364441,,425625.3333333333
160855,,3.0,425627.6666666667
160866,0.28108182549476624,,425654.7619047619
160867,,2.0,425657.85714285716
160878,0.2811018228530884,,425691.90476190473
160879,,2.0,425695.0
160888,0.2811218202114105,,425722.85714285716
160889,,2.0,425725.95238095237
160898,0.28114181756973267,,425753.8095238095
160899,,2.0,425756.90476190473
160912,0.28115183115005493,,425777.7272727273
160913,,1.0,425779.5
160920,0.2811618447303772,,425791.9090909091
160921,,1.0,425793.6818181818
160934,0.28117185831069946,,425816.7272727273
160935,,1.0,425818.5
160944,0.28118187189102173,,425834.45454545453
160945,,1.0,425836.2272727273
160957,0.28118187189102173,,425855.76923076925
160958,,0.0,425857.74358974356
160966,0.28118187189102173,,425873.53846153844
160967,,0.0,425875.5128205128
160976,0.28118187189102173,,425893.28205128206
160977,,0.0,425895.25641025644
160985,0.28118187189102173,,425911.0512820513
160986,,0.0,425913.0256410256
161000,0.28120186924934387,,425951.9111111111
161001,,2.0,425955.26666666666
161012,0.281221866607666,,425992.1777777778
161013,,2.0,425995.5333333333
161025,0.28124186396598816,,426035.8
161026,,2.0,426039.15555555554
161032,0.2812618613243103,,426059.2888888889
161033,,2.0,426062.64444444445
161047,0.28127187490463257,,426089.6923076923
161048,,1.0,426091.8461538461
161053,0.28128188848495483,,426102.6153846154
161054,,1.0,426104.76923076925
161062,0.2812919020652771,,426122.0
161063,,1.0,426124.1538461539
161073,0.28130191564559937,,426145.6923076923
161074,,1.0,426147.8461538461
161089,0.28131192922592163,,426178.0975609756
161090,,1.0,426180.43902439025
161097,0.2813219428062439,,426196.8292682927
161098,,1.0,426199.1707317073
161105,0.28133195638656616,,426215.56097560975
161106,,1.0,426217.9024390244
161116,0.2813419699668884,,426241.31707317074
161117,,1.0,426243.65853658534
161130,0.28137198090553284,,426270.5238095238
161131,,3.0,426272.9761904762
161141,0.28140199184417725,,426297.5
161142,,3.0,426299.95238095237
161149,0.28143200278282166,,426317.11904761905
161150,,3.0,426319.5714285714
161160,0.28146201372146606,,426344.09523809527
161161,,3.0,426346.54761904763
161174,0.2814920246601105,,426374.14285714284
161175,,3.0,426376.65714285715
161181,0.2815220355987549,,426391.7428571429
161182,,3.0,426394.2571428571
161188,0.2815520465373993,,426409.34285714285
161189,,3.0,426411.85714285716
161197,0.2815820574760437,,426431.97142857144
161198,,3.0,426434.4857142857
161213,0.28160205483436584,,426458.0
161214,,2.0,426459.75
161224,0.281622052192688,,426477.25
161225,,2.0,426479.0
161240,0.28164204955101013,,426505.25
161241,,2.0,426507.0
161251,0.2816620469093323,,426524.5
161252,,2.0,426526.25
161265,0.28167206048965454,,426548.25641025644
161266,,1.0,426550.28205128206
161276,0.2816820740699768,,426570.53846153844
161277,,1.0,426572.5641025641
161285,0.2816920876502991,,426588.76923076925
161286,,1.0,426590.7948717949
161292,0.28170210123062134,,426602.9487179487
161293,,1.0,426604.9743589744
161305,0.28173211216926575,,426636.925
161306,,3.0,426640.25
161315,0.28176212310791016,,426670.175
161316,,3.0,426673.5
161326,0.28179213404655457,,426706.75
161327,,3.0,426710.075
161334,0.281822144985199,,426733.35
161335,,3.0,426736.675
161347,0.2818421423435211,,426780.70454545453
161348,,2.0,426785.2272727273
161357,0.28186213970184326,,426825.9318181818
161358,,2.0,426830.45454545453
161370,0.2818821370601654,,426884.7272727273
161371,,2.0,426889.25
161380,0.28190213441848755,,426929.95454545453
161381,,2.0,426934.4772727273
161398,0.28190213441848755,,426959.44
161399,,0.0,426960.9
161410,0.28190213441848755,,426976.96
161411,,0.0,426978.42
161420,0.28190213441848755,,426991.56
161421,,0.0,426993.02
161432,0.28190213441848755,,427009.08
161433,,0.0,427010.54
161450,0.28190213441848755,,427039.65
161451,,0.0,427041.625
161457,0.28190213441848755,,427053.475
161458,,0.0,427055.45
161466,0.28190213441848755,,427071.25
161467,,0.0,427073.225
161474,0.28190213441848755,,427087.05
161475,,0.0,427089.025
161490,0.28190213441848755,,427110.73333333334
161491,,0.0,427112.3777777778
161501,0.28190213441848755,,427128.8222222222
161502,,0.0,427130.4666666667
161512,0.28190213441848755,,427146.9111111111
161513,,0.0,427148.55555555556
161521,0.28190213441848755,,427161.7111111111
161522,,0.0,427163.35555555555
161534,0.28190213441848755,,427179.8
161535,,0.0,427181.44444444444
161541,0.28190213441848755,,427191.31111111114
161542,,0.0,427192.9555555555
161553,0.28190213441848755,,427211.0444444445
161554,,0.0,427212.68888888886
161568,0.28190213441848755,,427235.7111111111
161569,,0.0,427237.35555555555
161586,0.28190213441848755,,427264.26829268294
161587,,0.0,427266.0731707317
161593,0.28190213441848755,,427276.9024390244
161594,,0.0,427278.7073170732
161601,0.28190213441848755,,427291.34146341466
161602,,0.0,427293.14634146343
161611,0.28190213441848755,,427309.39024390245
161612,,0.0,427311.1951219512
161631,0.2819221317768097,,427343.3333333333
161632,,2.0,427345.2291666667
161639,0.28194212913513184,,427358.5
161640,,2.0,427360.3958333333
161655,0.281962126493454,,427388.8333333333
161656,,2.0,427390.7291666667
161661,0.2819821238517761,,427400.2083333333
161662,,2.0,427402.1041666667
161678,0.2819821238517761,,427427.1111111111
161679,,0.0,427428.8888888889
161685,0.2819821238517761,,427439.55555555556
161686,,0.0,427441.3333333333
161697,0.2819821238517761,,427460.8888888889
161698,,0.0,427462.6666666667
161708,0.2819821238517761,,427480.44444444444
161709,,0.0,427482.22222222225
161728,0.2819821238517761,,427506.76923076925
161729,,0.0,427508.1923076923
161741,0.2819821238517761,,427525.26923076925
161742,,0.0,427526.6923076923
161755,0.2819821238517761,,427545.1923076923
161756,,0.0,427546.6153846154
161762,0.2819821238517761,,427555.1538461539
161763,,0.0,427556.57692307694
161777,0.2819821238517761,,427577.06666666665
161778,,0.0,427578.8
161788,0.2819821238517761,,427596.13333333336
161789,,0.0,427597.86666666664
161800,0.2819821238517761,,427616.93333333335
161801,,0.0,427618.6666666667
161809,0.2819821238517761,,427632.5333333333
161810,,0.0,427634.26666666666
161827,0.2819821238517761,,427657.74468085106
161828,,0.0,427659.2978723404
161840,0.2819821238517761,,427677.93617021275
161841,,0.0,427679.4893617021
161848,0.2819821238517761,,427690.3617021277
161849,,0.0,427691.91489361704
161858,0.2819821238517761,,427705.89361702127
161859,,0.0,427707.44680851063
161874,0.28200212121009827,,427735.8695652174
161875,,2.0,427738.10869565216
161884,0.2820221185684204,,427758.26086956525
161885,,2.0,427760.5
161895,0.28204211592674255,,427782.89130434784
161896,,2.0,427785.1304347826
161906,0.2820621132850647,,427807.52173913043
161907,,2.0,427809.76086956525
161917,0.28208211064338684,,427841.0243902439
161918,,2.0,427845.1707317073
161928,0.282102108001709,,427886.6341463415
161929,,2.0,427890.7804878049
161938,0.28212210536003113,,427928.0975609756
161939,,2.0,427932.243902439
161949,0.28214210271835327,,427973.7073170732
161950,,2.0,427977.85365853657
161963,0.28215211629867554,,428006.10256410256
161964,,1.0,428008.5128205128
161972,0.2821621298789978,,428027.7948717949
161973,,1.0,428030.2051282051
161981,0.28217214345932007,,428049.4871794872
161982,,1.0,428051.89743589744
161990,0.28218215703964233,,428071.1794871795
161991,,1.0,428073.58974358975
162007,0.28218215703964233,,428097.86363636365
162008,,0.0,428099.54545454547
162015,0.28218215703964233,,428111.3181818182
162016,,0.0,428113.0
162027,0.28218215703964233,,428131.5
162028,,0.0,428133.1818181818
162036,0.28218215703964233,,428146.63636363635
162037,,0.0,428148.3181818182
162052,0.2821921706199646,,428171.2727272727
162053,,1.0,428173.04545454547
162057,0.28220218420028687,,428180.13636363635
162058,,1.0,428181.9090909091
162069,0.28221219778060913,,428201.4090909091
162070,,1.0,428203.1818181818
162082,0.2822222113609314,,428224.45454545453
162083,,1.0,428226.2272727273
162103,0.2822222113609314,,428257.25581395347
162104,,0.0,428258.9767441861
162111,0.2822222113609314,,428271.0232558139
162112,,0.0,428272.74418604653
162119,0.2822222113609314,,428284.79069767444
162120,,0.0,428286.511627907
162127,0.2822222113609314,,428298.5581395349
162128,,0.0,428300.27906976745
162143,0.2822522222995758,,428317.8048780488
162144,,3.0,428319.1219512195
162153,0.2822822332382202,,428330.9756097561
162154,,3.0,428332.2926829268
162164,0.2823122441768646,,428345.46341463417
162165,,3.0,428346.7804878049
162170,0.28234225511550903,,428353.3658536585
162171,,3.0,428354.68292682926
162188,0.2823622524738312,,428382.85714285716
162189,,2.0,428384.7755102041
162200,0.2823822498321533,,428405.8775510204
162201,,2.0,428407.79591836734
162209,0.28240224719047546,,428423.14285714284
162210,,2.0,428425.0612244898
162221,0.2824222445487976,,428446.1632653061
162222,,2.0,428448.0816326531
162238,0.2824322581291199,,428474.6666666667
162239,,1.0,428476.5641025641
162245,0.28244227170944214,,428487.9487179487
162246,,1.0,428489.8461538461
162253,0.2824522852897644,,428503.1282051282
162254,,1.0,428505.0256410256
162262,0.28246229887008667,,428520.2051282051
162263,,1.0,428522.10256410256
162278,0.28246229887008667,,428542.89361702127
162279,,0.0,428544.4680851064
162291,0.28246229887008667,,428563.3617021277
162292,,0.0,428564.93617021275
162301,0.28246229887008667,,428579.10638297873
162302,,0.0,428580.6808510638
162311,0.28246229887008667,,428594.8510638298
162312,,0.0,428596.42553191487
162328,0.2824822962284088,,428621.5925925926
162329,,2.0,428623.4074074074
162342,0.28250229358673096,,428647.0
162343,,2.0,428648.81481481483
162352,0.2825222909450531,,428665.14814814815
162353,,2.0,428666.962962963
162367,0.28254228830337524,,428692.3703703704
162368,,2.0,428694.18518518517
162383,0.2825622856616974,,428718.72340425535
162384,,2.0,428720.6170212766
162396,0.28258228302001953,,428743.3404255319
162397,,2.0,428745.2340425532
162406,0.2826022803783417,,428762.27659574465
162407,,2.0,428764.170212766
162416,0.2826222777366638,,428781.21276595746
162417,,2.0,428783.10638297873
162429,0.2826322913169861,,428800.5106382979
162430,,1.0,428802.2340425532
162442,0.28264230489730835,,428822.91489361704
162443,,1.0,428824.6382978723
162455,0.2826523184776306,,428845.3191489362
162456,,1.0,428847.0425531915
162465,0.2826623320579529,,428862.55319148937
162466,,1.0,428864.27659574465
162479,0.28267234563827515,,428884.5714285714
162480,,1.0,428886.4285714286
162488,0.2826823592185974,,428901.28571428574
162489,,1.0,428903.14285714284
162500,0.2826923727989197,,428923.5714285714
162501,,1.0,428925.4285714286
162516,0.28270238637924194,,428953.28571428574
162517,,1.0,428955.14285714284
162530,0.28270238637924194,,428977.5263157895
162531,,0.0,428979.5789473684
162536,0.28270238637924194,,428989.84210526315
162537,,0.0,428991.8947368421
162545,0.28270238637924194,,429008.3157894737
162546,,0.0,429010.36842105264
162556,0.28270238637924194,,429030.8947368421
162557,,0.0,429032.94736842107
162571,0.28270238637924194,,429057.8918918919
162572,,0.0,429059.97297297296
162579,0.28270238637924194,,429074.54054054053
162580,,0.0,429076.6216216216
162587,0.28270238637924194,,429091.1891891892
162588,,0.0,429093.2702702703
162595,0.28270238637924194,,429107.8378378378
162596,,0.0,429109.91891891893
162607,0.2827223837375641,,429158.0606060606
162608,,2.0,429163.8181818182
162616,0.28274238109588623,,429209.8787878788
162617,,2.0,429215.63636363635
162623,0.2827623784542084,,429250.1818181818
162624,,2.0,429255.9393939394
162630,0.2827823758125305,,429290.48484848486
162631,,2.0,429296.24242424243
162642,0.2827823758125305,,429314.59574468085
162643,,0.0,429316.170212766
162652,0.2827823758125305,,429330.3404255319
162653,,0.0,429331.91489361704
162666,0.2827823758125305,,429352.3829787234
162667,,0.0,429353.9574468085
162679,0.2827823758125305,,429372.8510638298
162680,,0.0,429374.42553191487
162693,0.2827923893928528,,429393.87234042556
162694,,1.0,429395.6595744681
162705,0.28280240297317505,,429415.3191489362
162706,,1.0,429417.10638297873
162714,0.2828124165534973,,429431.40425531915
162715,,1.0,429433.1914893617
162728,0.2828224301338196,,429456.42553191487
162729,,1.0,429458.21276595746
162742,0.2828224301338196,,429474.23076923075
162743,,0.0,429475.6538461539
162753,0.2828224301338196,,429489.8846153846
162754,,0.0,429491.3076923077
162770,0.2828224301338196,,429514.07692307694
162771,,0.0,429515.5
162782,0.2828224301338196,,429531.1538461539
162783,,0.0,429532.57692307694
162796,0.282852441072464,,429546.7659574468
162797,,3.0,429548.0425531915
162808,0.2828824520111084,,429562.08510638296
162809,,3.0,429563.3617021277
162819,0.2829124629497528,,429576.12765957444
162820,,3.0,429577.40425531915
162831,0.2829424738883972,,429591.44680851063
162832,,3.0,429592.72340425535
162849,0.2829424738883972,,429619.26829268294
162850,,0.0,429621.0731707317
162857,0.2829424738883972,,429633.7073170732
162858,,0.0,429635.51219512196
162867,0.2829424738883972,,429651.756097561
162868,,0.0,429653.56097560975
162874,0.2829424738883972,,429664.39024390245
162875,,0.0,429666.1951219512
162888,0.2829424738883972,,429686.71794871794
162889,,0.0,429688.58974358975
162898,0.2829424738883972,,429705.4358974359
162899,,0.0,429707.3076923077
162906,0.2829424738883972,,429720.41025641025
162907,,0.0,429722.28205128206
162915,0.2829424738883972,,429737.25641025644
162916,,0.0,429739.1282051282
162932,0.2829524874687195,,429776.8378378378
162933,,1.0,429779.5945945946
162942,0.28296250104904175,,429804.4054054054
162943,,1.0,429807.1621621622
162948,0.282972514629364,,429820.9459459459
162949,,1.0,429823.7027027027
162954,0.2829825282096863,,429837.4864864865
162955,,1.0,429840.24324324325
162974,0.2830025255680084,,429890.6595744681
162975,,2.0,429893.6382978723
162984,0.28302252292633057,,429920.44680851063
162985,,2.0,429923.42553191487
162996,0.2830425202846527,,429956.1914893617
162997,,2.0,429959.170212766
163003,0.28306251764297485,,429977.0425531915
163004,,2.0,429980.02127659577
163015,0.2830725312232971,,429998.2195121951
163016,,1.0,430000.1219512195
163027,0.2830825448036194,,430021.0487804878
163028,,1.0,430022.9512195122
163036,0.28309255838394165,,430038.1707317073
163037,,1.0,430040.0731707317
163046,0.2831025719642639,,430057.1951219512
163047,,1.0,430059.0975609756
163059,0.2831025719642639,,430076.6976744186
163060,,0.0,430078.4418604651
163068,0.2831025719642639,,430092.3953488372
163069,,0.0,430094.1395348837
163079,0.2831025719642639,,430111.5813953488
163080,,0.0,430113.32558139536
163091,0.2831025719642639,,430132.511627907
163092,,0.0,430134.25581395347
163105,0.2831125855445862,,430160.89795918367
163106,,1.0,430163.387755102
163118,0.28312259912490845,,430193.2653061224
163119,,1.0,430195.7551020408
163131,0.2831326127052307,,430225.63265306124
163132,,1.0,430228.1224489796
163142,0.283142626285553,,430253.02040816325
163143,,1.0,430255.51020408166
163154,0.28315263986587524,,430274.5581395349
163155,,1.0,430276.62790697673
163166,0.2831626534461975,,430299.3953488372
163167,,1.0,430301.4651162791
163177,0.2831726670265198,,430322.16279069765
163178,,1.0,430324.23255813954
163187,0.28318268060684204,,430342.8604651163
163188,,1.0,430344.93023255817
163198,0.28318268060684204,,430361.5675675676
163199,,0.0,430363.64864864864
163207,0.28318268060684204,,430380.2972972973
163208,,0.0,430382.3783783784
163215,0.28318268060684204,,430396.9459459459
163216,,0.0,430399.02702702704
163226,0.28318268060684204,,430419.8378378378
163227,,0.0,430421.91891891893
163245,0.2831926941871643,,430449.8510638298
163246,,1.0,430451.57446808513
163257,0.2832027077674866,,430470.5319148936
163258,,1.0,430472.25531914894
163266,0.28321272134780884,,430486.0425531915
163267,,1.0,430487.7659574468
163275,0.2832227349281311,,430501.55319148937
163276,,1.0,430503.27659574465
163285,0.2832227349281311,,430516.53846153844
163286,,0.0,430518.46153846156
163295,0.2832227349281311,,430535.76923076925
163296,,0.0,430537.6923076923
163306,0.2832227349281311,,430556.92307692306
163307,,0.0,430558.8461538461
163316,0.2832227349281311,,430576.1538461539
163317,,0.0,430578.07692307694
163330,0.2832227349281311,,430597.61904761905
163331,,0.0,430599.38095238095
163341,0.2832227349281311,,430617.0
163342,,0.0,430618.7619047619
163352,0.2832227349281311,,430636.38095238095
163353,,0.0,430638.14285714284
163360,0.2832227349281311,,430650.4761904762
163361,,0.0,430652.2380952381
163373,0.28323274850845337,,430669.7021276596
163374,,1.0,430671.44680851063
163382,0.28324276208877563,,430685.40425531915
163383,,1.0,430687.1489361702
163397,0.2832527756690979,,430711.57446808513
163398,,1.0,430713.3191489362
163409,0.28326278924942017,,430732.5106382979
163410,,1.0,430734.25531914894
163426,0.2832928001880646,,430769.9268292683
163427,,3.0,430772.53658536583
163435,0.283322811126709,,430793.4146341463
163436,,3.0,430796.0243902439
163444,0.2833528220653534,,430816.9024390244
163445,,3.0,430819.51219512196
163452,0.2833828330039978,,430837.7804878049
163453,,3.0,430840.39024390245
163465,0.2833828330039978,,430857.6
163466,,0.0,430859.22222222225
163475,0.2833828330039978,,430873.8222222222
163476,,0.0,430875.44444444444
163488,0.2833828330039978,,430894.9111111111
163489,,0.0,430896.5333333333
163499,0.2833828330039978,,430912.7555555556
163500,,0.0,430914.3777777778
163513,0.28339284658432007,,430940.44444444444
163514,,1.0,430942.8888888889
163523,0.28340286016464233,,430964.8888888889
163524,,1.0,430967.3333333333
163536,0.2834128737449646,,430996.6666666667
163537,,1.0,430999.1111111111
163546,0.28342288732528687,,431021.1111111111
163547,,1.0,431023.55555555556
163560,0.28342288732528687,,431042.8181818182
163561,,0.0,431044.5
163571,0.28342288732528687,,431061.3181818182
163572,,0.0,431063.0
163582,0.28342288732528687,,431079.8181818182
163583,,0.0,431081.5
163592,0.28342288732528687,,431096.63636363635
163593,,0.0,431098.3181818182
163610,0.2834528982639313,,431170.0
163611,,3.0,431175.0
163617,0.2834829092025757,,431205.0
163618,,3.0,431210.0
163627,0.2835129201412201,,431255.0
163628,,3.0,431260.0
163634,0.2835429310798645,,431290.0
163635,,3.0,431295.0
163644,0.28355294466018677,,431313.0
163645,,1.0,431315.1666666667
163653,0.28356295824050903,,431332.5
163654,,1.0,431334.6666666667
163661,0.2835729718208313,,431349.8333333333
163662,,1.0,431352.0
163672,0.28358298540115356,,431373.6666666667
163673,,1.0,431375.8333333333
163691,0.283612996339798,,431440.5
163692,,3.0,431444.6666666667
163702,0.2836430072784424,,431486.3333333333
163703,,3.0,431490.5
163712,0.2836730182170868,,431528.0
163713,,3.0,431532.1666666667
163722,0.2837030291557312,,431569.6666666667
163723,,3.0,431573.8333333333
163738,0.2837330400943756,,431607.3023255814
163739,,3.0,431609.74418604653
163752,0.28376305103302,,431641.488372093
163753,,3.0,431643.93023255817
163761,0.28379306197166443,,431663.4651162791
163762,,3.0,431665.9069767442
163767,0.28382307291030884,,431678.11627906974
163768,,3.0,431680.5581395349
163784,0.283843070268631,,431711.8888888889
163785,,2.0,431714.1111111111
163792,0.2838630676269531,,431729.6666666667
163793,,2.0,431731.8888888889
163803,0.28388306498527527,,431754.1111111111
163804,,2.0,431756.3333333333
163814,0.2839030623435974,,431778.55555555556
163815,,2.0,431780.77777777775
163832,0.28392305970191956,,431818.75
163833,,2.0,431821.3035714286
163845,0.2839430570602417,,431851.9464285714
163846,,2.0,431854.5
163857,0.28396305441856384,,431882.58928571426
163858,,2.0,431885.14285714284
163872,0.283983051776886,,431920.89285714284
163873,,2.0,431923.4464285714
163888,0.28400304913520813,,431968.9767441861
163889,,2.0,431972.5581395349
163899,0.2840230464935303,,432008.37209302327
163900,,2.0,432011.9534883721
163907,0.2840430438518524,,432037.0232558139
163908,,2.0,432040.6046511628
163917,0.28406304121017456,,432072.83720930235
163918,,2.0,432076.4186046512
163927,0.2840730547904968,,432097.7931034483
163928,,1.0,432100.7586206897
163934,0.2840830683708191,,432118.5517241379
163935,,1.0,432121.5172413793
163941,0.28409308195114136,,432139.3103448276
163942,,1.0,432142.275862069
163948,0.2841030955314636,,432160.0689655172
163949,,1.0,432163.0344827586
163962,0.2841131091117859,,432183.60869565216
163963,,1.0,432185.3695652174
163974,0.28412312269210815,,432204.73913043475
163975,,1.0,432206.5
163987,0.2841331362724304,,432227.6304347826
163988,,1.0,432229.39130434784
163996,0.2841431498527527,,432243.47826086957
163997,,1.0,432245.23913043475
164017,0.2841431498527527,,432273.97826086957
164018,,0.0,432275.5652173913
164028,0.2841431498527527,,432291.4347826087
164029,,0.0,432293.02173913043
164035,0.2841431498527527,,432302.54347826086
164036,,0.0,432304.1304347826
164044,0.2841431498527527,,432316.82608695654
164045,,0.0,432318.4130434783
164058,0.28416314721107483,,432347.38095238095
164059,,2.0,432350.11904761905
164067,0.284183144569397,,432372.0238095238
164068,,2.0,432374.7619047619
164077,0.2842031419277191,,432399.40476190473
164078,,2.0,432402.14285714284
164088,0.28422313928604126,,432429.5238095238
164089,,2.0,432432.2619047619
164101,0.2842331528663635,,432451.4
164102,,1.0,432453.22222222225
164115,0.2842431664466858,,432476.9111111111
164116,,1.0,432478.73333333334
164125,0.28425318002700806,,432495.13333333336
164126,,1.0,432496.9555555555
164135,0.2842631936073303,,432513.35555555555
164136,,1.0,432515.1777777778
164155,0.28428319096565247,,432552.40425531915
164156,,2.0,432554.6170212766
164164,0.2843031883239746,,432572.3191489362
164165,,2.0,432574.5319148936
164172,0.28432318568229675,,432590.02127659577
164173,,2.0,432592.2340425532
164184,0.2843431830406189,,432616.57446808513
164185,,2.0,432618.78723404254
164200,0.28435319662094116,,432641.93617021275
164201,,1.0,432643.6808510638
164210,0.2843632102012634,,432659.3829787234
164211,,1.0,432661.12765957444
164221,0.2843732237815857,,432678.57446808513
164222,,1.0,432680.3191489362
164233,0.28438323736190796,,432699.5106382979
164234,,1.0,432701.25531914894
164250,0.28438323736190796,,432725.04347826086
164251,,0.0,432726.73913043475
164258,0.28438323736190796,,432738.60869565216
164259,,0.0,432740.3043478261
164271,0.28438323736190796,,432760.652173913
164272,,0.0,432762.347826087
164281,0.28438323736190796,,432777.60869565216
164282,,0.0,432779.3043478261
164298,0.2844032347202301,,432832.170212766
164299,,2.0,432836.10638297873
164309,0.28442323207855225,,432875.4680851064
164310,,2.0,432879.40425531915
164319,0.2844432294368744,,432914.829787234
164320,,2.0,432918.7659574468
164330,0.28446322679519653,,432958.12765957444
164331,,2.0,432962.06382978725
164345,0.2844732403755188,,432985.9534883721
164346,,1.0,432987.76744186046
164355,0.28448325395584106,,433004.0930232558
164356,,1.0,433005.9069767442
164362,0.28449326753616333,,433016.79069767444
164363,,1.0,433018.6046511628
164375,0.2845032811164856,,433040.37209302327
164376,,1.0,433042.18604651163
164391,0.28452327847480774,,433068.54545454547
164392,,2.0,433070.5909090909
164398,0.2845432758331299,,433082.86363636365
164399,,2.0,433084.9090909091
164409,0.284563273191452,,433105.36363636365
164410,,2.0,433107.4090909091
164421,0.28458327054977417,,433129.9090909091
164422,,2.0,433131.95454545453
164442,0.2846032679080963,,433182.62
164443,,2.0,433185.48
164452,0.28462326526641846,,433211.22
164453,,2.0,433214.08
164460,0.2846432626247406,,433234.1
164461,,2.0,433236.96
164473,0.28466325998306274,,433271.28
164474,,2.0,433274.14
164491,0.284673273563385,,433307.3829787234
164492,,1.0,433309.55319148937
164505,0.2846832871437073,,433337.7659574468
164506,,1.0,433339.93617021275
164513,0.28469330072402954,,433355.12765957444
164514,,1.0,433357.2978723404
164522,0.2847033143043518,,433374.6595744681
164523,,1.0,433376.829787234
164539,0.2847133278846741,,433406.6666666667
164540,,1.0,433408.7948717949
164545,0.28472334146499634,,433419.4358974359
164546,,1.0,433421.5641025641
164553,0.2847333550453186,,433436.46153846156
164554,,1.0,433438.58974358975
164563,0.28474336862564087,,433457.74358974356
164564,,1.0,433459.8717948718
164581,0.2847733795642853,,433509.7037037037
164582,,3.0,433513.1111111111
164593,0.2848033905029297,,433550.5925925926
164594,,3.0,433554.0
164607,0.2848334014415741,,433598.2962962963
164608,,3.0,433601.7037037037
164619,0.2848634123802185,,433639.18518518517
164620,,3.0,433642.5925925926
164639,0.28488340973854065,,433681.3333333333
164640,,2.0,433683.5416666667
164651,0.2849034070968628,,433707.8333333333
164652,,2.0,433710.0416666667
164662,0.28492340445518494,,433732.125
164663,,2.0,433734.3333333333
164669,0.2849434018135071,,433747.5833333333
164670,,2.0,433749.7916666667
164681,0.2849633991718292,,433785.4736842105
164682,,2.0,433789.65789473685
164694,0.28498339653015137,,433839.86842105264
164695,,2.0,433844.05263157893
164702,0.2850033938884735,,433873.34210526315
164703,,2.0,433877.5263157895
164709,0.28502339124679565,,433902.63157894736
164710,,2.0,433906.8157894737
164730,0.28502339124679565,,433935.8703703704
164731,,0.0,433937.3333333333
164739,0.28502339124679565,,433949.037037037
164740,,0.0,433950.5
164752,0.28502339124679565,,433968.05555555556
164753,,0.0,433969.51851851854
164765,0.28502339124679565,,433987.0740740741
164766,,0.0,433988.537037037
164779,0.2850334048271179,,434007.55555555556
164780,,1.0,434009.31111111114
164789,0.2850434184074402,,434025.1111111111
164790,,1.0,434026.86666666664
164798,0.28505343198776245,,434040.9111111111
164799,,1.0,434042.6666666667
164812,0.2850634455680847,,434065.4888888889
164813,,1.0,434067.2444444444
164829,0.285073459148407,,434103.8947368421
164830,,1.0,434106.5789473684
164837,0.28508347272872925,,434125.36842105264
164838,,1.0,434128.05263157893
164844,0.2850934863090515,,434144.15789473685
164845,,1.0,434146.84210526315
164852,0.2851034998893738,,434165.63157894736
164853,,1.0,434168.3157894737
164867,0.2851234972476959,,434199.84444444446
164868,,2.0,434202.4666666667
164876,0.28514349460601807,,434223.44444444444
164877,,2.0,434226.06666666665
164885,0.2851634919643402,,434247.0444444445
164886,,2.0,434249.6666666667
164899,0.28518348932266235,,434283.7555555556
164900,,2.0,434286.3777777778
164915,0.2852034866809845,,434311.88372093026
164916,,2.0,434313.79069767444
164924,0.28522348403930664,,434329.0465116279
164925,,2.0,434330.9534883721
164933,0.2852434813976288,,434346.20930232556
164934,,2.0,434348.11627906974
164944,0.2852634787559509,,434367.18604651163
164945,,2.0,434369.0930232558
164958,0.28528347611427307,,434400.04761904763
164959,,2.0,434402.95238095237
164974,0.2853034734725952,,434446.5238095238
164975,,2.0,434449.4285714286
164981,0.28532347083091736,,434466.85714285716
164982,,2.0,434469.7619047619
164988,0.2853434681892395,,434487.1904761905
164989,,2.0,434490.09523809527
165005,0.28535348176956177,,434514.57446808513
165006,,1.0,434516.2340425532
165016,0.28536349534988403,,434532.829787234
165017,,1.0,434534.4893617021
165024,0.2853735089302063,,434546.10638297873
165025,,1.0,434547.7659574468
165037,0.28538352251052856,,434567.6808510638
165038,,1.0,434569.3404255319
165052,0.2854035198688507,,434597.56097560975
165053,,2.0,434599.9756097561
165059,0.28542351722717285,,434614.46341463417
165060,,2.0,434616.8780487805
165070,0.285443514585495,,434641.0243902439
165071,,2.0,434643.43902439025
165080,0.28546351194381714,,434665.1707317073
165081,,2.0,434667.5853658537
165100,0.28546351194381714,,434694.96
165101,,0.0,434696.52
165111,0.28546351194381714,,434712.12
165112,,0.0,434713.68
165124,0.28546351194381714,,434732.4
165125,,0.0,434733.96
165132,0.28546351194381714,,434744.88
165133,,0.0,434746.44
165146,0.2854835093021393,,434786.25
165147,,2.0,434790.075
165158,0.2855035066604614,,434832.15
165159,,2.0,434835.975
165167,0.28552350401878357,,434866.575
165168,,2.0,434870.4
165174,0.2855435013771057,,434893.35
165175,,2.0,434897.175
165193,0.2855435013771057,,434924.1
165194,,0.0,434925.64
165202,0.2855435013771057,,434937.96
165203,,0.0,434939.5
165218,0.2855435013771057,,434962.6
165219,,0.0,434964.14
165226,0.2855435013771057,,434974.92
165227,,0.0,434976.46
165242,0.285553514957428,,435000.88372093026
165243,,1.0,435002.79069767444
165253,0.28556352853775024,,435021.8604651163
165254,,1.0,435023.76744186046
165260,0.2855735421180725,,435035.20930232556
165261,,1.0,435037.11627906974
165271,0.2855835556983948,,435056.18604651163
165272,,1.0,435058.0930232558
165280,0.28559356927871704,,435071.71875
165281,,1.0,435074.0625
165290,0.2856035828590393,,435095.15625
165291,,1.0,435097.5
165296,0.2856135964393616,,435109.21875
165297,,1.0,435111.5625
165305,0.28562361001968384,,435130.3125
165306,,1.0,435132.65625
165322,0.28565362095832825,,435189.1666666667
165323,,3.0,435193.3333333333
165338,0.28568363189697266,,435255.8333333333
165339,,3.0,435260.0
165345,0.28571364283561707,,435285.0
165346,,3.0,435289.1666666667
165355,0.2857436537742615,,435326.6666666667
165356,,3.0,435330.8333333333
165369,0.2857436537742615,,435352.20930232556
165370,,0.0,435353.93023255817
165379,0.2857436537742615,,435369.4186046512
165380,,0.0,435371.1395348837
165388,0.2857436537742615,,435384.9069767442
165389,,0.0,435386.62790697673
165400,0.2857436537742615,,435405.5581395349
165401,,0.0,435407.27906976745
165414,0.2857636511325836,,435435.5853658537
165415,,2.0,435438.243902439
165424,0.28578364849090576,,435462.1707317073
165425,,2.0,435464.8292682927
165434,0.2858036458492279,,435488.756097561
165435,,2.0,435491.4146341463
165443,0.28582364320755005,,435512.68292682926
165444,,2.0,435515.34146341466
165458,0.28582364320755005,,435539.46341463417
165459,,0.0,435541.4146341463
165465,0.28582364320755005,,435553.1219512195
165466,,0.0,435555.0731707317
165477,0.28582364320755005,,435576.53658536583
165478,,0.0,435578.48780487804
165486,0.28582364320755005,,435594.0975609756
165487,,0.0,435596.0487804878
165502,0.2858336567878723,,435624.53846153844
165503,,1.0,435626.75
165515,0.2858436703681946,,435653.28846153844
165516,,1.0,435655.5
165525,0.28585368394851685,,435675.4038461539
165526,,1.0,435677.6153846154
165540,0.2858636975288391,,435708.57692307694
165541,,1.0,435710.78846153844
165564,0.2858636975288391,,435742.43396226416
165565,,0.0,435743.90566037735
165577,0.2858636975288391,,435761.56603773584
165578,,0.0,435763.03773584904
165587,0.2858636975288391,,435776.28301886795
165588,,0.0,435777.75471698114
165595,0.2858636975288391,,435788.0566037736
165596,,0.0,435789.5283018868
165612,0.2858737111091614,,435817.0
165613,,1.0,435819.0
165623,0.28588372468948364,,435839.0
165624,,1.0,435841.0
165630,0.2858937382698059,,435853.0
165631,,1.0,435855.0
165638,0.2859037518501282,,435869.0
165639,,1.0,435871.0
165656,0.2859237492084503,,435902.86666666664
165657,,2.0,435905.0
165669,0.28594374656677246,,435930.6
165670,,2.0,435932.73333333334
165676,0.2859637439250946,,435945.5333333333
165677,,2.0,435947.6666666667
165685,0.28598374128341675,,435964.73333333334
165686,,2.0,435966.86666666664
165700,0.2860037386417389,,435996.3658536585
165701,,2.0,435998.85365853657
165708,0.28602373600006104,,436016.26829268294
165709,,2.0,436018.756097561
165719,0.2860437333583832,,436043.6341463415
165720,,2.0,436046.1219512195
165728,0.2860637307167053,,436066.0243902439
165729,,2.0,436068.51219512196
165740,0.2860737442970276,,436086.4285714286
165741,,1.0,436088.35714285716
165750,0.28608375787734985,,436105.71428571426
165751,,1.0,436107.64285714284
165759,0.2860937714576721,,436123.0714285714
165760,,1.0,436125.0
165772,0.2861037850379944,,436148.14285714284
165773,,1.0,436150.0714285714
165786,0.2861037850379944,,436171.0243902439
165787,,0.0,436172.9268292683
165795,0.2861037850379944,,436188.14634146343
165796,,0.0,436190.0487804878
165804,0.2861037850379944,,436205.26829268294
165805,,0.0,436207.1707317073
165815,0.2861037850379944,,436226.1951219512
165816,,0.0,436228.0975609756
165833,0.2861037850379944,,436253.829787234
165834,,0.0,436255.5319148936
165843,0.2861037850379944,,436270.8510638298
165844,,0.0,436272.55319148937
165855,0.2861037850379944,,436291.27659574465
165856,,0.0,436292.97872340423
165864,0.2861037850379944,,436306.59574468085
165865,,0.0,436308.2978723404
165881,0.2861037850379944,,436333.04545454547
165882,,0.0,436334.8181818182
165894,0.2861037850379944,,436356.0909090909
165895,,0.0,436357.86363636365
165901,0.2861037850379944,,436368.5
165902,,0.0,436370.2727272727
165910,0.2861037850379944,,436384.45454545453
165911,,0.0,436386.2272727273
165931,0.2861037850379944,,436412.6666666667
165932,,0.0,436414.1176470588
165942,0.2861037850379944,,436428.6274509804
165943,,0.0,436430.07843137253
165952,0.2861037850379944,,436443.137254902
165953,,0.0,436444.5882352941
165963,0.2861037850379944,,436459.09803921566
165964,,0.0,436460.54901960783
165974,0.28612378239631653,,436484.4651162791
165975,,2.0,436487.67441860464
165983,0.28614377975463867,,436513.3488372093
165984,,2.0,436516.5581395349
165994,0.2861637771129608,,436548.6511627907
165995,,2.0,436551.8604651163
166008,0.28618377447128296,,436593.5813953488
166009,,2.0,436596.79069767444
166024,0.2861937880516052,,436621.306122449
166025,,1.0,436623.0816326531
166036,0.2862038016319275,,436642.612244898
166037,,1.0,436644.387755102
166048,0.28621381521224976,,436663.9183673469
166049,,1.0,436665.693877551
166059,0.286223828792572,,436683.44897959183
166060,,1.0,436685.2244897959
166080,0.28624382615089417,,436718.71153846156
166081,,2.0,436720.57692307694
166092,0.2862638235092163,,436741.0961538461
166093,,2.0,436742.96153846156
166101,0.28628382086753845,,436757.8846153846
166102,,2.0,436759.75
166113,0.2863038182258606,,436780.26923076925
166114,,2.0,436782.1346153846
166126,0.28632381558418274,,436800.4680851064
166127,,2.0,436802.2978723404
166138,0.2863438129425049,,436822.42553191487
166139,,2.0,436824.25531914894
166148,0.286363810300827,,436840.72340425535
166149,,2.0,436842.55319148937
166162,0.28638380765914917,,436866.3404255319
166163,,2.0,436868.170212766
166180,0.28639382123947144,,436897.3777777778
166181,,1.0,436899.3333333333
166190,0.2864038348197937,,436916.93333333335
166191,,1.0,436918.8888888889
166201,0.28641384840011597,,436938.44444444444
166202,,1.0,436940.4
166209,0.28642386198043823,,436954.0888888889
166210,,1.0,436956.0444444445
166221,0.2864338755607605,,436976.7428571429
166222,,1.0,436979.0857142857
166229,0.28644388914108276,,436995.4857142857
166230,,1.0,436997.82857142854
166237,0.28645390272140503,,437014.22857142857
166238,,1.0,437016.5714285714
166246,0.2864639163017273,,437035.3142857143
166247,,1.0,437037.65714285715
166262,0.28647392988204956,,437062.28571428574
166263,,1.0,437064.14285714284
166269,0.2864839434623718,,437075.28571428574
166270,,1.0,437077.14285714284
166280,0.2864939570426941,,437095.71428571426
166281,,1.0,437097.5714285714
166290,0.28650397062301636,,437114.28571428574
166291,,1.0,437116.14285714284
166305,0.28653398156166077,,437177.45945945947
166306,,3.0,437182.86486486485
166313,0.2865639925003052,,437220.7027027027
166314,,3.0,437226.1081081081
166320,0.2865940034389496,,437258.54054054053
166321,,3.0,437263.9459459459
166329,0.286624014377594,,437307.1891891892
166330,,3.0,437312.5945945946
166344,0.28663402795791626,,437338.35
166345,,1.0,437340.2
166356,0.2866440415382385,,437360.55
166357,,1.0,437362.4
166365,0.2866540551185608,,437377.2
166366,,1.0,437379.05
166371,0.28666406869888306,,437388.3
166372,,1.0,437390.15
166387,0.2866740822792053,,437414.8292682927
166388,,1.0,437416.73170731706
166394,0.2866840958595276,,437428.14634146343
166395,,1.0,437430.0487804878
166406,0.28669410943984985,,437450.9756097561
166407,,1.0,437452.8780487805
166414,0.2867041230201721,,437466.1951219512
166415,,1.0,437468.0975609756
166432,0.28672412037849426,,437504.8510638298
166433,,2.0,437507.3404255319
166444,0.2867441177368164,,437534.72340425535
166445,,2.0,437537.21276595746
166455,0.28676411509513855,,437562.10638297873
166456,,2.0,437564.59574468085
166463,0.2867841124534607,,437582.02127659577
166464,,2.0,437584.5106382979
166475,0.28680410981178284,,437609.8
166476,,2.0,437612.65
166484,0.286824107170105,,437635.45
166485,,2.0,437638.3
166495,0.2868441045284271,,437666.8
166496,,2.0,437669.65
166505,0.28686410188674927,,437695.3
166506,,2.0,437698.15
166521,0.2868941128253937,,437727.5
166522,,3.0,437729.7083333333
166532,0.2869241237640381,,437751.7916666667
166533,,3.0,437754.0
166543,0.2869541347026825,,437776.0833333333
166544,,3.0,437778.2916666667
166555,0.2869841456413269,,437802.5833333333
166556,,3.0,437804.7916666667
166569,0.28700414299964905,,437837.22222222225
166570,,2.0,437840.2444444444
166580,0.2870241403579712,,437870.4666666667
166581,,2.0,437873.4888888889
166588,0.28704413771629333,,437894.64444444445
166589,,2.0,437897.6666666667
166602,0.2870641350746155,,437936.9555555555
166603,,2.0,437939.97777777776
166621,0.2870841324329376,,437974.95652173914
166622,,2.0,437977.0869565217
166632,0.28710412979125977,,437998.39130434784
166633,,2.0,438000.52173913043
166639,0.2871241271495819,,438013.3043478261
166640,,2.0,438015.4347826087
166650,0.28714412450790405,,438036.73913043475
166651,,2.0,438038.8695652174
166671,0.2871641218662262,,438085.5238095238
166672,,2.0,438088.14285714284
166677,0.28718411922454834,,438101.2380952381
166678,,2.0,438103.85714285716
166687,0.2872041165828705,,438127.4285714286
166688,,2.0,438130.04761904763
166694,0.2872241139411926,,438145.7619047619
166695,,2.0,438148.38095238095
166708,0.28724411129951477,,438176.9459459459
166709,,2.0,438179.54054054053
166717,0.2872641086578369,,438200.2972972973
166718,,2.0,438202.8918918919
166724,0.28728410601615906,,438218.45945945947
166725,,2.0,438221.0540540541
166733,0.2873041033744812,,438241.8108108108
166734,,2.0,438244.4054054054
166748,0.28732410073280334,,438269.0
166749,,2.0,438271.0
166762,0.2873440980911255,,438297.0
166763,,2.0,438299.0
166774,0.28736409544944763,,438321.0
166775,,2.0,438323.0
166784,0.2873840928077698,,438341.0
166785,,2.0,438343.0
166799,0.28739410638809204,,438364.5
166800,,1.0,438366.2727272727
166811,0.2874041199684143,,438385.7727272727
166812,,1.0,438387.54545454547
166819,0.2874141335487366,,438399.95454545453
166820,,1.0,438401.7272727273
166830,0.28742414712905884,,438419.45454545453
166831,,1.0,438421.2272727273
166845,0.2874341607093811,,438445.0
166846,,1.0,438447.0
166856,0.28744417428970337,,438467.0
166857,,1.0,438469.0
166866,0.28745418787002563,,438487.0
166867,,1.0,438489.0
166873,0.2874642014503479,,438501.0
166874,,1.0,438503.0
166890,0.2874942123889923,,438529.18
166891,,3.0,438531.04
166901,0.2875242233276367,,438549.64
166902,,3.0,438551.5
166917,0.28755423426628113,,438579.4
166918,,3.0,438581.26
166925,0.28758424520492554,,438594.28
166926,,3.0,438596.14
166941,0.2875942587852478,,438621.5
166942,,1.0,438623.4583333333
166952,0.28760427236557007,,438643.0416666667
166953,,1.0,438645.0
166962,0.28761428594589233,,438662.625
166963,,1.0,438664.5833333333
166975,0.2876242995262146,,438688.0833333333
166976,,1.0,438690.0416666667
166993,0.28763431310653687,,438714.0
166994,,1.0,438715.5714285714
167004,0.28764432668685913,,438731.28571428574
167005,,1.0,438732.85714285716
167013,0.2876543402671814,,438745.4285714286
167014,,1.0,438747.0
167026,0.28766435384750366,,438765.85714285716
167027,,1.0,438767.4285714286
167040,0.2876843512058258,,438793.28571428574
167041,,2.0,438795.71428571426
167048,0.28770434856414795,,438812.71428571426
167049,,2.0,438815.14285714284
167059,0.2877243459224701,,438839.4285714286
167060,,2.0,438841.85714285716
167070,0.28774434328079224,,438866.14285714284
167071,,2.0,438868.5714285714
167085,0.28777435421943665,,438896.3
167086,,3.0,438898.6
167096,0.28780436515808105,,438921.6
167097,,3.0,438923.9
167104,0.28783437609672546,,438940.0
167105,,3.0,438942.3
167112,0.2878643870353699,,438958.4
167113,,3.0,438960.7
167126,0.2878643870353699,,438982.0243902439
167127,,0.0,438983.9268292683
167135,0.2878643870353699,,438999.14634146343
167136,,0.0,439001.0487804878
167146,0.2878643870353699,,439020.0731707317
167147,,0.0,439021.9756097561
167155,0.2878643870353699,,439037.1951219512
167156,,0.0,439039.0975609756
167167,0.287884384393692,,439058.5652173913
167168,,2.0,439060.76086956525
167177,0.28790438175201416,,439080.52173913043
167178,,2.0,439082.7173913043
167190,0.2879243791103363,,439109.0652173913
167191,,2.0,439111.26086956525
167203,0.28794437646865845,,439137.60869565216
167204,,2.0,439139.8043478261
167216,0.2879543900489807,,439160.675
167217,,1.0,439162.75
167226,0.287964403629303,,439181.425
167227,,1.0,439183.5
167237,0.28797441720962524,,439204.25
167238,,1.0,439206.325
167245,0.2879844307899475,,439220.85
167246,,1.0,439222.925
167261,0.28800442814826965,,439251.8085106383
167262,,2.0,439254.0425531915
167272,0.2880244255065918,,439276.3829787234
167273,,2.0,439278.6170212766
167279,0.28804442286491394,,439292.02127659577
167280,,2.0,439294.25531914894
167294,0.2880644202232361,,439325.5319148936
167295,,2.0,439327.7659574468
167310,0.2880644202232361,,439348.0
167311,,0.0,439349.5
167321,0.2880644202232361,,439364.5
167322,,0.0,439366.0
167336,0.2880644202232361,,439387.0
167337,,0.0,439388.5
167348,0.2880644202232361,,439405.0
167349,,0.0,439406.5
167366,0.2880644202232361,,439431.73913043475
167367,,0.0,439433.4347826087
167376,0.2880644202232361,,439448.6956521739
167377,,0.0,439450.39130434784
167386,0.2880644202232361,,439465.652173913
167387,,0.0,439467.347826087
167396,0.2880644202232361,,439482.60869565216
167397,,0.0,439484.3043478261
167412,0.28807443380355835,,439509.2
167413,,1.0,439511.13333333336
167423,0.2880844473838806,,439530.4666666667
167424,,1.0,439532.4
167435,0.2880944609642029,,439553.6666666667
167436,,1.0,439555.6
167443,0.28810447454452515,,439569.13333333336
167444,,1.0,439571.06666666665
167460,0.28813448548316956,,439595.59523809527
167461,,3.0,439597.3333333333
167475,0.28816449642181396,,439621.6666666667
167476,,3.0,439623.40476190473
167482,0.2881945073604584,,439633.8333333333
167483,,3.0,439635.5714285714
167487,0.2882245182991028,,439642.5238095238
167488,,3.0,439644.2619047619
167507,0.2882245182991028,,439670.96
167508,,0.0,439672.52
167518,0.2882245182991028,,439688.12
167519,,0.0,439689.68
167530,0.2882245182991028,,439706.84
167531,,0.0,439708.4
167539,0.2882245182991028,,439720.88
167540,,0.0,439722.44
167556,0.2882445156574249,,439768.7073170732
167557,,2.0,439772.14634146343
167564,0.28826451301574707,,439796.2195121951
167565,,2.0,439799.65853658534
167573,0.2882845103740692,,439827.1707317073
167574,,2.0,439830.60975609755
167582,0.28830450773239136,,439858.1219512195
167583,,2.0,439861.56097560975
167602,0.2883145213127136,,439890.18518518517
167603,,1.0,439891.75925925927
167611,0.2883245348930359,,439904.35185185185
167612,,1.0,439905.9259259259
167627,0.28833454847335815,,439929.537037037
167628,,1.0,439931.1111111111
167638,0.2883445620536804,,439946.85185185185
167639,,1.0,439948.4259259259
167650,0.2883545756340027,,439968.5945945946
167651,,1.0,439970.91891891893
167659,0.28836458921432495,,439989.5135135135
167660,,1.0,439991.8378378378
167672,0.2883746027946472,,440019.7297297297
167673,,1.0,440022.0540540541
167677,0.2883846163749695,,440031.35135135136
167678,,1.0,440033.6756756757
167692,0.2883846163749695,,440053.51020408166
167693,,0.0,440055.10204081633
167704,0.2883846163749695,,440072.612244898
167705,,0.0,440074.20408163266
167717,0.2883846163749695,,440093.306122449
167718,,0.0,440094.89795918367
167728,0.2883846163749695,,440110.8163265306
167729,,0.0,440112.4081632653
167745,0.28839462995529175,,440134.8541666667
167746,,1.0,440136.4583333333
167751,0.288404643535614,,440144.4791666667
167752,,1.0,440146.0833333333
167761,0.2884146571159363,,440160.5208333333
167762,,1.0,440162.125
167778,0.28842467069625854,,440187.7916666667
167779,,1.0,440189.3958333333
167792,0.28845468163490295,,440231.5128205128
167793,,3.0,440235.5641025641
167805,0.28848469257354736,,440284.1794871795
167806,,3.0,440288.23076923075
167812,0.2885147035121918,,440312.53846153844
167813,,3.0,440316.58974358975
167819,0.2885447144508362,,440340.89743589744
167820,,3.0,440344.9487179487
167833,0.28855472803115845,,440370.5
167834,,1.0,440372.65
167841,0.2885647416114807,,440387.7
167842,,1.0,440389.85
167850,0.288574755191803,,440407.05
167851,,1.0,440409.2
167861,0.28858476877212524,,440430.7
167862,,1.0,440432.85
167878,0.28861477971076965,,440472.488372093
167879,,3.0,440475.37209302327
167887,0.28864479064941406,,440498.4418604651
167888,,3.0,440501.32558139536
167897,0.28867480158805847,,440527.27906976745
167898,,3.0,440530.16279069765
167906,0.2887048125267029,,440553.23255813954
167907,,3.0,440556.11627906974
167923,0.2887048125267029,,440579.137254902
167924,,0.0,440580.6862745098
167938,0.2887048125267029,,440602.3725490196
167939,,0.0,440603.92156862747
167948,0.2887048125267029,,440617.862745098
167949,,0.0,440619.4117647059
167959,0.2887048125267029,,440634.90196078434
167960,,0.0,440636.45098039217
167978,0.28871482610702515,,440667.02173913043
167979,,1.0,440668.95652173914
167988,0.2887248396873474,,440686.3695652174
167989,,1.0,440688.3043478261
167999,0.2887348532676697,,440707.652173913
168000,,1.0,440709.5869565217
168007,0.28874486684799194,,440723.1304347826
168008,,1.0,440725.0652173913
168020,0.2887648642063141,,440749.2
168021,,2.0,440751.6666666667
168033,0.28878486156463623,,440781.26666666666
168034,,2.0,440783.73333333334
168043,0.2888048589229584,,440805.93333333335
168044,,2.0,440808.4
168054,0.2888248562812805,,440833.06666666665
168055,,2.0,440835.5333333333
168074,0.2888248562812805,,440859.5272727273
168075,,0.0,440860.87272727274
168089,0.2888248562812805,,440879.7090909091
168090,,0.0,440881.05454545456
168102,0.2888248562812805,,440897.2
168103,,0.0,440898.54545454547
168111,0.2888248562812805,,440909.3090909091
168112,,0.0,440910.65454545454
168128,0.28884485363960266,,440955.1219512195
168129,,2.0,440958.43902439025
168137,0.2888648509979248,,440984.9756097561
168138,,2.0,440988.2926829268
168145,0.28888484835624695,,441011.51219512196
168146,,2.0,441014.8292682927
168154,0.2889048457145691,,441041.3658536585
168155,,2.0,441044.68292682926
168167,0.28892484307289124,,441065.46
168168,,2.0,441067.4
168181,0.2889448404312134,,441092.62
168182,,2.0,441094.56
168196,0.2889648377895355,,441121.72
168197,,2.0,441123.66
168206,0.28898483514785767,,441141.12
168207,,2.0,441143.06
168222,0.28899484872817993,,441175.0
168223,,1.0,441177.5
168230,0.2890048623085022,,441195.0
168231,,1.0,441197.5
168236,0.28901487588882446,,441210.0
168237,,1.0,441212.5
168242,0.28902488946914673,,441225.0
168243,,1.0,441227.5
168260,0.289034903049469,,441259.82608695654
168261,,1.0,441261.95652173914
168270,0.28904491662979126,,441281.1304347826
168271,,1.0,441283.26086956525
168280,0.2890549302101135,,441302.4347826087
168281,,1.0,441304.5652173913
168290,0.2890649437904358,,441323.73913043475
168291,,1.0,441325.8695652174
168305,0.28908494114875793,,441361.55
168306,,2.0,441364.6
168312,0.2891049385070801,,441382.9
168313,,2.0,441385.95
168323,0.2891249358654022,,441416.45
168324,,2.0,441419.5
168332,0.28914493322372437,,441443.9
168333,,2.0,441446.95
168349,0.28914493322372437,,441474.79069767444
168350,,0.0,441476.6976744186
168359,0.28914493322372437,,441493.8604651163
168360,,0.0,441495.76744186046
168371,0.28914493322372437,,441516.74418604653
168372,,0.0,441518.6511627907
168377,0.28914493322372437,,441528.18604651163
168378,,0.0,441530.0930232558
168391,0.2891649305820465,,441557.0
168392,,2.0,441559.5
168399,0.28918492794036865,,441577.0
168400,,2.0,441579.5
168410,0.2892049252986908,,441604.5
168411,,2.0,441607.0
168421,0.28922492265701294,,441632.0
168422,,2.0,441634.5
168435,0.28925493359565735,,441674.9411764706
168436,,3.0,441678.73529411765
168443,0.28928494453430176,,441705.29411764705
168444,,3.0,441709.0882352941
168448,0.28931495547294617,,441724.26470588235
168449,,3.0,441728.0588235294
168457,0.2893449664115906,,441758.4117647059
168458,,3.0,441762.20588235295
168476,0.28935497999191284,,441794.82352941175
168477,,1.0,441796.7450980392
168488,0.2893649935722351,,441817.8823529412
168489,,1.0,441819.8039215686
168500,0.2893750071525574,,441840.9411764706
168501,,1.0,441842.862745098
168510,0.28938502073287964,,441860.1568627451
168511,,1.0,441862.07843137253
168531,0.28938502073287964,,441888.55555555556
168532,,0.0,441890.0
168542,0.28938502073287964,,441904.44444444444
168543,,0.0,441905.8888888889
168553,0.28938502073287964,,441920.3333333333
168554,,0.0,441921.77777777775
168566,0.28938502073287964,,441939.1111111111
168567,,0.0,441940.55555555556
168583,0.2893950343132019,,441975.60975609755
168584,,1.0,441978.1951219512
168589,0.28940504789352417,,441991.1219512195
168590,,1.0,441993.7073170732
168596,0.28941506147384644,,442009.2195121951
168597,,1.0,442011.8048780488
168609,0.2894250750541687,,442042.8292682927
168610,,1.0,442045.4146341463
168624,0.28943508863449097,,442070.5238095238
168625,,1.0,442072.5714285714
168637,0.28944510221481323,,442097.14285714284
168638,,1.0,442099.1904761905
168644,0.2894551157951355,,442111.4761904762
168645,,1.0,442113.5238095238
168653,0.28946512937545776,,442129.90476190473
168654,,1.0,442131.95238095237
168671,0.28947514295578003,,442158.652173913
168672,,1.0,442160.4130434783
168678,0.2894851565361023,,442170.97826086957
168679,,1.0,442172.73913043475
168689,0.28949517011642456,,442190.347826087
168690,,1.0,442192.10869565216
168701,0.2895051836967468,,442211.47826086957
168702,,1.0,442213.23913043475
168716,0.28952518105506897,,442257.65853658534
168717,,2.0,442261.53658536583
168725,0.2895451784133911,,442292.56097560975
168726,,2.0,442296.43902439025
168735,0.28956517577171326,,442331.34146341466
168736,,2.0,442335.2195121951
168744,0.2895851731300354,,442366.243902439
168745,,2.0,442370.1219512195
168759,0.28960517048835754,,442406.2826086957
168760,,2.0,442409.2173913043
168771,0.2896251678466797,,442441.5
168772,,2.0,442444.4347826087
168780,0.28964516520500183,,442467.9130434783
168781,,2.0,442470.847826087
168792,0.289665162563324,,442503.1304347826
168793,,2.0,442506.0652173913
168807,0.28967517614364624,,442534.6666666667
168808,,1.0,442537.0
168817,0.2896851897239685,,442558.0
168818,,1.0,442560.3333333333
168829,0.28969520330429077,,442586.0
168830,,1.0,442588.3333333333
168839,0.28970521688461304,,442609.3333333333
168840,,1.0,442611.6666666667
168849,0.2897152304649353,,442628.2702702703
168850,,1.0,442630.64864864864
168857,0.28972524404525757,,442647.2972972973
168858,,1.0,442649.6756756757
168869,0.28973525762557983,,442675.8378378378
168870,,1.0,442678.2162162162
168878,0.2897452712059021,,442697.24324324325
168879,,1.0,442699.6216216216
168892,0.28975528478622437,,442724.0512820513
168893,,1.0,442726.25641025644
168902,0.28976529836654663,,442746.10256410256
168903,,1.0,442748.3076923077
168911,0.2897753119468689,,442765.9487179487
168912,,1.0,442768.1538461539
168919,0.28978532552719116,,442783.58974358975
168920,,1.0,442785.7948717949
168934,0.28978532552719116,,442806.93023255817
168935,,0.0,442808.6511627907
168944,0.28978532552719116,,442824.1395348837
168945,,0.0,442825.8604651163
168953,0.28978532552719116,,442839.62790697673
168954,,0.0,442841.3488372093
168964,0.28978532552719116,,442858.5581395349
168965,,0.0,442860.27906976745
168982,0.2898053228855133,,442896.3
168983,,2.0,442898.75
168987,0.28982532024383545,,442908.55
168988,,2.0,442911.0
168997,0.2898453176021576,,442933.05
168998,,2.0,442935.5
169006,0.28986531496047974,,442955.1
169007,,2.0,442957.55
169022,0.2898853123188019,,443004.26666666666
169023,,2.0,443007.9555555555
169031,0.289905309677124,,443037.4666666667
169032,,2.0,443041.15555555554
169041,0.28992530703544617,,443074.35555555555
169042,,2.0,443078.0444444445
169053,0.2899453043937683,,443118.6222222222
169054,,2.0,443122.31111111114
169070,0.2899753153324127,,443156.3333333333
169071,,3.0,443158.6666666667
169079,0.29000532627105713,,443177.3333333333
169080,,3.0,443179.6666666667
169088,0.29003533720970154,,443198.3333333333
169089,,3.0,443200.6666666667
169097,0.29006534814834595,,443219.3333333333
169098,,3.0,443221.6666666667
169112,0.29006534814834595,,443240.28
169113,,0.0,443241.76
169125,0.29006534814834595,,443259.52
169126,,0.0,443261.0
169137,0.29006534814834595,,443277.28
169138,,0.0,443278.76
169149,0.29006534814834595,,443295.04
169150,,0.0,443296.52
169162,0.2900753617286682,,443315.07692307694
169163,,1.0,443316.9743589744
169173,0.2900853753089905,,443335.9487179487
169174,,1.0,443337.8461538461
169183,0.29009538888931274,,443354.92307692306
169184,,1.0,443356.8205128205
169190,0.290105402469635,,443368.2051282051
169191,,1.0,443370.10256410256
169204,0.2901154160499573,,443388.59574468085
169205,,1.0,443390.25531914894
169221,0.29012542963027954,,443416.8085106383
169222,,1.0,443418.4680851064
169231,0.2901354432106018,,443433.40425531915
169232,,1.0,443435.06382978725
169239,0.2901454567909241,,443446.6808510638
169240,,1.0,443448.3404255319
169257,0.2901754677295685,,443471.77777777775
169258,,3.0,443473.3333333333
169266,0.2902054786682129,,443485.77777777775
169267,,3.0,443487.3333333333
169278,0.2902354896068573,,443504.44444444444
169279,,3.0,443506.0
169286,0.2902655005455017,,443516.8888888889
169287,,3.0,443518.44444444444
169303,0.29028549790382385,,443542.6808510638
169304,,2.0,443544.42553191487
169312,0.290305495262146,,443558.3829787234
169313,,2.0,443560.12765957444
169324,0.29032549262046814,,443579.3191489362
169325,,2.0,443581.06382978725
169335,0.2903454899787903,,443598.5106382979
169336,,2.0,443600.25531914894
169350,0.2903755009174347,,443630.1875
169351,,3.0,443632.75
169362,0.2904055118560791,,443660.9375
169363,,3.0,443663.5
169375,0.2904355227947235,,443694.25
169376,,3.0,443696.8125
169385,0.2904655337333679,,443719.875
169386,,3.0,443722.4375
169400,0.29048553109169006,,443748.5
169401,,2.0,443750.63636363635
169408,0.2905055284500122,,443765.5909090909
169409,,2.0,443767.7272727273
169419,0.29052552580833435,,443789.0909090909
169420,,2.0,443791.2272727273
169431,0.2905455231666565,,443814.7272727273
169432,,2.0,443816.86363636365
169450,0.2905755341053009,,443858.6666666667
169451,,3.0,443861.31111111114
169458,0.2906055450439453,,443879.8222222222
169459,,3.0,443882.4666666667
169468,0.2906355559825897,,443906.26666666666
169469,,3.0,443908.9111111111
169478,0.29066556692123413,,443932.7111111111
169479,,3.0,443935.35555555555
169495,0.29066556692123413,,443960.04347826086
169496,,0.0,443961.73913043475
169506,0.29066556692123413,,443978.6956521739
169507,,0.0,443980.39130434784
169515,0.29066556692123413,,443993.95652173914
169516,,0.0,443995.652173913
169526,0.29066556692123413,,444012.60869565216
169527,,0.0,444014.3043478261
169539,0.29066556692123413,,444037.0
169540,,0.0,444039.3333333333
169548,0.29066556692123413,,444058.0
169549,,0.0,444060.3333333333
169555,0.29066556692123413,,444074.3333333333
169556,,0.0,444076.6666666667
169561,0.29066556692123413,,444088.3333333333
169562,,0.0,444090.6666666667
169580,0.29069557785987854,,444147.54545454547
169581,,3.0,444151.1818181818
169594,0.29072558879852295,,444198.45454545453
169595,,3.0,444202.0909090909
169609,0.29075559973716736,,444253.0
169610,,3.0,444256.63636363635
169618,0.29078561067581177,,444285.7272727273
169619,,3.0,444289.36363636365
169637,0.29078561067581177,,444319.4130434783
169638,,0.0,444321.17391304346
169645,0.29078561067581177,,444333.5
169646,,0.0,444335.26086956525
169655,0.29078561067581177,,444351.10869565216
169656,,0.0,444352.8695652174
169666,0.29078561067581177,,444370.47826086957
169667,,0.0,444372.23913043475
169687,0.29079562425613403,,444400.2083333333
169688,,1.0,444401.75
169697,0.2908056378364563,,444415.625
169698,,1.0,444417.1666666667
169706,0.29081565141677856,,444429.5
169707,,1.0,444431.0416666667
169716,0.29082566499710083,,444444.9166666667
169717,,1.0,444446.4583333333
169736,0.29085567593574524,,444470.76923076925
169737,,3.0,444472.1923076923
169748,0.29088568687438965,,444487.8461538461
169749,,3.0,444489.26923076925
169758,0.29091569781303406,,444502.07692307694
169759,,3.0,444503.5
169770,0.29094570875167847,,444519.1538461539
169771,,3.0,444520.57692307694
169794,0.2909657061100006,,444563.2244897959
169795,,2.0,444565.28571428574
169804,0.29098570346832275,,444583.8367346939
169805,,2.0,444585.89795918367
169809,0.2910057008266449,,444594.14285714284
169810,,2.0,444596.20408163266
169821,0.29102569818496704,,444618.8775510204
169822,,2.0,444620.9387755102
169838,0.2910357117652893,,444651.36363636365
169839,,1.0,444653.54545454547
169846,0.2910457253456116,,444668.8181818182
169847,,1.0,444671.0
169858,0.29105573892593384,,444695.0
169859,,1.0,444697.1818181818
169867,0.2910657525062561,,444714.63636363635
169868,,1.0,444716.8181818182
169883,0.29107576608657837,,444738.68
169884,,1.0,444740.32
169893,0.29108577966690063,,444755.08
169894,,1.0,444756.72
169908,0.2910957932472229,,444779.68
169909,,1.0,444781.32
169919,0.29110580682754517,,444797.72
169920,,1.0,444799.36
169931,0.29111582040786743,,444820.45945945947
169932,,1.0,444822.8918918919
169943,0.2911258339881897,,444849.64864864864
169944,,1.0,444852.08108108107
169951,0.29113584756851196,,444869.1081081081
169952,,1.0,444871.54054054053
169958,0.29114586114883423,,444886.13513513515
169959,,1.0,444888.5675675676
169977,0.29116585850715637,,444921.28301886795
169978,,2.0,444923.30188679247
169992,0.2911858558654785,,444951.56603773584
169993,,2.0,444953.58490566036
170004,0.29120585322380066,,444975.7924528302
170005,,2.0,444977.8113207547
170013,0.2912258505821228,,444993.96226415096
170014,,2.0,444995.9811320755
170030,0.29124584794044495,,445051.625
170031,,2.0,445055.75
170040,0.2912658452987671,,445092.875
170041,,2.0,445097.0
170050,0.29128584265708923,,445134.125
170051,,2.0,445138.25
170063,0.2913058400154114,,445187.75
170064,,2.0,445191.875
170079,0.2913058400154114,,445217.75
170080,,0.0,445219.5625
170088,0.2913058400154114,,445234.0625
170089,,0.0,445235.875
170100,0.2913058400154114,,445255.8125
170101,,0.0,445257.625
170113,0.2913058400154114,,445279.375
170114,,0.0,445281.1875
170131,0.2913358509540558,,445314.7916666667
170132,,3.0,445317.0625
170139,0.2913658618927002,,445332.9583333333
170140,,3.0,445335.2291666667
170152,0.2913958728313446,,445362.4791666667
170153,,3.0,445364.75
170163,0.291425883769989,,445387.4583333333
170164,,3.0,445389.7291666667
170181,0.2914358973503113,,445423.15
170182,,1.0,445425.375
170188,0.29144591093063354,,445438.725
170189,,1.0,445440.95
170199,0.2914559245109558,,445463.2
170200,,1.0,445465.425
170205,0.2914659380912781,,445476.55
170206,,1.0,445478.775
170221,0.2914659380912781,,445506.71428571426
170222,,0.0,445508.85714285716
170234,0.2914659380912781,,445534.5714285714
170235,,0.0,445536.71428571426
170241,0.2914659380912781,,445549.5714285714
170242,,0.0,445551.71428571426
170249,0.2914659380912781,,445566.71428571426
170250,,0.0,445568.85714285716
170260,0.29147595167160034,,445589.6052631579
170261,,1.0,445592.2631578947
170270,0.2914859652519226,,445616.1842105263
170271,,1.0,445618.84210526315
170280,0.2914959788322449,,445642.7631578947
170281,,1.0,445645.4210526316
170289,0.29150599241256714,,445666.6842105263
170290,,1.0,445669.34210526315
170304,0.2915259897708893,,445707.5208333333
170305,,2.0,445710.75
170314,0.2915459871292114,,445739.8125
170315,,2.0,445743.0416666667
170329,0.29156598448753357,,445788.25
170330,,2.0,445791.4791666667
170339,0.2915859818458557,,445820.5416666667
170340,,2.0,445823.7708333333
170354,0.2915859818458557,,445847.65853658534
170355,,0.0,445849.53658536583
170363,0.2915859818458557,,445864.56097560975
170364,,0.0,445866.43902439025
170372,0.2915859818458557,,445881.46341463417
170373,,0.0,445883.34146341466
170382,0.2915859818458557,,445900.243902439
170383,,0.0,445902.1219512195
170392,0.2916159927845001,,445930.1951219512
170393,,3.0,445934.56097560975
170404,0.29164600372314453,,445982.5853658537
170405,,3.0,445986.9512195122
170414,0.29167601466178894,,446026.243902439
170415,,3.0,446030.60975609755
170425,0.29170602560043335,,446074.26829268294
170426,,3.0,446078.6341463415
170440,0.2917260229587555,,446107.10638297873
170441,,2.0,446109.2978723404
170447,0.29174602031707764,,446122.44680851063
170448,,2.0,446124.6382978723
170461,0.2917660176753998,,446153.12765957444
170462,,2.0,446155.3191489362
170474,0.2917860150337219,,446181.6170212766
170475,,2.0,446183.8085106383
170487,0.29180601239204407,,446210.54545454547
170488,,2.0,446213.2727272727
170496,0.2918260097503662,,446235.0909090909
170497,,2.0,446237.8181818182
170511,0.29184600710868835,,446276.0
170512,,2.0,446278.7272727273
170520,0.2918660044670105,,446300.54545454547
170521,,2.0,446303.2727272727
170533,0.29187601804733276,,446328.6216216216
170534,,1.0,446331.13513513515
170541,0.29188603162765503,,446348.7297297297
170542,,1.0,446351.24324324325
170548,0.2918960452079773,,446366.3243243243
170549,,1.0,446368.8378378378
170559,0.29190605878829956,,446393.97297297296
170560,,1.0,446396.4864864865
170573,0.29193606972694397,,446428.3333333333
170574,,3.0,446431.26666666666
170583,0.2919660806655884,,446457.6666666667
170584,,3.0,446460.6
170594,0.2919960916042328,,446489.93333333335
170595,,3.0,446492.86666666664
170606,0.2920261025428772,,446525.13333333336
170607,,3.0,446528.06666666665
170621,0.2920261025428772,,446552.175
170622,,0.0,446554.1
170628,0.2920261025428772,,446565.65
170629,,0.0,446567.575
170636,0.2920261025428772,,446581.05
170637,,0.0,446582.975
170648,0.2920261025428772,,446604.15
170649,,0.0,446606.075
170663,0.29203611612319946,,446626.4130434783
170664,,1.0,446628.0869565217
170673,0.29204612970352173,,446643.152173913
170674,,1.0,446644.82608695654
170682,0.292056143283844,,446658.2173913043
170683,,1.0,446659.89130434784
170696,0.29206615686416626,,446681.652173913
170697,,1.0,446683.32608695654
170717,0.2920761704444885,,446715.6666666667
170718,,1.0,446717.4705882353
170729,0.2920861840248108,,446737.3137254902
170730,,1.0,446739.1176470588
170737,0.29209619760513306,,446751.7450980392
170738,,1.0,446753.54901960783
170749,0.2921062111854553,,446773.39215686277
170750,,1.0,446775.1960784314
170769,0.2921162247657776,,446814.3333333333
170770,,1.0,446816.6666666667
170776,0.29212623834609985,,446830.6666666667
170777,,1.0,446833.0
170783,0.2921362519264221,,446847.0
170784,,1.0,446849.3333333333
170793,0.2921462655067444,,446870.3333333333
170794,,1.0,446872.6666666667
170809,0.2921462655067444,,446896.76744186046
170810,,0.0,446898.5813953488
170818,0.2921462655067444,,446913.0930232558
170819,,0.0,446914.9069767442
170827,0.2921462655067444,,446929.4186046512
170828,,0.0,446931.23255813954
170838,0.2921462655067444,,446949.37209302327
170839,,0.0,446951.18604651163
170854,0.29216626286506653,,446993.95652173914
170855,,2.0,446997.3695652174
170861,0.29218626022338867,,447017.847826087
170862,,2.0,447021.26086956525
170870,0.2922062575817108,,447048.5652173913
170871,,2.0,447051.97826086957
170886,0.29222625494003296,,447103.17391304346
170887,,2.0,447106.5869565217
170902,0.2922462522983551,,447139.86666666664
170903,,2.0,447142.35555555555
170916,0.29226624965667725,,447174.7111111111
170917,,2.0,447177.2
170923,0.2922862470149994,,447192.13333333336
170924,,2.0,447194.6222222222
170933,0.29230624437332153,,447217.02222222224
170934,,2.0,447219.5111111111
170948,0.29230624437332153,,447240.25
170949,,0.0,447241.9090909091
170955,0.29230624437332153,,447251.86363636365
170956,,0.0,447253.5227272727
170968,0.29230624437332153,,447273.4318181818
170969,,0.0,447275.0909090909
170979,0.29230624437332153,,447291.6818181818
170980,,0.0,447293.3409090909
170993,0.2923162579536438,,447318.25581395347
170994,,1.0,447320.5813953488
171003,0.29232627153396606,,447341.511627907
171004,,1.0,447343.83720930235
171014,0.29233628511428833,,447367.0930232558
171015,,1.0,447369.4186046512
171024,0.2923462986946106,,447390.3488372093
171025,,1.0,447392.67441860464
171035,0.29236629605293274,,447424.4736842105
171036,,2.0,447428.6842105263
171050,0.2923862934112549,,447487.63157894736
171051,,2.0,447491.84210526315
171058,0.292406290769577,,447521.3157894737
171059,,2.0,447525.5263157895
171064,0.29242628812789917,,447546.5789473684
171065,,2.0,447550.7894736842
171078,0.29242628812789917,,447573.71794871794
171079,,0.0,447575.58974358975
171089,0.29242628812789917,,447594.3076923077
171090,,0.0,447596.1794871795
171096,0.29242628812789917,,447607.41025641025
171097,,0.0,447609.28205128206
171105,0.29242628812789917,,447624.25641025644
171106,,0.0,447626.1282051282
171118,0.2924462854862213,,447657.10638297873
171119,,2.0,447660.3404255319
171129,0.29246628284454346,,447692.6808510638
171130,,2.0,447695.91489361704
171141,0.2924862802028656,,447731.4893617021
171142,,2.0,447734.72340425535
171154,0.29250627756118774,,447773.5319148936
171155,,2.0,447776.7659574468
171170,0.29251629114151,,447804.83720930235
171171,,1.0,447806.9069767442
171182,0.2925263047218323,,447829.67441860464
171183,,1.0,447831.74418604653
171190,0.29253631830215454,,447846.23255813954
171191,,1.0,447848.3023255814
171199,0.2925463318824768,,447864.8604651163
171200,,1.0,447866.93023255817
171216,0.2925463318824768,,447893.0975609756
171217,,0.0,447894.9512195122
171224,0.2925463318824768,,447907.9268292683
171225,,0.0,447909.7804878049
171233,0.2925463318824768,,447924.60975609755
171234,,0.0,447926.46341463417
171242,0.2925463318824768,,447941.2926829268
171243,,0.0,447943.14634146343
171259,0.2925563454627991,,447975.0857142857
171260,,1.0,447977.4
171267,0.29256635904312134,,447993.6
171268,,1.0,447995.9142857143
171273,0.2925763726234436,,448007.4857142857
171274,,1.0,448009.8
171279,0.29258638620376587,,448021.3714285714
171280,,1.0,448023.6857142857
171298,0.29258638620376587,,448048.64705882355
171299,,0.0,448050.1568627451
171307,0.29258638620376587,,448062.23529411765
171308,,0.0,448063.7450980392
171319,0.29258638620376587,,448080.35294117645
171320,,0.0,448081.862745098
171332,0.29258638620376587,,448099.98039215687
171333,,0.0,448101.49019607843
171346,0.292606383562088,,448134.28205128206
171347,,2.0,448137.41025641025
171353,0.29262638092041016,,448156.1794871795
171354,,2.0,448159.3076923077
171364,0.2926463782787323,,448190.58974358975
171365,,2.0,448193.71794871794
171373,0.29266637563705444,,448218.74358974356
171374,,2.0,448221.8717948718
171384,0.2926763892173767,,448240.75
171385,,1.0,448243.0
171391,0.292686402797699,,448256.5
171392,,1.0,448258.75
171401,0.29269641637802124,,448279.0
171402,,1.0,448281.25
171411,0.2927064299583435,,448301.5
171412,,1.0,448303.75
171426,0.29271644353866577,,448328.5
171427,,1.0,448330.54545454547
171438,0.29272645711898804,,448353.04545454547
171439,,1.0,448355.0909090909
171446,0.2927364706993103,,448369.4090909091
171447,,1.0,448371.45454545453
171457,0.29274648427963257,,448391.9090909091
171458,,1.0,448393.95454545453
171472,0.29274648427963257,,448414.8222222222
171473,,0.0,448416.5333333333
171484,0.29274648427963257,,448435.35555555555
171485,,0.0,448437.06666666665
171495,0.29274648427963257,,448454.1777777778
171496,,0.0,448455.8888888889
171504,0.29274648427963257,,448469.5777777778
171505,,0.0,448471.2888888889
171519,0.292776495218277,,448513.975
171520,,3.0,448517.7
171528,0.2928065061569214,,448547.5
171529,,3.0,448551.225
171535,0.2928365170955658,,448573.575
171536,,3.0,448577.3
171546,0.2928665280342102,,448614.55
171547,,3.0,448618.275
171564,0.2928665280342102,,448645.4347826087
171565,,0.0,448647.10869565216
171574,0.2928665280342102,,448662.17391304346
171575,,0.0,448663.847826087
171583,0.2928665280342102,,448677.23913043475
171584,,0.0,448678.9130434783
171594,0.2928665280342102,,448695.652173913
171595,,0.0,448697.32608695654
171606,0.2928665280342102,,448713.6
171607,,0.0,448715.425
171618,0.2928665280342102,,448735.5
171619,,0.0,448737.325
171629,0.2928665280342102,,448755.575
171630,,0.0,448757.4
171636,0.2928665280342102,,448768.35
171637,,0.0,448770.175
171652,0.29288652539253235,,448801.64705882355
171653,,2.0,448804.1176470588
171664,0.2929065227508545,,448831.29411764705
171665,,2.0,448833.76470588235
171678,0.29292652010917664,,448865.8823529412
171679,,2.0,448868.35294117645
171689,0.2929465174674988,,448893.0588235294
171690,,2.0,448895.5294117647
171706,0.29295653104782104,,448922.55555555556
171707,,1.0,448924.44444444444
171717,0.2929665446281433,,448943.3333333333
171718,,1.0,448945.22222222225
171726,0.2929765582084656,,448960.3333333333
171727,,1.0,448962.22222222225
171736,0.29298657178878784,,448979.22222222225
171737,,1.0,448981.1111111111
171755,0.29298657178878784,,449008.6666666667
171756,,0.0,449010.3777777778
171765,0.29298657178878784,,449025.77777777775
171766,,0.0,449027.4888888889
171772,0.29298657178878784,,449037.7555555556
171773,,0.0,449039.4666666667
171783,0.29298657178878784,,449056.5777777778
171784,,0.0,449058.2888888889
171797,0.29298657178878784,,449077.20930232556
171798,,0.0,449078.93023255817
171807,0.29298657178878784,,449094.4186046512
171808,,0.0,449096.1395348837
171818,0.29298657178878784,,449113.3488372093
171819,,0.0,449115.06976744183
171828,0.29298657178878784,,449130.5581395349
171829,,0.0,449132.27906976745
171845,0.29298657178878784,,449158.79069767444
171846,,0.0,449160.6976744186
171852,0.29298657178878784,,449172.1395348837
171853,,0.0,449174.0465116279
171862,0.29298657178878784,,449191.20930232556
171863,,0.0,449193.11627906974
171873,0.29298657178878784,,449212.18604651163
171874,,0.0,449214.0930232558
171889,0.2929965853691101,,449240.3
171890,,1.0,449242.325
171898,0.2930065989494324,,449258.525
171899,,1.0,449260.55
171905,0.29301661252975464,,449272.7
171906,,1.0,449274.725
171915,0.2930266261100769,,449292.95
171916,,1.0,449294.975
171925,0.29304662346839905,,449316.8857142857
171926,,2.0,449320.2
171933,0.2930666208267212,,449343.4
171934,,2.0,449346.71428571426
171941,0.29308661818504333,,449369.9142857143
171942,,2.0,449373.22857142857
171952,0.2931066155433655,,449406.3714285714
171953,,2.0,449409.6857142857
171970,0.2931066155433655,,449437.652173913
171971,,0.0,449439.4130434783
171980,0.2931066155433655,,449455.26086956525
171981,,0.0,449457.02173913043
171992,0.2931066155433655,,449476.39130434784
171993,,0.0,449478.152173913
172000,0.2931066155433655,,449490.47826086957
172001,,0.0,449492.23913043475
172013,0.2931066155433655,,449510.5681818182
172014,,0.0,449512.4090909091
172025,0.2931066155433655,,449532.6590909091
172026,,0.0,449534.5
172036,0.2931066155433655,,449552.9090909091
172037,,0.0,449554.75
172046,0.2931066155433655,,449571.3181818182
172047,,0.0,449573.1590909091
172064,0.2931066155433655,,449604.84210526315
172065,,0.0,449606.9736842105
172071,0.2931066155433655,,449619.7631578947
172072,,0.0,449621.8947368421
172077,0.2931066155433655,,449632.55263157893
172078,,0.0,449634.6842105263
172086,0.2931066155433655,,449651.7368421053
172087,,0.0,449653.86842105264
172107,0.2931066155433655,,449683.2708333333
172108,,0.0,449684.875
172116,0.2931066155433655,,449697.7083333333
172117,,0.0,449699.3125
172129,0.2931066155433655,,449718.5625
172130,,0.0,449720.1666666667
172136,0.2931066155433655,,449729.7916666667
172137,,0.0,449731.3958333333
172155,0.2931066155433655,,449765.8378378378
172156,,0.0,449768.02702702704
172162,0.2931066155433655,,449781.1621621622
172163,,0.0,449783.35135135136
172168,0.2931066155433655,,449794.2972972973
172169,,0.0,449796.4864864865
172175,0.2931066155433655,,449809.6216216216
172176,,0.0,449811.8108108108
172192,0.2931066155433655,,449837.04545454547
172193,,0.0,449838.8181818182
172203,0.2931066155433655,,449856.54545454547
172204,,0.0,449858.3181818182
172213,0.2931066155433655,,449874.2727272727
172214,,0.0,449876.04545454547
172221,0.2931066155433655,,449888.45454545453
172222,,0.0,449890.2272727273
172235,0.2931066155433655,,449913.8918918919
172236,,0.0,449916.08108108107
172244,0.2931066155433655,,449933.5945945946
172245,,0.0,449935.7837837838
172253,0.2931066155433655,,449953.2972972973
172254,,0.0,449955.4864864865
172260,0.2931066155433655,,449968.6216216216
172261,,0.0,449970.8108108108
172278,0.2931366264820099,,450008.63636363635
172279,,3.0,450011.1818181818
172287,0.2931666374206543,,450031.54545454547
172288,,3.0,450034.0909090909
172298,0.2931966483592987,,450059.54545454547
172299,,3.0,450062.0909090909
172306,0.2932266592979431,,450079.9090909091
172307,,3.0,450082.45454545453
172326,0.2932266592979431,,450109.3333333333
172327,,0.0,450110.8541666667
172336,0.2932266592979431,,450124.5416666667
172337,,0.0,450126.0625
172343,0.2932266592979431,,450135.1875
172344,,0.0,450136.7083333333
172356,0.2932266592979431,,450154.9583333333
172357,,0.0,450156.4791666667
172371,0.2932366728782654,,450181.6382978723
172372,,1.0,450183.78723404254
172376,0.29324668645858765,,450192.3829787234
172377,,1.0,450194.5319148936
172387,0.2932567000389099,,450216.02127659577
172388,,1.0,450218.170212766
172405,0.2932667136192322,,450254.7021276596
172406,,1.0,450256.8510638298
172421,0.29327672719955444,,450283.0
172422,,1.0,450285.0
172431,0.2932867407798767,,450303.0
172432,,1.0,450305.0
172441,0.293296754360199,,450323.0
172442,,1.0,450325.0
172450,0.29330676794052124,,450341.0
172451,,1.0,450343.0
172464,0.2933167815208435,,450370.3488372093
172465,,1.0,450372.88372093026
172473,0.29332679510116577,,450393.16279069765
172474,,1.0,450395.6976744186
172482,0.29333680868148804,,450415.9767441861
172483,,1.0,450418.511627907
172495,0.2933468222618103,,450448.93023255817
172496,,1.0,450451.4651162791
172511,0.2933468222618103,,450471.8775510204
172512,,0.0,450473.36734693876
172525,0.2933468222618103,,450492.7346938776
172526,,0.0,450494.2244897959
172536,0.2933468222618103,,450509.1224489796
172537,,0.0,450510.612244898
172546,0.2933468222618103,,450524.02040816325
172547,,0.0,450525.51020408166
172563,0.29335683584213257,,450547.4285714286
172564,,1.0,450549.0
172573,0.29336684942245483,,450563.14285714284
172574,,1.0,450564.71428571426
172587,0.2933768630027771,,450585.14285714284
172588,,1.0,450586.71428571426
172597,0.29338687658309937,,450600.85714285716
172598,,1.0,450602.4285714286
172617,0.29339689016342163,,450629.0181818182
172618,,1.0,450630.58181818185
172629,0.2934069037437439,,450647.7818181818
172630,,1.0,450649.34545454546
172645,0.29341691732406616,,450672.8
172646,,1.0,450674.36363636365
172654,0.2934269309043884,,450686.87272727274
172655,,1.0,450688.43636363634
172666,0.29344692826271057,,450708.34146341466
172667,,2.0,450710.6341463415
172678,0.2934669256210327,,450735.85365853657
172679,,2.0,450738.14634146343
172690,0.29348692297935486,,450763.3658536585
172691,,2.0,450765.65853658534
172697,0.293506920337677,,450779.4146341463
172698,,2.0,450781.7073170732
172712,0.293506920337677,,450802.25531914894
172713,,0.0,450803.91489361704
172725,0.293506920337677,,450823.829787234
172726,,0.0,450825.4893617021
172734,0.293506920337677,,450838.7659574468
172735,,0.0,450840.42553191487
172746,0.293506920337677,,450858.6808510638
172747,,0.0,450860.3404255319
172760,0.29351693391799927,,450884.8205128205
172761,,1.0,450887.10256410256
172770,0.29352694749832153,,450907.641025641
172771,,1.0,450909.92307692306
172779,0.2935369610786438,,450928.1794871795
172780,,1.0,450930.46153846156
172787,0.29354697465896606,,450946.4358974359
172788,,1.0,450948.71794871794
172804,0.29355698823928833,,450973.2083333333
172805,,1.0,450974.9166666667
172813,0.2935670018196106,,450988.5833333333
172814,,1.0,450990.2916666667
172822,0.29357701539993286,,451003.9583333333
172823,,1.0,451005.6666666667
172837,0.2935870289802551,,451029.5833333333
172838,,1.0,451031.2916666667
172857,0.2935970425605774,,451059.0
172858,,1.0,451060.625
172867,0.29360705614089966,,451075.25
172868,,1.0,451076.875
172879,0.2936170697212219,,451094.75
172880,,1.0,451096.375
172887,0.2936270833015442,,451107.75
172888,,1.0,451109.375
172905,0.29363709688186646,,451135.56603773584
172906,,1.0,451137.320754717
172918,0.2936471104621887,,451158.37735849054
172919,,1.0,451160.1320754717
172930,0.293657124042511,,451179.43396226416
172931,,1.0,451181.1886792453
172942,0.29366713762283325,,451200.4905660377
172943,,1.0,451202.24528301886
172955,0.2936771512031555,,451225.0789473684
172956,,1.0,451227.4210526316
172966,0.2936871647834778,,451250.84210526315
172967,,1.0,451253.1842105263
172975,0.29369717836380005,,451271.9210526316
172976,,1.0,451274.2631578947
172982,0.2937071919441223,,451288.3157894737
172983,,1.0,451290.65789473685
173001,0.2937372028827667,,451347.54545454547
173002,,3.0,451351.1818181818
173015,0.29376721382141113,,451398.45454545453
173016,,3.0,451402.0909090909
173028,0.29379722476005554,,451445.7272727273
173029,,3.0,451449.36363636365
173039,0.29382723569869995,,451485.7272727273
173040,,3.0,451489.36363636365
173056,0.29382723569869995,,451514.57446808513
173057,,0.0,451516.2340425532
173067,0.29382723569869995,,451532.829787234
173068,,0.0,451534.4893617021
173079,0.29382723569869995,,451552.74468085106
173080,,0.0,451554.40425531915
173088,0.29382723569869995,,451567.6808510638
173089,,0.0,451569.3404255319
173106,0.29382723569869995,,451592.28
173107,,0.0,451593.8
173116,0.29382723569869995,,451607.48
173117,,0.0,451609.0
173131,0.29382723569869995,,451630.28
173132,,0.0,451631.8
173140,0.29382723569869995,,451643.96
173141,,0.0,451645.48
173157,0.29382723569869995,,451667.39215686277
173158,,0.0,451668.96078431373
173168,0.29382723569869995,,451684.64705882355
173169,,0.0,451686.2156862745
173178,0.29382723569869995,,451700.3333333333
173179,,0.0,451701.90196078434
173193,0.29382723569869995,,451723.862745098
173194,,0.0,451725.43137254904
173213,0.2938372492790222,,451767.5581395349
173214,,1.0,451770.0930232558
173222,0.2938472628593445,,451790.37209302327
173223,,1.0,451792.9069767442
173231,0.29385727643966675,,451813.18604651163
173232,,1.0,451815.72093023255
173238,0.293867290019989,,451830.93023255817
173239,,1.0,451833.4651162791
173252,0.293867290019989,,451852.5909090909
173253,,0.0,451854.25
173263,0.293867290019989,,451870.8409090909
173264,,0.0,451872.5
173273,0.293867290019989,,451887.4318181818
173274,,0.0,451889.0909090909
173284,0.293867290019989,,451905.6818181818
173285,,0.0,451907.3409090909
173303,0.293867290019989,,451931.5
173304,,0.0,451933.0
173312,0.293867290019989,,451945.0
173313,,0.0,451946.5
173325,0.293867290019989,,451964.5
173326,,0.0,451966.0
173338,0.293867290019989,,451984.0
173339,,0.0,451985.5
173353,0.2938773036003113,,452008.7659574468
173354,,1.0,452010.74468085106
173363,0.29388731718063354,,452028.55319148937
173364,,1.0,452030.5319148936
173374,0.2938973307609558,,452050.3191489362
173375,,1.0,452052.2978723404
173387,0.2939073443412781,,452076.0425531915
173388,,1.0,452078.02127659577
173406,0.2939073443412781,,452099.8214285714
173407,,0.0,452101.14285714284
173420,0.2939073443412781,,452118.3214285714
173421,,0.0,452119.64285714284
173434,0.2939073443412781,,452136.8214285714
173435,,0.0,452138.14285714284
173445,0.2939073443412781,,452151.35714285716
173446,,0.0,452152.6785714286
173461,0.29391735792160034,,452179.36363636365
173462,,1.0,452181.4772727273
173468,0.2939273715019226,,452194.1590909091
173469,,1.0,452196.2727272727
173479,0.2939373850822449,,452217.4090909091
173480,,1.0,452219.5227272727
173491,0.29394739866256714,,452242.7727272727
173492,,1.0,452244.88636363635
173507,0.2939574122428894,,452271.5714285714
173508,,1.0,452273.61904761905
173517,0.29396742582321167,,452292.04761904763
173518,,1.0,452294.09523809527
173526,0.29397743940353394,,452310.4761904762
173527,,1.0,452312.5238095238
173535,0.2939874529838562,,452328.90476190473
173536,,1.0,452330.95238095237
173556,0.29400745034217834,,452380.7924528302
173557,,2.0,452383.6037735849
173566,0.2940274477005005,,452408.90566037735
173567,,2.0,452411.71698113205
173577,0.29404744505882263,,452439.8301886792
173578,,2.0,452442.641509434
173590,0.2940674424171448,,452476.37735849054
173591,,2.0,452479.1886792453
173610,0.2940874397754669,,452544.3333333333
173611,,2.0,452548.2291666667
173620,0.29410743713378906,,452583.2916666667
173621,,2.0,452587.1875
173631,0.2941274344921112,,452626.1458333333
173632,,2.0,452630.0416666667
173640,0.29414743185043335,,452661.2083333333
173641,,2.0,452665.1041666667
173654,0.2941574454307556,,452691.68292682926
173655,,1.0,452693.9512195122
173661,0.2941674590110779,,452707.56097560975
173662,,1.0,452709.8292682927
173672,0.29417747259140015,,452732.51219512196
173673,,1.0,452734.7804878049
173683,0.2941874861717224,,452757.46341463417
173684,,1.0,452759.73170731706
173698,0.2941874861717224,,452781.5
173699,,0.0,452783.2727272727
173709,0.2941874861717224,,452801.0
173710,,0.0,452802.7727272727
173722,0.2941874861717224,,452824.04545454547
173723,,0.0,452825.8181818182
173729,0.2941874861717224,,452836.45454545453
173730,,0.0,452838.2272727273
173742,0.2941974997520447,,452859.6153846154
173743,,1.0,452861.7948717949
173750,0.29420751333236694,,452877.0512820513
173751,,1.0,452879.23076923075
173756,0.2942175269126892,,452890.1282051282
173757,,1.0,452892.3076923077
173770,0.2942275404930115,,452920.641025641
173771,,1.0,452922.8205128205
173786,0.2942575514316559,,452959.97872340423
173787,,3.0,452962.89361702127
173797,0.2942875623703003,,452992.0425531915
173798,,3.0,452994.9574468085
173807,0.2943175733089447,,453021.1914893617
173808,,3.0,453024.10638297873
173819,0.2943475842475891,,453056.170212766
173820,,3.0,453059.08510638296
173842,0.2943575978279114,,453098.0208333333
173843,,1.0,453099.9166666667
173852,0.29436761140823364,,453116.9791666667
173853,,1.0,453118.875
173860,0.2943776249885559,,453132.1458333333
173861,,1.0,453134.0416666667
173869,0.2943876385688782,,453149.2083333333
173870,,1.0,453151.1041666667
173887,0.29439765214920044,,453184.57446808513
173888,,1.0,453186.829787234
173893,0.2944076657295227,,453198.10638297873
173894,,1.0,453200.3617021277
173906,0.29441767930984497,,453227.42553191487
173907,,1.0,453229.6808510638
173918,0.29442769289016724,,453254.4893617021
173919,,1.0,453256.74468085106
173934,0.2944377064704895,,453282.75
173935,,1.0,453284.7291666667
173948,0.29444772005081177,,453310.4583333333
173949,,1.0,453312.4375
173954,0.29445773363113403,,453322.3333333333
173955,,1.0,453324.3125
173968,0.2944677472114563,,453350.0416666667
173969,,1.0,453352.0208333333
173985,0.29447776079177856,,453379.11363636365
173986,,1.0,453381.04545454547
173997,0.29448777437210083,,453402.29545454547
173998,,1.0,453404.2272727273
174008,0.2944977879524231,,453423.54545454547
174009,,1.0,453425.4772727273
174014,0.29450780153274536,,453435.13636363635
174015,,1.0,453437.0681818182
174030,0.2945277988910675,,453473.8292682927
174031,,2.0,453476.73170731706
174041,0.29454779624938965,,453505.756097561
174042,,2.0,453508.65853658534
174049,0.2945677936077118,,453528.9756097561
174050,,2.0,453531.8780487805
174057,0.29458779096603394,,453552.1951219512
174058,,2.0,453555.0975609756
174071,0.2945978045463562,,453580.36842105264
174072,,1.0,453582.6052631579
174077,0.29460781812667847,,453593.7894736842
174078,,1.0,453596.0263157895
174085,0.29461783170700073,,453611.6842105263
174086,,1.0,453613.9210526316
174097,0.294627845287323,,453638.5263157895
174098,,1.0,453640.7631578947
174117,0.29464784264564514,,453694.2653061224
174118,,2.0,453697.4693877551
174127,0.2946678400039673,,453726.306122449
174128,,2.0,453729.51020408166
174136,0.29468783736228943,,453755.14285714284
174137,,2.0,453758.3469387755
174148,0.2947078347206116,,453793.5918367347
174149,,2.0,453796.79591836734
174163,0.294737845659256,,453819.525
174164,,3.0,453821.3
174174,0.2947678565979004,,453839.05
174175,,3.0,453840.825
174184,0.2947978675365448,,453856.8
174185,,3.0,453858.575
174190,0.2948278784751892,,453867.45
174191,,3.0,453869.225
174207,0.2948578894138336,,453931.4651162791
174208,,3.0,453936.11627906974
174215,0.294887900352478,,453968.67441860464
174216,,3.0,453973.32558139536
174229,0.29491791129112244,,454033.79069767444
174230,,3.0,454038.4418604651
174235,0.29494792222976685,,454061.6976744186
174236,,3.0,454066.3488372093
174250,0.29497793316841125,,454092.5416666667
174251,,3.0,454094.5
174261,0.29500794410705566,,454114.0833333333
174262,,3.0,454116.0416666667
174273,0.2950379550457001,,454137.5833333333
174274,,3.0,454139.5416666667
174285,0.2950679659843445,,454161.0833333333
174286,,3.0,454163.0416666667
174298,0.29507797956466675,,454185.5
174299,,1.0,454187.77777777775
174305,0.295087993144989,,454201.44444444444
174306,,1.0,454203.72222222225
174316,0.2950980067253113,,454226.5
174317,,1.0,454228.77777777775
174323,0.29510802030563354,,454242.44444444444
174324,,1.0,454244.72222222225
174347,0.29510802030563354,,454281.1666666667
174348,,0.0,454282.875
174355,0.29510802030563354,,454294.8333333333
174356,,0.0,454296.5416666667
174365,0.29510802030563354,,454311.9166666667
174366,,0.0,454313.625
174373,0.29510802030563354,,454325.5833333333
174374,,0.0,454327.2916666667
174387,0.2951180338859558,,454353.25
174388,,1.0,454355.675
174395,0.2951280474662781,,454372.65
174396,,1.0,454375.075
174405,0.29513806104660034,,454396.9
174406,,1.0,454399.325
174415,0.2951480746269226,,454421.15
174416,,1.0,454423.575
174430,0.295178085565567,,454479.65853658534
174431,,3.0,454484.53658536583
174440,0.2952080965042114,,454528.43902439025
174441,,3.0,454533.31707317074
174452,0.29523810744285583,,454586.9756097561
174453,,3.0,454591.85365853657
174458,0.29526811838150024,,454616.243902439
174459,,3.0,454621.1219512195
174474,0.2952881157398224,,454673.4893617021
174475,,2.0,454677.44680851063
174484,0.29530811309814453,,454713.06382978725
174485,,2.0,454717.02127659577
174495,0.2953281104564667,,454756.59574468085
174496,,2.0,454760.55319148937
174507,0.2953481078147888,,454804.08510638296
174508,,2.0,454808.0425531915
174526,0.2953581213951111,,454840.72340425535
174527,,1.0,454842.6382978723
174538,0.29536813497543335,,454863.7021276596
174539,,1.0,454865.6170212766
174545,0.2953781485557556,,454877.10638297873
174546,,1.0,454879.02127659577
174556,0.2953881621360779,,454898.170212766
174557,,1.0,454900.08510638296
174574,0.29539817571640015,,454926.7916666667
174575,,1.0,454928.5625
174584,0.2954081892967224,,454944.5
174585,,1.0,454946.2708333333
174597,0.2954182028770447,,454967.5208333333
174598,,1.0,454969.2916666667
174606,0.29542821645736694,,454983.4583333333
174607,,1.0,454985.2291666667
174629,0.2954482138156891,,455057.9811320755
174630,,2.0,455061.71698113205
174643,0.29546821117401123,,455110.28301886795
174644,,2.0,455114.0188679245
174653,0.2954882085323334,,455147.641509434
174654,,2.0,455151.37735849054
174661,0.2955082058906555,,455177.5283018868
174662,,2.0,455181.2641509434
174674,0.29552820324897766,,455216.5
174675,,2.0,455220.0
174681,0.2955482006072998,,455241.0
174682,,2.0,455244.5
174693,0.29556819796562195,,455283.0
174694,,2.0,455286.5
174707,0.2955881953239441,,455332.0
174708,,2.0,455335.5
174721,0.29560819268226624,,455378.0909090909
174722,,2.0,455382.0
174728,0.2956281900405884,,455405.45454545453
174729,,2.0,455409.36363636365
174735,0.2956481873989105,,455432.8181818182
174736,,2.0,455436.7272727273
174742,0.29566818475723267,,455460.1818181818
174743,,2.0,455464.0909090909
174761,0.2956981956958771,,455483.0
174762,,3.0,455484.0
174772,0.2957282066345215,,455494.0
174773,,3.0,455495.0
174784,0.2957582175731659,,455506.0
174785,,3.0,455507.0
174792,0.2957882285118103,,455514.0
174793,,3.0,455515.0
174807,0.29580822587013245,,455543.75
174808,,2.0,455546.2727272727
174819,0.2958282232284546,,455574.0227272727
174820,,2.0,455576.54545454547
174828,0.29584822058677673,,455596.7272727273
174829,,2.0,455599.25
174838,0.2958682179450989,,455621.95454545453
174839,,2.0,455624.4772727273
174859,0.2958982288837433,,455697.8333333333
174860,,3.0,455702.0
174867,0.2959282398223877,,455731.1666666667
174868,,3.0,455735.3333333333
174877,0.2959582507610321,,455772.8333333333
174878,,3.0,455777.0
174888,0.2959882616996765,,455818.6666666667
174889,,3.0,455822.8333333333
174908,0.29600825905799866,,455878.5918367347
174909,,2.0,455881.8163265306
174917,0.2960282564163208,,455907.612244898
174918,,2.0,455910.8367346939
174930,0.29604825377464294,,455949.5306122449
174931,,2.0,455952.7551020408
174939,0.2960682511329651,,455978.55102040817
174940,,2.0,455981.7755102041
174955,0.29607826471328735,,456014.14285714284
174956,,1.0,456016.5714285714
174965,0.2960882782936096,,456038.4285714286
174966,,1.0,456040.85714285716
174976,0.2960982918739319,,456065.14285714284
174977,,1.0,456067.5714285714
174990,0.29610830545425415,,456099.14285714284
174991,,1.0,456101.5714285714
175004,0.29613831639289856,,456150.511627907
175005,,3.0,456155.16279069765
175017,0.29616832733154297,,456210.9767441861
175018,,3.0,456215.62790697673
175026,0.2961983382701874,,456252.83720930235
175027,,3.0,456257.488372093
175035,0.2962283492088318,,456294.6976744186
175036,,3.0,456299.3488372093
175051,0.29624834656715393,,456355.6666666667
175052,,2.0,456359.97222222225
175060,0.2962683439254761,,456394.4166666667
175061,,2.0,456398.72222222225
175067,0.2962883412837982,,456424.55555555556
175068,,2.0,456428.8611111111
175073,0.29630833864212036,,456450.3888888889
175074,,2.0,456454.69444444444
175090,0.29633834958076477,,456515.52173913043
175091,,3.0,456519.8695652174
175096,0.2963683605194092,,456541.60869565216
175097,,3.0,456545.95652173914
175108,0.2963983714580536,,456593.7826086957
175109,,3.0,456598.1304347826
175121,0.296428382396698,,456650.3043478261
175122,,3.0,456654.652173913
175137,0.2964583933353424,,456692.5
175138,,3.0,456695.2916666667
175151,0.2964884042739868,,456731.5833333333
175152,,3.0,456734.375
175158,0.2965184152126312,,456751.125
175159,,3.0,456753.9166666667
175171,0.29654842615127563,,456787.4166666667
175172,,3.0,456790.2083333333
175184,0.29657843708992004,,456813.025
175185,,3.0,456815.25
175195,0.29660844802856445,,456837.5
175196,,3.0,456839.725
175202,0.29663845896720886,,456853.075
175203,,3.0,456855.3
175213,0.29666846990585327,,456877.55
175214,,3.0,456879.775
175225,0.29667848348617554,,456903.3333333333
175226,,1.0,456906.0
175233,0.2966884970664978,,456924.6666666667
175234,,1.0,456927.3333333333
175244,0.29669851064682007,,456954.0
175245,,1.0,456956.6666666667
175254,0.29670852422714233,,456980.6666666667
175255,,1.0,456983.3333333333
175266,0.29673853516578674,,457009.2
175267,,3.0,457012.1
175276,0.29676854610443115,,457038.2
175277,,3.0,457041.1
175284,0.29679855704307556,,457061.4
175285,,3.0,457064.3
175296,0.29682856798171997,,457096.2
175297,,3.0,457099.1
175314,0.2968485653400421,,457155.57692307694
175315,,2.0,457159.4038461539
175322,0.29686856269836426,,457186.1923076923
175323,,2.0,457190.01923076925
175337,0.2968885600566864,,457243.5961538461
175338,,2.0,457247.42307692306
175350,0.29690855741500854,,457293.3461538461
175351,,2.0,457297.17307692306
175363,0.2969285547733307,,457332.0
175364,,2.0,457335.44444444444
175373,0.29694855213165283,,457366.44444444444
175374,,2.0,457369.8888888889
175381,0.296968549489975,,457394.0
175382,,2.0,457397.44444444444
175388,0.2969885468482971,,457418.1111111111
175389,,2.0,457421.55555555556
175404,0.29701855778694153,,457485.0
175405,,3.0,457490.0
175412,0.29704856872558594,,457525.0
175413,,3.0,457530.0
175420,0.29707857966423035,,457565.0
175421,,3.0,457570.0
175430,0.29710859060287476,,457615.0
175431,,3.0,457620.0
175448,0.29713860154151917,,457657.9
175449,,3.0,457660.25
175460,0.2971686124801636,,457686.1
175461,,3.0,457688.45
175466,0.297198623418808,,457700.2
175467,,3.0,457702.55
175472,0.2972286343574524,,457714.3
175473,,3.0,457716.65
175487,0.29723864793777466,,457739.1666666667
175488,,1.0,457741.0
175498,0.2972486615180969,,457759.3333333333
175499,,1.0,457761.1666666667
175508,0.2972586750984192,,457777.6666666667
175509,,1.0,457779.5
175516,0.29726868867874146,,457792.3333333333
175517,,1.0,457794.1666666667
175531,0.29729869961738586,,457822.4
175532,,3.0,457824.8
175540,0.2973287105560303,,457844.0
175541,,3.0,457846.4
175551,0.2973587214946747,,457870.4
175552,,3.0,457872.8
175563,0.2973887324333191,,457899.2
175564,,3.0,457901.6
175578,0.2974187433719635,,457955.16279069765
175579,,3.0,457959.81395348837
175590,0.2974487543106079,,458010.9767441861
175591,,3.0,458015.62790697673
175601,0.2974787652492523,,458062.1395348837
175602,,3.0,458066.79069767444
175608,0.29750877618789673,,458094.6976744186
175609,,3.0,458099.3488372093
175620,0.29753878712654114,,458145.0256410256
175621,,3.0,458150.1538461539
175632,0.29756879806518555,,458206.5641025641
175633,,3.0,458211.6923076923
175642,0.29759880900382996,,458257.8461538461
175643,,3.0,458262.9743589744
175649,0.29762881994247437,,458293.74358974356
175650,,3.0,458298.8717948718
175664,0.2976488173007965,,458330.5
175665,,2.0,458332.9090909091
175677,0.29766881465911865,,458361.8181818182
175678,,2.0,458364.2272727273
175686,0.2976888120174408,,458383.5
175687,,2.0,458385.9090909091
175695,0.29770880937576294,,458405.1818181818
175696,,2.0,458407.5909090909
175710,0.2977188229560852,,458433.1282051282
175711,,1.0,458435.23076923075
175717,0.29772883653640747,,458447.8461538461
175718,,1.0,458449.9487179487
175731,0.29773885011672974,,458477.28205128206
175732,,1.0,458479.3846153846
175736,0.297748863697052,,458487.7948717949
175737,,1.0,458489.89743589744
175751,0.297748863697052,,458522.8
175752,,0.0,458525.6
175757,0.297748863697052,,458539.6
175758,,0.0,458542.4
175761,0.297748863697052,,458550.8
175762,,0.0,458553.6
175768,0.297748863697052,,458570.4
175769,,0.0,458573.2
175782,0.29776886105537415,,458607.2195121951
175783,,2.0,458610.34146341466
175792,0.2977888584136963,,458638.43902439025
175793,,2.0,458641.56097560975
175801,0.29780885577201843,,458666.53658536583
175802,,2.0,458669.65853658534
175811,0.2978288531303406,,458697.756097561
175812,,2.0,458700.8780487805
175825,0.2978488504886627,,458731.0
175826,,2.0,458733.7
175835,0.29786884784698486,,458758.0
175836,,2.0,458760.7
175844,0.297888845205307,,458782.3
175845,,2.0,458785.0
175853,0.29790884256362915,,458806.6
175854,,2.0,458809.3
175867,0.29790884256362915,,458834.5
175868,,0.0,458836.75
175874,0.29790884256362915,,458850.25
175875,,0.0,458852.5
175882,0.29790884256362915,,458868.25
175883,,0.0,458870.5
175891,0.29790884256362915,,458888.5
175892,,0.0,458890.75
175903,0.2979288399219513,,458929.75675675675
175904,,2.0,458934.35135135136
175916,0.29794883728027344,,458989.4864864865
175917,,2.0,458994.08108108107
175923,0.2979688346385956,,459021.64864864864
175924,,2.0,459026.24324324325
175930,0.2979888319969177,,459053.8108108108
175931,,2.0,459058.4054054054
175946,0.29801884293556213,,459121.53658536583
175947,,3.0,459126.4146341463
175959,0.29804885387420654,,459184.9512195122
175960,,3.0,459189.8292682927
175966,0.29807886481285095,,459219.0975609756
175967,,3.0,459223.9756097561
175973,0.29810887575149536,,459253.243902439
175974,,3.0,459258.1219512195
175990,0.29813888669013977,,459285.06976744183
175991,,3.0,459286.76744186046
175999,0.2981688976287842,,459300.3488372093
176000,,3.0,459302.0465116279
176011,0.2981989085674286,,459320.72093023255
176012,,3.0,459322.4186046512
176018,0.298228919506073,,459332.6046511628
176019,,3.0,459334.3023255814
176035,0.29823893308639526,,459361.7111111111
176036,,1.0,459363.68888888886
176045,0.29824894666671753,,459381.4888888889
176046,,1.0,459383.4666666667
176054,0.2982589602470398,,459399.2888888889
176055,,1.0,459401.26666666666
176065,0.29826897382736206,,459421.0444444445
176066,,1.0,459423.02222222224
176083,0.2982889711856842,,459460.95454545453
176084,,2.0,459463.5227272727
176091,0.29830896854400635,,459481.5
176092,,2.0,459484.0681818182
176101,0.2983289659023285,,459507.1818181818
176102,,2.0,459509.75
176111,0.29834896326065063,,459532.86363636365
176112,,2.0,459535.4318181818
176124,0.2983589768409729,,459555.2173913043
176125,,1.0,459557.1304347826
176132,0.29836899042129517,,459570.52173913043
176133,,1.0,459572.4347826087
176146,0.29837900400161743,,459597.3043478261
176147,,1.0,459599.2173913043
176159,0.2983890175819397,,459622.17391304346
176160,,1.0,459624.0869565217
176175,0.29839903116226196,,459658.2105263158
176176,,1.0,459660.8947368421
176185,0.29840904474258423,,459685.05263157893
176186,,1.0,459687.7368421053
176194,0.2984190583229065,,459709.2105263158
176195,,1.0,459711.8947368421
176199,0.29842907190322876,,459722.63157894736
176200,,1.0,459725.3157894737
176216,0.298439085483551,,459754.29545454547
176217,,1.0,459756.3181818182
176224,0.2984490990638733,,459770.4772727273
176225,,1.0,459772.5
176235,0.29845911264419556,,459792.7272727273
176236,,1.0,459794.75
176245,0.2984691262245178,,459812.95454545453
176246,,1.0,459814.9772727273
176259,0.2984791398048401,,459843.2162162162
176260,,1.0,459845.8378378378
176266,0.29848915338516235,,459861.5675675676
176267,,1.0,459864.1891891892
176275,0.2984991669654846,,459885.1621621622
176276,,1.0,459887.7837837838
176284,0.2985091805458069,,459908.75675675675
176285,,1.0,459911.3783783784
176295,0.29852917790412903,,459937.70454545453
176296,,2.0,459941.0909090909
176306,0.29854917526245117,,459974.95454545453
176307,,2.0,459978.3409090909
176316,0.2985691726207733,,460008.8181818182
176317,,2.0,460012.20454545453
176330,0.29858916997909546,,460056.2272727273
176331,,2.0,460059.61363636365
176346,0.2986091673374176,,460090.8181818182
176347,,2.0,460093.13636363635
176355,0.29862916469573975,,460111.6818181818
176356,,2.0,460114.0
176362,0.2986491620540619,,460127.9090909091
176363,,2.0,460130.2272727273
176376,0.29866915941238403,,460160.36363636365
176377,,2.0,460162.6818181818
176391,0.2986891567707062,,460190.08
176392,,2.0,460192.36
176405,0.2987091541290283,,460222.0
176406,,2.0,460224.28
176418,0.29872915148735046,,460251.64
176419,,2.0,460253.92
176428,0.2987491488456726,,460274.44
176429,,2.0,460276.72
176444,0.298779159784317,,460299.5
176445,,3.0,460301.2083333333
176453,0.2988091707229614,,460314.875
176454,,3.0,460316.5833333333
176464,0.29883918166160583,,460333.6666666667
176465,,3.0,460335.375
176478,0.29886919260025024,,460357.5833333333
176479,,3.0,460359.2916666667
176496,0.2988891899585724,,460406.27659574465
176497,,2.0,460409.5106382979
176505,0.29890918731689453,,460435.3829787234
176506,,2.0,460438.6170212766
176519,0.2989291846752167,,460480.6595744681
176520,,2.0,460483.89361702127
176527,0.2989491820335388,,460506.5319148936
176528,,2.0,460509.7659574468
176539,0.29896917939186096,,460539.94736842107
176540,,2.0,460543.3157894737
176548,0.2989891767501831,,460570.2631578947
176549,,2.0,460573.63157894736
176556,0.29900917410850525,,460597.2105263158
176557,,2.0,460600.5789473684
176567,0.2990291714668274,,460634.2631578947
176568,,2.0,460637.63157894736
176584,0.29903918504714966,,460669.2195121951
176585,,1.0,460671.39024390245
176594,0.2990491986274719,,460690.9268292683
176595,,1.0,460693.0975609756
176602,0.2990592122077942,,460708.2926829268
176603,,1.0,460710.46341463417
176610,0.29906922578811646,,460725.65853658534
176611,,1.0,460727.8292682927
176623,0.2990792393684387,,460749.6
176624,,1.0,460751.77777777775
176634,0.299089252948761,,460773.55555555556
176635,,1.0,460775.73333333334
176647,0.29909926652908325,,460801.86666666664
176648,,1.0,460804.0444444445
176657,0.2991092801094055,,460823.64444444445
176658,,1.0,460825.8222222222
176676,0.29912927746772766,,460878.5813953488
176677,,2.0,460881.9534883721
176683,0.2991492748260498,,460902.18604651163
176684,,2.0,460905.5581395349
176692,0.29916927218437195,,460932.5348837209
176693,,2.0,460935.9069767442
176702,0.2991892695426941,,460966.25581395347
176703,,2.0,460969.62790697673
176715,0.29919928312301636,,460994.46153846156
176716,,1.0,460996.8461538461
176722,0.2992092967033386,,461011.1538461539
176723,,1.0,461013.53846153844
176735,0.2992193102836609,,461042.1538461539
176736,,1.0,461044.53846153844
176743,0.29922932386398315,,461061.23076923075
176744,,1.0,461063.6153846154
176759,0.2992493212223053,,461097.2
176760,,2.0,461099.8
176770,0.29926931858062744,,461125.8
176771,,2.0,461128.4
176781,0.2992893159389496,,461154.4
176782,,2.0,461157.0
176790,0.29930931329727173,,461177.8
176791,,2.0,461180.4
176804,0.29932931065559387,,461230.77777777775
176805,,2.0,461235.55555555556
176811,0.299349308013916,,461264.22222222225
176812,,2.0,461269.0
176819,0.29936930537223816,,461302.44444444444
176820,,2.0,461307.22222222225
176828,0.2993893027305603,,461345.44444444444
176829,,2.0,461350.22222222225
176844,0.29940930008888245,,461394.2
176845,,2.0,461397.4666666667
176851,0.2994292974472046,,461417.06666666665
176852,,2.0,461420.3333333333
176865,0.29944929480552673,,461462.8
176866,,2.0,461466.06666666665
176875,0.2994692921638489,,461495.4666666667
176876,,2.0,461498.73333333334
176896,0.2994993031024933,,461574.3404255319
176897,,3.0,461578.59574468085
176904,0.2995293140411377,,461608.3829787234
176905,,3.0,461612.6382978723
176911,0.2995593249797821,,461638.170212766
176912,,3.0,461642.42553191487
176924,0.2995893359184265,,461693.4893617021
176925,,3.0,461697.74468085106
176940,0.29960933327674866,,461750.8181818182
176941,,2.0,461754.88636363635
176951,0.2996293306350708,,461795.5681818182
176952,,2.0,461799.63636363635
176962,0.29964932799339294,,461840.3181818182
176963,,2.0,461844.38636363635
176970,0.2996693253517151,,461872.86363636365
176971,,2.0,461876.9318181818
176988,0.29968932271003723,,461936.3333333333
176989,,2.0,461940.28571428574
176999,0.2997093200683594,,461979.8095238095
177000,,2.0,461983.7619047619
177006,0.2997293174266815,,462007.4761904762
177007,,2.0,462011.4285714286
177014,0.29974931478500366,,462039.09523809527
177015,,2.0,462043.04761904763
177034,0.2997693121433258,,462116.3333333333
177035,,2.0,462120.6666666667
177043,0.29978930950164795,,462155.3333333333
177044,,2.0,462159.6666666667
177052,0.2998093068599701,,462194.3333333333
177053,,2.0,462198.6666666667
177061,0.29982930421829224,,462233.3333333333
177062,,2.0,462237.6666666667
177075,0.29985931515693665,,462267.1219512195
177076,,3.0,462269.6341463415
177088,0.29988932609558105,,462299.7804878049
177089,,3.0,462302.2926829268
177096,0.29991933703422546,,462319.8780487805
177097,,3.0,462322.39024390245
177104,0.2999493479728699,,462339.9756097561
177105,,3.0,462342.48780487804
177122,0.299969345331192,,462380.15555555554
177123,,2.0,462382.6666666667
177131,0.29998934268951416,,462402.7555555556
177132,,2.0,462405.26666666666
177138,0.3000093400478363,,462420.3333333333
177139,,2.0,462422.84444444446
177151,0.30002933740615845,,462452.97777777776
177152,,2.0,462455.4888888889
177166,0.30005934834480286,,462471.08108108107
177167,,3.0,462472.2702702703
177174,0.30008935928344727,,462480.5945945946
177175,,3.0,462481.7837837838
177182,0.3001193702220917,,462490.1081081081
177183,,3.0,462491.2972972973
177190,0.3001493811607361,,462499.6216216216
177191,,3.0,462500.8108108108
177203,0.30015939474105835,,462519.82352941175
177204,,1.0,462521.8039215686
177214,0.3001694083213806,,462541.60784313723
177215,,1.0,462543.5882352941
177227,0.3001794219017029,,462567.35294117645
177228,,1.0,462569.3333333333
177243,0.30018943548202515,,462599.03921568627
177244,,1.0,462601.01960784313
177261,0.3002094328403473,,462635.03846153844
177262,,2.0,462637.32692307694
177273,0.30022943019866943,,462662.5
177274,,2.0,462664.78846153844
177285,0.3002494275569916,,462689.96153846156
177286,,2.0,462692.25
177297,0.3002694249153137,,462717.42307692306
177298,,2.0,462719.71153846156
177311,0.300279438495636,,462737.74074074073
177312,,1.0,462739.31481481483
177322,0.30028945207595825,,462755.05555555556
177323,,1.0,462756.6296296296
177337,0.3002994656562805,,462778.6666666667
177338,,1.0,462780.24074074073
177353,0.3003094792366028,,462803.85185185185
177354,,1.0,462805.4259259259
177373,0.3003294765949249,,462868.76
177374,,2.0,462872.62
177383,0.30034947395324707,,462907.36
177384,,2.0,462911.22
177393,0.3003694713115692,,462945.96
177394,,2.0,462949.82
177405,0.30038946866989136,,462992.28
177406,,2.0,462996.14
177420,0.3003994822502136,,463021.7755102041
177421,,1.0,463023.7551020408
177431,0.3004094958305359,,463043.55102040817
177432,,1.0,463045.5306122449
177446,0.30041950941085815,,463073.2448979592
177447,,1.0,463075.2244897959
177456,0.3004295229911804,,463093.0408163265
177457,,1.0,463095.02040816325
177469,0.3004395365715027,,463114.0
177470,,1.0,463115.8888888889
177479,0.30044955015182495,,463132.8888888889
177480,,1.0,463134.77777777775
177491,0.3004595637321472,,463155.55555555556
177492,,1.0,463157.44444444444
177503,0.3004695773124695,,463178.22222222225
177504,,1.0,463180.1111111111
177520,0.30047959089279175,,463208.29545454547
177521,,1.0,463210.3181818182
177526,0.300489604473114,,463220.4318181818
177527,,1.0,463222.45454545453
177536,0.3004996180534363,,463240.6590909091
177537,,1.0,463242.6818181818
177549,0.30050963163375854,,463266.95454545453
177550,,1.0,463268.9772727273
177567,0.3005196452140808,,463295.26666666666
177568,,1.0,463297.0
177577,0.3005296587944031,,463312.6
177578,,1.0,463314.3333333333
177590,0.30053967237472534,,463335.13333333336
177591,,1.0,463336.86666666664
177596,0.3005496859550476,,463345.5333333333
177597,,1.0,463347.26666666666
177614,0.30056968331336975,,463417.15789473685
177615,,2.0,463422.0263157895
177623,0.3005896806716919,,463460.9736842105
177624,,2.0,463465.84210526315
177630,0.30060967803001404,,463495.05263157893
177631,,2.0,463499.9210526316
177636,0.3006296753883362,,463524.2631578947
177637,,2.0,463529.13157894736
177650,0.3006496727466583,,463582.9743589744
177651,,2.0,463587.8717948718
177659,0.30066967010498047,,463627.0512820513
177660,,2.0,463631.9487179487
177667,0.3006896674633026,,463666.23076923075
177668,,2.0,463671.1282051282
177677,0.30070966482162476,,463715.2051282051
177678,,2.0,463720.10256410256
177692,0.30073967576026917,,463750.85
177693,,3.0,463753.2
177702,0.3007696866989136,,463774.35
177703,,3.0,463776.7
177710,0.300799697637558,,463793.15
177711,,3.0,463795.5
177719,0.3008297085762024,,463814.3
177720,,3.0,463816.65
177735,0.30084970593452454,,463871.28571428574
177736,,2.0,463875.64285714284
177741,0.3008697032928467,,463897.4285714286
177742,,2.0,463901.78571428574
177755,0.3008897006511688,,463958.4285714286
177756,,2.0,463962.78571428574
177763,0.30090969800949097,,463993.28571428574
177764,,2.0,463997.64285714284
177779,0.30091971158981323,,464026.24
177780,,1.0,464028.26
177789,0.3009297251701355,,464046.44
177790,,1.0,464048.46
177800,0.30093973875045776,,464068.66
177801,,1.0,464070.68
177815,0.30094975233078003,,464098.96
177816,,1.0,464100.98
177834,0.3009597659111023,,464137.0243902439
177835,,1.0,464139.2926829268
177842,0.30096977949142456,,464155.1707317073
177843,,1.0,464157.43902439025
177851,0.3009797930717468,,464175.5853658537
177852,,1.0,464177.85365853657
177858,0.3009898066520691,,464191.46341463417
177859,,1.0,464193.73170731706
177870,0.3010198175907135,,464233.20930232556
177871,,3.0,464237.8604651163
177881,0.3010498285293579,,464284.37209302327
177882,,3.0,464289.0232558139
177894,0.3010798394680023,,464344.83720930235
177895,,3.0,464349.488372093
177903,0.30110985040664673,,464386.6976744186
177904,,3.0,464391.3488372093
177916,0.301119863986969,,464423.5
177917,,1.0,464426.55555555556
177925,0.30112987756729126,,464451.0
177926,,1.0,464454.05555555556
177933,0.3011398911476135,,464475.44444444444
177934,,1.0,464478.5
177941,0.3011499047279358,,464499.8888888889
177942,,1.0,464502.94444444444
177961,0.30115991830825806,,464532.6666666667
177962,,1.0,464534.3333333333
177972,0.3011699318885803,,464551.0
177973,,1.0,464552.6666666667
177980,0.3011799454689026,,464564.3333333333
177981,,1.0,464566.0
177994,0.30118995904922485,,464587.6666666667
177995,,1.0,464589.3333333333
178010,0.301209956407547,,464642.06976744183
178011,,2.0,464646.32558139536
178022,0.30122995376586914,,464693.1395348837
178023,,2.0,464697.3953488372
178031,0.3012499511241913,,464731.4418604651
178032,,2.0,464735.6976744186
178039,0.3012699484825134,,464765.488372093
178040,,2.0,464769.74418604653
178056,0.3012699484825134,,464795.76086956525
178057,,0.0,464797.4347826087
178067,0.3012699484825134,,464814.17391304346
178068,,0.0,464815.847826087
178077,0.3012699484825134,,464830.9130434783
178078,,0.0,464832.5869565217
178087,0.3012699484825134,,464847.652173913
178088,,0.0,464849.32608695654
178109,0.3012699484825134,,464878.0
178110,,0.0,464879.5
178119,0.3012699484825134,,464893.0
178120,,0.0,464894.5
178130,0.3012699484825134,,464909.5
178131,,0.0,464911.0
178141,0.3012699484825134,,464926.0
178142,,0.0,464927.5
178156,0.30129995942115784,,464966.675
178157,,3.0,464970.1
178163,0.30132997035980225,,464990.65
178164,,3.0,464994.075
178172,0.30135998129844666,,465021.475
178173,,3.0,465024.9
178183,0.30138999223709106,,465059.15
178184,,3.0,465062.575
178197,0.30140000581741333,,465088.3076923077
178198,,1.0,465090.53846153844
178208,0.3014100193977356,,465112.8461538461
178209,,1.0,465115.07692307694
178215,0.30142003297805786,,465128.46153846156
178216,,1.0,465130.6923076923
178224,0.3014300465583801,,465148.53846153844
178225,,1.0,465150.76923076925
178240,0.3014300465583801,,465175.4
178241,,0.0,465177.26666666666
178247,0.3014300465583801,,465188.4666666667
178248,,0.0,465190.3333333333
178258,0.3014300465583801,,465209.0
178259,,0.0,465210.86666666664
178271,0.3014300465583801,,465233.26666666666
178272,,0.0,465235.13333333336
178288,0.3014400601387024,,465263.3095238095
178289,,1.0,465265.3333333333
178296,0.30145007371902466,,465279.5
178297,,1.0,465281.5238095238
178305,0.3014600872993469,,465297.71428571426
178306,,1.0,465299.7380952381
178315,0.3014701008796692,,465317.95238095237
178316,,1.0,465319.9761904762
178336,0.3014701008796692,,465349.625
178337,,0.0,465351.25
178343,0.3014701008796692,,465361.0
178344,,0.0,465362.625
178356,0.3014701008796692,,465382.125
178357,,0.0,465383.75
178365,0.3014701008796692,,465396.75
178366,,0.0,465398.375
178382,0.3015001118183136,,465466.6666666667
178383,,3.0,465471.7948717949
178389,0.301530122756958,,465502.5641025641
178390,,3.0,465507.6923076923
178396,0.3015601336956024,,465538.46153846156
178397,,3.0,465543.58974358975
178406,0.3015901446342468,,465589.74358974356
178407,,3.0,465594.8717948718
178421,0.30162015557289124,,465622.93617021275
178422,,3.0,465625.02127659577
178431,0.30165016651153564,,465643.78723404254
178432,,3.0,465645.87234042556
178440,0.30168017745018005,,465662.55319148937
178441,,3.0,465664.6382978723
178455,0.30171018838882446,,465693.829787234
178456,,3.0,465695.91489361704
178471,0.30174019932746887,,465726.4705882353
178472,,3.0,465728.8431372549
178482,0.3017702102661133,,465752.56862745096
178483,,3.0,465754.9411764706
178494,0.3018002212047577,,465781.03921568627
178495,,3.0,465783.4117647059
178508,0.3018302321434021,,465814.2549019608
178509,,3.0,465816.6274509804
178520,0.30185022950172424,,465842.4482758621
178521,,2.0,465845.3793103448
178526,0.3018702268600464,,465860.0344827586
178527,,2.0,465862.9655172414
178532,0.30189022421836853,,465877.6206896552
178533,,2.0,465880.5517241379
178539,0.3019102215766907,,465898.1379310345
178540,,2.0,465901.0689655172
178550,0.3019402325153351,,465921.8333333333
178551,,3.0,465924.38095238095
178564,0.3019702434539795,,465957.5
178565,,3.0,465960.04761904763
178572,0.3020002543926239,,465977.88095238095
178573,,3.0,465980.4285714286
178583,0.3020302653312683,,466005.90476190473
178584,,3.0,466008.45238095237
178599,0.3020402789115906,,466039.26666666666
178600,,1.0,466041.6222222222
178609,0.30205029249191284,,466062.8222222222
178610,,1.0,466065.1777777778
178623,0.3020603060722351,,466095.8
178624,,1.0,466098.15555555554
178630,0.3020703196525574,,466112.2888888889
178631,,1.0,466114.64444444445
178648,0.30208033323287964,,466146.84210526315
178649,,1.0,466148.9736842105
178657,0.3020903468132019,,466166.0263157895
178658,,1.0,466168.15789473685
178661,0.30210036039352417,,466174.55263157893
178662,,1.0,466176.6842105263
178670,0.30211037397384644,,466193.7368421053
178671,,1.0,466195.86842105264
178681,0.3021203875541687,,466213.75
178682,,1.0,466216.0
178692,0.30213040113449097,,466238.5
178693,,1.0,466240.75
178702,0.30214041471481323,,466261.0
178703,,1.0,466263.25
178712,0.3021504282951355,,466283.5
178713,,1.0,466285.75
178731,0.30217042565345764,,466322.5652173913
178732,,2.0,466324.8695652174
178743,0.3021904230117798,,466350.2173913043
178744,,2.0,466352.52173913043
178753,0.30221042037010193,,466373.26086956525
178754,,2.0,466375.5652173913
178760,0.3022304177284241,,466389.39130434784
178761,,2.0,466391.6956521739
178775,0.3022504150867462,,466431.3043478261
178776,,2.0,466434.6956521739
178786,0.30227041244506836,,466468.60869565216
178787,,2.0,466472.0
178796,0.3022904098033905,,466502.52173913043
178797,,2.0,466505.9130434783
178808,0.30231040716171265,,466543.2173913043
178809,,2.0,466546.60869565216
178822,0.3023204207420349,,466571.3333333333
178823,,1.0,466573.4666666667
178834,0.3023304343223572,,466596.93333333335
178835,,1.0,466599.06666666665
178845,0.30234044790267944,,466620.4
178846,,1.0,466622.5333333333
178855,0.3023504614830017,,466641.73333333334
178856,,1.0,466643.86666666664
178876,0.3023504614830017,,466671.67346938775
178877,,0.0,466673.1836734694
178885,0.3023504614830017,,466685.2653061224
178886,,0.0,466686.7755102041
178894,0.3023504614830017,,466698.85714285716
178895,,0.0,466700.36734693876
178906,0.3023504614830017,,466716.97959183675
178907,,0.0,466718.48979591834
178922,0.302360475063324,,466742.4347826087
178923,,1.0,466744.3043478261
178933,0.30237048864364624,,466763.0
178934,,1.0,466764.8695652174
178943,0.3023805022239685,,466781.6956521739
178944,,1.0,466783.5652173913
178954,0.30239051580429077,,466802.26086956525
178955,,1.0,466804.1304347826
178968,0.30239051580429077,,466824.53658536583
178969,,0.0,466826.39024390245
178977,0.30239051580429077,,466841.2195121951
178978,,0.0,466843.0731707317
178990,0.30239051580429077,,466865.31707317074
178991,,0.0,466867.1707317073
178997,0.30239051580429077,,466878.2926829268
178998,,0.0,466880.14634146343
179011,0.30239051580429077,,466900.83720930235
179012,,0.0,466902.72093023255
179020,0.30239051580429077,,466917.79069767444
179021,,0.0,466919.67441860464
179027,0.30239051580429077,,466930.9767441861
179028,,0.0,466932.8604651163
179042,0.30239051580429077,,466959.23255813954
179043,,0.0,466961.11627906974
179060,0.3024105131626129,,467000.4347826087
179061,,2.0,467003.10869565216
179072,0.30243051052093506,,467032.52173913043
179073,,2.0,467035.1956521739
179080,0.3024505078792572,,467053.9130434783
179081,,2.0,467056.5869565217
179090,0.30247050523757935,,467080.652173913
179091,,2.0,467083.32608695654
179110,0.30247050523757935,,467115.71428571426
179111,,0.0,467117.5714285714
179116,0.30247050523757935,,467126.85714285716
179117,,0.0,467128.71428571426
179122,0.30247050523757935,,467138.0
179123,,0.0,467139.85714285716
179134,0.30247050523757935,,467160.28571428574
179135,,0.0,467162.14285714284
179152,0.30247050523757935,,467184.44
179153,,0.0,467185.9
179159,0.30247050523757935,,467194.66
179160,,0.0,467196.12
179167,0.30247050523757935,,467206.34
179168,,0.0,467207.8
179186,0.30247050523757935,,467234.08
179187,,0.0,467235.54
179198,0.3024905025959015,,467270.69696969696
179199,,2.0,467274.9090909091
179204,0.30251049995422363,,467295.9696969697
179205,,2.0,467300.1818181818
179213,0.3025304973125458,,467333.8787878788
179214,,2.0,467338.0909090909
179221,0.3025504946708679,,467367.57575757575
179222,,2.0,467371.7878787879
179237,0.30258050560951233,,467413.9090909091
179238,,3.0,467417.0681818182
179248,0.30261051654815674,,467448.6590909091
179249,,3.0,467451.8181818182
179257,0.30264052748680115,,467477.0909090909
179258,,3.0,467480.25
179267,0.30267053842544556,,467508.6818181818
179268,,3.0,467511.8409090909
179282,0.30267053842544556,,467533.5777777778
179283,,0.0,467535.26666666666
179291,0.30267053842544556,,467548.77777777775
179292,,0.0,467550.4666666667
179305,0.30267053842544556,,467572.4222222222
179306,,0.0,467574.1111111111
179314,0.30267053842544556,,467587.6222222222
179315,,0.0,467589.31111111114
179331,0.30270054936408997,,467626.75
179332,,3.0,467629.5
179341,0.3027305603027344,,467654.25
179342,,3.0,467657.0
179350,0.3027605712413788,,467679.0
179351,,3.0,467681.75
179356,0.3027905821800232,,467695.5
179357,,3.0,467698.25
179375,0.30281057953834534,,467737.4285714286
179376,,2.0,467739.85714285716
179389,0.3028305768966675,,467771.4285714286
179390,,2.0,467773.85714285716
179400,0.3028505742549896,,467798.14285714284
179401,,2.0,467800.5714285714
179407,0.30287057161331177,,467815.14285714284
179408,,2.0,467817.5714285714
179422,0.3028905689716339,,467842.78571428574
179423,,2.0,467844.85714285716
179436,0.30291056632995605,,467871.78571428574
179437,,2.0,467873.85714285716
179444,0.3029305636882782,,467888.35714285716
179445,,2.0,467890.4285714286
179451,0.30295056104660034,,467902.85714285716
179452,,2.0,467904.9285714286
179467,0.3029605746269226,,467931.6
179468,,1.0,467933.65
179477,0.3029705882072449,,467952.1
179478,,1.0,467954.15
179482,0.30298060178756714,,467962.35
179483,,1.0,467964.4
179493,0.3029906153678894,,467984.9
179494,,1.0,467986.95
179507,0.3029906153678894,,468008.25
179508,,0.0,468010.175
179518,0.3029906153678894,,468029.425
179519,,0.0,468031.35
179527,0.3029906153678894,,468046.75
179528,,0.0,468048.675
179535,0.3029906153678894,,468062.15
179536,,0.0,468064.075
179547,0.30300062894821167,,468086.97297297296
179548,,1.0,468089.5945945946
179554,0.30301064252853394,,468105.3243243243
179555,,1.0,468107.9459459459
179563,0.3030206561088562,,468128.91891891893
179564,,1.0,468131.54054054053
179574,0.30303066968917847,,468157.75675675675
179575,,1.0,468160.3783783784
179594,0.3030506670475006,,468206.02222222224
179595,,2.0,468208.7111111111
179603,0.30307066440582275,,468230.22222222225
179604,,2.0,468232.9111111111
179614,0.3030906617641449,,468259.8
179615,,2.0,468262.4888888889
179621,0.30311065912246704,,468278.6222222222
179622,,2.0,468281.31111111114
179638,0.3031306564807892,,468313.7631578947
179639,,2.0,468316.05263157893
179649,0.30315065383911133,,468338.94736842107
179650,,2.0,468341.2368421053
179657,0.30317065119743347,,468357.2631578947
179658,,2.0,468359.55263157893
179661,0.3031906485557556,,468366.4210526316
179662,,2.0,468368.7105263158
179678,0.3032006621360779,,468399.2195121951
179679,,1.0,468401.39024390245
179688,0.30321067571640015,,468420.9268292683
179689,,1.0,468423.0975609756
179696,0.3032206892967224,,468438.2926829268
179697,,1.0,468440.46341463417
179704,0.3032307028770447,,468455.65853658534
179705,,1.0,468457.8292682927
179719,0.30324071645736694,,468483.40425531915
179720,,1.0,468485.5319148936
179728,0.3032507300376892,,468502.55319148937
179729,,1.0,468504.6808510638
179741,0.3032607436180115,,468530.21276595746
179742,,1.0,468532.3404255319
179753,0.30327075719833374,,468555.74468085106
179754,,1.0,468557.87234042556
179776,0.30327075719833374,,468589.03773584904
179777,,0.0,468590.56603773584
179786,0.30327075719833374,,468604.320754717
179787,,0.0,468605.8490566038
179798,0.30327075719833374,,468622.6603773585
179799,,0.0,468624.1886792453
179808,0.30327075719833374,,468637.9433962264
179809,,0.0,468639.4716981132
179827,0.30327075719833374,,468668.20930232556
179828,,0.0,468670.0232558139
179837,0.30327075719833374,,468686.3488372093
179838,,0.0,468688.16279069765
179846,0.30327075719833374,,468702.67441860464
179847,,0.0,468704.488372093
179853,0.30327075719833374,,468715.37209302327
179854,,0.0,468717.18604651163
179873,0.30327075719833374,,468746.73333333334
179874,,0.0,468748.4666666667
179881,0.30327075719833374,,468760.6
179882,,0.0,468762.3333333333
179891,0.30327075719833374,,468777.93333333335
179892,,0.0,468779.6666666667
179900,0.30327075719833374,,468793.5333333333
179901,,0.0,468795.26666666666
179911,0.303280770778656,,468808.2291666667
179912,,1.0,468809.8333333333
179921,0.30329078435897827,,468824.2708333333
179922,,1.0,468825.875
179936,0.30330079793930054,,468848.3333333333
179937,,1.0,468849.9375
179950,0.3033108115196228,,468870.7916666667
179951,,1.0,468872.3958333333
179965,0.3033408224582672,,468925.16279069765
179966,,3.0,468929.81395348837
179972,0.3033708333969116,,468957.72093023255
179973,,3.0,468962.37209302327
179983,0.30340084433555603,,469008.88372093026
179984,,3.0,469013.5348837209
179995,0.30343085527420044,,469064.6976744186
179996,,3.0,469069.3488372093
180009,0.3034408688545227,,469092.25
180010,,1.0,469094.075
180015,0.30345088243484497,,469103.2
180016,,1.0,469105.025
180028,0.30346089601516724,,469126.925
180029,,1.0,469128.75
180037,0.3034709095954895,,469143.35
180038,,1.0,469145.175
180056,0.30349090695381165,,469176.42307692306
180057,,2.0,469178.3846153846
180066,0.3035109043121338,,469196.03846153844
180067,,2.0,469198.0
180075,0.30353090167045593,,469213.6923076923
180076,,2.0,469215.6538461539
180091,0.3035508990287781,,469245.07692307694
180092,,2.0,469247.03846153844
180106,0.30356091260910034,,469269.2888888889
180107,,1.0,469271.13333333336
180115,0.3035709261894226,,469285.8888888889
180116,,1.0,469287.73333333334
180128,0.3035809397697449,,469309.86666666664
180129,,1.0,469311.7111111111
180138,0.30359095335006714,,469328.31111111114
180139,,1.0,469330.15555555554
180155,0.30359095335006714,,469355.3409090909
180156,,0.0,469357.13636363635
180163,0.30359095335006714,,469369.70454545453
180164,,0.0,469371.5
180173,0.30359095335006714,,469387.6590909091
180174,,0.0,469389.45454545453
180184,0.30359095335006714,,469407.4090909091
180185,,0.0,469409.20454545453
180198,0.30359095335006714,,469431.0
180199,,0.0,469433.0
180207,0.30359095335006714,,469449.0
180208,,0.0,469451.0
180216,0.30359095335006714,,469467.0
180217,,0.0,469469.0
180225,0.30359095335006714,,469485.0
180226,,0.0,469487.0
180243,0.3036009669303894,,469513.36
180244,,1.0,469515.1
180255,0.30361098051071167,,469534.24
180256,,1.0,469535.98
180265,0.30362099409103394,,469551.64
180266,,1.0,469553.38
180277,0.3036310076713562,,469572.52
180278,,1.0,469574.26
180296,0.30364102125167847,,469604.6956521739
180297,,1.0,469606.60869565216
180306,0.30365103483200073,,469623.82608695654
180307,,1.0,469625.73913043475
180315,0.303661048412323,,469641.04347826086
180316,,1.0,469642.95652173914
180325,0.30367106199264526,,469660.17391304346
180326,,1.0,469662.0869565217
180338,0.30367106199264526,,469682.4285714286
180339,,0.0,469684.4761904762
180350,0.30367106199264526,,469707.0
180351,,0.0,469709.04761904763
180360,0.30367106199264526,,469727.4761904762
180361,,0.0,469729.5238095238
180369,0.30367106199264526,,469745.90476190473
180370,,0.0,469747.95238095237
180387,0.30368107557296753,,469791.06666666665
180388,,1.0,469794.0
180399,0.3036910891532898,,469826.26666666666
180400,,1.0,469829.2
180407,0.30370110273361206,,469849.73333333334
180408,,1.0,469852.6666666667
180416,0.3037111163139343,,469876.13333333336
180417,,1.0,469879.06666666665
180431,0.30373111367225647,,469916.22222222225
180432,,2.0,469919.3333333333
180439,0.3037511110305786,,469941.1111111111
180440,,2.0,469944.22222222225
180449,0.30377110838890076,,469972.22222222225
180450,,2.0,469975.3333333333
180454,0.3037911057472229,,469987.77777777775
180455,,2.0,469990.8888888889
180473,0.30380111932754517,,470023.347826087
180474,,1.0,470025.3043478261
180483,0.30381113290786743,,470042.9130434783
180484,,1.0,470044.8695652174
180492,0.3038211464881897,,470060.52173913043
180493,,1.0,470062.47826086957
180502,0.30383116006851196,,470080.0869565217
180503,,1.0,470082.04347826086
180521,0.30384117364883423,,470117.21428571426
180522,,1.0,470119.4285714286
180528,0.3038511872291565,,470132.71428571426
180529,,1.0,470134.9285714286
180539,0.30386120080947876,,470157.0714285714
180540,,1.0,470159.28571428574
180546,0.303871214389801,,470172.5714285714
180547,,1.0,470174.78571428574
180557,0.303871214389801,,470192.7073170732
180558,,0.0,470194.9512195122
180570,0.303871214389801,,470221.8780487805
180571,,0.0,470224.1219512195
180579,0.303871214389801,,470242.0731707317
180580,,0.0,470244.31707317074
180589,0.303871214389801,,470264.51219512196
180590,,0.0,470266.756097561
180603,0.30389121174812317,,470295.85714285716
180604,,2.0,470298.54285714286
180611,0.3039112091064453,,470317.34285714285
180612,,2.0,470320.02857142856
180618,0.30393120646476746,,470336.14285714284
180619,,2.0,470338.82857142854
180626,0.3039512038230896,,470357.6285714286
180627,,2.0,470360.3142857143
180647,0.30396121740341187,,470387.51923076925
180648,,1.0,470388.96153846156
180662,0.30397123098373413,,470409.1538461539
180663,,1.0,470410.5961538461
180670,0.3039812445640564,,470420.6923076923
180671,,1.0,470422.1346153846
180680,0.30399125814437866,,470435.1153846154
180681,,1.0,470436.5576923077
180699,0.3040012717247009,,470464.4893617021
180700,,1.0,470466.25531914894
180707,0.3040112853050232,,470478.6170212766
180708,,1.0,470480.3829787234
180716,0.30402129888534546,,470494.5106382979
180717,,1.0,470496.27659574465
180729,0.3040313124656677,,470517.4680851064
180730,,1.0,470519.2340425532
180742,0.30405130982398987,,470539.20930232556
180743,,2.0,470541.23255813954
180750,0.304071307182312,,470555.3953488372
180751,,2.0,470557.4186046512
180767,0.30409130454063416,,470589.79069767444
180768,,2.0,470591.81395348837
180774,0.3041113018989563,,470603.9534883721
180775,,2.0,470605.9767441861
180793,0.30412131547927856,,470639.2244897959
180794,,1.0,470641.306122449
180803,0.30413132905960083,,470660.0408163265
180804,,1.0,470662.1224489796
180813,0.3041413426399231,,470680.85714285716
180814,,1.0,470682.9387755102
180825,0.30415135622024536,,470705.8367346939
180826,,1.0,470707.9183673469
180839,0.30415135622024536,,470730.76923076925
180840,,0.0,470732.8461538461
180848,0.30415135622024536,,470749.46153846156
180849,,0.0,470751.53846153844
180856,0.30415135622024536,,470766.07692307694
180857,,0.0,470768.1538461539
180866,0.30415135622024536,,470786.8461538461
180867,,0.0,470788.92307692306
180881,0.3041613698005676,,470810.1914893617
180882,,1.0,470811.93617021275
180891,0.3041713833808899,,470827.6382978723
180892,,1.0,470829.3829787234
180904,0.30418139696121216,,470850.3191489362
180905,,1.0,470852.06382978725
180915,0.3041914105415344,,470869.5106382979
180916,,1.0,470871.25531914894
180931,0.30421140789985657,,470899.3076923077
180932,,2.0,470901.5
180945,0.3042314052581787,,470930.0
180946,,2.0,470932.1923076923
180958,0.30425140261650085,,470958.5
180959,,2.0,470960.6923076923
180969,0.304271399974823,,470982.6153846154
180970,,2.0,470984.8076923077
180985,0.30429139733314514,,471020.86666666664
180986,,2.0,471023.68888888886
180996,0.3043113946914673,,471051.9111111111
180997,,2.0,471054.73333333334
181002,0.30433139204978943,,471068.84444444446
181003,,2.0,471071.6666666667
181016,0.3043513894081116,,471108.35555555555
181017,,2.0,471111.1777777778
181034,0.304381400346756,,471141.04545454547
181035,,3.0,471142.9772727273
181045,0.3044114112854004,,471162.29545454547
181046,,3.0,471164.2272727273
181049,0.3044414222240448,,471170.0227272727
181050,,3.0,471171.95454545453
181062,0.3044714331626892,,471195.13636363635
181063,,3.0,471197.0681818182
181077,0.3044714331626892,,471219.075
181078,,0.0,471220.9
181087,0.3044714331626892,,471237.325
181088,,0.0,471239.15
181096,0.3044714331626892,,471253.75
181097,,0.0,471255.575
181104,0.3044714331626892,,471268.35
181105,,0.0,471270.175
181120,0.3044814467430115,,471297.06666666665
181121,,1.0,471299.15555555554
181130,0.30449146032333374,,471317.9555555555
181131,,1.0,471320.0444444445
181140,0.304501473903656,,471338.84444444446
181141,,1.0,471340.93333333335
181151,0.30451148748397827,,471361.8222222222
181152,,1.0,471363.9111111111
181167,0.30452150106430054,,471393.39130434784
181168,,1.0,471395.67391304346
181178,0.3045315146446228,,471418.5
181179,,1.0,471420.7826086957
181188,0.30454152822494507,,471441.32608695654
181189,,1.0,471443.60869565216
181199,0.30455154180526733,,471466.4347826087
181200,,1.0,471468.7173913043
181221,0.30458155274391174,,471514.92
181222,,3.0,471517.36
181228,0.30461156368255615,,471532.0
181229,,3.0,471534.44
181239,0.30464157462120056,,471558.84
181240,,3.0,471561.28
181251,0.30467158555984497,,471588.12
181252,,3.0,471590.56
181266,0.3046915829181671,,471623.1794871795
181267,,2.0,471625.92307692306
181276,0.30471158027648926,,471650.6153846154
181277,,2.0,471653.358974359
181285,0.3047315776348114,,471675.3076923077
181286,,2.0,471678.0512820513
181292,0.30475157499313354,,471694.5128205128
181293,,2.0,471697.25641025644
181311,0.3047615885734558,,471722.6271186441
181312,,1.0,471724.13559322036
181326,0.3047716021537781,,471745.25423728814
181327,,1.0,471746.76271186443
181340,0.30478161573410034,,471766.3728813559
181341,,1.0,471767.8813559322
181353,0.3047916293144226,,471785.9830508475
181354,,1.0,471787.4915254237
181371,0.3047916293144226,,471811.75
181372,,0.0,471813.375
181383,0.3047916293144226,,471831.25
181384,,0.0,471832.875
181391,0.3047916293144226,,471844.25
181392,,0.0,471845.875
181403,0.3047916293144226,,471863.75
181404,,0.0,471865.375
181421,0.3048016428947449,,471894.44
181422,,1.0,471896.4
181431,0.30481165647506714,,471914.04
181432,,1.0,471916.0
181444,0.3048216700553894,,471939.52
181445,,1.0,471941.48
181455,0.30483168363571167,,471961.08
181456,,1.0,471963.04
181468,0.30483168363571167,,471983.64285714284
181469,,0.0,471985.71428571426
181481,0.30483168363571167,,472010.5714285714
181482,,0.0,472012.64285714284
181488,0.30483168363571167,,472025.0714285714
181489,,0.0,472027.14285714284
181499,0.30483168363571167,,472047.85714285716
181500,,0.0,472049.9285714286
181516,0.30484169721603394,,472078.0
181517,,1.0,472080.0
181527,0.3048517107963562,,472100.0
181528,,1.0,472102.0
181537,0.30486172437667847,,472120.0
181538,,1.0,472122.0
181546,0.30487173795700073,,472138.0
181547,,1.0,472140.0
181561,0.304881751537323,,472162.2888888889
181562,,1.0,472164.13333333336
181572,0.30489176511764526,,472182.5777777778
181573,,1.0,472184.4222222222
181585,0.30490177869796753,,472206.55555555556
181586,,1.0,472208.4
181593,0.3049117922782898,,472221.31111111114
181594,,1.0,472223.15555555554
181609,0.30492180585861206,,472245.6808510638
181610,,1.0,472247.40425531915
181618,0.3049318194389343,,472261.1914893617
181619,,1.0,472262.91489361704
181630,0.3049418330192566,,472281.87234042556
181631,,1.0,472283.59574468085
181642,0.30495184659957886,,472302.55319148937
181643,,1.0,472304.27659574465
181654,0.30495184659957886,,472319.44680851063
181655,,0.0,472321.12765957444
181666,0.30495184659957886,,472339.6170212766
181667,,0.0,472341.2978723404
181676,0.30495184659957886,,472356.42553191487
181677,,0.0,472358.10638297873
181691,0.30495184659957886,,472381.6382978723
181692,,0.0,472383.3191489362
181709,0.3049618601799011,,472411.5714285714
181710,,1.0,472413.4693877551
181720,0.3049718737602234,,472432.44897959183
181721,,1.0,472434.3469387755
181732,0.30498188734054565,,472455.2244897959
181733,,1.0,472457.1224489796
181742,0.3049919009208679,,472474.20408163266
181743,,1.0,472476.10204081633
181761,0.3049919009208679,,472502.375
181762,,0.0,472504.0
181771,0.3049919009208679,,472518.625
181772,,0.0,472520.25
181780,0.3049919009208679,,472533.25
181781,,0.0,472534.875
181792,0.3049919009208679,,472552.75
181793,,0.0,472554.375
181812,0.3050019145011902,,472591.82608695654
181813,,1.0,472594.0652173913
181822,0.30501192808151245,,472614.2173913043
181823,,1.0,472616.45652173914
181829,0.3050219416618347,,472629.89130434784
181830,,1.0,472632.1304347826
181840,0.305031955242157,,472654.52173913043
181841,,1.0,472656.76086956525
181851,0.3050519526004791,,472685.9393939394
181852,,2.0,472689.7878787879
181860,0.30507194995880127,,472720.57575757575
181861,,2.0,472724.42424242425
181868,0.3050919473171234,,472751.36363636365
181869,,2.0,472755.2121212121
181875,0.30511194467544556,,472778.30303030304
181876,,2.0,472782.1515151515
181889,0.30511194467544556,,472803.8048780488
181890,,0.0,472805.5853658537
181901,0.30511194467544556,,472825.1707317073
181902,,0.0,472826.9512195122
181909,0.30511194467544556,,472839.4146341463
181910,,0.0,472841.1951219512
181918,0.30511194467544556,,472855.43902439025
181919,,0.0,472857.2195121951
181932,0.30511194467544556,,472881.3076923077
181933,,0.0,472883.53846153844
181938,0.30511194467544556,,472894.6923076923
181939,,0.0,472896.92307692306
181946,0.30511194467544556,,472912.53846153844
181947,,0.0,472914.76923076925
181959,0.30511194467544556,,472941.53846153844
181960,,0.0,472943.76923076925
181978,0.3051319420337677,,472991.0
181979,,2.0,472994.0
181983,0.30515193939208984,,473006.0
181984,,2.0,473009.0
181997,0.305171936750412,,473048.0
181998,,2.0,473051.0
182007,0.30519193410873413,,473078.0
182008,,2.0,473081.0
182027,0.3052019476890564,,473117.1707317073
182028,,1.0,473119.243902439
182037,0.30521196126937866,,473137.9024390244
182038,,1.0,473139.9756097561
182044,0.3052219748497009,,473152.4146341463
182045,,1.0,473154.48780487804
182050,0.3052319884300232,,473164.85365853657
182051,,1.0,473166.9268292683
182067,0.30524200201034546,,473190.4259259259
182068,,1.0,473192.0740740741
182079,0.3052520155906677,,473210.2037037037
182080,,1.0,473211.85185185185
182093,0.30526202917099,,473233.27777777775
182094,,1.0,473234.9259259259
182106,0.30527204275131226,,473254.7037037037
182107,,1.0,473256.35185185185
182124,0.30530205368995667,,473288.08510638296
182125,,3.0,473290.2340425532
182136,0.3053320646286011,,473313.87234042556
182137,,3.0,473316.02127659577
182145,0.3053620755672455,,473333.21276595746
182146,,3.0,473335.3617021277
182155,0.3053920865058899,,473354.7021276596
182156,,3.0,473356.8510638298
182170,0.3053920865058899,,473376.84444444446
182171,,0.0,473378.4666666667
182179,0.3053920865058899,,473391.44444444444
182180,,0.0,473393.06666666665
182191,0.3053920865058899,,473410.9111111111
182192,,0.0,473412.5333333333
182202,0.3053920865058899,,473428.7555555556
182203,,0.0,473430.3777777778
182215,0.3053920865058899,,473452.25
182216,,0.0,473454.5
182222,0.3053920865058899,,473468.0
182223,,0.0,473470.25
182233,0.3053920865058899,,473492.75
182234,,0.0,473495.0
182240,0.3053920865058899,,473508.5
182241,,0.0,473510.75
182255,0.30540210008621216,,473534.73170731706
182256,,1.0,473536.7073170732
182266,0.3054121136665344,,473556.46341463417
182267,,1.0,473558.43902439025
182277,0.3054221272468567,,473578.1951219512
182278,,1.0,473580.1707317073
182283,0.30543214082717896,,473590.0487804878
182284,,1.0,473592.0243902439
182299,0.3054521381855011,,473622.9090909091
182300,,2.0,473625.3181818182
182310,0.30547213554382324,,473649.4090909091
182311,,2.0,473651.8181818182
182319,0.3054921329021454,,473671.0909090909
182320,,2.0,473673.5
182329,0.30551213026046753,,473695.1818181818
182330,,2.0,473697.5909090909
182347,0.30551213026046753,,473726.37209302327
182348,,0.0,473728.25581395347
182355,0.30551213026046753,,473741.4418604651
182356,,0.0,473743.32558139536
182368,0.30551213026046753,,473765.93023255817
182369,,0.0,473767.81395348837
182374,0.30551213026046753,,473777.23255813954
182375,,0.0,473779.11627906974
182389,0.30551213026046753,,473800.0816326531
182390,,0.0,473801.8163265306
182400,0.30551213026046753,,473819.1632653061
182401,,0.0,473820.89795918367
182413,0.30551213026046753,,473841.71428571426
182414,,0.0,473843.44897959183
182425,0.30551213026046753,,473862.5306122449
182426,,0.0,473864.2653061224
182440,0.3055221438407898,,473889.0
182441,,1.0,473891.0909090909
182451,0.30553215742111206,,473912.0
182452,,1.0,473914.0909090909
182462,0.3055421710014343,,473935.0
182463,,1.0,473937.0909090909
182471,0.3055521845817566,,473953.8181818182
182472,,1.0,473955.9090909091
182492,0.30556219816207886,,473998.5681818182
182493,,1.0,474000.95454545453
182500,0.3055722117424011,,474017.6590909091
182501,,1.0,474020.04545454547
182507,0.3055822253227234,,474034.36363636365
182508,,1.0,474036.75
182517,0.30559223890304565,,474058.2272727273
182518,,1.0,474060.61363636365
182535,0.3056022524833679,,474088.6170212766
182536,,1.0,474090.44680851063
182544,0.3056122660636902,,474105.08510638296
182545,,1.0,474106.91489361704
182551,0.30562227964401245,,474117.89361702127
182552,,1.0,474119.72340425535
182566,0.3056322932243347,,474145.3404255319
182567,,1.0,474147.170212766
182586,0.305642306804657,,474178.15555555554
182587,,1.0,474179.97777777776
182597,0.30565232038497925,,474198.2
182598,,1.0,474200.02222222224
182608,0.3056623339653015,,474218.2444444444
182609,,1.0,474220.06666666665
182613,0.3056723475456238,,474227.35555555555
182614,,1.0,474229.1777777778
182625,0.3056923449039459,,474261.93333333335
182626,,2.0,474265.8
182634,0.30571234226226807,,474296.73333333334
182635,,2.0,474300.6
182649,0.3057323396205902,,474354.73333333334
182650,,2.0,474358.6
182660,0.30575233697891235,,474397.26666666666
182661,,2.0,474401.13333333336
182677,0.30578234791755676,,474457.0
182678,,3.0,474461.0
182689,0.30581235885620117,,474505.0
182690,,3.0,474509.0
182702,0.3058423697948456,,474557.0
182703,,3.0,474561.0
182712,0.30587238073349,,474597.0
182713,,3.0,474601.0
182724,0.30587238073349,,474620.6
182725,,0.0,474622.55
182732,0.30587238073349,,474636.2
182733,,0.0,474638.15
182740,0.30587238073349,,474651.8
182741,,0.0,474653.75
182754,0.30587238073349,,474679.1
182755,,0.0,474681.05
182777,0.30589237809181213,,474725.94
182778,,2.0,474728.2
182786,0.3059123754501343,,474746.28
182787,,2.0,474748.54
182797,0.3059323728084564,,474771.14
182798,,2.0,474773.4
182806,0.30595237016677856,,474791.48
182807,,2.0,474793.74
182824,0.3059723675251007,,474831.0
182825,,2.0,474833.5
182832,0.30599236488342285,,474851.0
182833,,2.0,474853.5
182842,0.306012362241745,,474876.0
182843,,2.0,474878.5
182852,0.30603235960006714,,474901.0
182853,,2.0,474903.5
182868,0.3060423731803894,,474936.28571428574
182869,,1.0,474938.8095238095
182877,0.30605238676071167,,474959.0
182878,,1.0,474961.5238095238
182887,0.30606240034103394,,474984.2380952381
182888,,1.0,474986.7619047619
182896,0.3060724139213562,,475006.95238095237
182897,,1.0,475009.4761904762
182909,0.3060724139213562,,475026.74468085106
182910,,0.0,475028.3829787234
182920,0.3060724139213562,,475044.7659574468
182921,,0.0,475046.40425531915
182931,0.3060724139213562,,475062.78723404254
182932,,0.0,475064.42553191487
182945,0.3060724139213562,,475085.72340425535
182946,,0.0,475087.3617021277
182959,0.3060724139213562,,475105.0869565217
182960,,0.0,475106.6956521739
182971,0.3060724139213562,,475124.39130434784
182972,,0.0,475126.0
182983,0.3060724139213562,,475143.6956521739
182984,,0.0,475145.3043478261
182993,0.3060724139213562,,475159.7826086957
182994,,0.0,475161.39130434784
183017,0.3060724139213562,,475191.46153846156
183018,,0.0,475192.8846153846
183025,0.3060724139213562,,475202.8461538461
183026,,0.0,475204.26923076925
183037,0.3060724139213562,,475219.92307692306
183038,,0.0,475221.3461538461
183047,0.3060724139213562,,475234.1538461539
183048,,0.0,475235.57692307694
183066,0.30608242750167847,,475273.27906976745
183067,,1.0,475275.6976744186
183077,0.30609244108200073,,475299.88372093026
183078,,1.0,475302.3023255814
183083,0.306102454662323,,475314.3953488372
183084,,1.0,475316.81395348837
183092,0.30611246824264526,,475336.16279069765
183093,,1.0,475338.5813953488
183109,0.30611246824264526,,475369.45945945947
183110,,0.0,475371.64864864864
183116,0.30611246824264526,,475384.7837837838
183117,,0.0,475386.97297297296
183125,0.30611246824264526,,475404.4864864865
183126,,0.0,475406.6756756757
183131,0.30611246824264526,,475417.6216216216
183132,,0.0,475419.8108108108
183144,0.30612248182296753,,475441.5319148936
183145,,1.0,475443.7021276596
183156,0.3061324954032898,,475467.57446808513
183157,,1.0,475469.74468085106
183172,0.30614250898361206,,475502.2978723404
183173,,1.0,475504.4680851064
183180,0.3061525225639343,,475519.6595744681
183181,,1.0,475521.829787234
183190,0.3061625361442566,,475539.3
183191,,1.0,475541.85
183199,0.30617254972457886,,475562.25
183200,,1.0,475564.8
183213,0.3061825633049011,,475597.95
183214,,1.0,475600.5
183222,0.3061925768852234,,475620.9
183223,,1.0,475623.45
183242,0.3061925768852234,,475647.8947368421
183243,,0.0,475649.2631578947
183254,0.3061925768852234,,475664.3157894737
183255,,0.0,475665.6842105263
183269,0.3061925768852234,,475684.84210526315
183270,,0.0,475686.2105263158
183281,0.3061925768852234,,475701.2631578947
183282,,0.0,475702.63157894736
183302,0.3061925768852234,,475729.32653061225
183303,,0.0,475730.8163265306
183309,0.3061925768852234,,475739.7551020408
183310,,0.0,475741.2448979592
183321,0.3061925768852234,,475757.63265306124
183322,,0.0,475759.1224489796
183332,0.3061925768852234,,475774.02040816325
183333,,0.0,475775.51020408166
183343,0.3061925768852234,,475789.5348837209
183344,,0.0,475791.32558139536
183349,0.3061925768852234,,475800.27906976745
183350,,0.0,475802.06976744183
183362,0.3061925768852234,,475823.5581395349
183363,,0.0,475825.3488372093
183377,0.3061925768852234,,475850.4186046512
183378,,0.0,475852.20930232556
183397,0.3061925768852234,,475883.0232558139
183398,,0.0,475884.83720930235
183405,0.3061925768852234,,475897.5348837209
183406,,0.0,475899.3488372093
183417,0.3061925768852234,,475919.3023255814
183418,,0.0,475921.11627906974
183422,0.3061925768852234,,475928.37209302327
183423,,0.0,475930.18604651163
183436,0.30620259046554565,,475954.32558139536
183437,,1.0,475956.5581395349
183450,0.3062126040458679,,475985.5813953488
183451,,1.0,475987.81395348837
183459,0.3062226176261902,,476005.67441860464
183460,,1.0,476007.9069767442
183467,0.30623263120651245,,476023.5348837209
183468,,1.0,476025.76744186046
183487,0.3062526285648346,,476062.61818181816
183488,,2.0,476064.7818181818
183503,0.30627262592315674,,476097.2363636364
183504,,2.0,476099.4
183515,0.3062926232814789,,476123.2
183516,,2.0,476125.36363636365
183524,0.306312620639801,,476142.67272727273
183525,,2.0,476144.83636363636
183541,0.3063226342201233,,476177.756097561
183542,,1.0,476180.1219512195
183547,0.30633264780044556,,476191.9512195122
183548,,1.0,476194.31707317074
183555,0.3063426613807678,,476210.8780487805
183556,,1.0,476213.243902439
183567,0.3063526749610901,,476239.26829268294
183568,,1.0,476241.6341463415
183582,0.3063526749610901,,476264.65853658534
183583,,0.0,476266.53658536583
183593,0.3063526749610901,,476285.31707317074
183594,,0.0,476287.1951219512
183601,0.3063526749610901,,476300.34146341466
183602,,0.0,476302.2195121951
183610,0.3063526749610901,,476317.243902439
183611,,0.0,476319.1219512195
183623,0.30636268854141235,,476336.0
183624,,1.0,476337.6666666667
183637,0.3063727021217346,,476359.3333333333
183638,,1.0,476361.0
183649,0.3063827157020569,,476379.3333333333
183650,,1.0,476381.0
183660,0.30639272928237915,,476397.6666666667
183661,,1.0,476399.3333333333
183678,0.30639272928237915,,476424.4347826087
183679,,0.0,476426.10869565216
183693,0.30639272928237915,,476449.54347826086
183694,,0.0,476451.2173913043
183700,0.30639272928237915,,476461.26086956525
183701,,0.0,476462.9347826087
183708,0.30639272928237915,,476474.652173913
183709,,0.0,476476.32608695654
183729,0.30639272928237915,,476507.0416666667
183730,,0.0,476508.75
183739,0.30639272928237915,,476524.125
183740,,0.0,476525.8333333333
183750,0.30639272928237915,,476542.9166666667
183751,,0.0,476544.625
183758,0.30639272928237915,,476556.5833333333
183759,,0.0,476558.2916666667
183777,0.3064027428627014,,476588.9772727273
183778,,1.0,476590.9090909091
183786,0.3064127564430237,,476606.36363636365
183787,,1.0,476608.29545454547
183795,0.30642277002334595,,476623.75
183796,,1.0,476625.6818181818
183804,0.3064327836036682,,476641.13636363635
183805,,1.0,476643.0681818182
183819,0.3064327836036682,,476663.0888888889
183820,,0.0,476664.73333333334
183828,0.3064327836036682,,476677.8888888889
183829,,0.0,476679.5333333333
183842,0.3064327836036682,,476700.9111111111
183843,,0.0,476702.55555555556
183851,0.3064327836036682,,476715.7111111111
183852,,0.0,476717.35555555555
183870,0.30645278096199036,,476776.7173913043
183871,,2.0,476780.5652173913
183884,0.3064727783203125,,476830.5869565217
183885,,2.0,476834.4347826087
183891,0.30649277567863464,,476857.52173913043
183892,,2.0,476861.3695652174
183899,0.3065127730369568,,476888.3043478261
183900,,2.0,476892.152173913
183917,0.3065127730369568,,476921.8222222222
183918,,0.0,476923.6666666667
183925,0.3065127730369568,,476936.5777777778
183926,,0.0,476938.4222222222
183937,0.3065127730369568,,476958.7111111111
183938,,0.0,476960.55555555556
183946,0.3065127730369568,,476975.31111111114
183947,,0.0,476977.15555555554
183967,0.30653277039527893,,477012.3461538461
183968,,2.0,477014.3076923077
183979,0.3065527677536011,,477035.8846153846
183980,,2.0,477037.8461538461
183991,0.3065727651119232,,477059.42307692306
183992,,2.0,477061.3846153846
184000,0.30659276247024536,,477077.07692307694
184001,,2.0,477079.03846153844
184015,0.3066027760505676,,477105.5
184016,,1.0,477107.7272727273
184023,0.3066127896308899,,477123.3181818182
184024,,1.0,477125.54545454547
184036,0.30662280321121216,,477152.2727272727
184037,,1.0,477154.5
184046,0.3066328167915344,,477174.54545454547
184047,,1.0,477176.7727272727
184059,0.3066428303718567,,477201.0
184060,,1.0,477203.44444444444
184068,0.30665284395217896,,477223.0
184069,,1.0,477225.44444444444
184077,0.3066628575325012,,477245.0
184078,,1.0,477247.44444444444
184084,0.3066728711128235,,477262.1111111111
184085,,1.0,477264.55555555556
184096,0.30668288469314575,,477290.0588235294
184097,,1.0,477292.9411764706
184105,0.306692898273468,,477316.0
184106,,1.0,477318.8823529412
184113,0.3067029118537903,,477339.0588235294
184114,,1.0,477341.9411764706
184120,0.30671292543411255,,477359.23529411765
184121,,1.0,477362.1176470588
184134,0.30671292543411255,,477384.5
184135,,0.0,477386.45
184147,0.30671292543411255,,477409.85
184148,,0.0,477411.8
184152,0.30671292543411255,,477419.6
184153,,0.0,477421.55
184162,0.30671292543411255,,477439.1
184163,,0.0,477441.05
184179,0.30671292543411255,,477467.79069767444
184180,,0.0,477469.6976744186
184187,0.30671292543411255,,477483.0465116279
184188,,0.0,477484.9534883721
184197,0.30671292543411255,,477502.11627906974
184198,,0.0,477504.0232558139
184207,0.30671292543411255,,477521.18604651163
184208,,0.0,477523.0930232558
184217,0.30671292543411255,,477539.0
184218,,0.0,477541.3333333333
184221,0.30671292543411255,,477548.3333333333
184222,,0.0,477550.6666666667
184232,0.30671292543411255,,477574.0
184233,,0.0,477576.3333333333
184242,0.30671292543411255,,477597.3333333333
184243,,0.0,477599.6666666667
184263,0.3067329227924347,,477647.93617021275
184264,,2.0,477650.6382978723
184273,0.30675292015075684,,477674.9574468085
184274,,2.0,477677.6595744681
184284,0.306772917509079,,477704.6808510638
184285,,2.0,477707.3829787234
184291,0.3067929148674011,,477723.59574468085
184292,,2.0,477726.2978723404
184309,0.3067929148674011,,477749.6037735849
184310,,0.0,477751.07547169813
184322,0.3067929148674011,,477768.7358490566
184323,,0.0,477770.2075471698
184332,0.3067929148674011,,477783.4528301887
184333,,0.0,477784.92452830187
184346,0.3067929148674011,,477804.0566037736
184347,,0.0,477805.5283018868
184363,0.3067929148674011,,477831.14285714284
184364,,0.0,477833.0
184372,0.3067929148674011,,477847.85714285716
184373,,0.0,477849.71428571426
184381,0.3067929148674011,,477864.5714285714
184382,,0.0,477866.4285714286
184390,0.3067929148674011,,477881.28571428574
184391,,0.0,477883.14285714284
184411,0.3067929148674011,,477919.0
184412,,0.0,477921.0
184419,0.3067929148674011,,477935.0
184420,,0.0,477937.0
184426,0.3067929148674011,,477949.0
184427,,0.0,477951.0
184435,0.3067929148674011,,477967.0
184436,,0.0,477969.0
184455,0.30682292580604553,,478003.35555555555
184456,,3.0,478005.3777777778
184466,0.30685293674468994,,478025.6
184467,,3.0,478027.6222222222
184475,0.30688294768333435,,478043.8
184476,,3.0,478045.8222222222
184482,0.30691295862197876,,478057.9555555555
184483,,3.0,478059.97777777776
184496,0.30691295862197876,,478079.7272727273
184497,,0.0,478081.5
184507,0.30691295862197876,,478099.2272727273
184508,,0.0,478101.0
184516,0.30691295862197876,,478115.1818181818
184517,,0.0,478116.95454545453
184528,0.30691295862197876,,478136.45454545453
184529,,0.0,478138.2272727273
184548,0.30694296956062317,,478174.50980392157
184549,,3.0,478176.6666666667
184562,0.3069729804992676,,478204.70588235295
184563,,3.0,478206.862745098
184574,0.307002991437912,,478230.5882352941
184575,,3.0,478232.7450980392
184581,0.3070330023765564,,478245.6862745098
184582,,3.0,478247.8431372549
184594,0.3070330023765564,,478266.71428571426
184595,,0.0,478268.5714285714
184605,0.3070330023765564,,478287.14285714284
184606,,0.0,478289.0
184613,0.3070330023765564,,478302.0
184614,,0.0,478303.85714285716
184625,0.3070330023765564,,478324.28571428574
184626,,0.0,478326.14285714284
184642,0.30704301595687866,,478353.68292682926
184643,,1.0,478355.65853658534
184650,0.3070530295372009,,478369.48780487804
184651,,1.0,478371.46341463417
184658,0.3070630431175232,,478385.2926829268
184659,,1.0,478387.26829268294
184668,0.30707305669784546,,478405.0487804878
184669,,1.0,478407.0243902439
184680,0.30707305669784546,,478422.5652173913
184681,,0.0,478424.26086956525
184693,0.30707305669784546,,478444.60869565216
184694,,0.0,478446.3043478261
184702,0.30707305669784546,,478459.8695652174
184703,,0.0,478461.5652173913
184716,0.30707305669784546,,478483.60869565216
184717,,0.0,478485.3043478261
184732,0.30707305669784546,,478503.14545454545
184733,,0.0,478504.4909090909
184746,0.30707305669784546,,478521.9818181818
184747,,0.0,478523.32727272727
184758,0.30707305669784546,,478538.12727272726
184759,,0.0,478539.4727272727
184773,0.30707305669784546,,478558.3090909091
184774,,0.0,478559.65454545454
184789,0.30707305669784546,,478584.36842105264
184790,,0.0,478586.3157894737
184797,0.30707305669784546,,478599.94736842107
184798,,0.0,478601.8947368421
184805,0.30707305669784546,,478615.5263157895
184806,,0.0,478617.4736842105
184813,0.30707305669784546,,478631.1052631579
184814,,0.0,478633.05263157893
184828,0.3070830702781677,,478660.97222222225
184829,,1.0,478663.3333333333
184837,0.30709308385849,,478682.22222222225
184838,,1.0,478684.5833333333
184843,0.30710309743881226,,478696.3888888889
184844,,1.0,478698.75
184851,0.3071131110191345,,478715.27777777775
184852,,1.0,478717.6388888889
184872,0.3071131110191345,,478744.1923076923
184873,,0.0,478745.6153846154
184881,0.3071131110191345,,478757.0
184882,,0.0,478758.42307692306
184892,0.3071131110191345,,478772.6538461539
184893,,0.0,478774.07692307694
184905,0.3071131110191345,,478791.1538461539
184906,,0.0,478792.57692307694
184922,0.3071231245994568,,478823.67391304346
184923,,1.0,478825.95652173914
184929,0.30713313817977905,,478839.652173913
184930,,1.0,478841.9347826087
184941,0.3071431517601013,,478867.04347826086
184942,,1.0,478869.32608695654
184953,0.3071531653404236,,478894.4347826087
184954,,1.0,478896.7173913043
184972,0.3071531653404236,,478924.6666666667
184973,,0.0,478926.3777777778
184982,0.3071531653404236,,478941.77777777775
184983,,0.0,478943.4888888889
184989,0.3071531653404236,,478953.7555555556
184990,,0.0,478955.4666666667
185000,0.3071531653404236,,478972.5777777778
185001,,0.0,478974.2888888889
185015,0.30716317892074585,,478995.306122449
185016,,1.0,478997.0612244898
185028,0.3071731925010681,,479018.1224489796
185029,,1.0,479019.8775510204
185040,0.3071832060813904,,479039.1836734694
185041,,1.0,479040.9387755102
185051,0.30719321966171265,,479058.48979591834
185052,,1.0,479060.2448979592
185070,0.30719321966171265,,479089.3333333333
185071,,0.0,479091.15555555554
185082,0.30719321966171265,,479111.2
185083,,0.0,479113.02222222224
185090,0.30719321966171265,,479125.77777777775
185091,,0.0,479127.6
185098,0.30719321966171265,,479140.35555555555
185099,,0.0,479142.1777777778
185111,0.30719321966171265,,479158.93617021275
185112,,0.0,479160.59574468085
185125,0.30719321966171265,,479182.170212766
185126,,0.0,479183.829787234
185140,0.30719321966171265,,479207.06382978725
185141,,0.0,479208.72340425535
185147,0.30719321966171265,,479218.6808510638
185148,,0.0,479220.3404255319
185171,0.30719321966171265,,479251.43396226416
185172,,0.0,479252.90566037735
185182,0.30719321966171265,,479267.62264150946
185183,,0.0,479269.09433962265
185191,0.30719321966171265,,479280.8679245283
185192,,0.0,479282.3396226415
185202,0.30719321966171265,,479297.0566037736
185203,,0.0,479298.5283018868
185218,0.3072032332420349,,479317.3333333333
185219,,1.0,479318.77777777775
185230,0.3072132468223572,,479334.6666666667
185231,,1.0,479336.1111111111
185245,0.30722326040267944,,479356.3333333333
185246,,1.0,479357.77777777775
185258,0.3072332739830017,,479375.1111111111
185259,,1.0,479376.55555555556
185274,0.3072332739830017,,479397.10204081633
185275,,0.0,479398.693877551
185286,0.3072332739830017,,479416.20408163266
185287,,0.0,479417.79591836734
185298,0.3072332739830017,,479435.306122449
185299,,0.0,479436.89795918367
185309,0.3072332739830017,,479452.8163265306
185310,,0.0,479454.4081632653
185328,0.307243287563324,,479482.875
185329,,1.0,479484.6666666667
185340,0.30725330114364624,,479504.375
185341,,1.0,479506.1666666667
185348,0.3072633147239685,,479518.7083333333
185349,,1.0,479520.5
185359,0.30727332830429077,,479538.4166666667
185360,,1.0,479540.2083333333
185373,0.30727332830429077,,479557.8
185374,,0.0,479559.38
185384,0.30727332830429077,,479575.18
185385,,0.0,479576.76
185400,0.30727332830429077,,479600.46
185401,,0.0,479602.04
185411,0.30727332830429077,,479617.84
185412,,0.0,479619.42
185432,0.30727332830429077,,479643.87272727274
185433,,0.0,479645.2181818182
185441,0.30727332830429077,,479655.9818181818
185442,,0.0,479657.32727272727
185452,0.30727332830429077,,479670.7818181818
185453,,0.0,479672.12727272726
185468,0.30727332830429077,,479692.3090909091
185469,,0.0,479693.65454545454
185485,0.30728334188461304,,479722.7727272727
185486,,1.0,479724.9090909091
185494,0.3072933554649353,,479742.0
185495,,1.0,479744.13636363635
185505,0.30730336904525757,,479765.5
185506,,1.0,479767.63636363635
185514,0.30731338262557983,,479784.7272727273
185515,,1.0,479786.86363636365
185534,0.3073233962059021,,479813.75471698114
185535,,1.0,479815.30188679247
185546,0.30733340978622437,,479832.320754717
185547,,1.0,479833.8679245283
185557,0.30734342336654663,,479849.3396226415
185558,,1.0,479850.88679245283
185569,0.3073534369468689,,479867.90566037735
185570,,1.0,479869.4528301887
185583,0.30736345052719116,,479886.2083333333
185584,,1.0,479887.7291666667
185594,0.3073734641075134,,479902.9375
185595,,1.0,479904.4583333333
185605,0.3073834776878357,,479919.6666666667
185606,,1.0,479921.1875
185619,0.30739349126815796,,479940.9583333333
185620,,1.0,479942.4791666667
185634,0.30739349126815796,,479964.0444444445
185635,,0.0,479965.86666666664
185647,0.30739349126815796,,479987.73333333334
185648,,0.0,479989.55555555556
185657,0.30739349126815796,,480005.9555555555
185658,,0.0,480007.77777777775
185666,0.30739349126815796,,480022.35555555555
185667,,0.0,480024.1777777778
185681,0.3074035048484802,,480045.6976744186
185682,,1.0,480047.488372093
185691,0.3074135184288025,,480063.6046511628
185692,,1.0,480065.3953488372
185702,0.30742353200912476,,480083.3023255814
185703,,1.0,480085.0930232558
185711,0.307433545589447,,480099.4186046512
185712,,1.0,480101.20930232556
185728,0.307433545589447,,480125.90476190473
185729,,0.0,480127.6666666667
185739,0.307433545589447,,480145.28571428574
185740,,0.0,480147.04761904763
185747,0.307433545589447,,480159.38095238095
185748,,0.0,480161.14285714284
185755,0.307433545589447,,480173.4761904762
185756,,0.0,480175.2380952381
185766,0.307433545589447,,480187.7916666667
185767,,0.0,480189.3333333333
185779,0.307433545589447,,480207.8333333333
185780,,0.0,480209.375
185791,0.307433545589447,,480226.3333333333
185792,,0.0,480227.875
185805,0.307433545589447,,480247.9166666667
185806,,0.0,480249.4583333333
185822,0.307433545589447,,480271.1914893617
185823,,0.0,480272.74468085106
185832,0.307433545589447,,480286.72340425535
185833,,0.0,480288.27659574465
185842,0.307433545589447,,480302.25531914894
185843,,0.0,480303.8085106383
185854,0.307433545589447,,480320.89361702127
185855,,0.0,480322.44680851063
185870,0.307433545589447,,480344.8
185871,,0.0,480346.5333333333
185879,0.307433545589447,,480360.4
185880,,0.0,480362.13333333336
185890,0.307433545589447,,480379.4666666667
185891,,0.0,480381.2
185901,0.307433545589447,,480398.5333333333
185902,,0.0,480400.26666666666
185915,0.307433545589447,,480422.0
185916,,0.0,480424.0
185923,0.307433545589447,,480438.0
185924,,0.0,480440.0
185931,0.307433545589447,,480454.0
185932,,0.0,480456.0
185940,0.307433545589447,,480472.0
185941,,0.0,480474.0
185957,0.307433545589447,,480499.46341463417
185958,,0.0,480501.26829268294
185966,0.307433545589447,,480515.7073170732
185967,,0.0,480517.51219512196
185974,0.307433545589447,,480530.14634146343
185975,,0.0,480531.9512195122
185983,0.307433545589447,,480546.39024390245
185984,,0.0,480548.1951219512
186001,0.307433545589447,,480574.6666666667
186002,,0.0,480576.4285714286
186011,0.307433545589447,,480592.28571428574
186012,,0.0,480594.04761904763
186019,0.307433545589447,,480606.38095238095
186020,,0.0,480608.14285714284
186027,0.307433545589447,,480620.4761904762
186028,,0.0,480622.2380952381
186044,0.307433545589447,,480648.73170731706
186045,,0.0,480650.6341463415
186051,0.307433545589447,,480662.0487804878
186052,,0.0,480663.9512195122
186058,0.307433545589447,,480675.3658536585
186059,,0.0,480677.26829268294
186070,0.307433545589447,,480698.1951219512
186071,,0.0,480700.0975609756
186089,0.307433545589447,,480734.4418604651
186090,,0.0,480736.6046511628
186097,0.307433545589447,,480751.74418604653
186098,,0.0,480753.9069767442
186108,0.307433545589447,,480775.5348837209
186109,,0.0,480777.6976744186
186115,0.307433545589447,,480790.67441860464
186116,,0.0,480792.83720930235
186134,0.307433545589447,,480817.2
186135,,0.0,480818.68
186144,0.307433545589447,,480832.0
186145,,0.0,480833.48
186153,0.307433545589447,,480845.32
186154,,0.0,480846.8
186167,0.307433545589447,,480866.04
186168,,0.0,480867.52
186185,0.30745354294776917,,480899.1960784314
186186,,2.0,480901.35294117645
186198,0.3074735403060913,,480927.23529411765
186199,,2.0,480929.39215686277
186212,0.30749353766441345,,480957.43137254904
186213,,2.0,480959.5882352941
186220,0.3075135350227356,,480974.6862745098
186221,,2.0,480976.8431372549
186238,0.3075135350227356,,481000.5833333333
186239,,0.0,481002.125
186245,0.3075135350227356,,481011.375
186246,,0.0,481012.9166666667
186255,0.3075135350227356,,481026.7916666667
186256,,0.0,481028.3333333333
186270,0.3075135350227356,,481049.9166666667
186271,,0.0,481051.4583333333
186284,0.3075135350227356,,481074.6666666667
186285,,0.0,481076.8333333333
186293,0.3075135350227356,,481094.1666666667
186294,,0.0,481096.3333333333
186299,0.3075135350227356,,481107.1666666667
186300,,0.0,481109.3333333333
186308,0.3075135350227356,,481126.6666666667
186309,,0.0,481128.8333333333
186326,0.30752354860305786,,481156.2
186327,,1.0,481158.0
186334,0.3075335621833801,,481170.6
186335,,1.0,481172.4
186343,0.3075435757637024,,481186.8
186344,,1.0,481188.6
186355,0.30755358934402466,,481208.4
186356,,1.0,481210.2
186377,0.3075735867023468,,481250.25
186378,,2.0,481252.375
186385,0.30759358406066895,,481267.25
186386,,2.0,481269.375
186394,0.3076135814189911,,481286.375
186395,,2.0,481288.5
186405,0.30763357877731323,,481309.75
186406,,2.0,481311.875
186430,0.3076435923576355,,481348.8813559322
186431,,1.0,481350.5423728814
186443,0.30765360593795776,,481370.4745762712
186444,,1.0,481372.13559322036
186455,0.30766361951828003,,481390.406779661
186456,,1.0,481392.0677966102
186466,0.3076736330986023,,481408.6779661017
186467,,1.0,481410.33898305084
186479,0.3076736330986023,,481429.5263157895
186480,,0.0,481431.4736842105
186487,0.3076736330986023,,481445.1052631579
186488,,0.0,481447.05263157893
186496,0.3076736330986023,,481462.63157894736
186497,,0.0,481464.5789473684
186506,0.3076736330986023,,481482.1052631579
186507,,0.0,481484.05263157893
186525,0.3076736330986023,,481509.125
186526,,0.0,481510.6666666667
186536,0.3076736330986023,,481526.0833333333
186537,,0.0,481527.625
186550,0.3076736330986023,,481547.6666666667
186551,,0.0,481549.2083333333
186556,0.3076736330986023,,481556.9166666667
186557,,0.0,481558.4583333333
186571,0.30769363045692444,,481593.9166666667
186572,,2.0,481597.0
186579,0.3077136278152466,,481618.5833333333
186580,,2.0,481621.6666666667
186586,0.3077336251735687,,481640.1666666667
186587,,2.0,481643.25
186594,0.30775362253189087,,481664.8333333333
186595,,2.0,481667.9166666667
186613,0.30775362253189087,,481693.2
186614,,0.0,481694.68
186622,0.30775362253189087,,481706.52
186623,,0.0,481708.0
186633,0.30775362253189087,,481722.8
186634,,0.0,481724.28
186646,0.30775362253189087,,481742.04
186647,,0.0,481743.52
186658,0.30775362253189087,,481761.4210526316
186659,,0.0,481763.4736842105
186667,0.30775362253189087,,481779.8947368421
186668,,0.0,481781.94736842107
186675,0.30775362253189087,,481796.3157894737
186676,,0.0,481798.36842105264
186686,0.30775362253189087,,481818.8947368421
186687,,0.0,481820.94736842107
186700,0.30776363611221313,,481846.1818181818
186701,,1.0,481848.5
186710,0.3077736496925354,,481869.36363636365
186711,,1.0,481871.6818181818
186720,0.30778366327285767,,481892.54545454547
186721,,1.0,481894.86363636365
186732,0.30779367685317993,,481920.36363636365
186733,,1.0,481922.6818181818
186747,0.30779367685317993,,481944.9534883721
186748,,0.0,481946.76744186046
186758,0.30779367685317993,,481964.9069767442
186759,,0.0,481966.72093023255
186768,0.30779367685317993,,481983.0465116279
186769,,0.0,481984.8604651163
186777,0.30779367685317993,,481999.37209302327
186778,,0.0,482001.18604651163
186800,0.30779367685317993,,482034.79591836734
186801,,0.0,482036.4693877551
186812,0.30779367685317993,,482054.8775510204
186813,,0.0,482056.55102040817
186820,0.30779367685317993,,482068.2653061224
186821,,0.0,482069.9387755102
186828,0.30779367685317993,,482081.6530612245
186829,,0.0,482083.32653061225
186839,0.3078036904335022,,482097.6304347826
186840,,1.0,482099.4347826087
186850,0.30781370401382446,,482117.47826086957
186851,,1.0,482119.2826086957
186864,0.30782371759414673,,482142.73913043475
186865,,1.0,482144.54347826086
186876,0.307833731174469,,482164.39130434784
186877,,1.0,482166.1956521739
186892,0.307833731174469,,482186.5
186893,,0.0,482188.0416666667
186905,0.307833731174469,,482206.5416666667
186906,,0.0,482208.0833333333
186915,0.307833731174469,,482221.9583333333
186916,,0.0,482223.5
186926,0.307833731174469,,482238.9166666667
186927,,0.0,482240.4583333333
186940,0.307833731174469,,482259.1111111111
186941,,0.0,482260.8222222222
186952,0.307833731174469,,482279.64444444445
186953,,0.0,482281.35555555555
186963,0.307833731174469,,482298.4666666667
186964,,0.0,482300.1777777778
186973,0.307833731174469,,482315.5777777778
186974,,0.0,482317.2888888889
186989,0.307833731174469,,482339.6511627907
186990,,0.0,482341.37209302327
187002,0.307833731174469,,482362.0232558139
187003,,0.0,482363.74418604653
187011,0.307833731174469,,482377.511627907
187012,,0.0,482379.23255813954
187018,0.307833731174469,,482389.5581395349
187019,,0.0,482391.27906976745
187036,0.307833731174469,,482416.73913043475
187037,,0.0,482418.4347826087
187046,0.307833731174469,,482433.6956521739
187047,,0.0,482435.39130434784
187054,0.307833731174469,,482447.26086956525
187055,,0.0,482448.95652173914
187066,0.307833731174469,,482467.60869565216
187067,,0.0,482469.3043478261
187084,0.30785372853279114,,482499.0
187085,,2.0,482501.0
187094,0.3078737258911133,,482519.0
187095,,2.0,482521.0
187101,0.3078937232494354,,482533.0
187102,,2.0,482535.0
187112,0.30791372060775757,,482555.0
187113,,2.0,482557.0
187129,0.30792373418807983,,482596.24324324325
187130,,1.0,482599.1081081081
187138,0.3079337477684021,,482622.02702702704
187139,,1.0,482624.8918918919
187145,0.30794376134872437,,482642.08108108107
187146,,1.0,482644.9459459459
187151,0.30795377492904663,,482659.2702702703
187152,,1.0,482662.13513513515
187164,0.3079737722873688,,482683.61363636365
187165,,2.0,482685.6818181818
187178,0.3079937696456909,,482712.5681818182
187179,,2.0,482714.63636363635
187187,0.30801376700401306,,482731.1818181818
187188,,2.0,482733.25
187197,0.3080337643623352,,482751.86363636365
187198,,2.0,482753.9318181818
187211,0.30804377794265747,,482781.0
187212,,1.0,482783.5
187220,0.30805379152297974,,482803.5
187221,,1.0,482806.0
187228,0.308063805103302,,482823.5
187229,,1.0,482826.0
187235,0.30807381868362427,,482841.0
187236,,1.0,482843.5
187256,0.30807381868362427,,482871.0188679245
187257,,0.0,482872.4905660377
187270,0.30807381868362427,,482891.62264150946
187271,,0.0,482893.09433962265
187278,0.30807381868362427,,482903.3962264151
187279,,0.0,482904.8679245283
187290,0.30807381868362427,,482921.0566037736
187291,,0.0,482922.5283018868
187302,0.30807381868362427,,482940.0
187303,,0.0,482942.0
187310,0.30807381868362427,,482956.0
187311,,0.0,482958.0
187317,0.30807381868362427,,482970.0
187318,,0.0,482972.0
187331,0.30807381868362427,,482998.0
187332,,0.0,483000.0
187341,0.30808383226394653,,483017.17647058825
187342,,1.0,483019.70588235295
187349,0.3080938458442688,,483037.4117647059
187350,,1.0,483039.9411764706
187361,0.30810385942459106,,483067.76470588235
187362,,1.0,483070.29411764705
187367,0.30811387300491333,,483082.9411764706
187368,,1.0,483085.4705882353
187383,0.3081238865852356,,483112.54545454547
187384,,1.0,483114.5909090909
187395,0.30813390016555786,,483137.0909090909
187396,,1.0,483139.13636363635
187403,0.3081439137458801,,483153.45454545453
187404,,1.0,483155.5
187413,0.3081539273262024,,483173.9090909091
187414,,1.0,483175.95454545453
187427,0.30816394090652466,,483202.5945945946
187428,,1.0,483205.0540540541
187438,0.3081739544868469,,483229.64864864864
187439,,1.0,483232.1081081081
187446,0.3081839680671692,,483249.3243243243
187447,,1.0,483251.7837837838
187452,0.30819398164749146,,483264.08108108107
187453,,1.0,483266.54054054053
187469,0.3082039952278137,,483295.65
187470,,1.0,483297.7
187479,0.308214008808136,,483316.15
187480,,1.0,483318.2
187488,0.30822402238845825,,483334.6
187489,,1.0,483336.65
187494,0.3082340359687805,,483346.9
187495,,1.0,483348.95
187510,0.3082440495491028,,483379.0
187511,,1.0,483381.3333333333
187521,0.30825406312942505,,483404.6666666667
187522,,1.0,483407.0
187527,0.3082640767097473,,483418.6666666667
187528,,1.0,483421.0
187535,0.3082740902900696,,483437.3333333333
187536,,1.0,483439.6666666667
187554,0.3082740902900696,,483463.76470588235
187555,,0.0,483465.2156862745
187564,0.3082740902900696,,483478.2745098039
187565,,0.0,483479.7254901961
187577,0.3082740902900696,,483497.137254902
187578,,0.0,483498.5882352941
187588,0.3082740902900696,,483513.09803921566
187589,,0.0,483514.54901960783
187604,0.30828410387039185,,483541.8
187605,,1.0,483543.95
187611,0.3082941174507141,,483556.85
187612,,1.0,483559.0
187621,0.3083041310310364,,483578.35
187622,,1.0,483580.5
187630,0.30831414461135864,,483597.7
187631,,1.0,483599.85
187647,0.30831414461135864,,483624.37209302327
187648,,0.0,483626.0930232558
187657,0.30831414461135864,,483641.5813953488
187658,,0.0,483643.3023255814
187666,0.30831414461135864,,483657.06976744183
187667,,0.0,483658.79069767444
187675,0.30831414461135864,,483672.5581395349
187676,,0.0,483674.27906976745
187693,0.3083241581916809,,483700.42553191487
187694,,1.0,483702.170212766
187703,0.3083341717720032,,483717.87234042556
187704,,1.0,483719.6170212766
187716,0.30834418535232544,,483740.55319148937
187717,,1.0,483742.2978723404
187724,0.3083541989326477,,483754.5106382979
187725,,1.0,483756.25531914894
187737,0.30837419629096985,,483796.93023255817
187738,,2.0,483801.25581395347
187750,0.308394193649292,,483853.16279069765
187751,,2.0,483857.488372093
187757,0.30841419100761414,,483883.4418604651
187758,,2.0,483887.76744186046
187769,0.3084341883659363,,483935.3488372093
187770,,2.0,483939.67441860464
187788,0.3084341883659363,,483969.625
187789,,0.0,483971.3333333333
187800,0.3084341883659363,,483990.125
187801,,0.0,483991.8333333333
187809,0.3084341883659363,,484005.5
187810,,0.0,484007.2083333333
187819,0.3084341883659363,,484022.5833333333
187820,,0.0,484024.2916666667
187835,0.3084341883659363,,484046.347826087
187836,,0.0,484048.04347826086
187842,0.3084341883659363,,484058.2173913043
187843,,0.0,484059.9130434783
187859,0.3084341883659363,,484087.04347826086
187860,,0.0,484088.73913043475
187867,0.3084341883659363,,484100.60869565216
187868,,0.0,484102.3043478261
187882,0.3084341883659363,,484124.9268292683
187883,,0.0,484126.8292682927
187891,0.3084341883659363,,484142.0487804878
187892,,0.0,484143.9512195122
187902,0.3084341883659363,,484162.9756097561
187903,,0.0,484164.8780487805
187910,0.3084341883659363,,484178.1951219512
187911,,0.0,484180.0975609756
187927,0.3084341883659363,,484202.693877551
187928,,0.0,484204.28571428574
187934,0.3084341883659363,,484213.8367346939
187935,,0.0,484215.4285714286
187946,0.3084341883659363,,484232.9387755102
187947,,0.0,484234.5306122449
187961,0.3084341883659363,,484256.8163265306
187962,,0.0,484258.4081632653
187976,0.30844420194625854,,484281.1951219512
187977,,1.0,484283.1219512195
187986,0.3084542155265808,,484300.46341463417
187987,,1.0,484302.39024390245
187997,0.3084642291069031,,484321.65853658534
187998,,1.0,484323.5853658537
188004,0.30847424268722534,,484335.14634146343
188005,,1.0,484337.0731707317
188025,0.3084842562675476,,484368.92
188026,,1.0,484370.68
188036,0.3084942698478699,,484388.28
188037,,1.0,484390.04
188046,0.30850428342819214,,484405.88
188047,,1.0,484407.64
188056,0.3085142970085144,,484423.48
188057,,1.0,484425.24
188070,0.30852431058883667,,484446.7826086957
188071,,1.0,484448.76086956525
188083,0.30853432416915894,,484472.5
188084,,1.0,484474.47826086957
188093,0.3085443377494812,,484492.2826086957
188094,,1.0,484494.26086956525
188104,0.30855435132980347,,484514.04347826086
188105,,1.0,484516.02173913043
188121,0.3085743486881256,,484565.243902439
188122,,2.0,484568.8780487805
188130,0.30859434604644775,,484597.9512195122
188131,,2.0,484601.5853658537
188138,0.3086143434047699,,484627.0243902439
188139,,2.0,484630.65853658534
188147,0.30863434076309204,,484659.73170731706
188148,,2.0,484663.3658536585
188156,0.30863434076309204,,484676.7368421053
188157,,0.0,484678.6842105263
188163,0.30863434076309204,,484690.36842105264
188164,,0.0,484692.3157894737
188175,0.30863434076309204,,484713.7368421053
188176,,0.0,484715.6842105263
188187,0.30863434076309204,,484737.1052631579
188188,,0.0,484739.05263157893
188203,0.30863434076309204,,484761.8
188204,,0.0,484763.5333333333
188214,0.30863434076309204,,484780.86666666664
188215,,0.0,484782.6
188224,0.30863434076309204,,484798.2
188225,,0.0,484799.93333333335
188234,0.30863434076309204,,484815.5333333333
188235,,0.0,484817.26666666666
188248,0.30863434076309204,,484837.9743589744
188249,,0.0,484839.8717948718
188258,0.30863434076309204,,484856.9487179487
188259,,0.0,484858.8461538461
188268,0.30863434076309204,,484875.92307692306
188269,,0.0,484877.8205128205
188275,0.30863434076309204,,484889.2051282051
188276,,0.0,484891.10256410256
188288,0.3086443543434143,,484911.5
188289,,1.0,484913.55555555556
188295,0.3086543679237366,,484925.8888888889
188296,,1.0,484927.94444444444
188305,0.30866438150405884,,484946.44444444444
188306,,1.0,484948.5
188313,0.3086743950843811,,484962.8888888889
188314,,1.0,484964.94444444444
188332,0.30868440866470337,,484995.125
188333,,1.0,484997.0
188342,0.30869442224502563,,485013.875
188343,,1.0,485015.75
188354,0.3087044358253479,,485036.375
188355,,1.0,485038.25
188363,0.30871444940567017,,485053.25
188364,,1.0,485055.125
188380,0.30871444940567017,,485077.0416666667
188381,,0.0,485078.5833333333
188393,0.30871444940567017,,485097.0833333333
188394,,0.0,485098.625
188405,0.30871444940567017,,485115.5833333333
188406,,0.0,485117.125
188413,0.30871444940567017,,485127.9166666667
188414,,0.0,485129.4583333333
188431,0.30871444940567017,,485152.74468085106
188432,,0.0,485154.2978723404
188443,0.30871444940567017,,485171.3829787234
188444,,0.0,485172.93617021275
188455,0.30871444940567017,,485190.02127659577
188456,,0.0,485191.57446808513
188462,0.30871444940567017,,485200.89361702127
188463,,0.0,485202.44680851063
188482,0.30871444940567017,,485228.96
188483,,0.0,485230.52
188491,0.30871444940567017,,485243.0
188492,,0.0,485244.56
188502,0.30871444940567017,,485260.16
188503,,0.0,485261.72
188514,0.30871444940567017,,485278.88
188515,,0.0,485280.44
188537,0.3087344467639923,,485319.3214285714
188538,,2.0,485321.28571428574
188548,0.30875444412231445,,485340.9285714286
188549,,2.0,485342.89285714284
188560,0.3087744414806366,,485364.5
188561,,2.0,485366.46428571426
188572,0.30879443883895874,,485388.0714285714
188573,,2.0,485390.03571428574
188588,0.30882444977760315,,485414.0465116279
188589,,3.0,485415.88372093026
188599,0.30885446071624756,,485434.25581395347
188600,,3.0,485436.0930232558
188606,0.30888447165489197,,485447.11627906974
188607,,3.0,485448.9534883721
188617,0.3089144825935364,,485467.32558139536
188618,,3.0,485469.16279069765
188638,0.30892449617385864,,485505.73913043475
188639,,1.0,485507.7826086957
188646,0.3089345097541809,,485522.0869565217
188647,,1.0,485524.1304347826
188654,0.3089445233345032,,485538.4347826087
188655,,1.0,485540.47826086957
188665,0.30895453691482544,,485560.9130434783
188666,,1.0,485562.95652173914
188683,0.30895453691482544,,485588.3333333333
188684,,0.0,485590.0
188695,0.30895453691482544,,485608.3333333333
188696,,0.0,485610.0
188701,0.30895453691482544,,485618.3333333333
188702,,0.0,485620.0
188712,0.30895453691482544,,485636.6666666667
188713,,0.0,485638.3333333333
188728,0.30895453691482544,,485663.4
188729,,0.0,485665.35
188737,0.30895453691482544,,485680.95
188738,,0.0,485682.9
188745,0.30895453691482544,,485696.55
188746,,0.0,485698.5
188754,0.30895453691482544,,485714.1
188755,,0.0,485716.05
188766,0.3089745342731476,,485752.0512820513
188767,,2.0,485756.3076923077
188774,0.3089945316314697,,485786.10256410256
188775,,2.0,485790.358974359
188784,0.30901452898979187,,485828.6666666667
188785,,2.0,485832.92307692306
188795,0.309034526348114,,485875.4871794872
188796,,2.0,485879.74358974356
188817,0.309034526348114,,485909.5272727273
188818,,0.0,485910.94545454544
188828,0.309034526348114,,485925.12727272726
188829,,0.0,485926.54545454547
188841,0.309034526348114,,485943.56363636366
188842,,0.0,485944.9818181818
188852,0.309034526348114,,485959.16363636364
188853,,0.0,485960.58181818185
188866,0.3090445399284363,,485981.5
188867,,1.0,485983.45
188877,0.30905455350875854,,486002.95
188878,,1.0,486004.9
188887,0.3090645670890808,,486022.45
188888,,1.0,486024.4
188894,0.3090745806694031,,486036.1
188895,,1.0,486038.05
188914,0.30908459424972534,,486063.71428571426
188915,,1.0,486065.1964285714
188925,0.3090946078300476,,486080.01785714284
188926,,1.0,486081.5
188941,0.3091046214103699,,486103.73214285716
188942,,1.0,486105.21428571426
188952,0.30911463499069214,,486120.03571428574
188953,,1.0,486121.51785714284
188968,0.30911463499069214,,486142.5652173913
188969,,0.0,486144.1956521739
188979,0.30911463499069214,,486160.5
188980,,0.0,486162.1304347826
188990,0.30911463499069214,,486178.4347826087
188991,,0.0,486180.0652173913
189000,0.30911463499069214,,486194.73913043475
189001,,0.0,486196.3695652174
189014,0.3091246485710144,,486218.4761904762
189015,,1.0,486220.5238095238
189021,0.30913466215133667,,486232.8095238095
189022,,1.0,486234.85714285716
189029,0.30914467573165894,,486249.1904761905
189030,,1.0,486251.2380952381
189044,0.3091546893119812,,486279.90476190473
189045,,1.0,486281.95238095237
189062,0.30916470289230347,,486310.8085106383
189063,,1.0,486312.72340425535
189072,0.30917471647262573,,486329.9574468085
189073,,1.0,486331.87234042556
189081,0.309184730052948,,486347.1914893617
189082,,1.0,486349.10638297873
189093,0.30919474363327026,,486370.170212766
189094,,1.0,486372.08510638296
189110,0.30919474363327026,,486398.05
189111,,0.0,486399.9
189119,0.30919474363327026,,486414.7
189120,,0.0,486416.55
189127,0.30919474363327026,,486429.5
189128,,0.0,486431.35
189135,0.30919474363327026,,486444.3
189136,,0.0,486446.15
189152,0.30920475721359253,,486472.14285714284
189153,,1.0,486474.0
189163,0.3092147707939148,,486492.5714285714
189164,,1.0,486494.4285714286
189168,0.30922478437423706,,486501.85714285716
189169,,1.0,486503.71428571426
189179,0.3092347979545593,,486522.28571428574
189180,,1.0,486524.14285714284
189194,0.3092347979545593,,486546.95238095237
189195,,0.0,486548.85714285716
189200,0.3092347979545593,,486558.38095238095
189201,,0.0,486560.28571428574
189210,0.3092347979545593,,486577.4285714286
189211,,0.0,486579.3333333333
189223,0.3092347979545593,,486602.1904761905
189224,,0.0,486604.09523809527
189238,0.3092347979545593,,486624.0888888889
189239,,0.0,486625.73333333334
189246,0.3092347979545593,,486637.2444444444
189247,,0.0,486638.8888888889
189257,0.3092347979545593,,486655.3333333333
189258,,0.0,486656.97777777776
189270,0.3092347979545593,,486676.7111111111
189271,,0.0,486678.35555555555
189285,0.3092448115348816,,486700.68
189286,,1.0,486702.56
189298,0.30925482511520386,,486725.12
189299,,1.0,486727.0
189308,0.3092648386955261,,486743.92
189309,,1.0,486745.8
189322,0.3092748522758484,,486770.24
189323,,1.0,486772.12
189331,0.3092748522758484,,486787.3333333333
189332,,0.0,486790.0
189338,0.3092748522758484,,486806.0
189339,,0.0,486808.6666666667
189348,0.3092748522758484,,486832.6666666667
189349,,0.0,486835.3333333333
189354,0.3092748522758484,,486848.6666666667
189355,,0.0,486851.3333333333
189367,0.3092748522758484,,486869.488372093
189368,,0.0,486871.20930232556
189377,0.3092748522758484,,486886.6976744186
189378,,0.0,486888.4186046512
189391,0.3092748522758484,,486910.79069767444
189392,,0.0,486912.511627907
189399,0.3092748522758484,,486924.5581395349
189400,,0.0,486926.27906976745
189412,0.3092748522758484,,486943.26086956525
189413,,0.0,486944.95652173914
189425,0.3092748522758484,,486965.3043478261
189426,,0.0,486967.0
189436,0.3092748522758484,,486983.95652173914
189437,,0.0,486985.652173913
189447,0.3092748522758484,,487002.60869565216
189448,,0.0,487004.3043478261
189466,0.30929484963417053,,487046.4651162791
189467,,2.0,487049.16279069765
189473,0.3093148469924927,,487065.3488372093
189474,,2.0,487068.0465116279
189482,0.3093348443508148,,487089.62790697673
189483,,2.0,487092.32558139536
189492,0.30935484170913696,,487116.6046511628
189493,,2.0,487119.3023255814
189508,0.30935484170913696,,487141.92452830187
189509,,0.0,487143.58490566036
189522,0.30935484170913696,,487165.1698113208
189523,,0.0,487166.8301886792
189534,0.30935484170913696,,487185.09433962265
189535,,0.0,487186.75471698114
189547,0.30935484170913696,,487206.679245283
189548,,0.0,487208.3396226415
189565,0.30938485264778137,,487283.6842105263
189566,,3.0,487288.94736842107
189574,0.3094148635864258,,487331.05263157893
189575,,3.0,487336.3157894737
189579,0.3094448745250702,,487357.36842105264
189580,,3.0,487362.63157894736
189587,0.3094748854637146,,487399.4736842105
189588,,3.0,487404.7368421053
189599,0.3094748854637146,,487422.8695652174
189600,,0.0,487424.47826086957
189609,0.3094748854637146,,487438.95652173914
189610,,0.0,487440.5652173913
189619,0.3094748854637146,,487455.04347826086
189620,,0.0,487456.652173913
189635,0.3094748854637146,,487480.7826086957
189636,,0.0,487482.39130434784
189650,0.3094748854637146,,487506.0
189651,,0.0,487508.0
189659,0.3094748854637146,,487524.0
189660,,0.0,487526.0
189668,0.3094748854637146,,487542.0
189669,,0.0,487544.0
189674,0.3094748854637146,,487554.0
189675,,0.0,487556.0
189694,0.30949488282203674,,487594.5714285714
189695,,2.0,487596.85714285716
189702,0.3095148801803589,,487612.85714285716
189703,,2.0,487615.14285714284
189712,0.30953487753868103,,487635.71428571426
189713,,2.0,487638.0
189718,0.3095548748970032,,487649.4285714286
189719,,2.0,487651.71428571426
189732,0.30956488847732544,,487675.5
189733,,1.0,487677.65
189742,0.3095749020576477,,487697.0
189743,,1.0,487699.15
189750,0.30958491563796997,,487714.2
189751,,1.0,487716.35
189760,0.30959492921829224,,487735.7
189761,,1.0,487737.85
189774,0.3096049427986145,,487759.23076923075
189775,,1.0,487761.1538461539
189780,0.30961495637893677,,487770.76923076925
189781,,1.0,487772.6923076923
189790,0.30962496995925903,,487790.0
189791,,1.0,487791.92307692306
189801,0.3096349835395813,,487811.1538461539
189802,,1.0,487813.07692307694
189813,0.3096649944782257,,487851.36363636365
189814,,3.0,487855.9090909091
189824,0.3096950054168701,,487901.36363636365
189825,,3.0,487905.9090909091
189834,0.3097250163555145,,487946.8181818182
189835,,3.0,487951.36363636365
189847,0.30975502729415894,,488005.9090909091
189848,,3.0,488010.45454545453
189862,0.3097650408744812,,488038.65
189863,,1.0,488040.8
189867,0.30977505445480347,,488049.4
189868,,1.0,488051.55
189879,0.30978506803512573,,488075.2
189880,,1.0,488077.35
189889,0.309795081615448,,488096.7
189890,,1.0,488098.85
189908,0.30980509519577026,,488132.875
189909,,1.0,488135.0
189917,0.30981510877609253,,488152.0
189918,,1.0,488154.125
189925,0.3098251223564148,,488169.0
189926,,1.0,488171.125
189931,0.30983513593673706,,488181.75
189932,,1.0,488183.875
189947,0.30983513593673706,,488211.2972972973
189948,,0.0,488213.4054054054
189957,0.30983513593673706,,488232.3783783784
189958,,0.0,488234.4864864865
189963,0.30983513593673706,,488245.02702702704
189964,,0.0,488247.13513513515
189970,0.30983513593673706,,488259.7837837838
189971,,0.0,488261.8918918919
189985,0.3098451495170593,,488285.4761904762
189986,,1.0,488287.4285714286
189998,0.3098551630973816,,488310.85714285716
189999,,1.0,488312.8095238095
190004,0.30986517667770386,,488322.5714285714
190005,,1.0,488324.5238095238
190014,0.3098751902580261,,488342.09523809527
190015,,1.0,488344.04761904763
190027,0.3098852038383484,,488363.1219512195
190028,,1.0,488365.0243902439
190038,0.30989521741867065,,488384.0487804878
190039,,1.0,488385.9512195122
190046,0.3099052309989929,,488399.26829268294
190047,,1.0,488401.1707317073
190057,0.3099152445793152,,488420.1951219512
190058,,1.0,488422.0975609756
190076,0.3099152445793152,,488443.4736842105
190077,,0.0,488444.77192982455
190087,0.3099152445793152,,488457.7543859649
190088,,0.0,488459.05263157893
190101,0.3099152445793152,,488475.9298245614
190102,,0.0,488477.22807017545
190116,0.3099152445793152,,488495.4035087719
190117,,0.0,488496.70175438595
190128,0.30992525815963745,,488513.6
190129,,1.0,488515.55
190139,0.3099352717399597,,488535.05
190140,,1.0,488537.0
190149,0.309945285320282,,488554.55
190150,,1.0,488556.5
190158,0.30995529890060425,,488572.1
190159,,1.0,488574.05
190172,0.3099653124809265,,488595.06976744183
190173,,1.0,488596.9767441861
190183,0.3099753260612488,,488616.0465116279
190184,,1.0,488617.9534883721
190191,0.30998533964157104,,488631.3023255814
190192,,1.0,488633.20930232556
190203,0.3099953532218933,,488654.18604651163
190204,,1.0,488656.0930232558
190222,0.3099953532218933,,488682.6666666667
190223,,0.0,488684.31111111114
190232,0.3099953532218933,,488699.1111111111
190233,,0.0,488700.7555555556
190242,0.3099953532218933,,488715.55555555556
190243,,0.0,488717.2
190250,0.3099953532218933,,488728.7111111111
190251,,0.0,488730.35555555555
190265,0.3100253641605377,,488775.137254902
190266,,3.0,488779.0588235294
190279,0.31005537509918213,,488830.03921568627
190280,,3.0,488833.96078431373
190292,0.31008538603782654,,488881.01960784313
190293,,3.0,488884.9411764706
190303,0.31011539697647095,,488924.1568627451
190304,,3.0,488928.07843137253
190316,0.31011539697647095,,488950.0
190317,,0.0,488952.0
190326,0.31011539697647095,,488970.0
190327,,0.0,488972.0
190334,0.31011539697647095,,488986.0
190335,,0.0,488988.0
190346,0.31011539697647095,,489010.0
190347,,0.0,489012.0
190360,0.3101254105567932,,489030.862745098
190361,,1.0,489032.54901960783
190371,0.3101354241371155,,489049.4117647059
190372,,1.0,489051.09803921566
190384,0.31014543771743774,,489071.3333333333
190385,,1.0,489073.01960784313
190399,0.31015545129776,,489096.6274509804
190400,,1.0,489098.3137254902
190414,0.3101654648780823,,489126.0930232558
190415,,1.0,489128.4651162791
190426,0.31017547845840454,,489154.5581395349
190427,,1.0,489156.93023255817
190437,0.3101854920387268,,489180.6511627907
190438,,1.0,489183.0232558139
190444,0.3101955056190491,,489197.25581395347
190445,,1.0,489199.62790697673
190459,0.3101955056190491,,489220.93023255817
190460,,0.0,489222.6511627907
190467,0.3101955056190491,,489234.6976744186
190468,,0.0,489236.4186046512
190478,0.3101955056190491,,489253.62790697673
190479,,0.0,489255.3488372093
190489,0.3101955056190491,,489272.5581395349
190490,,0.0,489274.27906976745
190502,0.31020551919937134,,489294.2368421053
190503,,1.0,489296.2631578947
190513,0.3102155327796936,,489316.5263157895
190514,,1.0,489318.55263157893
190518,0.31022554636001587,,489326.65789473685
190519,,1.0,489328.6842105263
190529,0.31023555994033813,,489348.94736842107
190530,,1.0,489350.9736842105
190546,0.31023555994033813,,489376.5813953488
190547,,0.0,489378.3953488372
190552,0.31023555994033813,,489387.4651162791
190553,,0.0,489389.27906976745
190564,0.31023555994033813,,489409.23255813954
190565,,0.0,489411.0465116279
190574,0.31023555994033813,,489427.37209302327
190575,,0.0,489429.18604651163
190590,0.31023555994033813,,489453.2
190591,,0.0,489455.05
190597,0.31023555994033813,,489466.15
190598,,0.0,489468.0
190607,0.31023555994033813,,489484.65
190608,,0.0,489486.5
190616,0.31023555994033813,,489501.3
190617,,0.0,489503.15
190632,0.3102455735206604,,489528.45454545453
190633,,1.0,489530.4090909091
190643,0.31025558710098267,,489549.95454545453
190644,,1.0,489551.9090909091
190653,0.31026560068130493,,489569.5
190654,,1.0,489571.45454545453
190662,0.3102756142616272,,489587.0909090909
190663,,1.0,489589.04545454547
190673,0.31028562784194946,,489605.875
190674,,1.0,489608.0
190684,0.31029564142227173,,489629.25
190685,,1.0,489631.375
190694,0.310305655002594,,489650.5
190695,,1.0,489652.625
190712,0.31031566858291626,,489688.75
190713,,1.0,489690.875
190728,0.31031566858291626,,489715.76923076925
190729,,0.0,489717.6666666667
190736,0.31031566858291626,,489730.9487179487
190737,,0.0,489732.8461538461
190745,0.31031566858291626,,489748.0256410256
190746,,0.0,489749.92307692306
190753,0.31031566858291626,,489763.2051282051
190754,,0.0,489765.10256410256
190773,0.3103256821632385,,489793.55319148937
190774,,1.0,489795.21276595746
190781,0.3103356957435608,,489806.829787234
190782,,1.0,489808.4893617021
190790,0.31034570932388306,,489821.7659574468
190791,,1.0,489823.42553191487
190802,0.3103557229042053,,489841.6808510638
190803,,1.0,489843.3404255319
190816,0.3103557229042053,,489862.82608695654
190817,,0.0,489864.60869565216
190827,0.3103557229042053,,489882.4347826087
190828,,0.0,489884.2173913043
190838,0.3103557229042053,,489902.04347826086
190839,,0.0,489903.82608695654
190850,0.3103557229042053,,489923.4347826087
190851,,0.0,489925.2173913043
190863,0.3103557229042053,,489944.79069767444
190864,,0.0,489946.76744186046
190872,0.3103557229042053,,489962.5813953488
190873,,0.0,489964.5581395349
190882,0.3103557229042053,,489982.3488372093
190883,,0.0,489984.32558139536
190895,0.3103557229042053,,490008.0465116279
190896,,0.0,490010.0232558139
190910,0.3103657364845276,,490043.0256410256
190911,,1.0,490045.8461538461
190918,0.31037575006484985,,490065.58974358975
190919,,1.0,490068.41025641025
190926,0.3103857636451721,,490088.1538461539
190927,,1.0,490090.9743589744
190936,0.3103957772254944,,490116.358974359
190937,,1.0,490119.1794871795
190947,0.3103957772254944,,490135.63157894736
190948,,0.0,490137.5789473684
190954,0.3103957772254944,,490149.2631578947
190955,,0.0,490151.2105263158
190966,0.3103957772254944,,490172.63157894736
190967,,0.0,490174.5789473684
190976,0.3103957772254944,,490192.1052631579
190977,,0.0,490194.05263157893
190990,0.3103957772254944,,490217.5789473684
190991,,0.0,490219.7368421053
190998,0.3103957772254944,,490234.84210526315
190999,,0.0,490237.0
191007,0.3103957772254944,,490254.2631578947
191008,,0.0,490256.4210526316
191016,0.3103957772254944,,490273.6842105263
191017,,0.0,490275.84210526315
191033,0.31041577458381653,,490328.6170212766
191034,,2.0,490332.5106382979
191043,0.31043577194213867,,490367.55319148937
191044,,2.0,490371.44680851063
191055,0.3104557693004608,,490414.27659574465
191056,,2.0,490418.170212766
191065,0.31047576665878296,,490453.21276595746
191066,,2.0,490457.10638297873
191084,0.3104857802391052,,490485.89361702127
191085,,1.0,490487.55319148937
191093,0.3104957938194275,,490500.829787234
191094,,1.0,490502.4893617021
191102,0.31050580739974976,,490515.7659574468
191103,,1.0,490517.42553191487
191114,0.310515820980072,,490535.6808510638
191115,,1.0,490537.3404255319
191130,0.310515820980072,,490561.2
191131,,0.0,490563.05
191139,0.310515820980072,,490577.85
191140,,0.0,490579.7
191148,0.310515820980072,,490594.5
191149,,0.0,490596.35
191156,0.310515820980072,,490609.3
191157,,0.0,490611.15
191172,0.310515820980072,,490636.4146341463
191173,,0.0,490638.3658536585
191178,0.310515820980072,,490648.1219512195
191179,,0.0,490650.0731707317
191189,0.310515820980072,,490669.5853658537
191190,,0.0,490671.53658536583
191199,0.310515820980072,,490689.0975609756
191200,,0.0,490691.0487804878
191222,0.310515820980072,,490723.875
191223,,0.0,490725.5
191232,0.310515820980072,,490740.125
191233,,0.0,490741.75
191239,0.310515820980072,,490751.5
191240,,0.0,490753.125
191249,0.310515820980072,,490767.75
191250,,0.0,490769.375
191268,0.310515820980072,,490796.4347826087
191269,,0.0,490798.1304347826
191277,0.310515820980072,,490811.6956521739
191278,,0.0,490813.39130434784
191289,0.310515820980072,,490832.04347826086
191290,,0.0,490833.73913043475
191297,0.310515820980072,,490845.60869565216
191298,,0.0,490847.3043478261
191312,0.310515820980072,,490870.45
191313,,0.0,490872.4
191319,0.310515820980072,,490884.1
191320,,0.0,490886.05
191330,0.310515820980072,,490905.55
191331,,0.0,490907.5
191339,0.310515820980072,,490923.1
191340,,0.0,490925.05
191354,0.3105258345603943,,490949.5238095238
191355,,1.0,490951.5714285714
191365,0.31053584814071655,,490972.04761904763
191366,,1.0,490974.09523809527
191374,0.3105458617210388,,490990.4761904762
191375,,1.0,490992.5238095238
191383,0.3105558753013611,,491008.90476190473
191384,,1.0,491010.95238095237
191407,0.3105558753013611,,491044.8367346939
191408,,0.0,491046.4285714286
191419,0.3105558753013611,,491063.9387755102
191420,,0.0,491065.5306122449
191425,0.3105558753013611,,491073.48979591834
191426,,0.0,491075.0816326531
191434,0.3105558753013611,,491087.8163265306
191435,,0.0,491089.4081632653
191451,0.31056588888168335,,491118.85714285716
191452,,1.0,491121.0
191456,0.3105759024620056,,491129.5714285714
191457,,1.0,491131.71428571426
191466,0.3105859160423279,,491151.0
191467,,1.0,491153.14285714284
191478,0.31059592962265015,,491176.71428571426
191479,,1.0,491178.85714285716
191496,0.31059592962265015,,491207.6976744186
191497,,0.0,491209.6046511628
191505,0.31059592962265015,,491224.8604651163
191506,,0.0,491226.76744186046
191514,0.31059592962265015,,491242.0232558139
191515,,0.0,491243.93023255817
191523,0.31059592962265015,,491259.18604651163
191524,,0.0,491261.0930232558
191539,0.31059592962265015,,491286.36842105264
191540,,0.0,491288.3157894737
191548,0.31059592962265015,,491303.8947368421
191549,,0.0,491305.84210526315
191555,0.31059592962265015,,491317.5263157895
191556,,0.0,491319.4736842105
191563,0.31059592962265015,,491333.1052631579
191564,,0.0,491335.05263157893
191579,0.31059592962265015,,491358.14285714284
191580,,0.0,491359.90476190473
191587,0.31059592962265015,,491372.2380952381
191588,,0.0,491374.0
191597,0.31059592962265015,,491389.85714285716
191598,,0.0,491391.61904761905
191607,0.31059592962265015,,491407.4761904762
191608,,0.0,491409.2380952381
191621,0.31059592962265015,,491428.38095238095
191622,,0.0,491430.11904761905
191633,0.31059592962265015,,491449.2380952381
191634,,0.0,491450.9761904762
191643,0.31059592962265015,,491466.61904761905
191644,,0.0,491468.35714285716
191651,0.31059592962265015,,491480.5238095238
191652,,0.0,491482.2619047619
191669,0.31059592962265015,,491507.73913043475
191670,,0.0,491509.4347826087
191677,0.31059592962265015,,491521.3043478261
191678,,0.0,491523.0
191686,0.31059592962265015,,491536.5652173913
191687,,0.0,491538.26086956525
191699,0.31059592962265015,,491558.60869565216
191700,,0.0,491560.3043478261
191713,0.31059592962265015,,491581.5
191714,,0.0,491583.45
191724,0.31059592962265015,,491602.95
191725,,0.0,491604.9
191733,0.31059592962265015,,491620.5
191734,,0.0,491622.45
191741,0.31059592962265015,,491636.1
191742,,0.0,491638.05
191759,0.31059592962265015,,491663.4285714286
191760,,0.0,491665.10204081633
191768,0.31059592962265015,,491678.48979591834
191769,,0.0,491680.1632653061
191779,0.31059592962265015,,491696.89795918367
191780,,0.0,491698.5714285714
191792,0.31059592962265015,,491718.6530612245
191793,,0.0,491720.32653061225
191809,0.31059592962265015,,491748.0
191810,,0.0,491750.0
191815,0.31059592962265015,,491760.0
191816,,0.0,491762.0
191822,0.31059592962265015,,491774.0
191823,,0.0,491776.0
191833,0.31059592962265015,,491796.0
191834,,0.0,491798.0
191851,0.31059592962265015,,491819.5
191852,,0.0,491820.89285714284
191863,0.31059592962265015,,491836.21428571426
191864,,0.0,491837.60714285716
191876,0.31059592962265015,,491854.3214285714
191877,,0.0,491855.71428571426
191891,0.31059592962265015,,491875.21428571426
191892,,0.0,491876.60714285716
191910,0.3106059432029724,,491902.375
191911,,1.0,491904.0
191918,0.3106159567832947,,491915.375
191919,,1.0,491917.0
191927,0.31062597036361694,,491930.0
191928,,1.0,491931.625
191941,0.3106359839439392,,491952.75
191942,,1.0,491954.375
191952,0.3106359839439392,,491969.65
191953,,0.0,491971.6
191963,0.3106359839439392,,491991.1
191964,,0.0,491993.05
191973,0.3106359839439392,,492010.6
191974,,0.0,492012.55
191983,0.3106359839439392,,492030.1
191984,,0.0,492032.05
191996,0.3106359839439392,,492053.1842105263
191997,,0.0,492055.3157894737
192008,0.3106359839439392,,492078.7631578947
192009,,0.0,492080.8947368421
192016,0.3106359839439392,,492095.8157894737
192017,,0.0,492097.94736842107
192023,0.3106359839439392,,492110.7368421053
192024,,0.0,492112.86842105264
192038,0.3106459975242615,,492132.6862745098
192039,,1.0,492134.29411764705
192047,0.31065601110458374,,492147.1568627451
192048,,1.0,492148.76470588235
192057,0.310666024684906,,492163.23529411765
192058,,1.0,492164.8431372549
192076,0.31067603826522827,,492193.7843137255
192077,,1.0,492195.39215686277
192089,0.31068605184555054,,492218.3157894737
192090,,1.0,492220.6842105263
192100,0.3106960654258728,,492244.36842105264
192101,,1.0,492246.7368421053
192108,0.31070607900619507,,492263.3157894737
192109,,1.0,492265.6842105263
192116,0.31071609258651733,,492282.2631578947
192117,,1.0,492284.63157894736
192128,0.3107261061668396,,492304.14285714284
192129,,1.0,492306.28571428574
192139,0.31073611974716187,,492327.71428571426
192140,,1.0,492329.85714285716
192147,0.31074613332748413,,492344.85714285716
192148,,1.0,492347.0
192160,0.3107561469078064,,492372.71428571426
192161,,1.0,492374.85714285716
192171,0.31077614426612854,,492399.94444444444
192172,,2.0,492403.22222222225
192177,0.3107961416244507,,492419.6111111111
192178,,2.0,492422.8888888889
192188,0.3108161389827728,,492455.6666666667
192189,,2.0,492458.94444444444
192198,0.31083613634109497,,492488.44444444444
192199,,2.0,492491.72222222225
192211,0.31083613634109497,,492513.0
192212,,0.0,492515.0
192218,0.31083613634109497,,492527.0
192219,,0.0,492529.0
192229,0.31083613634109497,,492549.0
192230,,0.0,492551.0
192239,0.31083613634109497,,492569.0
192240,,0.0,492571.0
192259,0.31083613634109497,,492605.0
192260,,0.0,492607.0
192266,0.31083613634109497,,492619.0
192267,,0.0,492621.0
192275,0.31083613634109497,,492637.0
192276,,0.0,492639.0
192280,0.31083613634109497,,492647.0
192281,,0.0,492649.0
192294,0.31084614992141724,,492674.9024390244
192295,,1.0,492677.2926829268
192305,0.3108561635017395,,492701.1951219512
192306,,1.0,492703.5853658537
192313,0.31086617708206177,,492720.31707317074
192314,,1.0,492722.7073170732
192323,0.31087619066238403,,492744.2195121951
192324,,1.0,492746.60975609755
192340,0.31087619066238403,,492769.6304347826
192341,,0.0,492771.2173913043
192350,0.31087619066238403,,492785.5
192351,,0.0,492787.0869565217
192363,0.31087619066238403,,492806.1304347826
192364,,0.0,492807.7173913043
192371,0.31087619066238403,,492818.82608695654
192372,,0.0,492820.4130434783
192391,0.31087619066238403,,492845.68
192392,,0.0,492847.16
192400,0.31087619066238403,,492859.0
192401,,0.0,492860.48
192414,0.31087619066238403,,492879.72
192415,,0.0,492881.2
192423,0.31087619066238403,,492893.04
192424,,0.0,492894.52
192439,0.31087619066238403,,492918.4347826087
192440,,0.0,492920.3043478261
192449,0.31087619066238403,,492937.1304347826
192450,,0.0,492939.0
192461,0.31087619066238403,,492959.5652173913
192462,,0.0,492961.4347826087
192471,0.31087619066238403,,492978.26086956525
192472,,0.0,492980.1304347826
192485,0.3108862042427063,,493010.64864864864
192486,,1.0,493013.5135135135
192494,0.31089621782302856,,493036.4324324324
192495,,1.0,493039.2972972973
192503,0.31090623140335083,,493062.2162162162
192504,,1.0,493065.08108108107
192510,0.3109162449836731,,493082.2702702703
192511,,1.0,493085.13513513515
192524,0.3109162449836731,,493104.7346938776
192525,,0.0,493106.4081632653
192536,0.3109162449836731,,493124.8163265306
192537,,0.0,493126.48979591834
192549,0.3109162449836731,,493146.5714285714
192550,,0.0,493148.2448979592
192561,0.3109162449836731,,493166.6530612245
192562,,0.0,493168.32653061225
192571,0.3109162449836731,,493181.6842105263
192572,,0.0,493183.63157894736
192579,0.3109162449836731,,493197.2631578947
192580,,0.0,493199.2105263158
192591,0.3109162449836731,,493220.63157894736
192592,,0.0,493222.5789473684
192601,0.3109162449836731,,493240.1052631579
192602,,0.0,493242.05263157893
192620,0.3109162449836731,,493269.8
192621,,0.0,493271.52
192632,0.3109162449836731,,493290.44
192633,,0.0,493292.16
192643,0.3109162449836731,,493309.36
192644,,0.0,493311.08
192653,0.3109162449836731,,493326.56
192654,,0.0,493328.28
192670,0.3109162449836731,,493348.70175438595
192671,,0.0,493350.1403508772
192682,0.3109162449836731,,493365.9649122807
192683,,0.0,493367.4035087719
192699,0.3109162449836731,,493390.4210526316
192700,,0.0,493391.8596491228
192712,0.3109162449836731,,493409.1228070175
192713,,0.0,493410.56140350876
192730,0.31093624234199524,,493435.77358490566
192731,,2.0,493437.4716981132
192742,0.3109562397003174,,493456.1509433962
192743,,2.0,493457.8490566038
192749,0.3109762370586395,,493468.03773584904
192750,,2.0,493469.7358490566
192767,0.31099623441696167,,493498.6037735849
192768,,2.0,493500.30188679247
192783,0.31099623441696167,,493529.4736842105
192784,,0.0,493531.7631578947
192791,0.31099623441696167,,493547.7894736842
192792,,0.0,493550.0789473684
192800,0.31099623441696167,,493568.3947368421
192801,,0.0,493570.6842105263
192807,0.31099623441696167,,493584.4210526316
192808,,0.0,493586.7105263158
192822,0.31099623441696167,,493606.6956521739
192823,,0.0,493608.3043478261
192837,0.31099623441696167,,493630.82608695654
192838,,0.0,493632.4347826087
192850,0.31099623441696167,,493651.73913043475
192851,,0.0,493653.347826087
192855,0.31099623441696167,,493659.7826086957
192856,,0.0,493661.39130434784
192874,0.3110262453556061,,493729.6666666667
192875,,3.0,493734.1111111111
192885,0.3110562562942505,,493778.55555555556
192886,,3.0,493783.0
192895,0.3110862672328949,,493823.0
192896,,3.0,493827.44444444444
192902,0.3111162781715393,,493854.1111111111
192903,,3.0,493858.55555555556
192918,0.3111162781715393,,493884.0
192919,,0.0,493885.75
192928,0.3111162781715393,,493901.5
192929,,0.0,493903.25
192939,0.3111162781715393,,493920.75
192940,,0.0,493922.5
192948,0.3111162781715393,,493936.5
192949,,0.0,493938.25
192962,0.3111162781715393,,493959.7619047619
192963,,0.0,493961.7380952381
192969,0.3111162781715393,,493973.59523809527
192970,,0.0,493975.5714285714
192979,0.3111162781715393,,493993.35714285716
192980,,0.0,493995.3333333333
192992,0.3111162781715393,,494019.04761904763
192993,,0.0,494021.0238095238
193008,0.3111162781715393,,494044.2727272727
193009,,0.0,494046.04545454547
193020,0.3111162781715393,,494065.54545454547
193021,,0.0,494067.3181818182
193027,0.3111162781715393,,494077.95454545453
193028,,0.0,494079.7272727273
193038,0.3111162781715393,,494097.45454545453
193039,,0.0,494099.2272727273
193053,0.3111162781715393,,494121.4285714286
193054,,0.0,494123.28571428574
193063,0.3111162781715393,,494140.0
193064,,0.0,494141.85714285716
193072,0.3111162781715393,,494156.71428571426
193073,,0.0,494158.5714285714
193082,0.3111162781715393,,494175.28571428574
193083,,0.0,494177.14285714284
193097,0.3111162781715393,,494197.93023255817
193098,,0.0,494199.6511627907
193110,0.3111162781715393,,494220.3023255814
193111,,0.0,494222.0232558139
193119,0.3111162781715393,,494235.79069767444
193120,,0.0,494237.511627907
193127,0.3111162781715393,,494249.5581395349
193128,,0.0,494251.27906976745
193148,0.3111262917518616,,494287.0
193149,,1.0,494289.0
193159,0.31113630533218384,,494309.0
193160,,1.0,494311.0
193166,0.3111463189125061,,494323.0
193167,,1.0,494325.0
193172,0.31115633249282837,,494335.0
193173,,1.0,494337.0
193184,0.31115633249282837,,494352.86666666664
193185,,0.0,494354.6
193197,0.31115633249282837,,494375.4
193198,,0.0,494377.13333333336
193208,0.31115633249282837,,494394.4666666667
193209,,0.0,494396.2
193219,0.31115633249282837,,494413.5333333333
193220,,0.0,494415.26666666666
193232,0.31116634607315063,,494435.45
193233,,1.0,494437.5
193241,0.3111763596534729,,494453.9
193242,,1.0,494455.95
193250,0.31118637323379517,,494472.35
193251,,1.0,494474.4
193261,0.31119638681411743,,494494.9
193262,,1.0,494496.95
193273,0.31119638681411743,,494515.0
193274,,0.0,494517.0
193282,0.31119638681411743,,494533.0
193283,,0.0,494535.0
193291,0.31119638681411743,,494551.0
193292,,0.0,494553.0
193302,0.31119638681411743,,494573.0
193303,,0.0,494575.0
193317,0.31119638681411743,,494593.612244898
193318,,0.0,494595.1224489796
193328,0.31119638681411743,,494610.2244897959
193329,,0.0,494611.7346938776
193339,0.31119638681411743,,494626.8367346939
193340,,0.0,494628.3469387755
193353,0.31119638681411743,,494647.97959183675
193354,,0.0,494649.48979591834
193375,0.31119638681411743,,494677.1176470588
193376,,0.0,494678.56862745096
193386,0.31119638681411743,,494693.07843137253
193387,,0.0,494694.5294117647
193397,0.31119638681411743,,494709.03921568627
193398,,0.0,494710.49019607843
193406,0.31119638681411743,,494722.09803921566
193407,,0.0,494723.54901960783
193427,0.31119638681411743,,494751.0
193428,,0.0,494752.5294117647
193436,0.31119638681411743,,494764.76470588235
193437,,0.0,494766.29411764705
193445,0.31119638681411743,,494778.5294117647
193446,,0.0,494780.0588235294
193459,0.31119638681411743,,494799.9411764706
193460,,0.0,494801.4705882353
193476,0.31119638681411743,,494826.5813953488
193477,,0.0,494828.3953488372
193485,0.31119638681411743,,494842.9069767442
193486,,0.0,494844.72093023255
193496,0.31119638681411743,,494862.8604651163
193497,,0.0,494864.67441860464
193504,0.31119638681411743,,494877.37209302327
193505,,0.0,494879.18604651163
193518,0.3112064003944397,,494901.45454545453
193519,,1.0,494903.5
193533,0.31121641397476196,,494932.13636363635
193534,,1.0,494934.1818181818
193541,0.31122642755508423,,494948.5
193542,,1.0,494950.54545454547
193550,0.3112364411354065,,494966.9090909091
193551,,1.0,494968.95454545453
193570,0.3112364411354065,,494998.7551020408
193571,,0.0,495000.48979591834
193580,0.3112364411354065,,495016.10204081633
193581,,0.0,495017.8367346939
193594,0.3112364411354065,,495040.387755102
193595,,0.0,495042.1224489796
193601,0.3112364411354065,,495052.5306122449
193602,,0.0,495054.2653061224
193616,0.3112364411354065,,495079.34146341466
193617,,0.0,495081.46341463417
193627,0.3112364411354065,,495102.68292682926
193628,,0.0,495104.8048780488
193635,0.3112364411354065,,495119.65853658534
193636,,0.0,495121.7804878049
193644,0.3112364411354065,,495138.756097561
193645,,0.0,495140.8780487805
193664,0.31124645471572876,,495174.36
193665,,1.0,495176.32
193678,0.311256468296051,,495201.8
193679,,1.0,495203.76
193685,0.3112664818763733,,495215.52
193686,,1.0,495217.48
193696,0.31127649545669556,,495237.08
193697,,1.0,495239.04
193715,0.31127649545669556,,495267.5909090909
193716,,0.0,495269.36363636365
193727,0.31127649545669556,,495288.86363636365
193728,,0.0,495290.63636363635
193736,0.31127649545669556,,495304.8181818182
193737,,0.0,495306.5909090909
193742,0.31127649545669556,,495315.45454545453
193743,,0.0,495317.2272727273
193759,0.3112964928150177,,495351.93333333335
193760,,2.0,495354.4666666667
193771,0.31131649017333984,,495382.3333333333
193772,,2.0,495384.86666666664
193784,0.311336487531662,,495415.26666666666
193785,,2.0,495417.8
193789,0.31135648488998413,,495427.93333333335
193790,,2.0,495430.4666666667
193804,0.3113664984703064,,495454.4761904762
193805,,1.0,495456.4285714286
193814,0.31137651205062866,,495474.0
193815,,1.0,495475.95238095237
193824,0.3113865256309509,,495493.5238095238
193825,,1.0,495495.4761904762
193833,0.3113965392112732,,495511.09523809527
193834,,1.0,495513.04761904763
193854,0.3113965392112732,,495539.6666666667
193855,,0.0,495541.1176470588
193870,0.3113965392112732,,495562.8823529412
193871,,0.0,495564.3333333333
193877,0.3113965392112732,,495573.03921568627
193878,,0.0,495574.49019607843
193886,0.3113965392112732,,495586.09803921566
193887,,0.0,495587.54901960783
193904,0.3114265501499176,,495621.6666666667
193905,,3.0,495624.0
193909,0.311456561088562,,495633.3333333333
193910,,3.0,495635.6666666667
193918,0.3114865720272064,,495654.3333333333
193919,,3.0,495656.6666666667
193930,0.31151658296585083,,495682.3333333333
193931,,3.0,495684.6666666667
193948,0.311536580324173,,495720.88
193949,,2.0,495723.3
193960,0.3115565776824951,,495749.92
193961,,2.0,495752.34
193972,0.31157657504081726,,495778.96
193973,,2.0,495781.38
193982,0.3115965723991394,,495803.16
193983,,2.0,495805.58
193999,0.3115965723991394,,495830.59523809527
194000,,0.0,495832.3333333333
194008,0.3115965723991394,,495846.2380952381
194009,,0.0,495847.9761904762
194016,0.3115965723991394,,495860.14285714284
194017,,0.0,495861.88095238095
194026,0.3115965723991394,,495877.5238095238
194027,,0.0,495879.2619047619
194038,0.31160658597946167,,495893.6153846154
194039,,1.0,495895.1923076923
194049,0.31161659955978394,,495910.96153846156
194050,,1.0,495912.53846153844
194063,0.3116266131401062,,495933.03846153844
194064,,1.0,495934.6153846154
194080,0.31163662672042847,,495959.8461538461
194081,,1.0,495961.42307692306
194097,0.31163662672042847,,495985.6808510638
194098,,0.0,495987.42553191487
194108,0.31163662672042847,,496004.87234042556
194109,,0.0,496006.6170212766
194119,0.31163662672042847,,496024.06382978725
194120,,0.0,496025.8085106383
194129,0.31163662672042847,,496041.5106382979
194130,,0.0,496043.25531914894
194142,0.31164664030075073,,496066.0857142857
194143,,1.0,496068.4285714286
194149,0.311656653881073,,496082.4857142857
194150,,1.0,496084.82857142854
194156,0.31166666746139526,,496098.8857142857
194157,,1.0,496101.22857142857
194166,0.31167668104171753,,496122.3142857143
194167,,1.0,496124.65714285715
194181,0.31167668104171753,,496147.9268292683
194182,,0.0,496149.8292682927
194191,0.31167668104171753,,496166.9512195122
194192,,0.0,496168.85365853657
194201,0.31167668104171753,,496185.9756097561
194202,,0.0,496187.8780487805
194209,0.31167668104171753,,496201.1951219512
194210,,0.0,496203.0975609756
194223,0.31167668104171753,,496222.02127659577
194224,,0.0,496223.72340425535
194236,0.31167668104171753,,496244.1489361702
194237,,0.0,496245.8510638298
194247,0.31167668104171753,,496262.87234042556
194248,,0.0,496264.57446808513
194258,0.31167668104171753,,496281.59574468085
194259,,0.0,496283.2978723404
194274,0.3116866946220398,,496308.7272727273
194275,,1.0,496310.70454545453
194285,0.31169670820236206,,496330.4772727273
194286,,1.0,496332.45454545453
194296,0.3117067217826843,,496352.2272727273
194297,,1.0,496354.20454545453
194304,0.3117167353630066,,496368.04545454547
194305,,1.0,496370.0227272727
194313,0.31172674894332886,,496383.1111111111
194314,,1.0,496385.3333333333
194323,0.3117367625236511,,496405.3333333333
194324,,1.0,496407.55555555556
194333,0.3117467761039734,,496427.55555555556
194334,,1.0,496429.77777777775
194342,0.31175678968429565,,496447.55555555556
194343,,1.0,496449.77777777775
194355,0.31175678968429565,,496468.5
194356,,0.0,496470.3333333333
194369,0.31175678968429565,,496494.1666666667
194370,,0.0,496496.0
194377,0.31175678968429565,,496508.8333333333
194378,,0.0,496510.6666666667
194386,0.31175678968429565,,496525.3333333333
194387,,0.0,496527.1666666667
194402,0.3117668032646179,,496553.5714285714
194403,,1.0,496555.61904761905
194414,0.3117768168449402,,496578.14285714284
194415,,1.0,496580.1904761905
194422,0.31178683042526245,,496594.5238095238
194423,,1.0,496596.5714285714
194430,0.3117968440055847,,496610.90476190473
194431,,1.0,496612.95238095237
194445,0.3117968440055847,,496632.16
194446,,0.0,496633.72
194459,0.3117968440055847,,496654.0
194460,,0.0,496655.56
194469,0.3117968440055847,,496669.6
194470,,0.0,496671.16
194482,0.3117968440055847,,496689.88
194483,,0.0,496691.44
194494,0.3117968440055847,,496709.0
194495,,0.0,496711.0
194505,0.3117968440055847,,496731.0
194506,,0.0,496733.0
194513,0.3117968440055847,,496747.0
194514,,0.0,496749.0
194521,0.3117968440055847,,496763.0
194522,,0.0,496765.0
194534,0.311806857585907,,496789.5
194535,,1.0,496792.0
194542,0.31181687116622925,,496809.5
194543,,1.0,496812.0
194550,0.3118268847465515,,496829.5
194551,,1.0,496832.0
194561,0.3118368983268738,,496857.0
194562,,1.0,496859.5
194575,0.3118368983268738,,496880.5
194576,,0.0,496882.35
194584,0.3118368983268738,,496897.15
194585,,0.0,496899.0
194595,0.3118368983268738,,496917.5
194596,,0.0,496919.35
194603,0.3118368983268738,,496932.3
194604,,0.0,496934.15
194618,0.31184691190719604,,496954.652173913
194619,,1.0,496956.347826087
194631,0.3118569254875183,,496976.6956521739
194632,,1.0,496978.39130434784
194640,0.3118669390678406,,496991.95652173914
194641,,1.0,496993.652173913
194651,0.31187695264816284,,497010.60869565216
194652,,1.0,497012.3043478261
194666,0.3118869662284851,,497039.85
194667,,1.0,497042.2
194676,0.3118969798088074,,497063.35
194677,,1.0,497065.7
194684,0.31190699338912964,,497082.15
194685,,1.0,497084.5
194693,0.3119170069694519,,497103.3
194694,,1.0,497105.65
194712,0.31192702054977417,,497131.4
194713,,1.0,497132.96
194723,0.31193703413009644,,497148.56
194724,,1.0,497150.12
194733,0.3119470477104187,,497164.16
194734,,1.0,497165.72
194745,0.31195706129074097,,497182.88
194746,,1.0,497184.44
194760,0.31195706129074097,,497210.5142857143
194761,,0.0,497212.7428571429
194767,0.31195706129074097,,497226.1142857143
194768,,0.0,497228.34285714285
194775,0.31195706129074097,,497243.9428571428
194776,,0.0,497246.17142857146
194782,0.31195706129074097,,497259.54285714286
194783,,0.0,497261.77142857143
194797,0.31195706129074097,,497283.38095238095
194798,,0.0,497285.14285714284
194808,0.31195706129074097,,497302.7619047619
194809,,0.0,497304.5238095238
194816,0.31195706129074097,,497316.85714285716
194817,,0.0,497318.61904761905
194826,0.31195706129074097,,497334.4761904762
194827,,0.0,497336.2380952381
194838,0.31196707487106323,,497352.43902439025
194839,,1.0,497354.243902439
194843,0.3119770884513855,,497361.46341463417
194844,,1.0,497363.26829268294
194857,0.31198710203170776,,497386.73170731706
194858,,1.0,497388.53658536583
194869,0.31199711561203003,,497408.39024390245
194870,,1.0,497410.1951219512
194884,0.31199711561203003,,497431.31111111114
194885,,0.0,497433.06666666665
194892,0.31199711561203003,,497445.35555555555
194893,,0.0,497447.1111111111
194903,0.31199711561203003,,497464.6666666667
194904,,0.0,497466.4222222222
194916,0.31199711561203003,,497487.4888888889
194917,,0.0,497489.2444444444
194929,0.3120071291923523,,497509.4
194930,,1.0,497511.44444444444
194939,0.31201714277267456,,497529.84444444446
194940,,1.0,497531.8888888889
194949,0.3120271563529968,,497550.2888888889
194950,,1.0,497552.3333333333
194963,0.3120371699333191,,497578.9111111111
194964,,1.0,497580.9555555555
194980,0.3120371699333191,,497602.36734693876
194981,,0.0,497603.85714285716
194995,0.3120371699333191,,497624.71428571426
194996,,0.0,497626.20408163266
195002,0.3120371699333191,,497635.14285714284
195003,,0.0,497636.63265306124
195014,0.3120371699333191,,497653.02040816325
195015,,0.0,497654.51020408166
195028,0.31205716729164124,,497677.0256410256
195029,,2.0,497679.1282051282
195039,0.3120771646499634,,497700.1538461539
195040,,2.0,497702.25641025644
195047,0.3120971620082855,,497716.9743589744
195048,,2.0,497719.07692307694
195055,0.31211715936660767,,497733.7948717949
195056,,2.0,497735.89743589744
195068,0.3121371567249298,,497771.5
195069,,2.0,497775.22222222225
195077,0.31215715408325195,,497805.0
195078,,2.0,497808.72222222225
195083,0.3121771514415741,,497827.3333333333
195084,,2.0,497831.05555555556
195093,0.31219714879989624,,497864.55555555556
195094,,2.0,497868.27777777775
195115,0.31219714879989624,,497897.1320754717
195116,,0.0,497898.5283018868
195124,0.31219714879989624,,497909.69811320753
195125,,0.0,497911.09433962265
195134,0.31219714879989624,,497923.6603773585
195135,,0.0,497925.0566037736
195148,0.31219714879989624,,497943.2075471698
195149,,0.0,497944.6037735849
195157,0.3122171461582184,,497959.87096774194
195158,,2.0,497962.6451612903
195167,0.3122371435165405,,497987.6129032258
195168,,2.0,497990.3870967742
195175,0.31225714087486267,,498009.8064516129
195176,,2.0,498012.5806451613
195181,0.3122771382331848,,498026.4516129032
195182,,2.0,498029.22580645164
195200,0.31229713559150696,,498067.3125
195201,,2.0,498069.6666666667
195209,0.3123171329498291,,498088.5
195210,,2.0,498090.8541666667
195222,0.31233713030815125,,498119.1041666667
195223,,2.0,498121.4583333333
195231,0.3123571276664734,,498140.2916666667
195232,,2.0,498142.6458333333
195245,0.31237712502479553,,498180.0
195246,,2.0,498183.5
195253,0.3123971223831177,,498208.0
195254,,2.0,498211.5
195262,0.3124171197414398,,498239.5
195263,,2.0,498243.0
195269,0.31243711709976196,,498264.0
195270,,2.0,498267.5
195284,0.31246712803840637,,498293.0
195285,,3.0,498295.0
195292,0.3124971389770508,,498309.0
195293,,3.0,498311.0
195302,0.3125271499156952,,498329.0
195303,,3.0,498331.0
195309,0.3125571608543396,,498343.0
195310,,3.0,498345.0
195325,0.31256717443466187,,498372.06666666665
195326,,1.0,498374.15555555554
195332,0.31257718801498413,,498386.68888888886
195333,,1.0,498388.77777777775
195344,0.3125872015953064,,498411.7555555556
195345,,1.0,498413.84444444446
195356,0.31259721517562866,,498436.8222222222
195357,,1.0,498438.9111111111
195373,0.3126072287559509,,498471.7894736842
195374,,1.0,498474.15789473685
195380,0.3126172423362732,,498488.36842105264
195381,,1.0,498490.7368421053
195388,0.31262725591659546,,498507.3157894737
195389,,1.0,498509.6842105263
195396,0.3126372694969177,,498526.2631578947
195397,,1.0,498528.63157894736
195411,0.31265726685523987,,498556.2195121951
195412,,2.0,498558.51219512196
195420,0.312677264213562,,498576.85365853657
195421,,2.0,498579.14634146343
195432,0.31269726157188416,,498604.3658536585
195433,,2.0,498606.65853658534
195439,0.3127172589302063,,498620.4146341463
195440,,2.0,498622.7073170732
195457,0.31272727251052856,,498646.84
195458,,1.0,498648.4
195463,0.31273728609085083,,498656.2
195464,,1.0,498657.76
195476,0.3127472996711731,,498676.48
195477,,1.0,498678.04
195491,0.31275731325149536,,498699.88
195492,,1.0,498701.44
195505,0.31275731325149536,,498721.5714285714
195506,,0.0,498723.4285714286
195515,0.31275731325149536,,498740.14285714284
195516,,0.0,498742.0
195525,0.31275731325149536,,498758.71428571426
195526,,0.0,498760.5714285714
195535,0.31275731325149536,,498777.28571428574
195536,,0.0,498779.14285714284
195548,0.3127673268318176,,498796.375
195549,,1.0,498798.0833333333
195560,0.3127773404121399,,498816.875
195561,,1.0,498818.5833333333
195574,0.31278735399246216,,498840.7916666667
195575,,1.0,498842.5
195585,0.3127973675727844,,498859.5833333333
195586,,1.0,498861.2916666667
195598,0.3127973675727844,,498879.243902439
195599,,0.0,498881.0487804878
195609,0.3127973675727844,,498899.0975609756
195610,,0.0,498900.9024390244
195616,0.3127973675727844,,498911.73170731706
195617,,0.0,498913.53658536583
195628,0.3127973675727844,,498933.39024390245
195629,,0.0,498935.1951219512
195644,0.3127973675727844,,498957.6511627907
195645,,0.0,498959.37209302327
195652,0.3127973675727844,,498971.4186046512
195653,,0.0,498973.1395348837
195664,0.3127973675727844,,498992.06976744183
195665,,0.0,498993.79069767444
195673,0.3127973675727844,,499007.5581395349
195674,,0.0,499009.27906976745
195694,0.3128073811531067,,499044.32
195695,,1.0,499046.28
195703,0.31281739473342896,,499061.96
195704,,1.0,499063.92
195717,0.3128274083137512,,499089.4
195718,,1.0,499091.36
195725,0.3128374218940735,,499105.08
195726,,1.0,499107.04
195739,0.31284743547439575,,499135.1538461539
195740,,1.0,499137.76923076925
195748,0.312857449054718,,499158.6923076923
195749,,1.0,499161.3076923077
195757,0.3128674626350403,,499182.23076923075
195758,,1.0,499184.8461538461
195766,0.31287747621536255,,499205.76923076925
195767,,1.0,499208.3846153846
195785,0.31287747621536255,,499237.0
195786,,0.0,499238.73333333334
195793,0.31287747621536255,,499250.86666666664
195794,,0.0,499252.6
195805,0.31287747621536255,,499271.6666666667
195806,,0.0,499273.4
195813,0.31287747621536255,,499285.5333333333
195814,,0.0,499287.26666666666
195830,0.31287747621536255,,499314.3157894737
195831,,0.0,499316.2631578947
195836,0.31287747621536255,,499326.0
195837,,0.0,499327.94736842107
195843,0.31287747621536255,,499339.63157894736
195844,,0.0,499341.5789473684
195853,0.31287747621536255,,499359.1052631579
195854,,0.0,499361.05263157893
195866,0.31287747621536255,,499379.243902439
195867,,0.0,499381.0487804878
195878,0.31287747621536255,,499400.9024390244
195879,,0.0,499402.7073170732
195887,0.31287747621536255,,499417.14634146343
195888,,0.0,499418.9512195122
195896,0.31287747621536255,,499433.39024390245
195897,,0.0,499435.1951219512
195908,0.3128974735736847,,499456.8918918919
195909,,2.0,499459.3783783784
195916,0.31291747093200684,,499476.7837837838
195917,,2.0,499479.2702702703
195927,0.312937468290329,,499504.13513513515
195928,,2.0,499506.6216216216
195935,0.3129574656486511,,499524.02702702704
195936,,2.0,499526.5135135135
195948,0.3129674792289734,,499549.5
195949,,1.0,499551.77777777775
195958,0.31297749280929565,,499572.27777777775
195959,,1.0,499574.55555555556
195967,0.3129875063896179,,499592.77777777775
195968,,1.0,499595.05555555556
195973,0.3129975199699402,,499606.44444444444
195974,,1.0,499608.72222222225
195985,0.3129975199699402,,499626.1794871795
195986,,0.0,499628.07692307694
195996,0.3129975199699402,,499647.0512820513
195997,,0.0,499648.9487179487
196006,0.3129975199699402,,499666.0256410256
196007,,0.0,499667.92307692306
196014,0.3129975199699402,,499681.2051282051
196015,,0.0,499683.10256410256
196025,0.3129975199699402,,499697.20930232556
196026,,0.0,499698.9534883721
196035,0.3129975199699402,,499714.6511627907
196036,,0.0,499716.3953488372
196044,0.3129975199699402,,499730.3488372093
196045,,0.0,499732.0930232558
196059,0.3129975199699402,,499756.511627907
196060,,0.0,499758.25581395347
196081,0.3129975199699402,,499792.8
196082,,0.0,499794.6222222222
196089,0.3129975199699402,,499807.3777777778
196090,,0.0,499809.2
196099,0.3129975199699402,,499825.6
196100,,0.0,499827.4222222222
196106,0.3129975199699402,,499838.35555555555
196107,,0.0,499840.1777777778
196127,0.3129975199699402,,499869.347826087
196128,,0.0,499870.95652173914
196137,0.3129975199699402,,499885.4347826087
196138,,0.0,499887.04347826086
196144,0.3129975199699402,,499896.6956521739
196145,,0.0,499898.3043478261
196154,0.3129975199699402,,499912.7826086957
196155,,0.0,499914.39130434784
196170,0.3129975199699402,,499933.76923076925
196171,,0.0,499935.25
196184,0.3129975199699402,,499954.5
196185,,0.0,499955.98076923075
196196,0.3129975199699402,,499972.26923076925
196197,,0.0,499973.75
196208,0.3129975199699402,,499990.03846153844
196209,,0.0,499991.51923076925
196220,0.3129975199699402,,500007.8
196221,,0.0,500009.65
196229,0.3129975199699402,,500024.45
196230,,0.0,500026.3
196241,0.3129975199699402,,500046.65
196242,,0.0,500048.5
196250,0.3129975199699402,,500063.3
196251,,0.0,500065.15
196268,0.31301751732826233,,500100.25
196269,,2.0,500102.625
196277,0.3130375146865845,,500121.625
196278,,2.0,500124.0
196292,0.3130575120449066,,500157.25
196293,,2.0,500159.625
196300,0.31307750940322876,,500176.25
196301,,2.0,500178.625
196313,0.31307750940322876,,500198.55
196314,,0.0,500200.5
196321,0.31307750940322876,,500214.15
196322,,0.0,500216.1
196330,0.31307750940322876,,500231.7
196331,,0.0,500233.65
196342,0.31307750940322876,,500255.1
196343,,0.0,500257.05
196361,0.31307750940322876,,500286.3333333333
196362,,0.0,500288.15555555554
196371,0.31307750940322876,,500304.55555555556
196372,,0.0,500306.3777777778
196379,0.31307750940322876,,500319.13333333336
196380,,0.0,500320.9555555555
196389,0.31307750940322876,,500337.35555555555
196390,,0.0,500339.1777777778
196402,0.313087522983551,,500357.7727272727
196403,,1.0,500359.63636363635
196413,0.3130975365638733,,500378.2727272727
196414,,1.0,500380.13636363635
196427,0.31310755014419556,,500404.36363636365
196428,,1.0,500406.2272727273
196435,0.3131175637245178,,500419.2727272727
196436,,1.0,500421.13636363635
196448,0.3131275773048401,,500444.0
196449,,1.0,500446.3333333333
196457,0.31313759088516235,,500465.0
196458,,1.0,500467.3333333333
196464,0.3131476044654846,,500481.3333333333
196465,,1.0,500483.6666666667
196479,0.3131576180458069,,500516.3333333333
196480,,1.0,500518.6666666667
196494,0.3131576180458069,,500539.25531914894
196495,,0.0,500540.91489361704
196507,0.3131576180458069,,500560.829787234
196508,,0.0,500562.4893617021
196520,0.3131576180458069,,500582.40425531915
196521,,0.0,500584.06382978725
196528,0.3131576180458069,,500595.6808510638
196529,,0.0,500597.3404255319
196546,0.3131576180458069,,500621.75
196547,,0.0,500623.375
196559,0.3131576180458069,,500642.875
196560,,0.0,500644.5
196569,0.3131576180458069,,500659.125
196570,,0.0,500660.75
196578,0.3131576180458069,,500673.75
196579,,0.0,500675.375
196593,0.31316763162612915,,500697.5
196594,,1.0,500699.36363636365
196603,0.3131776452064514,,500716.13636363635
196604,,1.0,500718.0
196613,0.3131876587867737,,500734.7727272727
196614,,1.0,500736.63636363635
196624,0.31319767236709595,,500755.2727272727
196625,,1.0,500757.13636363635
196638,0.31319767236709595,,500778.4736842105
196639,,0.0,500780.4210526316
196649,0.31319767236709595,,500799.8947368421
196650,,0.0,500801.84210526315
196656,0.31319767236709595,,500813.5263157895
196657,,0.0,500815.4736842105
196664,0.31319767236709595,,500829.1052631579
196665,,0.0,500831.05263157893
196677,0.3132076859474182,,500852.4
196678,,1.0,500854.55555555556
196689,0.3132176995277405,,500878.26666666666
196690,,1.0,500880.4222222222
196701,0.31322771310806274,,500904.13333333336
196702,,1.0,500906.2888888889
196711,0.313237726688385,,500925.68888888886
196712,,1.0,500927.84444444446
196727,0.31325772404670715,,500967.9591836735
196728,,2.0,500971.1224489796
196742,0.3132777214050293,,501015.4081632653
196743,,2.0,501018.5714285714
196750,0.31329771876335144,,501040.71428571426
196751,,2.0,501043.8775510204
196762,0.3133177161216736,,501078.67346938775
196763,,2.0,501081.8367346939
196782,0.313347727060318,,501156.1111111111
196783,,3.0,501160.55555555556
196792,0.3133777379989624,,501200.55555555556
196793,,3.0,501205.0
196799,0.3134077489376068,,501231.6666666667
196800,,3.0,501236.1111111111
196809,0.3134377598762512,,501276.1111111111
196810,,3.0,501280.55555555556
196826,0.3134477734565735,,501314.0
196827,,1.0,501316.23076923075
196835,0.31345778703689575,,501334.07692307694
196836,,1.0,501336.3076923077
196843,0.313467800617218,,501351.92307692306
196844,,1.0,501354.1538461539
196850,0.3134778141975403,,501367.53846153844
196851,,1.0,501369.76923076925
196866,0.31348782777786255,,501397.63636363635
196867,,1.0,501399.7727272727
196876,0.3134978413581848,,501419.0
196877,,1.0,501421.13636363635
196888,0.3135078549385071,,501444.63636363635
196889,,1.0,501446.7727272727
196896,0.31351786851882935,,501461.7272727273
196897,,1.0,501463.86363636365
196917,0.31351786851882935,,501493.3333333333
196918,,0.0,501494.9411764706
196929,0.31351786851882935,,501512.6274509804
196930,,0.0,501514.23529411765
196938,0.31351786851882935,,501527.09803921566
196939,,0.0,501528.70588235295
196949,0.31351786851882935,,501544.7843137255
196950,,0.0,501546.39215686277
196966,0.3135278820991516,,501576.4186046512
196967,,1.0,501578.6046511628
196975,0.3135378956794739,,501596.0930232558
196976,,1.0,501598.27906976745
196983,0.31354790925979614,,501613.5813953488
196984,,1.0,501615.76744186046
196994,0.3135579228401184,,501637.62790697673
196995,,1.0,501639.81395348837
197008,0.3135579228401184,,501665.23529411765
197009,,0.0,501667.5588235294
197014,0.3135579228401184,,501679.17647058825
197015,,0.0,501681.5
197020,0.3135579228401184,,501693.1176470588
197021,,0.0,501695.4411764706
197030,0.3135579228401184,,501716.35294117645
197031,,0.0,501718.67647058825
197046,0.3135679364204407,,501747.1
197047,,1.0,501749.275
197055,0.31357795000076294,,501766.675
197056,,1.0,501768.85
197063,0.3135879635810852,,501784.075
197064,,1.0,501786.25
197072,0.31359797716140747,,501803.65
197073,,1.0,501805.825
197091,0.31359797716140747,,501833.21276595746
197092,,0.0,501834.89361702127
197101,0.31359797716140747,,501850.02127659577
197102,,0.0,501851.7021276596
197110,0.31359797716140747,,501865.1489361702
197111,,0.0,501866.829787234
197121,0.31359797716140747,,501883.6382978723
197122,,0.0,501885.3191489362
197140,0.31360799074172974,,501914.1875
197141,,1.0,501916.0
197148,0.313618004322052,,501928.6875
197149,,1.0,501930.5
197156,0.31362801790237427,,501943.1875
197157,,1.0,501945.0
197171,0.31363803148269653,,501970.375
197172,,1.0,501972.1875
197187,0.3136580288410187,,502004.54545454547
197188,,2.0,502007.0909090909
197200,0.3136780261993408,,502037.63636363635
197201,,2.0,502040.1818181818
197208,0.31369802355766296,,502058.0
197209,,2.0,502060.54545454547
197217,0.3137180209159851,,502080.9090909091
197218,,2.0,502083.45454545453
197233,0.3137180209159851,,502106.8
197234,,0.0,502108.5333333333
197242,0.3137180209159851,,502122.4
197243,,0.0,502124.13333333336
197256,0.3137180209159851,,502146.6666666667
197257,,0.0,502148.4
197264,0.3137180209159851,,502160.5333333333
197265,,0.0,502162.26666666666
197281,0.3137280344963074,,502190.5652173913
197282,,1.0,502192.60869565216
197293,0.31373804807662964,,502215.0869565217
197294,,1.0,502217.1304347826
197303,0.3137480616569519,,502235.52173913043
197304,,1.0,502237.5652173913
197312,0.31375807523727417,,502253.9130434783
197313,,1.0,502255.95652173914
197332,0.31375807523727417,,502285.1304347826
197333,,0.0,502286.82608695654
197340,0.31375807523727417,,502298.6956521739
197341,,0.0,502300.39130434784
197350,0.31375807523727417,,502315.652173913
197351,,0.0,502317.347826087
197360,0.31375807523727417,,502332.60869565216
197361,,0.0,502334.3043478261
197378,0.31376808881759644,,502358.75
197379,,1.0,502360.375
197388,0.3137781023979187,,502375.0
197389,,1.0,502376.625
197399,0.31378811597824097,,502392.875
197400,,1.0,502394.5
197410,0.31379812955856323,,502410.75
197411,,1.0,502412.375
197427,0.3138081431388855,,502436.37209302327
197428,,1.0,502438.0930232558
197440,0.31381815671920776,,502458.74418604653
197441,,1.0,502460.4651162791
197446,0.31382817029953003,,502469.06976744183
197447,,1.0,502470.79069767444
197455,0.3138381838798523,,502484.5581395349
197456,,1.0,502486.27906976745
197469,0.3138381838798523,,502507.0243902439
197470,,0.0,502508.9268292683
197479,0.3138381838798523,,502526.0487804878
197480,,0.0,502527.9512195122
197489,0.3138381838798523,,502545.0731707317
197490,,0.0,502546.9756097561
197498,0.3138381838798523,,502562.1951219512
197499,,0.0,502564.0975609756
197513,0.3138381838798523,,502584.93023255817
197514,,0.0,502586.6511627907
197524,0.3138381838798523,,502603.8604651163
197525,,0.0,502605.5813953488
197535,0.3138381838798523,,502622.79069767444
197536,,0.0,502624.511627907
197543,0.3138381838798523,,502636.5581395349
197544,,0.0,502638.27906976745
197559,0.3138381838798523,,502661.14285714284
197560,,0.0,502662.90476190473
197570,0.3138381838798523,,502680.5238095238
197571,,0.0,502682.28571428574
197577,0.3138381838798523,,502692.85714285716
197578,,0.0,502694.61904761905
197587,0.3138381838798523,,502710.4761904762
197588,,0.0,502712.2380952381
197607,0.3138381838798523,,502739.4693877551
197608,,0.0,502741.0612244898
197615,0.3138381838798523,,502752.20408163266
197616,,0.0,502753.79591836734
197626,0.3138381838798523,,502769.71428571426
197627,,0.0,502771.306122449
197638,0.3138381838798523,,502788.8163265306
197639,,0.0,502790.4081632653
197656,0.3138381838798523,,502817.3953488372
197657,,0.0,502819.20930232556
197663,0.3138381838798523,,502830.0930232558
197664,,0.0,502831.9069767442
197673,0.3138381838798523,,502848.23255813954
197674,,0.0,502850.0465116279
197683,0.3138381838798523,,502866.37209302327
197684,,0.0,502868.18604651163
197704,0.3138381838798523,,502896.52
197705,,0.0,502898.08
197716,0.3138381838798523,,502915.24
197717,,0.0,502916.8
197724,0.3138381838798523,,502927.72
197725,,0.0,502929.28
197735,0.3138381838798523,,502944.88
197736,,0.0,502946.44
197746,0.31384819746017456,,502962.0
197747,,1.0,502964.0
197758,0.3138582110404968,,502986.0
197759,,1.0,502988.0
197768,0.3138682246208191,,503006.0
197769,,1.0,503008.0
197776,0.31387823820114136,,503022.0
197777,,1.0,503024.0
197794,0.31387823820114136,,503051.3953488372
197795,,0.0,503053.20930232556
197807,0.31387823820114136,,503074.9767441861
197808,,0.0,503076.79069767444
197813,0.31387823820114136,,503085.8604651163
197814,,0.0,503087.67441860464
197821,0.31387823820114136,,503100.37209302327
197822,,0.0,503102.18604651163
197835,0.3138882517814636,,503125.8604651163
197836,,1.0,503128.0465116279
197846,0.3138982653617859,,503149.9069767442
197847,,1.0,503152.0930232558
197859,0.31390827894210815,,503178.32558139536
197860,,1.0,503180.511627907
197866,0.3139182925224304,,503193.62790697673
197867,,1.0,503195.81395348837
197880,0.3139182925224304,,503215.20930232556
197881,,0.0,503216.93023255817
197891,0.3139182925224304,,503234.1395348837
197892,,0.0,503235.8604651163
197900,0.3139182925224304,,503249.62790697673
197901,,0.0,503251.3488372093
197911,0.3139182925224304,,503268.5581395349
197912,,0.0,503270.27906976745
197929,0.3139283061027527,,503303.1818181818
197930,,1.0,503305.4090909091
197934,0.31393831968307495,,503314.3181818182
197935,,1.0,503316.54545454547
197944,0.3139483332633972,,503336.5909090909
197945,,1.0,503338.8181818182
197957,0.3139583468437195,,503365.54545454547
197958,,1.0,503367.7727272727
197975,0.3139583468437195,,503393.73913043475
197976,,0.0,503395.4347826087
197984,0.3139583468437195,,503409.0
197985,,0.0,503410.6956521739
197992,0.3139583468437195,,503422.5652173913
197993,,0.0,503424.26086956525
198005,0.3139583468437195,,503444.60869565216
198006,,0.0,503446.3043478261
198023,0.31396836042404175,,503476.95454545453
198024,,1.0,503479.0227272727
198031,0.313978374004364,,503493.5
198032,,1.0,503495.5681818182
198037,0.3139883875846863,,503505.9090909091
198038,,1.0,503507.9772727273
198051,0.31399840116500854,,503534.86363636365
198052,,1.0,503536.9318181818
198072,0.3140084147453308,,503589.1707317073
198073,,1.0,503592.1219512195
198079,0.3140184283256531,,503609.8292682927
198080,,1.0,503612.7804878049
198086,0.31402844190597534,,503630.48780487804
198087,,1.0,503633.43902439025
198094,0.3140384554862976,,503654.0975609756
198095,,1.0,503657.0487804878
198106,0.31405845284461975,,503677.90476190473
198107,,2.0,503680.14285714284
198116,0.3140784502029419,,503700.28571428574
198117,,2.0,503702.5238095238
198127,0.31409844756126404,,503724.90476190473
198128,,2.0,503727.14285714284
198138,0.3141184449195862,,503749.5238095238
198139,,2.0,503751.7619047619
198153,0.31412845849990845,,503773.60869565216
198154,,1.0,503775.39130434784
198161,0.3141384720802307,,503787.8695652174
198162,,1.0,503789.652173913
198171,0.314148485660553,,503805.6956521739
198172,,1.0,503807.47826086957
198186,0.31415849924087524,,503832.4347826087
198187,,1.0,503834.2173913043
198202,0.3141685128211975,,503861.63636363635
198203,,1.0,503863.7727272727
198211,0.3141785264015198,,503880.86363636365
198212,,1.0,503883.0
198220,0.31418853998184204,,503900.0909090909
198221,,1.0,503902.2272727273
198232,0.3141985535621643,,503925.7272727273
198233,,1.0,503927.86363636365
198253,0.3142085671424866,,503960.1041666667
198254,,1.0,503961.875
198263,0.31421858072280884,,503977.8125
198264,,1.0,503979.5833333333
198274,0.3142285943031311,,503997.2916666667
198275,,1.0,503999.0625
198282,0.31423860788345337,,504011.4583333333
198283,,1.0,504013.2291666667
198297,0.3142586052417755,,504064.358974359
198298,,2.0,504068.8461538461
198304,0.31427860260009766,,504095.76923076925
198305,,2.0,504100.25641025644
198310,0.3142985999584198,,504122.6923076923
198311,,2.0,504127.1794871795
198323,0.31431859731674194,,504181.0256410256
198324,,2.0,504185.5128205128
198335,0.3143286108970642,,504212.1176470588
198336,,1.0,504214.8823529412
198344,0.3143386244773865,,504237.0
198345,,1.0,504239.76470588235
198351,0.31434863805770874,,504256.35294117645
198352,,1.0,504259.1176470588
198359,0.314358651638031,,504278.4705882353
198360,,1.0,504281.23529411765
198371,0.314358651638031,,504298.85714285716
198372,,0.0,504300.71428571426
198384,0.314358651638031,,504323.0
198385,,0.0,504324.85714285716
198396,0.314358651638031,,504345.28571428574
198397,,0.0,504347.14285714284
198403,0.314358651638031,,504358.28571428574
198404,,0.0,504360.14285714284
198420,0.314358651638031,,504383.86363636365
198421,,0.0,504385.54545454547
198428,0.314358651638031,,504397.3181818182
198429,,0.0,504399.0
198439,0.314358651638031,,504415.8181818182
198440,,0.0,504417.5
198449,0.314358651638031,,504432.63636363635
198450,,0.0,504434.3181818182
198465,0.314358651638031,,504457.2727272727
198466,,0.0,504459.04545454547
198472,0.314358651638031,,504469.6818181818
198473,,0.0,504471.45454545453
198487,0.314358651638031,,504496.2727272727
198488,,0.0,504498.04545454547
198495,0.314358651638031,,504510.45454545453
198496,,0.0,504512.2272727273
198511,0.31436866521835327,,504536.28571428574
198512,,1.0,504538.14285714284
198522,0.31437867879867554,,504556.71428571426
198523,,1.0,504558.5714285714
198531,0.3143886923789978,,504573.4285714286
198532,,1.0,504575.28571428574
198539,0.31439870595932007,,504588.28571428574
198540,,1.0,504590.14285714284
198551,0.31439870595932007,,504604.0816326531
198552,,0.0,504605.5918367347
198566,0.31439870595932007,,504626.7346938776
198567,,0.0,504628.2448979592
198575,0.31439870595932007,,504640.32653061225
198576,,0.0,504641.8367346939
198590,0.31439870595932007,,504662.97959183675
198591,,0.0,504664.48979591834
198605,0.31440871953964233,,504688.0
198606,,1.0,504690.0
198611,0.3144187331199646,,504700.0
198612,,1.0,504702.0
198622,0.31442874670028687,,504722.0
198623,,1.0,504724.0
198633,0.31443876028060913,,504744.0
198634,,1.0,504746.0
198648,0.31443876028060913,,504767.9534883721
198649,,0.0,504769.76744186046
198661,0.31443876028060913,,504791.5348837209
198662,,0.0,504793.3488372093
198669,0.31443876028060913,,504806.0465116279
198670,,0.0,504807.8604651163
198678,0.31443876028060913,,504822.37209302327
198679,,0.0,504824.18604651163
198694,0.31443876028060913,,504846.5333333333
198695,,0.0,504848.2444444444
198704,0.31443876028060913,,504863.64444444445
198705,,0.0,504865.35555555555
198714,0.31443876028060913,,504880.7555555556
198715,,0.0,504882.4666666667
198725,0.31443876028060913,,504899.5777777778
198726,,0.0,504901.2888888889
198740,0.3144487738609314,,504926.0232558139
198741,,1.0,504928.11627906974
198748,0.31445878744125366,,504942.76744186046
198749,,1.0,504944.8604651163
198756,0.3144688010215759,,504959.511627907
198757,,1.0,504961.6046511628
198770,0.3144788146018982,,504988.81395348837
198771,,1.0,504990.9069767442
198781,0.3144788146018982,,505006.28205128206
198782,,0.0,505008.1794871795
198788,0.3144788146018982,,505019.5641025641
198789,,0.0,505021.46153846156
198804,0.3144788146018982,,505049.92307692306
198805,,0.0,505051.8205128205
198811,0.3144788146018982,,505063.2051282051
198812,,0.0,505065.10256410256
198824,0.3144788146018982,,505085.97297297296
198825,,0.0,505088.08108108107
198831,0.3144788146018982,,505100.7297297297
198832,,0.0,505102.8378378378
198841,0.3144788146018982,,505121.8108108108
198842,,0.0,505123.91891891893
198850,0.3144788146018982,,505140.7837837838
198851,,0.0,505142.8918918919
198868,0.3144788146018982,,505167.75
198869,,0.0,505169.375
198874,0.3144788146018982,,505177.5
198875,,0.0,505179.125
198889,0.3144788146018982,,505201.875
198890,,0.0,505203.5
198900,0.3144788146018982,,505219.75
198901,,0.0,505221.375
198919,0.3145088255405426,,505285.5
198920,,3.0,505289.6666666667
198931,0.314538836479187,,505335.5
198932,,3.0,505339.6666666667
198940,0.3145688474178314,,505373.0
198941,,3.0,505377.1666666667
198950,0.31459885835647583,,505414.6666666667
198951,,3.0,505418.8333333333
198968,0.31459885835647583,,505443.03921568627
198969,,0.0,505444.4705882353
198981,0.31459885835647583,,505461.64705882355
198982,,0.0,505463.07843137253
198991,0.31459885835647583,,505475.96078431373
198992,,0.0,505477.39215686277
199003,0.31459885835647583,,505493.137254902
199004,,0.0,505494.56862745096
199021,0.3146088719367981,,505530.0
199022,,1.0,505532.4285714286
199029,0.31461888551712036,,505549.4285714286
199030,,1.0,505551.85714285716
199037,0.3146288990974426,,505568.85714285716
199038,,1.0,505571.28571428574
199047,0.3146389126777649,,505593.14285714284
199048,,1.0,505595.5714285714
199057,0.3146389126777649,,505610.0
199058,,0.0,505612.0
199070,0.3146389126777649,,505636.0
199071,,0.0,505638.0
199082,0.3146389126777649,,505660.0
199083,,0.0,505662.0
199088,0.3146389126777649,,505672.0
199089,,0.0,505674.0
199106,0.3146389126777649,,505700.95652173914
199107,,0.0,505702.73913043475
199115,0.3146389126777649,,505717.0
199116,,0.0,505718.7826086957
199129,0.3146389126777649,,505741.95652173914
199130,,0.0,505743.73913043475
199136,0.3146389126777649,,505754.4347826087
199137,,0.0,505756.2173913043
199157,0.3146389126777649,,505785.88
199158,,0.0,505787.52
199169,0.3146389126777649,,505805.56
199170,,0.0,505807.2
199177,0.3146389126777649,,505818.68
199178,,0.0,505820.32
199188,0.3146389126777649,,505836.72
199189,,0.0,505838.36
199200,0.3146389126777649,,505854.09523809527
199201,,0.0,505855.85714285716
199213,0.3146389126777649,,505877.0
199214,,0.0,505878.7619047619
199222,0.3146389126777649,,505892.85714285716
199223,,0.0,505894.61904761905
199232,0.3146389126777649,,505910.4761904762
199233,,0.0,505912.2380952381
199249,0.3146389126777649,,505934.4680851064
199250,,0.0,505936.0425531915
199258,0.3146389126777649,,505948.6382978723
199259,,0.0,505950.21276595746
199266,0.3146389126777649,,505961.2340425532
199267,,0.0,505962.8085106383
199281,0.3146389126777649,,505984.8510638298
199282,,0.0,505986.42553191487
199296,0.31465891003608704,,506019.4651162791
199297,,2.0,506022.32558139536
199307,0.3146789073944092,,506050.93023255817
199308,,2.0,506053.79069767444
199317,0.3146989047527313,,506079.5348837209
199318,,2.0,506082.3953488372
199326,0.31471890211105347,,506105.27906976745
199327,,2.0,506108.1395348837
199338,0.3147388994693756,,506136.4358974359
199339,,2.0,506139.6153846154
199347,0.31475889682769775,,506165.0512820513
199348,,2.0,506168.23076923075
199361,0.3147788941860199,,506209.5641025641
199362,,2.0,506212.74358974356
199367,0.31479889154434204,,506228.641025641
199368,,2.0,506231.8205128205
199385,0.3148188889026642,,506268.3617021277
199386,,2.0,506270.74468085106
199398,0.31483888626098633,,506299.3404255319
199399,,2.0,506301.72340425535
199406,0.31485888361930847,,506318.40425531915
199407,,2.0,506320.78723404254
199416,0.3148788809776306,,506342.2340425532
199417,,2.0,506344.6170212766
199431,0.3148788809776306,,506371.6666666667
199432,,0.0,506373.9090909091
199438,0.3148788809776306,,506387.36363636365
199439,,0.0,506389.6060606061
199446,0.3148788809776306,,506405.30303030304
199447,,0.0,506407.54545454547
199451,0.3148788809776306,,506416.51515151514
199452,,0.0,506418.75757575757
199466,0.3148788809776306,,506439.4130434783
199467,,0.0,506441.0869565217
199475,0.3148788809776306,,506454.47826086957
199476,,0.0,506456.152173913
199489,0.3148788809776306,,506477.9130434783
199490,,0.0,506479.5869565217
199499,0.3148788809776306,,506494.652173913
199500,,0.0,506496.32608695654
199518,0.3148888945579529,,506530.9268292683
199519,,1.0,506533.1219512195
199524,0.31489890813827515,,506544.0975609756
199525,,1.0,506546.2926829268
199533,0.3149089217185974,,506563.85365853657
199534,,1.0,506566.0487804878
199542,0.3149189352989197,,506583.60975609755
199543,,1.0,506585.8048780488
199554,0.31492894887924194,,506604.2105263158
199555,,1.0,506606.2368421053
199563,0.3149389624595642,,506622.44736842107
199564,,1.0,506624.4736842105
199573,0.3149489760398865,,506642.7105263158
199574,,1.0,506644.7368421053
199582,0.31495898962020874,,506660.94736842107
199583,,1.0,506662.9736842105
199595,0.31495898962020874,,506681.1590909091
199596,,0.0,506682.95454545453
199607,0.31495898962020874,,506702.70454545453
199608,,0.0,506704.5
199615,0.31495898962020874,,506717.0681818182
199616,,0.0,506718.86363636365
199628,0.31495898962020874,,506740.4090909091
199629,,0.0,506742.20454545453
199650,0.31495898962020874,,506772.3404255319
199651,,0.0,506773.91489361704
199660,0.31495898962020874,,506788.08510638296
199661,,0.0,506789.6595744681
199667,0.31495898962020874,,506799.10638297873
199668,,0.0,506800.6808510638
199677,0.31495898962020874,,506814.8510638298
199678,,0.0,506816.42553191487
199694,0.31495898962020874,,506838.9591836735
199695,,0.0,506840.5714285714
199707,0.31495898962020874,,506859.9183673469
199708,,0.0,506861.5306122449
199716,0.31495898962020874,,506874.4285714286
199717,,0.0,506876.0408163265
199728,0.31495898962020874,,506893.7755102041
199729,,0.0,506895.387755102
199744,0.314969003200531,,506919.97872340423
199745,,1.0,506921.89361702127
199753,0.31497901678085327,,506937.21276595746
199754,,1.0,506939.12765957444
199765,0.31498903036117554,,506960.1914893617
199766,,1.0,506962.10638297873
199777,0.3149990439414978,,506983.170212766
199778,,1.0,506985.08510638296
199792,0.3149990439414978,,507005.25531914894
199793,,0.0,507006.91489361704
199802,0.3149990439414978,,507021.8510638298
199803,,0.0,507023.5106382979
199816,0.3149990439414978,,507045.08510638296
199817,,0.0,507046.74468085106
199826,0.3149990439414978,,507061.6808510638
199827,,0.0,507063.3404255319
199840,0.31501904129981995,,507101.76470588235
199841,,2.0,507105.4411764706
199847,0.3150390386581421,,507127.5
199848,,2.0,507131.17647058825
199856,0.31505903601646423,,507160.5882352941
199857,,2.0,507164.26470588235
199862,0.3150790333747864,,507182.64705882355
199863,,2.0,507186.32352941175
199879,0.31508904695510864,,507220.875
199880,,1.0,507223.25
199887,0.3150990605354309,,507239.875
199888,,1.0,507242.25
199895,0.3151090741157532,,507258.875
199896,,1.0,507261.25
199904,0.31511908769607544,,507280.25
199905,,1.0,507282.625
199917,0.31511908769607544,,507302.325
199918,,0.0,507304.25
199927,0.31511908769607544,,507321.575
199928,,0.0,507323.5
199938,0.31511908769607544,,507342.75
199939,,0.0,507344.675
199946,0.31511908769607544,,507358.15
199947,,0.0,507360.075
199965,0.31511908769607544,,507382.89285714284
199966,,0.0,507384.28571428574
199979,0.31511908769607544,,507402.39285714284
199980,,0.0,507403.78571428574
199993,0.31511908769607544,,507421.89285714284
199994,,0.0,507423.28571428574
200004,0.31511908769607544,,507437.21428571426
200005,,0.0,507438.60714285716
200016,0.3151291012763977,,507462.0540540541
200017,,1.0,507464.8108108108
200024,0.31513911485671997,,507484.1081081081
200025,,1.0,507486.86486486485
200033,0.31514912843704224,,507508.91891891893
200034,,1.0,507511.6756756757
200043,0.3151591420173645,,507536.4864864865
200044,,1.0,507539.24324324325
200064,0.31516915559768677,,507579.5283018868
200065,,1.0,507581.7358490566
200072,0.31517916917800903,,507597.1886792453
200073,,1.0,507599.3962264151
200085,0.3151891827583313,,507625.88679245283
200086,,1.0,507628.09433962265
200098,0.31519919633865356,,507654.58490566036
200099,,1.0,507656.7924528302
200111,0.3152191936969757,,507677.83720930235
200112,,2.0,507679.93023255817
200122,0.31523919105529785,,507700.8604651163
200123,,2.0,507702.9534883721
200132,0.31525918841362,,507721.79069767444
200133,,2.0,507723.88372093026
200143,0.31527918577194214,,507744.81395348837
200144,,2.0,507746.9069767442
200161,0.3152891993522644,,507767.81967213115
200162,,1.0,507769.1639344262
200175,0.31529921293258667,,507786.6393442623
200176,,1.0,507787.98360655736
200190,0.31530922651290894,,507806.8032786885
200191,,1.0,507808.1475409836
200206,0.3153192400932312,,507828.31147540984
200207,,1.0,507829.65573770495
200221,0.31532925367355347,,507855.08108108107
200222,,1.0,507857.2702702703
200230,0.31533926725387573,,507874.7837837838
200231,,1.0,507876.97297297296
200237,0.315349280834198,,507890.1081081081
200238,,1.0,507892.2972972973
200245,0.31535929441452026,,507907.6216216216
200246,,1.0,507909.8108108108
200263,0.31535929441452026,,507939.2631578947
200264,,0.0,507941.2105263158
200269,0.31535929441452026,,507950.94736842107
200270,,0.0,507952.8947368421
200278,0.31535929441452026,,507968.4736842105
200279,,0.0,507970.4210526316
200285,0.31535929441452026,,507982.1052631579
200286,,0.0,507984.05263157893
200302,0.31535929441452026,,508007.125
200303,,0.0,508008.75
200311,0.31535929441452026,,508021.75
200312,,0.0,508023.375
200325,0.31535929441452026,,508044.5
200326,,0.0,508046.125
200335,0.31535929441452026,,508060.75
200336,,0.0,508062.375
200352,0.31535929441452026,,508087.5813953488
200353,,0.0,508089.3953488372
200362,0.31535929441452026,,508105.72093023255
200363,,0.0,508107.5348837209
200373,0.31535929441452026,,508125.67441860464
200374,,0.0,508127.488372093
200380,0.31535929441452026,,508138.37209302327
200381,,0.0,508140.18604651163
200391,0.31535929441452026,,508155.28205128206
200392,,0.0,508157.1794871795
200400,0.31535929441452026,,508172.358974359
200401,,0.0,508174.25641025644
200412,0.31535929441452026,,508195.1282051282
200413,,0.0,508197.0256410256
200421,0.31535929441452026,,508212.2051282051
200422,,0.0,508214.10256410256
200445,0.31535929441452026,,508247.76470588235
200446,,0.0,508249.35294117645
200455,0.31535929441452026,,508263.64705882355
200456,,0.0,508265.23529411765
200463,0.31535929441452026,,508276.35294117645
200464,,0.0,508277.9411764706
200474,0.31535929441452026,,508293.82352941175
200475,,0.0,508295.4117647059
200491,0.31535929441452026,,508318.3777777778
200492,,0.0,508320.02222222224
200498,0.31535929441452026,,508329.8888888889
200499,,0.0,508331.5333333333
200508,0.31535929441452026,,508346.3333333333
200509,,0.0,508347.97777777776
200521,0.31535929441452026,,508367.7111111111
200522,,0.0,508369.35555555555
200535,0.3153893053531647,,508388.55555555556
200536,,3.0,508390.31111111114
200545,0.3154193162918091,,508406.1111111111
200546,,3.0,508407.86666666664
200554,0.3154493272304535,,508421.9111111111
200555,,3.0,508423.6666666667
200568,0.3154793381690979,,508446.4888888889
200569,,3.0,508448.2444444444
200590,0.31549933552742004,,508495.1914893617
200591,,2.0,508497.7021276596
200596,0.3155193328857422,,508510.25531914894
200597,,2.0,508512.7659574468
200606,0.31553933024406433,,508535.3617021277
200607,,2.0,508537.87234042556
200617,0.3155593276023865,,508562.97872340423
200618,,2.0,508565.4893617021
200636,0.3155593276023865,,508591.8775510204
200637,,0.0,508593.4693877551
200647,0.3155593276023865,,508609.387755102
200648,,0.0,508610.97959183675
200657,0.3155593276023865,,508625.306122449
200658,,0.0,508626.89795918367
200668,0.3155593276023865,,508642.8163265306
200669,,0.0,508644.4081632653
200681,0.3155593276023865,,508663.5263157895
200682,,0.0,508665.4736842105
200691,0.3155593276023865,,508683.0
200692,,0.0,508684.94736842107
200700,0.3155593276023865,,508700.5263157895
200701,,0.0,508702.4736842105
200708,0.3155593276023865,,508716.1052631579
200709,,0.0,508718.05263157893
200722,0.3155793249607086,,508743.55555555556
200723,,2.0,508745.9111111111
200732,0.31559932231903076,,508767.1111111111
200733,,2.0,508769.4666666667
200744,0.3156193196773529,,508795.3777777778
200745,,2.0,508797.73333333334
200755,0.31563931703567505,,508821.2888888889
200756,,2.0,508823.64444444445
200771,0.31563931703567505,,508848.28571428574
200772,,0.0,508850.14285714284
200780,0.31563931703567505,,508865.0
200781,,0.0,508866.85714285716
200792,0.31563931703567505,,508887.28571428574
200793,,0.0,508889.14285714284
200799,0.31563931703567505,,508900.28571428574
200800,,0.0,508902.14285714284
200814,0.3156493306159973,,508926.0
200815,,1.0,508928.0
200828,0.3156593441963196,,508954.0
200829,,1.0,508956.0
200840,0.31566935777664185,,508978.0
200841,,1.0,508980.0
200848,0.3156793713569641,,508994.0
200849,,1.0,508996.0
200863,0.3156793713569641,,509018.35
200864,,0.0,509020.2
200874,0.3156793713569641,,509038.7
200875,,0.0,509040.55
200880,0.3156793713569641,,509049.8
200881,,0.0,509051.65
200890,0.3156793713569641,,509068.3
200891,,0.0,509070.15
200910,0.3156793713569641,,509097.14285714284
200911,,0.0,509098.71428571426
200919,0.3156793713569641,,509111.28571428574
200920,,0.0,509112.85714285716
200927,0.3156793713569641,,509123.85714285716
200928,,0.0,509125.4285714286
200941,0.3156793713569641,,509145.85714285716
200942,,0.0,509147.4285714286
200961,0.3156793713569641,,509171.3396226415
200962,,0.0,509172.7358490566
200979,0.3156793713569641,,509196.4716981132
200980,,0.0,509197.8679245283
200986,0.3156793713569641,,509206.24528301886
200987,,0.0,509207.641509434
200996,0.3156793713569641,,509220.2075471698
200997,,0.0,509221.6037735849
201010,0.3156793713569641,,509237.71698113205
201011,,0.0,509239.1886792453
201023,0.3156793713569641,,509256.8490566038
201024,,0.0,509258.320754717
201040,0.3156793713569641,,509281.8679245283
201041,,0.0,509283.3396226415
201051,0.3156793713569641,,509298.0566037736
201052,,0.0,509299.5283018868
201066,0.3156793713569641,,509317.612244898
201067,,0.0,509319.1224489796
201077,0.3156793713569641,,509334.2244897959
201078,,0.0,509335.7346938776
201088,0.3156793713569641,,509350.8367346939
201089,,0.0,509352.3469387755
201102,0.3156793713569641,,509371.97959183675
201103,,0.0,509373.48979591834
201117,0.3156893849372864,,509397.0
201118,,1.0,509399.0
201127,0.31569939851760864,,509417.0
201128,,1.0,509419.0
201138,0.3157094120979309,,509439.0
201139,,1.0,509441.0
201147,0.3157194256782532,,509457.0
201148,,1.0,509459.0
201161,0.3157194256782532,,509481.5263157895
201162,,0.0,509483.5789473684
201170,0.3157194256782532,,509500.0
201171,,0.0,509502.05263157893
201182,0.3157194256782532,,509524.63157894736
201183,,0.0,509526.6842105263
201187,0.3157194256782532,,509534.8947368421
201188,,0.0,509536.94736842107
201201,0.31572943925857544,,509557.72340425535
201202,,1.0,509559.59574468085
201210,0.3157394528388977,,509574.57446808513
201211,,1.0,509576.44680851063
201221,0.31574946641921997,,509595.170212766
201222,,1.0,509597.0425531915
201236,0.31575947999954224,,509623.25531914894
201237,,1.0,509625.12765957444
201251,0.31575947999954224,,509649.8461538461
201252,,0.0,509651.92307692306
201260,0.31575947999954224,,509668.53846153844
201261,,0.0,509670.6153846154
201268,0.31575947999954224,,509685.1538461539
201269,,0.0,509687.23076923075
201277,0.31575947999954224,,509703.8461538461
201278,,0.0,509705.92307692306
201291,0.3157694935798645,,509727.06976744183
201292,,1.0,509728.9767441861
201301,0.31577950716018677,,509746.1395348837
201302,,1.0,509748.0465116279
201315,0.31578952074050903,,509772.83720930235
201316,,1.0,509774.74418604653
201322,0.3157995343208313,,509786.18604651163
201323,,1.0,509788.0930232558
201333,0.3157995343208313,,509806.1875
201334,,0.0,509808.5
201341,0.3157995343208313,,509824.6875
201342,,0.0,509827.0
201348,0.3157995343208313,,509840.875
201349,,0.0,509843.1875
201356,0.3157995343208313,,509859.375
201357,,0.0,509861.6875
201369,0.31580954790115356,,509882.4736842105
201370,,1.0,509884.5263157895
201379,0.31581956148147583,,509903.0
201380,,1.0,509905.05263157893
201388,0.3158295750617981,,509921.4736842105
201389,,1.0,509923.5263157895
201396,0.31583958864212036,,509937.8947368421
201397,,1.0,509939.94736842107
201413,0.31583958864212036,,509963.86363636365
201414,,0.0,509965.54545454547
201421,0.31583958864212036,,509977.3181818182
201422,,0.0,509979.0
201433,0.31583958864212036,,509997.5
201434,,0.0,509999.1818181818
201442,0.31583958864212036,,510012.63636363635
201443,,0.0,510014.3181818182
201457,0.31583958864212036,,510031.96078431373
201458,,0.0,510033.4117647059
201468,0.31583958864212036,,510047.92156862747
201469,,0.0,510049.3725490196
201482,0.31583958864212036,,510068.23529411765
201483,,0.0,510069.6862745098
201495,0.31583958864212036,,510087.09803921566
201496,,0.0,510088.54901960783
201513,0.3158595860004425,,510125.3333333333
201514,,2.0,510127.85714285716
201522,0.31587958335876465,,510148.04761904763
201523,,2.0,510150.5714285714
201530,0.3158995807170868,,510168.2380952381
201531,,2.0,510170.7619047619
201539,0.31591957807540894,,510190.95238095237
201540,,2.0,510193.4761904762
201559,0.3159295916557312,,510221.1914893617
201560,,1.0,510222.7659574468
201570,0.31593960523605347,,510238.5106382979
201571,,1.0,510240.08510638296
201577,0.31594961881637573,,510249.5319148936
201578,,1.0,510251.10638297873
201588,0.315959632396698,,510266.8510638298
201589,,1.0,510268.42553191487
201605,0.315959632396698,,510291.57446808513
201606,,0.0,510293.2340425532
201616,0.315959632396698,,510309.829787234
201617,,0.0,510311.4893617021
201627,0.315959632396698,,510328.08510638296
201628,,0.0,510329.74468085106
201637,0.315959632396698,,510344.6808510638
201638,,0.0,510346.3404255319
201651,0.31596964597702026,,510367.0243902439
201652,,1.0,510368.9268292683
201662,0.31597965955734253,,510387.9512195122
201663,,1.0,510389.85365853657
201668,0.3159896731376648,,510399.3658536585
201669,,1.0,510401.26829268294
201680,0.31599968671798706,,510422.1951219512
201681,,1.0,510424.0975609756
201695,0.3160196840763092,,510450.88095238095
201696,,2.0,510453.14285714284
201702,0.31603968143463135,,510466.71428571426
201703,,2.0,510468.9761904762
201713,0.3160596787929535,,510491.59523809527
201714,,2.0,510493.85714285716
201724,0.31607967615127563,,510516.4761904762
201725,,2.0,510518.7380952381
201742,0.31607967615127563,,510543.0425531915
201743,,0.0,510544.6170212766
201754,0.31607967615127563,,510561.93617021275
201755,,0.0,510563.5106382979
201760,0.31607967615127563,,510571.3829787234
201761,,0.0,510572.9574468085
201773,0.31607967615127563,,510591.8510638298
201774,,0.0,510593.42553191487
201790,0.3160896897315979,,510624.62790697673
201791,,1.0,510626.9069767442
201799,0.31609970331192017,,510645.1395348837
201800,,1.0,510647.4186046512
201810,0.31610971689224243,,510670.20930232556
201811,,1.0,510672.488372093
201818,0.3161197304725647,,510688.4418604651
201819,,1.0,510690.72093023255
201831,0.31612974405288696,,510711.0
201832,,1.0,510713.0
201837,0.31613975763320923,,510723.0
201838,,1.0,510725.0
201852,0.3161497712135315,,510753.0
201853,,1.0,510755.0
201861,0.31615978479385376,,510771.0
201862,,1.0,510773.0
201883,0.316169798374176,,510802.0
201884,,1.0,510803.5
201892,0.3161798119544983,,510815.5
201893,,1.0,510817.0
201904,0.31618982553482056,,510833.5
201905,,1.0,510835.0
201915,0.3161998391151428,,510850.0
201916,,1.0,510851.5
201932,0.3161998391151428,,510880.625
201933,,0.0,510882.75
201941,0.3161998391151428,,510899.75
201942,,0.0,510901.875
201951,0.3161998391151428,,510921.0
201952,,0.0,510923.125
201957,0.3161998391151428,,510933.75
201958,,0.0,510935.875
201977,0.3162098526954651,,510968.3333333333
201978,,1.0,510970.2291666667
201986,0.31621986627578735,,510985.3958333333
201987,,1.0,510987.2916666667
201994,0.3162298798561096,,511000.5625
201995,,1.0,511002.4583333333
202007,0.3162398934364319,,511025.2083333333
202008,,1.0,511027.1041666667
202019,0.31624990701675415,,511048.29411764705
202020,,1.0,511050.70588235295
202029,0.3162599205970764,,511072.4117647059
202030,,1.0,511074.82352941175
202036,0.3162699341773987,,511089.29411764705
202037,,1.0,511091.70588235295
202043,0.31627994775772095,,511106.17647058825
202044,,1.0,511108.5882352941
202057,0.31627994775772095,,511127.25
202058,,0.0,511128.875
202067,0.31627994775772095,,511143.5
202068,,0.0,511145.125
202085,0.31627994775772095,,511172.75
202086,,0.0,511174.375
202093,0.31627994775772095,,511185.75
202094,,0.0,511187.375
202112,0.31627994775772095,,511211.6530612245
202113,,0.0,511213.1632653061
202126,0.31627994775772095,,511232.79591836734
202127,,0.0,511234.306122449
202138,0.31627994775772095,,511250.9183673469
202139,,0.0,511252.4285714286
202144,0.31627994775772095,,511259.97959183675
202145,,0.0,511261.48979591834
202162,0.31627994775772095,,511289.0
202163,,0.0,511290.85714285716
202172,0.31627994775772095,,511307.5714285714
202173,,0.0,511309.4285714286
202180,0.31627994775772095,,511322.4285714286
202181,,0.0,511324.28571428574
202188,0.31627994775772095,,511337.28571428574
202189,,0.0,511339.14285714284
202204,0.31627994775772095,,511373.1176470588
202205,,0.0,511375.79411764705
202212,0.31627994775772095,,511394.5294117647
202213,,0.0,511397.20588235295
202217,0.31627994775772095,,511407.9117647059
202218,,0.0,511410.5882352941
202224,0.31627994775772095,,511426.64705882355
202225,,0.0,511429.32352941175
202236,0.31627994775772095,,511444.48
202237,,0.0,511446.04
202249,0.31627994775772095,,511464.76
202250,,0.0,511466.32
202263,0.31627994775772095,,511486.6
202264,,0.0,511488.16
202276,0.31627994775772095,,511506.88
202277,,0.0,511508.44
202294,0.31627994775772095,,511532.4583333333
202295,,0.0,511534.0625
202301,0.31627994775772095,,511543.6875
202302,,0.0,511545.2916666667
202312,0.31627994775772095,,511561.3333333333
202313,,0.0,511562.9375
202326,0.31627994775772095,,511583.7916666667
202327,,0.0,511585.3958333333
202348,0.31627994775772095,,511617.9130434783
202349,,0.0,511619.6304347826
202357,0.31627994775772095,,511633.3695652174
202358,,0.0,511635.0869565217
202366,0.31627994775772095,,511648.82608695654
202367,,0.0,511650.54347826086
202374,0.31627994775772095,,511662.5652173913
202375,,0.0,511664.2826086957
202386,0.3162999451160431,,511682.0
202387,,2.0,511684.0
202400,0.31631994247436523,,511710.0
202401,,2.0,511712.0
202406,0.3163399398326874,,511722.0
202407,,2.0,511724.0
202417,0.3163599371910095,,511744.0
202418,,2.0,511746.0
202436,0.3163599371910095,,511770.5
202437,,0.0,511772.0
202449,0.3163599371910095,,511790.0
202450,,0.0,511791.5
202459,0.3163599371910095,,511805.0
202460,,0.0,511806.5
202471,0.3163599371910095,,511823.0
202472,,0.0,511824.5
202489,0.3163599371910095,,511848.28571428574
202490,,0.0,511849.8775510204
202499,0.3163599371910095,,511864.20408163266
202500,,0.0,511865.79591836734
202511,0.3163599371910095,,511883.306122449
202512,,0.0,511884.89795918367
202522,0.3163599371910095,,511900.8163265306
202523,,0.0,511902.4081632653
202542,0.3163599371910095,,511926.81481481483
202543,,0.0,511928.24074074073
202557,0.3163599371910095,,511948.2037037037
202558,,0.0,511949.6296296296
202569,0.3163599371910095,,511965.31481481483
202570,,0.0,511966.74074074073
202578,0.3163599371910095,,511978.14814814815
202579,,0.0,511979.5740740741
202586,0.3163699507713318,,511989.9142857143
202587,,1.0,511992.14285714284
202596,0.31637996435165405,,512012.2
202597,,1.0,512014.4285714286
202607,0.3163899779319763,,512036.71428571426
202608,,1.0,512038.9428571428
202615,0.3163999915122986,,512054.54285714286
202616,,1.0,512056.77142857143
202634,0.31641000509262085,,512090.3333333333
202635,,1.0,512092.4222222222
202642,0.3164200186729431,,512107.0444444445
202643,,1.0,512109.13333333336
202653,0.3164300322532654,,512130.02222222224
202654,,1.0,512132.1111111111
202662,0.31644004583358765,,512148.8222222222
202663,,1.0,512150.9111111111
202676,0.31644004583358765,,512170.61904761905
202677,,0.0,512172.38095238095
202687,0.31644004583358765,,512190.0
202688,,0.0,512191.7619047619
202697,0.31644004583358765,,512207.61904761905
202698,,0.0,512209.38095238095
202706,0.31644004583358765,,512223.4761904762
202707,,0.0,512225.2380952381
202720,0.3164600431919098,,512249.97297297296
202721,,2.0,512252.2702702703
202729,0.31648004055023193,,512270.64864864864
202730,,2.0,512272.9459459459
202739,0.3165000379085541,,512293.6216216216
202740,,2.0,512295.91891891893
202745,0.3165200352668762,,512307.4054054054
202746,,2.0,512309.7027027027
202759,0.3165300488471985,,512333.8604651163
202760,,1.0,512336.0465116279
202770,0.31654006242752075,,512357.9069767442
202771,,1.0,512360.0930232558
202778,0.316550076007843,,512375.3953488372
202779,,1.0,512377.5813953488
202790,0.3165600895881653,,512401.62790697673
202791,,1.0,512403.81395348837
202808,0.3165600895881653,,512431.26829268294
202809,,0.0,512433.0731707317
202821,0.3165600895881653,,512454.73170731706
202822,,0.0,512456.53658536583
202828,0.3165600895881653,,512467.3658536585
202829,,0.0,512469.1707317073
202833,0.3165600895881653,,512476.39024390245
202834,,0.0,512478.1951219512
202848,0.3165800869464874,,512513.0
202849,,2.0,512516.0
202854,0.31660008430480957,,512531.0
202855,,2.0,512534.0
202860,0.3166200816631317,,512549.0
202861,,2.0,512552.0
202870,0.31664007902145386,,512579.0
202871,,2.0,512582.0
202884,0.31664007902145386,,512603.9743589744
202885,,0.0,512605.8717948718
202891,0.31664007902145386,,512617.25641025644
202892,,0.0,512619.1538461539
202904,0.31664007902145386,,512641.92307692306
202905,,0.0,512643.8205128205
202911,0.31664007902145386,,512655.2051282051
202912,,0.0,512657.10256410256
202928,0.31664007902145386,,512679.4680851064
202929,,0.0,512681.0425531915
202939,0.31664007902145386,,512696.78723404254
202940,,0.0,512698.3617021277
202951,0.31664007902145386,,512715.6808510638
202952,,0.0,512717.25531914894
202960,0.31664007902145386,,512729.8510638298
202961,,0.0,512731.42553191487
202977,0.31664007902145386,,512756.04545454547
202978,,0.0,512757.8181818182
202986,0.31664007902145386,,512772.0
202987,,0.0,512773.7727272727
202996,0.31664007902145386,,512789.7272727273
202997,,0.0,512791.5
203006,0.31664007902145386,,512807.45454545453
203007,,0.0,512809.2272727273
203023,0.31664007902145386,,512832.76086956525
203024,,0.0,512834.4347826087
203033,0.31664007902145386,,512849.5
203034,,0.0,512851.17391304346
203043,0.31664007902145386,,512866.23913043475
203044,,0.0,512867.9130434783
203054,0.31664007902145386,,512884.652173913
203055,,0.0,512886.32608695654
203070,0.31667008996009827,,512900.97297297296
203071,,3.0,512902.0540540541
203077,0.3167001008987427,,512908.54054054053
203078,,3.0,512909.6216216216
203086,0.3167301118373871,,512918.2702702703
203087,,3.0,512919.35135135136
203093,0.3167601227760315,,512925.8378378378
203094,,3.0,512926.91891891893
203110,0.31677013635635376,,512951.96078431373
203111,,1.0,512953.8039215686
203123,0.316780149936676,,512975.92156862747
203124,,1.0,512977.76470588235
203134,0.3167901635169983,,512996.1960784314
203135,,1.0,512998.03921568627
203146,0.31680017709732056,,513018.3137254902
203147,,1.0,513020.1568627451
203161,0.3168201744556427,,513044.0
203162,,2.0,513046.0
203171,0.31684017181396484,,513064.0
203172,,2.0,513066.0
203179,0.316860169172287,,513080.0
203180,,2.0,513082.0
203190,0.31688016653060913,,513102.0
203191,,2.0,513104.0
203205,0.31688016653060913,,513123.6956521739
203206,,0.0,513125.3043478261
203214,0.31688016653060913,,513138.17391304346
203215,,0.0,513139.7826086957
203228,0.31688016653060913,,513160.6956521739
203229,,0.0,513162.3043478261
203238,0.31688016653060913,,513176.7826086957
203239,,0.0,513178.39130434784
203255,0.3168901801109314,,513203.17391304346
203256,,1.0,513204.95652173914
203265,0.31690019369125366,,513221.0
203266,,1.0,513222.7826086957
203278,0.3169102072715759,,513244.17391304346
203279,,1.0,513245.95652173914
203286,0.3169202208518982,,513258.4347826087
203287,,1.0,513260.2173913043
203300,0.3169202208518982,,513282.0
203301,,0.0,513284.0
203311,0.3169202208518982,,513304.0
203312,,0.0,513306.0
203318,0.3169202208518982,,513318.0
203319,,0.0,513320.0
203327,0.3169202208518982,,513336.0
203328,,0.0,513338.0
203343,0.3169202208518982,,513358.85714285716
203344,,0.0,513360.4285714286
203353,0.3169202208518982,,513374.5714285714
203354,,0.0,513376.14285714284
203368,0.3169202208518982,,513398.14285714284
203369,,0.0,513399.71428571426
203378,0.3169202208518982,,513413.85714285716
203379,,0.0,513415.4285714286
203393,0.31693023443222046,,513438.10204081633
203394,,1.0,513440.02040816325
203409,0.3169402480125427,,513468.79591836734
203410,,1.0,513470.71428571426
203420,0.316950261592865,,513489.89795918367
203421,,1.0,513491.8163265306
203429,0.31696027517318726,,513507.1632653061
203430,,1.0,513509.0816326531
203444,0.3169702887535095,,513535.6756756757
203445,,1.0,513537.91891891893
203449,0.3169803023338318,,513546.8918918919
203450,,1.0,513549.13513513515
203455,0.31699031591415405,,513560.35135135136
203456,,1.0,513562.5945945946
203468,0.3170003294944763,,513589.5135135135
203469,,1.0,513591.75675675675
203481,0.3170103430747986,,513613.4210526316
203482,,1.0,513615.5789473684
203492,0.31702035665512085,,513637.15789473685
203493,,1.0,513639.3157894737
203500,0.3170303702354431,,513654.4210526316
203501,,1.0,513656.5789473684
203508,0.3170403838157654,,513671.6842105263
203509,,1.0,513673.84210526315
203524,0.31705039739608765,,513699.1818181818
203525,,1.0,513701.11363636365
203538,0.3170604109764099,,513726.2272727273
203539,,1.0,513728.1590909091
203548,0.3170704245567322,,513745.54545454547
203549,,1.0,513747.4772727273
203554,0.31708043813705444,,513757.13636363635
203555,,1.0,513759.0681818182
203572,0.31708043813705444,,513779.83636363636
203573,,0.0,513781.1818181818
203586,0.31708043813705444,,513798.67272727273
203587,,0.0,513800.0181818182
203596,0.31708043813705444,,513812.12727272726
203597,,0.0,513813.4727272727
203611,0.31708043813705444,,513832.3090909091
203612,,0.0,513833.65454545454
203628,0.3171004354953766,,513863.7083333333
203629,,2.0,513865.9166666667
203636,0.31712043285369873,,513881.375
203637,,2.0,513883.5833333333
203650,0.3171404302120209,,513912.2916666667
203651,,2.0,513914.5
203661,0.317160427570343,,513936.5833333333
203662,,2.0,513938.7916666667
203674,0.317160427570343,,513961.0571428572
203675,,0.0,513963.28571428574
203682,0.317160427570343,,513978.8857142857
203683,,0.0,513981.1142857143
203691,0.317160427570343,,513998.9428571428
203692,,0.0,514001.17142857146
203698,0.317160427570343,,514014.54285714286
203699,,0.0,514016.77142857143
203717,0.31718042492866516,,514060.8085106383
203718,,2.0,514063.59574468085
203725,0.3172004222869873,,514083.10638297873
203726,,2.0,514085.89361702127
203736,0.31722041964530945,,514113.7659574468
203737,,2.0,514116.55319148937
203747,0.3172404170036316,,514144.42553191487
203748,,2.0,514147.21276595746
203761,0.3172404170036316,,514170.0
203762,,0.0,514172.0
203771,0.3172404170036316,,514190.0
203772,,0.0,514192.0
203781,0.3172404170036316,,514210.0
203782,,0.0,514212.0
203790,0.3172404170036316,,514228.0
203791,,0.0,514230.0
203805,0.31726041436195374,,514263.075
203806,,2.0,514265.9
203812,0.3172804117202759,,514282.85
203813,,2.0,514285.675
203824,0.317300409078598,,514316.75
203825,,2.0,514319.575
203832,0.31732040643692017,,514339.35
203833,,2.0,514342.175
203847,0.31732040643692017,,514363.25531914894
203848,,0.0,514364.91489361704
203856,0.31732040643692017,,514378.1914893617
203857,,0.0,514379.8510638298
203871,0.31732040643692017,,514403.08510638296
203872,,0.0,514404.74468085106
203881,0.31732040643692017,,514419.6808510638
203882,,0.0,514421.3404255319
203894,0.31733042001724243,,514438.48
203895,,1.0,514440.2
203906,0.3173404335975647,,514459.12
203907,,1.0,514460.84
203919,0.31735044717788696,,514481.48
203920,,1.0,514483.2
203933,0.31736046075820923,,514505.56
203934,,1.0,514507.28
203945,0.31736046075820923,,514525.86486486485
203946,,0.0,514527.97297297296
203954,0.31736046075820923,,514544.8378378378
203955,,0.0,514546.9459459459
203963,0.31736046075820923,,514563.8108108108
203964,,0.0,514565.91891891893
203972,0.31736046075820923,,514582.7837837838
203973,,0.0,514584.8918918919
203989,0.31736046075820923,,514609.90476190473
203990,,0.0,514611.6666666667
203996,0.31736046075820923,,514622.2380952381
203997,,0.0,514624.0
204006,0.31736046075820923,,514639.85714285716
204007,,0.0,514641.61904761905
204016,0.31736046075820923,,514657.4761904762
204017,,0.0,514659.2380952381
204035,0.3173704743385315,,514691.6818181818
204036,,1.0,514693.7272727273
204044,0.31738048791885376,,514710.0909090909
204045,,1.0,514712.13636363635
204052,0.317390501499176,,514726.45454545453
204053,,1.0,514728.5
204062,0.3174005150794983,,514746.9090909091
204063,,1.0,514748.95454545453
204079,0.3174005150794983,,514772.0888888889
204080,,0.0,514773.7111111111
204091,0.3174005150794983,,514791.55555555556
204092,,0.0,514793.1777777778
204101,0.3174005150794983,,514807.77777777775
204102,,0.0,514809.4
204109,0.3174005150794983,,514820.7555555556
204110,,0.0,514822.3777777778
204127,0.3174005150794983,,514846.75
204128,,0.0,514848.375
204141,0.3174005150794983,,514869.5
204142,,0.0,514871.125
204149,0.3174005150794983,,514882.5
204150,,0.0,514884.125
204159,0.3174005150794983,,514898.75
204160,,0.0,514900.375
204178,0.3174005150794983,,514928.73913043475
204179,,0.0,514930.52173913043
204184,0.3174005150794983,,514939.4347826087
204185,,0.0,514941.2173913043
204197,0.3174005150794983,,514962.60869565216
204198,,0.0,514964.39130434784
204207,0.3174005150794983,,514980.4347826087
204208,,0.0,514982.2173913043
204223,0.31741052865982056,,515008.6
204224,,1.0,515010.65
204234,0.3174205422401428,,515031.15
204235,,1.0,515033.2
204245,0.3174305558204651,,515053.7
204246,,1.0,515055.75
204249,0.31744056940078735,,515061.9
204250,,1.0,515063.95
204263,0.3174505829811096,,515086.0
204264,,1.0,515088.0
204272,0.3174605965614319,,515104.0
204273,,1.0,515106.0
204284,0.31747061014175415,,515128.0
204285,,1.0,515130.0
204294,0.3174806237220764,,515148.0
204295,,1.0,515150.0
204314,0.3174906373023987,,515180.52173913043
204315,,1.0,515182.3043478261
204324,0.31750065088272095,,515198.347826087
204325,,1.0,515200.1304347826
204335,0.3175106644630432,,515217.95652173914
204336,,1.0,515219.73913043475
204342,0.3175206780433655,,515230.4347826087
204343,,1.0,515232.2173913043
204364,0.31753069162368774,,515265.4117647059
204365,,1.0,515267.1568627451
204375,0.31754070520401,,515284.60784313723
204376,,1.0,515286.35294117645
204386,0.3175507187843323,,515303.8039215686
204387,,1.0,515305.54901960783
204395,0.31756073236465454,,515319.50980392157
204396,,1.0,515321.2549019608
204415,0.31756073236465454,,515350.1304347826
204416,,0.0,515351.82608695654
204422,0.31756073236465454,,515362.0
204423,,0.0,515363.6956521739
204431,0.31756073236465454,,515377.26086956525
204432,,0.0,515378.95652173914
204443,0.31756073236465454,,515397.60869565216
204444,,0.0,515399.3043478261
204459,0.3175707459449768,,515426.3043478261
204460,,1.0,515428.4130434783
204470,0.3175807595252991,,515449.5
204471,,1.0,515451.60869565216
204481,0.31759077310562134,,515472.6956521739
204482,,1.0,515474.8043478261
204491,0.3176007866859436,,515493.7826086957
204492,,1.0,515495.89130434784
204509,0.31762078404426575,,515543.9069767442
204510,,2.0,515547.18604651163
204514,0.3176407814025879,,515560.3023255814
204515,,2.0,515563.5813953488
204525,0.31766077876091003,,515596.37209302327
204526,,2.0,515599.6511627907
204536,0.3176807761192322,,515632.4418604651
204537,,2.0,515635.72093023255
204555,0.31769078969955444,,515667.04347826086
204556,,1.0,515668.9130434783
204566,0.3177008032798767,,515687.60869565216
204567,,1.0,515689.47826086957
204576,0.317710816860199,,515706.3043478261
204577,,1.0,515708.17391304346
204584,0.31772083044052124,,515721.26086956525
204585,,1.0,515723.1304347826
204607,0.3177308440208435,,515749.2950819672
204608,,1.0,515750.5737704918
204619,0.31774085760116577,,515764.6393442623
204620,,1.0,515765.91803278687
204634,0.31775087118148804,,515783.81967213115
204635,,1.0,515785.0983606557
204647,0.3177608847618103,,515800.4426229508
204648,,1.0,515801.7213114754
204664,0.3177608847618103,,515825.04347826086
204665,,0.0,515826.73913043475
204673,0.3177608847618103,,515840.3043478261
204674,,0.0,515842.0
204686,0.3177608847618103,,515862.347826087
204687,,0.0,515864.04347826086
204695,0.3177608847618103,,515877.60869565216
204696,,0.0,515879.3043478261
204710,0.3177608847618103,,515902.175
204711,,0.0,515904.1
204718,0.3177608847618103,,515917.575
204719,,0.0,515919.5
204729,0.3177608847618103,,515938.75
204730,,0.0,515940.675
204737,0.3177608847618103,,515954.15
204738,,0.0,515956.075
204754,0.31777089834213257,,515980.2083333333
204755,,1.0,515981.9166666667
204763,0.31778091192245483,,515995.5833333333
204764,,1.0,515997.2916666667
204778,0.3177909255027771,,516021.2083333333
204779,,1.0,516022.9166666667
204787,0.31780093908309937,,516036.5833333333
204788,,1.0,516038.2916666667
204804,0.31781095266342163,,516062.36
204805,,1.0,516064.08
204814,0.3178209662437439,,516079.56
204815,,1.0,516081.28
204825,0.31783097982406616,,516098.48
204826,,1.0,516100.2
204839,0.3178409934043884,,516122.56
204840,,1.0,516124.28
204861,0.31787100434303284,,516150.57692307694
204862,,3.0,516151.9423076923
204868,0.31790101528167725,,516160.1346153846
204869,,3.0,516161.5
204879,0.31793102622032166,,516175.1538461539
204880,,3.0,516176.51923076925
204893,0.31796103715896606,,516194.26923076925
204894,,3.0,516195.6346153846
204909,0.31797105073928833,,516220.4
204910,,1.0,516222.35
204916,0.3179810643196106,,516234.05
204917,,1.0,516236.0
204926,0.31799107789993286,,516253.55
204927,,1.0,516255.5
204935,0.3180010914802551,,516271.1
204936,,1.0,516273.05
204953,0.3180010914802551,,516295.72
204954,,0.0,516297.2
204965,0.3180010914802551,,516313.48
204966,,0.0,516314.96
204980,0.3180010914802551,,516335.68
204981,,0.0,516337.16
204987,0.3180010914802551,,516346.04
204988,,0.0,516347.52
205001,0.3180010914802551,,516367.5714285714
205002,,0.0,516369.4285714286
205008,0.3180010914802551,,516380.5714285714
205009,,0.0,516382.4285714286
205020,0.3180010914802551,,516402.85714285716
205021,,0.0,516404.71428571426
205031,0.3180010914802551,,516423.28571428574
205032,,0.0,516425.14285714284
205043,0.3180010914802551,,516447.12903225806
205044,,0.0,516449.6451612903
205048,0.3180010914802551,,516459.70967741933
205049,,0.0,516462.22580645164
205058,0.3180010914802551,,516484.87096774194
205059,,0.0,516487.3870967742
205064,0.3180010914802551,,516499.96774193546
205065,,0.0,516502.48387096776
205081,0.3180111050605774,,516526.92156862747
205082,,1.0,516528.60784313723
205093,0.31802111864089966,,516547.1568627451
205094,,1.0,516548.8431372549
205104,0.3180311322212219,,516565.70588235295
205105,,1.0,516567.39215686277
205117,0.3180411458015442,,516587.6274509804
205118,,1.0,516589.3137254902
205137,0.3180411458015442,,516615.96
205138,,0.0,516617.52
205146,0.3180411458015442,,516630.0
205147,,0.0,516631.56
205157,0.3180411458015442,,516647.16
205158,,0.0,516648.72
205169,0.3180411458015442,,516665.88
205170,,0.0,516667.44
205184,0.3180411458015442,,516685.28846153844
205185,,0.0,516686.76923076925
205196,0.3180411458015442,,516703.0576923077
205197,,0.0,516704.53846153844
205213,0.3180411458015442,,516728.23076923075
205214,,0.0,516729.71153846156
205223,0.3180411458015442,,516743.03846153844
205224,,0.0,516744.51923076925
205237,0.3180411458015442,,516760.8
205238,,0.0,516762.28
205250,0.3180411458015442,,516780.04
205251,,0.0,516781.52
205261,0.3180411458015442,,516796.32
205262,,0.0,516797.8
205275,0.3180411458015442,,516817.04
205276,,0.0,516818.52
205285,0.31805115938186646,,516832.2926829268
205286,,1.0,516834.34146341466
205296,0.3180611729621887,,516854.8292682927
205297,,1.0,516856.8780487805
205307,0.318071186542511,,516877.3658536585
205308,,1.0,516879.4146341463
205318,0.31808120012283325,,516899.9024390244
205319,,1.0,516901.9512195122
205330,0.3180912137031555,,516920.0
205331,,1.0,516922.0
205341,0.3181012272834778,,516942.0
205342,,1.0,516944.0
205360,0.31811124086380005,,516980.0
205361,,1.0,516982.0
205371,0.3181212544441223,,517002.0
205372,,1.0,517004.0
205390,0.3181212544441223,,517025.9090909091
205391,,0.0,517027.2363636364
205405,0.3181212544441223,,517045.8181818182
205406,,0.0,517047.14545454545
205415,0.3181212544441223,,517059.0909090909
205416,,0.0,517060.41818181815
205428,0.3181212544441223,,517076.34545454546
205429,,0.0,517077.67272727273
205442,0.3181212544441223,,517099.0
205443,,0.0,517101.0
205450,0.3181212544441223,,517115.0
205451,,0.0,517117.0
205461,0.3181212544441223,,517137.0
205462,,0.0,517139.0
205469,0.3181212544441223,,517153.0
205470,,0.0,517155.0
205482,0.3181312680244446,,517177.0571428572
205483,,1.0,517179.28571428574
205487,0.31814128160476685,,517188.2
205488,,1.0,517190.4285714286
205492,0.3181512951850891,,517199.34285714285
205493,,1.0,517201.5714285714
205506,0.3181613087654114,,517230.54285714286
205507,,1.0,517232.77142857143
205523,0.31817132234573364,,517266.5714285714
205524,,1.0,517269.0
205534,0.3181813359260559,,517293.28571428574
205535,,1.0,517295.71428571426
205544,0.3181913495063782,,517317.5714285714
205545,,1.0,517320.0
205550,0.31820136308670044,,517332.14285714284
205551,,1.0,517334.5714285714
205567,0.31820136308670044,,517358.3958333333
205568,,0.0,517360.0416666667
205577,0.31820136308670044,,517374.8541666667
205578,,0.0,517376.5
205588,0.31820136308670044,,517392.9583333333
205589,,0.0,517394.6041666667
205600,0.31820136308670044,,517412.7083333333
205601,,0.0,517414.3541666667
205613,0.31820136308670044,,517434.5
205614,,0.0,517436.55555555556
205618,0.31820136308670044,,517444.77777777775
205619,,0.0,517446.8333333333
205629,0.31820136308670044,,517467.3888888889
205630,,0.0,517469.44444444444
205638,0.31820136308670044,,517485.8888888889
205639,,0.0,517487.94444444444
205653,0.31820136308670044,,517509.9534883721
205654,,0.0,517511.76744186046
205662,0.31820136308670044,,517526.27906976745
205663,,0.0,517528.0930232558
205672,0.31820136308670044,,517544.4186046512
205673,,0.0,517546.23255813954
205683,0.31820136308670044,,517564.37209302327
205684,,0.0,517566.18604651163
205698,0.31820136308670044,,517586.652173913
205699,,0.0,517588.347826087
205713,0.31820136308670044,,517612.0869565217
205714,,0.0,517613.7826086957
205721,0.31820136308670044,,517625.652173913
205722,,0.0,517627.347826087
205731,0.31820136308670044,,517642.60869565216
205732,,0.0,517644.3043478261
205747,0.31823137402534485,,517667.4285714286
205748,,3.0,517669.21428571426
205762,0.31826138496398926,,517694.21428571426
205763,,3.0,517696.0
205777,0.31829139590263367,,517721.0
205778,,3.0,517722.78571428574
205789,0.3183214068412781,,517742.4285714286
205790,,3.0,517744.21428571426
205807,0.31833142042160034,,517770.70588235295
205808,,1.0,517772.4705882353
205818,0.3183414340019226,,517790.1176470588
205819,,1.0,517791.8823529412
205831,0.3183514475822449,,517813.0588235294
205832,,1.0,517814.82352941175
205842,0.31836146116256714,,517832.4705882353
205843,,1.0,517834.23529411765
205859,0.3183714747428894,,517862.5909090909
205860,,1.0,517864.63636363635
205868,0.31838148832321167,,517881.0
205869,,1.0,517883.04545454547
205879,0.31839150190353394,,517903.5
205880,,1.0,517905.54545454547
205888,0.3184015154838562,,517921.9090909091
205889,,1.0,517923.95454545453
205909,0.31841152906417847,,517960.73913043475
205910,,1.0,517962.7826086957
205916,0.31842154264450073,,517975.04347826086
205917,,1.0,517977.0869565217
205928,0.318431556224823,,517999.5652173913
205929,,1.0,518001.60869565216
205936,0.31844156980514526,,518015.9130434783
205937,,1.0,518017.95652173914
205950,0.31844156980514526,,518036.9767441861
205951,,0.0,518038.67441860464
205960,0.31844156980514526,,518053.9534883721
205961,,0.0,518055.6511627907
205968,0.31844156980514526,,518067.5348837209
205969,,0.0,518069.23255813954
205981,0.31844156980514526,,518089.6046511628
205982,,0.0,518091.3023255814
205997,0.31845158338546753,,518115.32
205998,,1.0,518117.18
206011,0.3184615969657898,,518141.36
206012,,1.0,518143.22
206021,0.31847161054611206,,518159.96
206022,,1.0,518161.82
206033,0.3184816241264343,,518182.28
206034,,1.0,518184.14
206046,0.31850162148475647,,518216.06382978725
206047,,2.0,518219.40425531915
206056,0.3185216188430786,,518249.4680851064
206057,,2.0,518252.8085106383
206069,0.31854161620140076,,518292.89361702127
206070,,2.0,518296.2340425532
206082,0.3185616135597229,,518336.3191489362
206083,,2.0,518339.6595744681
206099,0.31857162714004517,,518369.0
206100,,1.0,518371.0
206108,0.31858164072036743,,518387.0
206109,,1.0,518389.0
206122,0.3185916543006897,,518415.0
206123,,1.0,518417.0
206129,0.31860166788101196,,518429.0
206130,,1.0,518431.0
206150,0.31861168146133423,,518459.8076923077
206151,,1.0,518461.3846153846
206161,0.3186216950416565,,518477.1538461539
206162,,1.0,518478.73076923075
206172,0.31863170862197876,,518494.5
206173,,1.0,518496.07692307694
206183,0.318641722202301,,518511.8461538461
206184,,1.0,518513.42307692306
206200,0.318641722202301,,518541.72222222225
206201,,0.0,518543.77777777775
206206,0.318641722202301,,518554.05555555556
206207,,0.0,518556.1111111111
206215,0.318641722202301,,518572.55555555556
206216,,0.0,518574.6111111111
206221,0.318641722202301,,518584.8888888889
206222,,0.0,518586.94444444444
206239,0.3186517357826233,,518616.44
206240,,1.0,518618.4
206250,0.31866174936294556,,518638.0
206251,,1.0,518639.96
206263,0.3186717629432678,,518663.48
206264,,1.0,518665.44
206273,0.3186817765235901,,518683.08
206274,,1.0,518685.04
206291,0.31869179010391235,,518716.3658536585
206292,,1.0,518718.46341463417
206300,0.3187018036842346,,518735.243902439
206301,,1.0,518737.34146341466
206305,0.3187118172645569,,518745.73170731706
206306,,1.0,518747.8292682927
206316,0.31872183084487915,,518768.8048780488
206317,,1.0,518770.9024390244
206331,0.3187318444252014,,518799.75675675675
206332,,1.0,518802.1891891892
206338,0.3187418580055237,,518816.7837837838
206339,,1.0,518819.2162162162
206347,0.31875187158584595,,518838.6756756757
206348,,1.0,518841.1081081081
206355,0.3187618851661682,,518858.13513513515
206356,,1.0,518860.5675675676
206370,0.3187718987464905,,518893.25
206371,,1.0,518896.0
206378,0.31878191232681274,,518915.25
206379,,1.0,518918.0
206386,0.318791925907135,,518937.25
206387,,1.0,518940.0
206393,0.3188019394874573,,518956.5
206394,,1.0,518959.25
206409,0.3188019394874573,,518985.2173913043
206410,,0.0,518987.152173913
206418,0.3188019394874573,,519002.6304347826
206419,,0.0,519004.5652173913
206429,0.3188019394874573,,519023.9130434783
206430,,0.0,519025.847826087
206441,0.3188019394874573,,519047.1304347826
206442,,0.0,519049.0652173913
206451,0.3188019394874573,,519063.64864864864
206452,,0.0,519065.75675675675
206461,0.3188019394874573,,519084.7297297297
206462,,0.0,519086.8378378378
206468,0.3188019394874573,,519099.4864864865
206469,,0.0,519101.5945945946
206480,0.3188019394874573,,519124.7837837838
206481,,0.0,519126.8918918919
206497,0.3188019394874573,,519152.68888888886
206498,,0.0,519154.5111111111
206506,0.3188019394874573,,519169.0888888889
206507,,0.0,519170.9111111111
206516,0.3188019394874573,,519187.31111111114
206517,,0.0,519189.13333333336
206527,0.3188019394874573,,519207.35555555555
206528,,0.0,519209.1777777778
206544,0.3188019394874573,,519230.85454545455
206545,,0.0,519232.38181818184
206557,0.3188019394874573,,519250.7090909091
206558,,0.0,519252.2363636364
206571,0.3188019394874573,,519272.0909090909
206572,,0.0,519273.61818181816
206584,0.3188019394874573,,519291.94545454544
206585,,0.0,519293.4727272727
206600,0.3188019394874573,,519312.52
206601,,0.0,519313.98
206613,0.3188019394874573,,519331.5
206614,,0.0,519332.96
206625,0.3188019394874573,,519349.02
206626,,0.0,519350.48
206636,0.3188019394874573,,519365.08
206637,,0.0,519366.54
206654,0.31881195306777954,,519396.28571428574
206655,,1.0,519398.306122449
206665,0.3188219666481018,,519418.51020408166
206666,,1.0,519420.5306122449
206676,0.3188319802284241,,519440.7346938776
206677,,1.0,519442.7551020408
206687,0.31884199380874634,,519462.9591836735
206688,,1.0,519464.97959183675
206700,0.31884199380874634,,519482.6
206701,,0.0,519484.3333333333
206712,0.31884199380874634,,519503.4
206713,,0.0,519505.13333333336
206720,0.31884199380874634,,519517.26666666666
206721,,0.0,519519.0
206734,0.31884199380874634,,519541.5333333333
206735,,0.0,519543.26666666666
206748,0.31884199380874634,,519564.5
206749,,0.0,519566.45
206758,0.31884199380874634,,519584.0
206759,,0.0,519585.95
206765,0.31884199380874634,,519597.65
206766,,0.0,519599.6
206776,0.31884199380874634,,519619.1
206777,,0.0,519621.05
206791,0.31884199380874634,,519641.93023255817
206792,,0.0,519643.6511627907
206802,0.31884199380874634,,519660.8604651163
206803,,0.0,519662.5813953488
206811,0.31884199380874634,,519676.3488372093
206812,,0.0,519678.06976744183
206821,0.31884199380874634,,519693.5581395349
206822,,0.0,519695.27906976745
206832,0.31884199380874634,,519710.65
206833,,0.0,519712.6
206843,0.31884199380874634,,519732.1
206844,,0.0,519734.05
206853,0.31884199380874634,,519751.6
206854,,0.0,519753.55
206863,0.31884199380874634,,519771.1
206864,,0.0,519773.05
206883,0.3188520073890686,,519801.46153846156
206884,,1.0,519803.1153846154
206899,0.31886202096939087,,519827.92307692306
206900,,1.0,519829.57692307694
206908,0.31887203454971313,,519842.8076923077
206909,,1.0,519844.46153846156
206917,0.3188820481300354,,519857.6923076923
206918,,1.0,519859.3461538461
206932,0.3189120590686798,,519918.3157894737
206933,,3.0,519923.5263157895
206939,0.3189420700073242,,519954.7894736842
206940,,3.0,519960.0
206947,0.31897208094596863,,519996.4736842105
206948,,3.0,520001.6842105263
206957,0.31900209188461304,,520048.5789473684
206958,,3.0,520053.7894736842
206971,0.31900209188461304,,520082.63636363635
206972,,0.0,520085.0
206978,0.31900209188461304,,520099.1818181818
206979,,0.0,520101.54545454547
206984,0.31900209188461304,,520113.36363636365
206985,,0.0,520115.7272727273
206992,0.31900209188461304,,520132.2727272727
206993,,0.0,520134.63636363635
207010,0.3190121054649353,,520164.39130434784
207011,,1.0,520166.347826087
207019,0.31902211904525757,,520182.0
207020,,1.0,520183.95652173914
207029,0.31903213262557983,,520201.5652173913
207030,,1.0,520203.52173913043
207040,0.3190421462059021,,520223.0869565217
207041,,1.0,520225.04347826086
207057,0.3190421462059021,,520250.5813953488
207058,,0.0,520252.3953488372
207064,0.3190421462059021,,520263.27906976745
207065,,0.0,520265.0930232558
207075,0.3190421462059021,,520283.23255813954
207076,,0.0,520285.0465116279
207085,0.3190421462059021,,520301.37209302327
207086,,0.0,520303.18604651163
207106,0.3190421462059021,,520328.2631578947
207107,,0.0,520329.63157894736
207121,0.3190421462059021,,520348.7894736842
207122,,0.0,520350.15789473685
207133,0.3190421462059021,,520365.2105263158
207134,,0.0,520366.5789473684
207144,0.3190421462059021,,520380.2631578947
207145,,0.0,520381.63157894736
207161,0.31905215978622437,,520404.125
207162,,1.0,520405.75
207171,0.31906217336654663,,520420.375
207172,,1.0,520422.0
207184,0.3190721869468689,,520441.5
207185,,1.0,520443.125
207194,0.31908220052719116,,520457.75
207195,,1.0,520459.375
207205,0.31908220052719116,,520475.0
207206,,0.0,520477.0
207218,0.31908220052719116,,520501.0
207219,,0.0,520503.0
207225,0.31908220052719116,,520515.0
207226,,0.0,520517.0
207233,0.31908220052719116,,520531.0
207234,,0.0,520533.0
207251,0.31908220052719116,,520558.54545454547
207252,,0.0,520560.2272727273
207262,0.31908220052719116,,520577.04545454547
207263,,0.0,520578.7272727273
207272,0.31908220052719116,,520593.86363636365
207273,,0.0,520595.54545454547
207279,0.31908220052719116,,520605.63636363635
207280,,0.0,520607.3181818182
207295,0.31908220052719116,,520637.1142857143
207296,,0.0,520639.45714285714
207301,0.31908220052719116,,520651.17142857146
207302,,0.0,520653.5142857143
207308,0.31908220052719116,,520667.5714285714
207309,,0.0,520669.9142857143
207316,0.31908220052719116,,520686.3142857143
207317,,0.0,520688.65714285715
207328,0.31908220052719116,,520708.2
207329,,0.0,520710.35
207336,0.31908220052719116,,520725.4
207337,,0.0,520727.55
207348,0.31908220052719116,,520751.2
207349,,0.0,520753.35
207358,0.31908220052719116,,520772.7
207359,,0.0,520774.85
207373,0.31908220052719116,,520798.1951219512
207374,,0.0,520800.1219512195
207384,0.31908220052719116,,520819.39024390245
207385,,0.0,520821.31707317074
207390,0.31908220052719116,,520830.9512195122
207391,,0.0,520832.8780487805
207401,0.31908220052719116,,520852.14634146343
207402,,0.0,520854.0731707317
207417,0.31908220052719116,,520877.2727272727
207418,,0.0,520879.04545454547
207427,0.31908220052719116,,520895.0
207428,,0.0,520896.7727272727
207433,0.31908220052719116,,520905.63636363635
207434,,0.0,520907.4090909091
207447,0.31908220052719116,,520930.45454545453
207448,,0.0,520932.2272727273
207464,0.3190922141075134,,520964.875
207465,,1.0,520967.25
207474,0.3191022276878357,,520988.625
207475,,1.0,520991.0
207485,0.31911224126815796,,521014.75
207486,,1.0,521017.125
207497,0.3191222548484802,,521043.25
207498,,1.0,521045.625
207511,0.3191322684288025,,521069.08108108107
207512,,1.0,521071.1891891892
207522,0.31914228200912476,,521092.2702702703
207523,,1.0,521094.3783783784
207527,0.319152295589447,,521102.8108108108
207528,,1.0,521104.91891891893
207536,0.3191623091697693,,521121.7837837838
207537,,1.0,521123.8918918919
207548,0.3191623091697693,,521141.7837837838
207549,,0.0,521143.75675675675
207557,0.3191623091697693,,521159.54054054053
207558,,0.0,521161.5135135135
207564,0.3191623091697693,,521173.35135135136
207565,,0.0,521175.3243243243
207575,0.3191623091697693,,521195.0540540541
207576,,0.0,521197.02702702704
207592,0.31917232275009155,,521223.98039215687
207593,,1.0,521225.90196078434
207606,0.3191823363304138,,521250.8823529412
207607,,1.0,521252.8039215686
207616,0.3191923499107361,,521270.09803921566
207617,,1.0,521272.01960784313
207628,0.31920236349105835,,521293.1568627451
207629,,1.0,521295.07843137253
207644,0.31920236349105835,,521319.0
207645,,0.0,521320.8333333333
207652,0.31920236349105835,,521333.6666666667
207653,,0.0,521335.5
207661,0.31920236349105835,,521350.1666666667
207662,,0.0,521352.0
207672,0.31920236349105835,,521370.3333333333
207673,,0.0,521372.1666666667
207693,0.31920236349105835,,521400.0
207694,,0.0,521401.5294117647
207701,0.31920236349105835,,521412.23529411765
207702,,0.0,521413.76470588235
207713,0.31920236349105835,,521430.5882352941
207714,,0.0,521432.1176470588
207725,0.31920236349105835,,521448.9411764706
207726,,0.0,521450.4705882353
207744,0.3192123770713806,,521478.8085106383
207745,,1.0,521480.59574468085
207752,0.3192223906517029,,521493.10638297873
207753,,1.0,521494.89361702127
207763,0.31923240423202515,,521512.7659574468
207764,,1.0,521514.55319148937
207774,0.3192424178123474,,521532.42553191487
207775,,1.0,521534.21276595746
207787,0.3192524313926697,,521554.83720930235
207788,,1.0,521556.93023255817
207797,0.31926244497299194,,521575.76744186046
207798,,1.0,521577.8604651163
207809,0.3192724585533142,,521600.88372093026
207810,,1.0,521602.9767441861
207819,0.3192824721336365,,521621.81395348837
207820,,1.0,521623.9069767442
207841,0.3193124830722809,,521649.64705882355
207842,,3.0,521650.96078431373
207852,0.3193424940109253,,521664.09803921566
207853,,3.0,521665.4117647059
207861,0.3193725049495697,,521675.92156862747
207862,,3.0,521677.23529411765
207872,0.3194025158882141,,521690.3725490196
207873,,3.0,521691.6862745098
207889,0.3194025158882141,,521717.73170731706
207890,,0.0,521719.6341463415
207895,0.3194025158882141,,521729.14634146343
207896,,0.0,521731.0487804878
207903,0.3194025158882141,,521744.3658536585
207904,,0.0,521746.26829268294
207915,0.3194025158882141,,521767.1951219512
207916,,0.0,521769.0975609756
207935,0.3194025158882141,,521794.6923076923
207936,,0.0,521796.17307692306
207945,0.3194025158882141,,521809.5
207946,,0.0,521810.98076923075
207955,0.3194025158882141,,521824.3076923077
207956,,0.0,521825.78846153844
207969,0.3194025158882141,,521845.03846153844
207970,,0.0,521846.51923076925
207979,0.3194025158882141,,521860.94736842107
207980,,0.0,521863.1052631579
207987,0.3194025158882141,,521878.2105263158
207988,,0.0,521880.36842105264
207996,0.3194025158882141,,521897.63157894736
207997,,0.0,521899.7894736842
208009,0.3194025158882141,,521925.6842105263
208010,,0.0,521927.84210526315
208028,0.3194125294685364,,521953.4
208029,,1.0,521954.96
208040,0.31942254304885864,,521972.12
208041,,1.0,521973.68
208050,0.3194325566291809,,521987.72
208051,,1.0,521989.28
208061,0.3194425702095032,,522004.88
208062,,1.0,522006.44
208078,0.3194725811481476,,522042.8780487805
208079,,3.0,522045.56097560975
208090,0.319502592086792,,522075.0731707317
208091,,3.0,522077.756097561
208096,0.3195326030254364,,522091.1707317073
208097,,3.0,522093.85365853657
208104,0.3195626139640808,,522112.6341463415
208105,,3.0,522115.31707317074
208121,0.3195726275444031,,522145.97826086957
208122,,1.0,522148.1304347826
208132,0.31958264112472534,,522169.652173913
208133,,1.0,522171.8043478261
208141,0.3195926547050476,,522189.02173913043
208142,,1.0,522191.17391304346
208152,0.3196026682853699,,522212.6956521739
208153,,1.0,522214.847826087
208167,0.319622665643692,,522252.3023255814
208168,,2.0,522255.511627907
208176,0.31964266300201416,,522281.18604651163
208177,,2.0,522284.3953488372
208186,0.3196626603603363,,522313.27906976745
208187,,2.0,522316.488372093
208197,0.31968265771865845,,522348.5813953488
208198,,2.0,522351.79069767444
208217,0.3196926712989807,,522380.4693877551
208218,,1.0,522382.0612244898
208227,0.319702684879303,,522396.387755102
208228,,1.0,522397.97959183675
208239,0.31971269845962524,,522415.48979591834
208240,,1.0,522417.0816326531
208248,0.3197227120399475,,522429.8163265306
208249,,1.0,522431.4081632653
208263,0.3197527229785919,,522466.5641025641
208264,,3.0,522469.6153846154
208273,0.31978273391723633,,522497.07692307694
208274,,3.0,522500.1282051282
208279,0.31981274485588074,,522515.3846153846
208280,,3.0,522518.4358974359
208289,0.31984275579452515,,522545.89743589744
208290,,3.0,522548.9487179487
208305,0.3198527693748474,,522570.46153846156
208306,,1.0,522572.0
208315,0.3198627829551697,,522585.8461538461
208316,,1.0,522587.3846153846
208328,0.31987279653549194,,522605.8461538461
208329,,1.0,522607.3846153846
208343,0.3198828101158142,,522628.92307692306
208344,,1.0,522630.46153846156
208363,0.3199128210544586,,522668.89795918367
208364,,3.0,522671.20408163266
208370,0.319942831993103,,522685.0408163265
208371,,3.0,522687.3469387755
208383,0.31997284293174744,,522715.02040816325
208384,,3.0,522717.32653061225
208394,0.32000285387039185,,522740.387755102
208395,,3.0,522742.693877551
208410,0.32000285387039185,,522765.93617021275
208411,,0.0,522767.6808510638
208422,0.32000285387039185,,522786.87234042556
208423,,0.0,522788.6170212766
208432,0.32000285387039185,,522804.3191489362
208433,,0.0,522806.06382978725
208443,0.32000285387039185,,522823.5106382979
208444,,0.0,522825.25531914894
208458,0.32000285387039185,,522846.85365853657
208459,,0.0,522848.65853658534
208464,0.32000285387039185,,522857.68292682926
208465,,0.0,522859.48780487804
208474,0.32000285387039185,,522875.73170731706
208475,,0.0,522877.53658536583
208486,0.32000285387039185,,522897.39024390245
208487,,0.0,522899.1951219512
208504,0.3200128674507141,,522925.5777777778
208505,,1.0,522927.3333333333
208510,0.3200228810310364,,522936.1111111111
208511,,1.0,522937.86666666664
208522,0.32003289461135864,,522957.1777777778
208523,,1.0,522958.93333333335
208533,0.3200429081916809,,522976.4888888889
208534,,1.0,522978.2444444444
208546,0.3200529217720032,,523002.21875
208547,,1.0,523004.6875
208555,0.32006293535232544,,523024.4375
208556,,1.0,523026.90625
208561,0.3200729489326477,,523039.25
208562,,1.0,523041.71875
208567,0.32008296251296997,,523054.0625
208568,,1.0,523056.53125
208581,0.32008296251296997,,523081.64705882355
208582,,0.0,523083.9117647059
208586,0.32008296251296997,,523092.9705882353
208587,,0.0,523095.23529411765
208593,0.32008296251296997,,523108.82352941175
208594,,0.0,523111.0882352941
208603,0.32008296251296997,,523131.4705882353
208604,,0.0,523133.73529411765
208621,0.3201029598712921,,523169.14285714284
208622,,2.0,523171.51020408166
208632,0.32012295722961426,,523195.1836734694
208633,,2.0,523197.55102040817
208641,0.3201429545879364,,523216.48979591834
208642,,2.0,523218.85714285716
208654,0.32016295194625854,,523247.2653061224
208655,,2.0,523249.63265306124
208667,0.3201729655265808,,523270.97297297296
208668,,1.0,523273.08108108107
208675,0.3201829791069031,,523287.8378378378
208676,,1.0,523289.9459459459
208683,0.32019299268722534,,523304.7027027027
208684,,1.0,523306.8108108108
208693,0.3202030062675476,,523325.7837837838
208694,,1.0,523327.8918918919
208702,0.3202030062675476,,523340.97222222225
208703,,0.0,523343.1666666667
208709,0.3202030062675476,,523356.3333333333
208710,,0.0,523358.52777777775
208717,0.3202030062675476,,523373.8888888889
208718,,0.0,523376.0833333333
208731,0.3202030062675476,,523404.6111111111
208732,,0.0,523406.80555555556
208744,0.3202030062675476,,523426.3076923077
208745,,0.0,523428.23076923075
208756,0.3202030062675476,,523449.3846153846
208757,,0.0,523451.3076923077
208765,0.3202030062675476,,523466.6923076923
208766,,0.0,523468.6153846154
208772,0.3202030062675476,,523480.1538461539
208773,,0.0,523482.07692307694
208788,0.32022300362586975,,523505.44680851063
208789,,2.0,523507.2340425532
208796,0.3202430009841919,,523519.74468085106
208797,,2.0,523521.5319148936
208806,0.32026299834251404,,523537.6170212766
208807,,2.0,523539.40425531915
208821,0.3202829957008362,,523564.42553191487
208822,,2.0,523566.21276595746
208839,0.3203029930591583,,523596.84
208840,,2.0,523598.9
208853,0.32032299041748047,,523625.68
208854,,2.0,523627.74
208863,0.3203429877758026,,523646.28
208864,,2.0,523648.34
208873,0.32036298513412476,,523666.88
208874,,2.0,523668.94
208889,0.32036298513412476,,523695.63157894736
208890,,0.0,523697.6842105263
208895,0.32036298513412476,,523707.94736842107
208896,,0.0,523710.0
208905,0.32036298513412476,,523728.4736842105
208906,,0.0,523730.5263157895
208913,0.32036298513412476,,523744.8947368421
208914,,0.0,523746.94736842107
208927,0.320372998714447,,523766.44680851063
208928,,1.0,523768.1914893617
208943,0.3203830122947693,,523794.3617021277
208944,,1.0,523796.10638297873
208956,0.32039302587509155,,523817.0425531915
208957,,1.0,523818.78723404254
208962,0.3204030394554138,,523827.5106382979
208963,,1.0,523829.25531914894
208978,0.3204130530357361,,523855.7659574468
208979,,1.0,523857.829787234
208990,0.32042306661605835,,523880.5319148936
208991,,1.0,523882.59574468085
209002,0.3204330801963806,,523905.2978723404
209003,,1.0,523907.3617021277
209011,0.3204430937767029,,523923.87234042556
209012,,1.0,523925.93617021275
209030,0.3204430937767029,,523950.6530612245
209031,,0.0,523952.1632653061
209041,0.3204430937767029,,523967.2653061224
209042,,0.0,523968.7755102041
209049,0.3204430937767029,,523979.3469387755
209050,,0.0,523980.85714285716
209062,0.3204430937767029,,523998.97959183675
209063,,0.0,524000.48979591834
209075,0.3204430937767029,,524020.5
209076,,0.0,524022.55555555556
209083,0.3204430937767029,,524036.94444444444
209084,,0.0,524039.0
209092,0.3204430937767029,,524055.44444444444
209093,,0.0,524057.5
209100,0.3204430937767029,,524071.8888888889
209101,,0.0,524073.94444444444
209116,0.3204430937767029,,524096.85714285716
209117,,0.0,524098.59523809527
209127,0.3204430937767029,,524115.9761904762
209128,,0.0,524117.71428571426
209137,0.3204430937767029,,524133.35714285716
209138,,0.0,524135.09523809527
209144,0.3204430937767029,,524145.5238095238
209145,,0.0,524147.2619047619
209155,0.320463091135025,,524175.9705882353
209156,,2.0,524179.82352941175
209164,0.32048308849334717,,524210.64705882355
209165,,2.0,524214.5
209170,0.3205030858516693,,524233.76470588235
209171,,2.0,524237.6176470588
209180,0.32052308320999146,,524272.29411764705
209181,,2.0,524276.14705882355
209199,0.32052308320999146,,524305.1086956522
209200,,0.0,524306.7826086957
209209,0.32052308320999146,,524321.8478260869
209210,,0.0,524323.5217391305
209217,0.32052308320999146,,524335.2391304348
209218,,0.0,524336.9130434783
209228,0.32052308320999146,,524353.6521739131
209229,,0.0,524355.3260869565
209249,0.32052308320999146,,524384.0612244898
209250,,0.0,524385.6530612245
209260,0.32052308320999146,,524401.5714285715
209261,,0.0,524403.1632653062
209269,0.32052308320999146,,524415.8979591837
209270,,0.0,524417.4897959183
209279,0.32052308320999146,,524431.8163265307
209280,,0.0,524433.4081632653
209296,0.32052308320999146,,524457.0697674418
209297,,0.0,524458.7674418605
209304,0.32052308320999146,,524470.6511627907
209305,,0.0,524472.3488372093
209314,0.32052308320999146,,524487.6279069767
209315,,0.0,524489.3255813953
209324,0.32052308320999146,,524504.6046511628
209325,,0.0,524506.3023255814
209340,0.3205430805683136,,524536.2
209341,,2.0,524538.55
209350,0.32056307792663574,,524559.7
209351,,2.0,524562.05
209357,0.3205830752849579,,524576.15
209358,,2.0,524578.5
209366,0.32060307264328003,,524597.3
209367,,2.0,524599.65
209378,0.32063308358192444,,524618.2105263158
209379,,3.0,524620.2368421053
209392,0.32066309452056885,,524646.5789473684
209393,,3.0,524648.6052631579
209401,0.32069310545921326,,524664.8157894737
209402,,3.0,524666.8421052631
209406,0.32072311639785767,,524674.947368421
209407,,3.0,524676.9736842106
209423,0.32073312997817993,,524699.693877551
209424,,1.0,524701.2857142857
209435,0.3207431435585022,,524718.7959183673
209436,,1.0,524720.387755102
209445,0.32075315713882446,,524734.7142857143
209446,,1.0,524736.306122449
209457,0.32076317071914673,,524753.8163265307
209458,,1.0,524755.4081632653
209474,0.320773184299469,,524781.2272727273
209475,,1.0,524783.0909090909
209482,0.32078319787979126,,524796.1363636364
209483,,1.0,524798.0
209495,0.3207932114601135,,524820.3636363636
209496,,1.0,524822.2272727273
209503,0.3208032250404358,,524835.2727272727
209504,,1.0,524837.1363636364
209513,0.32082322239875793,,524851.3829787234
209514,,2.0,524853.4468085107
209530,0.3208432197570801,,524886.4680851063
209531,,2.0,524888.5319148937
209540,0.3208632171154022,,524907.1063829787
209541,,2.0,524909.1702127659
209552,0.32088321447372437,,524931.8723404255
209553,,2.0,524933.9361702128
209565,0.32088321447372437,,524953.1219512195
209566,,0.0,524955.0243902439
209576,0.32088321447372437,,524974.0487804879
209577,,0.0,524975.9512195121
209586,0.32088321447372437,,524993.0731707317
209587,,0.0,524994.9756097561
209595,0.32088321447372437,,525010.1951219512
209596,,0.0,525012.0975609756
209611,0.32088321447372437,,525031.76
209612,,0.0,525033.24
209621,0.32088321447372437,,525046.56
209622,,0.0,525048.04
209635,0.32088321447372437,,525067.28
209636,,0.0,525068.76
209647,0.32088321447372437,,525085.04
209648,,0.0,525086.52
209666,0.32088321447372437,,525115.2093023256
209667,,0.0,525117.023255814
209678,0.32088321447372437,,525136.976744186
209679,,0.0,525138.7906976744
209687,0.32088321447372437,,525153.3023255814
209688,,0.0,525155.1162790698
209692,0.32088321447372437,,525162.3720930233
209693,,0.0,525164.1860465116
209709,0.32088321447372437,,525186.5
209710,,0.0,525188.0769230769
209720,0.32088321447372437,,525203.8461538461
209721,,0.0,525205.4230769231
209734,0.32088321447372437,,525225.9230769231
209735,,0.0,525227.5
209746,0.32088321447372437,,525244.8461538461
209747,,0.0,525246.4230769231
209759,0.32089322805404663,,525265.5714285715
209760,,1.0,525267.5238095238
209767,0.3209032416343689,,525281.1904761905
209768,,1.0,525283.1428571428
209776,0.32091325521469116,,525298.7619047619
209777,,1.0,525300.7142857143
209790,0.3209232687950134,,525326.0952380953
209791,,1.0,525328.0476190476
209805,0.3209232687950134,,525349.5
209806,,0.0,525351.2727272727
209816,0.3209232687950134,,525369.0
209817,,0.0,525370.7727272727
209827,0.3209232687950134,,525388.5
209828,,0.0,525390.2727272727
209836,0.3209232687950134,,525404.4545454546
209837,,0.0,525406.2272727273
209856,0.3209232687950134,,525435.3333333334
209857,,0.0,525437.0416666666
209866,0.3209232687950134,,525452.4166666666
209867,,0.0,525454.125
209875,0.3209232687950134,,525467.7916666666
209876,,0.0,525469.5
209886,0.3209232687950134,,525486.5833333334
209887,,0.0,525488.2916666666
209899,0.3209232687950134,,525506.0434782609
209900,,0.0,525507.8260869565
209911,0.3209232687950134,,525527.4347826086
209912,,0.0,525529.2173913043
209922,0.3209232687950134,,525547.0434782609
209923,,0.0,525548.8260869565
209934,0.3209232687950134,,525568.4347826086
209935,,0.0,525570.2173913043
209948,0.3209332823753357,,525595.0434782609
209949,,1.0,525597.3478260869
209959,0.32094329595565796,,525620.3913043478
209960,,1.0,525622.695652174
209969,0.3209533095359802,,525643.4347826086
209970,,1.0,525645.7391304348
209982,0.3209633231163025,,525673.3913043478
209983,,1.0,525675.695652174
210005,0.32097333669662476,,525717.6170212766
210006,,1.0,525719.7021276596
210011,0.320983350276947,,525730.1276595745
210012,,1.0,525732.2127659575
210023,0.3209933638572693,,525755.1489361703
210024,,1.0,525757.2340425532
210031,0.32100337743759155,,525771.8297872341
210032,,1.0,525773.914893617
210042,0.32100337743759155,,525790.1794871795
210043,,0.0,525792.2051282051
210053,0.32100337743759155,,525812.4615384615
210054,,0.0,525814.4871794871
210063,0.32100337743759155,,525832.717948718
210064,,0.0,525834.7435897436
210072,0.32100337743759155,,525850.9487179487
210073,,0.0,525852.9743589744
210089,0.3210133910179138,,525877.6808510638
210090,,1.0,525879.4255319149
210100,0.3210234045982361,,525896.8723404255
210101,,1.0,525898.6170212766
210108,0.32103341817855835,,525910.8297872341
210109,,1.0,525912.5744680851
210121,0.3210434317588806,,525933.5106382979
210122,,1.0,525935.2553191489
210135,0.3210534453392029,,525956.5652173914
210136,,1.0,525958.5217391305
210149,0.32106345891952515,,525983.9565217391
210150,,1.0,525985.9130434783
210162,0.3210734724998474,,526009.3913043478
210163,,1.0,526011.3478260869
210169,0.3210834860801697,,526023.0869565217
210170,,1.0,526025.0434782609
210191,0.32109349966049194,,526058.8
210192,,1.0,526060.5666666667
210202,0.3211035132408142,,526078.2333333333
210203,,1.0,526080.0
210217,0.3211135268211365,,526104.7333333333
210218,,1.0,526106.5
210231,0.32112354040145874,,526129.4666666667
210232,,1.0,526131.2333333333
210244,0.321133553981781,,526158.7837837838
210245,,1.0,526161.6486486486
210252,0.32114356756210327,,526181.7027027027
210253,,1.0,526184.5675675676
210262,0.32115358114242554,,526210.3513513514
210263,,1.0,526213.2162162162
210270,0.3211635947227478,,526233.2702702703
210271,,1.0,526236.1351351351
210290,0.32117360830307007,,526266.3333333334
210291,,1.0,526268.0416666666
210301,0.32118362188339233,,526285.125
210302,,1.0,526286.8333333334
210309,0.3211936354637146,,526298.7916666666
210310,,1.0,526300.5
210320,0.32120364904403687,,526317.5833333334
210321,,1.0,526319.2916666666
210341,0.32120364904403687,,526347.0
210342,,0.0,526348.5294117647
210349,0.32120364904403687,,526359.2352941176
210350,,0.0,526360.7647058824
210362,0.32120364904403687,,526379.1176470588
210363,,0.0,526380.6470588235
210373,0.32120364904403687,,526395.9411764706
210374,,0.0,526397.4705882353
210385,0.32121366262435913,,526416.8285714285
210386,,1.0,526419.0571428571
210392,0.3212236762046814,,526432.4285714285
210393,,1.0,526434.6571428571
210399,0.32123368978500366,,526448.0285714286
210400,,1.0,526450.2571428572
210410,0.3212437033653259,,526472.5428571429
210411,,1.0,526474.7714285714
210424,0.32126370072364807,,526505.2926829269
210425,,2.0,526508.1219512195
210431,0.3212836980819702,,526525.0975609756
210432,,2.0,526527.9268292683
210443,0.32130369544029236,,526559.0487804879
210444,,2.0,526561.8780487805
210453,0.3213236927986145,,526587.3414634146
210454,,2.0,526590.1707317074
210470,0.3213236927986145,,526615.3720930233
210471,,0.0,526617.0930232558
210478,0.3213236927986145,,526629.1395348837
210479,,0.0,526630.8604651163
210488,0.3213236927986145,,526646.3488372093
210489,,0.0,526648.0697674418
210498,0.3213236927986145,,526663.5581395349
210499,,0.0,526665.2790697674
210514,0.32133370637893677,,526689.7692307692
210515,,1.0,526691.6666666666
210523,0.32134371995925903,,526706.8461538461
210524,,1.0,526708.7435897436
210532,0.3213537335395813,,526723.9230769231
210533,,1.0,526725.8205128205
210539,0.32136374711990356,,526737.2051282051
210540,,1.0,526739.1025641026
210557,0.321393758058548,,526794.7727272727
210558,,3.0,526798.6136363636
210566,0.3214237689971924,,526829.3409090909
210567,,3.0,526833.1818181818
210577,0.3214537799358368,,526871.5909090909
210578,,3.0,526875.4318181818
210585,0.3214837908744812,,526902.3181818182
210586,,3.0,526906.1590909091
210603,0.3214837908744812,,526931.1372549019
210604,,0.0,526932.6470588235
210612,0.3214837908744812,,526944.725490196
210613,,0.0,526946.2352941176
210624,0.3214837908744812,,526962.8431372549
210625,,0.0,526964.3529411765
210638,0.3214837908744812,,526983.9803921569
210639,,0.0,526985.4901960784
210658,0.3214837908744812,,527014.1304347826
210659,,0.0,527015.8260869565
210666,0.3214837908744812,,527027.695652174
210667,,0.0,527029.3913043478
210677,0.3214837908744812,,527046.3478260869
210678,,0.0,527048.0434782609
210686,0.3214837908744812,,527061.6086956522
210687,,0.0,527063.304347826
210698,0.3214837908744812,,527081.0
210699,,0.0,527083.0
210709,0.3214837908744812,,527103.0
210710,,0.0,527105.0
210718,0.3214837908744812,,527121.0
210719,,0.0,527123.0
210727,0.3214837908744812,,527139.0
210728,,0.0,527141.0
210739,0.3214837908744812,,527159.4210526316
210740,,0.0,527161.4736842106
210747,0.3214837908744812,,527175.8421052631
210748,,0.0,527177.8947368421
210757,0.3214837908744812,,527196.3684210526
210758,,0.0,527198.4210526316
210767,0.3214837908744812,,527216.8947368421
210768,,0.0,527218.947368421
210781,0.3214837908744812,,527240.1111111111
210782,,0.0,527242.0222222222
210792,0.3214837908744812,,527261.1333333333
210793,,0.0,527263.0444444445
210804,0.3214837908744812,,527284.0666666667
210805,,0.0,527285.9777777778
210814,0.3214837908744812,,527303.1777777778
210815,,0.0,527305.088888889
210831,0.3214837908744812,,527328.125
210832,,0.0,527329.75
210841,0.3214837908744812,,527344.375
210842,,0.0,527346.0
210854,0.3214837908744812,,527365.5
210855,,0.0,527367.125
210864,0.3214837908744812,,527381.75
210865,,0.0,527383.375
210878,0.3214837908744812,,527402.5555555555
210879,,0.0,527404.3111111111
210886,0.3214837908744812,,527416.6
210887,,0.0,527418.3555555556
210899,0.3214837908744812,,527439.4222222222
210900,,0.0,527441.1777777778
210911,0.3214837908744812,,527460.4888888889
210912,,0.0,527462.2444444444
210922,0.32150378823280334,,527483.075
210923,,2.0,527485.8
210931,0.3215237855911255,,527507.6
210932,,2.0,527510.325
210941,0.32154378294944763,,527534.85
210942,,2.0,527537.575
210953,0.3215637803077698,,527567.55
210954,,2.0,527570.275
210969,0.32157379388809204,,527593.5714285715
210970,,1.0,527595.2857142857
210980,0.3215838074684143,,527612.4285714285
210981,,1.0,527614.1428571428
210993,0.3215938210487366,,527634.7142857143
210994,,1.0,527636.4285714285
211004,0.32160383462905884,,527653.5714285715
211005,,1.0,527655.2857142857
211016,0.3216138482093811,,527674.2
211017,,1.0,527676.35
211027,0.32162386178970337,,527697.85
211028,,1.0,527700.0
211036,0.32163387537002563,,527717.2
211037,,1.0,527719.35
211046,0.3216438889503479,,527738.7
211047,,1.0,527740.85
211064,0.3216438889503479,,527766.0222222222
211065,,0.0,527767.6666666666
211073,0.3216438889503479,,527780.8222222222
211074,,0.0,527782.4666666667
211082,0.3216438889503479,,527795.6222222223
211083,,0.0,527797.2666666667
211093,0.3216438889503479,,527813.7111111111
211094,,0.0,527815.3555555556
211111,0.3216438889503479,,527840.0416666666
211112,,0.0,527841.6875
211123,0.3216438889503479,,527859.7916666666
211124,,0.0,527861.4375
211132,0.3216438889503479,,527874.6041666666
211133,,0.0,527876.25
211143,0.3216438889503479,,527892.7083333334
211144,,0.0,527894.3541666666
211158,0.3216738998889923,,527926.119047619
211159,,3.0,527928.8571428572
211166,0.3217039108276367,,527948.0238095238
211167,,3.0,527950.7619047619
211179,0.32173392176628113,,527983.619047619
211180,,3.0,527986.3571428572
211187,0.32176393270492554,,528005.5238095238
211188,,3.0,528008.2619047619
211202,0.32176393270492554,,528026.6538461539
211203,,0.0,528028.0769230769
211218,0.32176393270492554,,528049.4230769231
211219,,0.0,528050.8461538461
211228,0.32176393270492554,,528063.6538461539
211229,,0.0,528065.0769230769
211241,0.32176393270492554,,528082.1538461539
211242,,0.0,528083.5769230769
211258,0.3217839300632477,,528115.5217391305
211259,,2.0,528117.8695652174
211270,0.3218039274215698,,528143.695652174
211271,,2.0,528146.0434782609
211278,0.32182392477989197,,528162.4782608695
211279,,2.0,528164.8260869565
211289,0.3218439221382141,,528188.304347826
211290,,2.0,528190.6521739131
211304,0.3218439221382141,,528213.9268292683
211305,,0.0,528215.8292682926
211314,0.3218439221382141,,528232.9512195121
211315,,0.0,528234.8536585366
211322,0.3218439221382141,,528248.1707317074
211323,,0.0,528250.0731707317
211332,0.3218439221382141,,528267.1951219512
211333,,0.0,528269.0975609756
211348,0.32186391949653625,,528295.5454545454
211349,,2.0,528297.5909090909
211356,0.3218839168548584,,528311.9090909091
211357,,2.0,528313.9545454546
211367,0.32190391421318054,,528334.4090909091
211368,,2.0,528336.4545454546
211378,0.3219239115715027,,528356.9090909091
211379,,2.0,528358.9545454546
211394,0.32194390892982483,,528391.6976744186
211395,,2.0,528394.2558139535
211401,0.321963906288147,,528409.6046511628
211402,,2.0,528412.1627906977
211411,0.3219839036464691,,528435.1860465116
211412,,2.0,528437.7441860465
211423,0.32200390100479126,,528465.8837209302
211424,,2.0,528468.4418604651
211439,0.32200390100479126,,528488.0769230769
211440,,0.0,528489.5
211453,0.32200390100479126,,528508.0
211454,,0.0,528509.4230769231
211462,0.32200390100479126,,528520.8076923077
211463,,0.0,528522.2307692308
211477,0.32200390100479126,,528542.1538461539
211478,,0.0,528543.5769230769
211489,0.3220139145851135,,528566.1764705882
211490,,1.0,528568.8235294118
211499,0.3220239281654358,,528592.6470588235
211500,,1.0,528595.2941176471
211506,0.32203394174575806,,528611.1764705882
211507,,1.0,528613.8235294118
211513,0.3220439553260803,,528629.7058823529
211514,,1.0,528632.3529411765
211527,0.3220539689064026,,528655.2272727273
211528,,1.0,528657.25
211541,0.32206398248672485,,528683.5454545454
211542,,1.0,528685.5681818182
211552,0.3220739960670471,,528705.7954545454
211553,,1.0,528707.8181818182
211559,0.3220840096473694,,528719.9545454546
211560,,1.0,528721.9772727273
211572,0.32209402322769165,,528745.6923076923
211573,,1.0,528748.1025641026
211582,0.3221040368080139,,528769.7948717949
211583,,1.0,528772.2051282051
211589,0.3221140503883362,,528786.6666666666
211590,,1.0,528789.0769230769
211600,0.32212406396865845,,528813.1794871795
211601,,1.0,528815.5897435897
211614,0.3221340775489807,,528842.8780487805
211615,,1.0,528845.3658536585
211621,0.322144091129303,,528860.2926829269
211622,,1.0,528862.7804878049
211633,0.32215410470962524,,528890.1463414634
211634,,1.0,528892.6341463415
211643,0.3221641182899475,,528915.0243902439
211644,,1.0,528917.512195122
211655,0.3221741318702698,,528939.1111111111
211656,,1.0,528941.5
211665,0.32218414545059204,,528963.0
211666,,1.0,528965.3888888889
211673,0.3221941590309143,,528982.1111111111
211674,,1.0,528984.5
211681,0.3222041726112366,,529001.2222222222
211682,,1.0,529003.6111111111
211695,0.3222041726112366,,529022.4444444445
211696,,0.0,529024.088888889
211708,0.3222041726112366,,529043.8222222222
211709,,0.0,529045.4666666667
211720,0.3222041726112366,,529063.5555555555
211721,,0.0,529065.2
211728,0.3222041726112366,,529076.7111111111
211729,,0.0,529078.3555555556
211741,0.3222041726112366,,529097.1219512195
211742,,0.0,529099.0243902439
211752,0.3222041726112366,,529118.0487804879
211753,,0.0,529119.9512195121
211758,0.3222041726112366,,529129.4634146341
211759,,0.0,529131.3658536585
211771,0.3222041726112366,,529154.1951219512
211772,,0.0,529156.0975609756
211791,0.32221418619155884,,529190.0
211792,,1.0,529192.0
211800,0.3222241997718811,,529208.0
211801,,1.0,529210.0
211807,0.32223421335220337,,529222.0
211808,,1.0,529224.0
211814,0.32224422693252563,,529236.0
211815,,1.0,529238.0
211826,0.32224422693252563,,529258.3529411765
211827,,0.0,529260.6470588235
211831,0.32224422693252563,,529269.8235294118
211832,,0.0,529272.1176470588
211840,0.32224422693252563,,529290.4705882353
211841,,0.0,529292.7647058824
211850,0.32224422693252563,,529313.4117647059
211851,,0.0,529315.7058823529
211871,0.32224422693252563,,529345.88
211872,,0.0,529347.52
211880,0.32224422693252563,,529360.64
211881,,0.0,529362.28
211890,0.32224422693252563,,529377.04
211891,,0.0,529378.68
211902,0.32224422693252563,,529396.72
211903,,0.0,529398.36
211916,0.32224422693252563,,529426.3636363636
211917,,0.0,529429.0
211924,0.32224422693252563,,529447.4545454546
211925,,0.0,529450.0909090909
211929,0.32224422693252563,,529460.6363636364
211930,,0.0,529463.2727272727
211937,0.32224422693252563,,529481.7272727273
211938,,0.0,529484.3636363636
211952,0.3222542405128479,,529505.8
211953,,1.0,529507.509090909
211964,0.32226425409317017,,529526.3090909091
211965,,1.0,529528.0181818182
211975,0.32227426767349243,,529545.1090909091
211976,,1.0,529546.8181818182
211994,0.3222842812538147,,529577.5818181818
211995,,1.0,529579.2909090909
212008,0.3222842812538147,,529603.0
212009,,0.0,529605.2
212017,0.3222842812538147,,529622.8
212018,,0.0,529625.0
212022,0.3222842812538147,,529633.8
212023,,0.0,529636.0
212031,0.3222842812538147,,529653.6
212032,,0.0,529655.8
212045,0.32229429483413696,,529678.4545454546
212046,,1.0,529680.5
212058,0.32230430841445923,,529705.0454545454
212059,,1.0,529707.0909090909
212068,0.3223143219947815,,529725.5
212069,,1.0,529727.5454545454
212077,0.32232433557510376,,529743.9090909091
212078,,1.0,529745.9545454546
212094,0.322334349155426,,529779.2
212095,,1.0,529781.6
212103,0.3223443627357483,,529800.8
212104,,1.0,529803.2
212113,0.32235437631607056,,529824.8
212114,,1.0,529827.2
212119,0.3223643898963928,,529839.2
212120,,1.0,529841.6
212138,0.3223643898963928,,529871.2093023256
212139,,0.0,529873.023255814
212146,0.3223643898963928,,529885.7209302326
212147,,0.0,529887.5348837209
212154,0.3223643898963928,,529900.2325581395
212155,,0.0,529902.0465116279
212164,0.3223643898963928,,529918.3720930233
212165,,0.0,529920.1860465116
212179,0.3223643898963928,,529942.8717948718
212180,,0.0,529944.7692307692
212189,0.3223643898963928,,529961.8461538461
212190,,0.0,529963.7435897436
212199,0.3223643898963928,,529980.8205128205
212200,,0.0,529982.717948718
212205,0.3223643898963928,,529992.2051282051
212206,,0.0,529994.1025641026
212224,0.3223744034767151,,530026.6521739131
212225,,1.0,530028.695652174
212233,0.32238441705703735,,530045.0434782609
212234,,1.0,530047.0869565217
212243,0.3223944306373596,,530065.4782608695
212244,,1.0,530067.5217391305
212253,0.3224044442176819,,530085.9130434783
212254,,1.0,530087.9565217391
212268,0.32241445779800415,,530118.6
212269,,1.0,530121.2
212275,0.3224244713783264,,530136.8
212276,,1.0,530139.4
212280,0.3224344849586487,,530149.8
212281,,1.0,530152.4
212290,0.32244449853897095,,530175.8
212291,,1.0,530178.4
212307,0.32244449853897095,,530202.8636363636
212308,,0.0,530204.5454545454
212317,0.32244449853897095,,530219.6818181818
212318,,0.0,530221.3636363636
212326,0.32244449853897095,,530234.8181818182
212327,,0.0,530236.5
212336,0.32244449853897095,,530251.6363636364
212337,,0.0,530253.3181818182
212354,0.3224545121192932,,530282.1063829787
212355,,1.0,530284.0425531915
212363,0.3224645256996155,,530299.5319148937
212364,,1.0,530301.4680851063
212372,0.32247453927993774,,530316.9574468085
212373,,1.0,530318.8936170213
212385,0.32248455286026,,530342.1276595745
212386,,1.0,530344.0638297872
212397,0.3224945664405823,,530363.4222222222
212398,,1.0,530365.6
212412,0.32250458002090454,,530396.088888889
212413,,1.0,530398.2666666667
212424,0.3225145936012268,,530422.2222222222
212425,,1.0,530424.4
212432,0.3225246071815491,,530439.6444444444
212433,,1.0,530441.8222222222
212450,0.32253462076187134,,530472.5833333334
212451,,1.0,530474.625
212460,0.3225446343421936,,530493.0
212461,,1.0,530495.0416666666
212471,0.32255464792251587,,530515.4583333334
212472,,1.0,530517.5
212482,0.32256466150283813,,530537.9166666666
212483,,1.0,530539.9583333334
212500,0.3225746750831604,,530568.0784313725
212501,,1.0,530569.9411764706
212512,0.32258468866348267,,530590.431372549
212513,,1.0,530592.2941176471
212522,0.32259470224380493,,530609.0588235294
212523,,1.0,530610.9215686275
212535,0.3226047158241272,,530633.274509804
212536,,1.0,530635.1372549019
212549,0.3226047158241272,,530654.7272727273
212550,,0.0,530656.5
212562,0.3226047158241272,,530677.7727272727
212563,,0.0,530679.5454545454
212572,0.3226047158241272,,530695.5
212573,,0.0,530697.2727272727
212581,0.3226047158241272,,530711.4545454546
212582,,0.0,530713.2272727273
212593,0.3226047158241272,,530730.4418604651
212594,,0.0,530732.3720930233
212601,0.3226047158241272,,530745.8837209302
212602,,0.0,530747.8139534884
212612,0.3226047158241272,,530767.1162790698
212613,,0.0,530769.0465116279
212626,0.3226047158241272,,530794.1395348837
212627,,0.0,530796.0697674418
212648,0.3226047158241272,,530828.1304347826
212649,,0.0,530829.804347826
212656,0.3226047158241272,,530841.5217391305
212657,,0.0,530843.195652174
212664,0.3226047158241272,,530854.9130434783
212665,,0.0,530856.5869565217
212674,0.3226047158241272,,530871.6521739131
212675,,0.0,530873.3260869565
212694,0.32261472940444946,,530907.0
212695,,1.0,530909.0
212702,0.32262474298477173,,530923.0
212703,,1.0,530925.0
212710,0.322634756565094,,530939.0
212711,,1.0,530941.0
212717,0.32264477014541626,,530953.0
212718,,1.0,530955.0
212735,0.32264477014541626,,530979.2857142857
212736,,0.0,530980.8775510204
212744,0.32264477014541626,,530993.612244898
212745,,0.0,530995.2040816327
212756,0.32264477014541626,,531012.7142857143
212757,,0.0,531014.306122449
212768,0.32264477014541626,,531031.8163265307
212769,,0.0,531033.4081632653
212780,0.3226647675037384,,531059.0
212781,,2.0,531062.0
212792,0.32268476486206055,,531095.0
212793,,2.0,531098.0
212808,0.3227047622203827,,531143.0
212809,,2.0,531146.0
212813,0.32272475957870483,,531158.0
212814,,2.0,531161.0
212828,0.32272475957870483,,531186.5789473684
212829,,0.0,531188.6315789474
212836,0.32272475957870483,,531203.0
212837,,0.0,531205.052631579
212844,0.32272475957870483,,531219.4210526316
212845,,0.0,531221.4736842106
212853,0.32272475957870483,,531237.8947368421
212854,,0.0,531239.947368421
212873,0.32272475957870483,,531264.3396226416
212874,,0.0,531265.7358490566
212885,0.32272475957870483,,531281.0943396227
212886,,0.0,531282.4905660377
212897,0.32272475957870483,,531297.8490566037
212898,,0.0,531299.2452830189
212908,0.32272475957870483,,531313.2075471698
212909,,0.0,531314.6037735849
212925,0.32272475957870483,,531336.0416666666
212926,,0.0,531337.5833333334
212932,0.32272475957870483,,531346.8333333334
212933,,0.0,531348.375
212946,0.32272475957870483,,531368.4166666666
212947,,0.0,531369.9583333334
212958,0.32272475957870483,,531386.9166666666
212959,,0.0,531388.4583333334
212976,0.3227347731590271,,531419.75
212977,,1.0,531421.875
212985,0.32274478673934937,,531438.875
212986,,1.0,531441.0
212996,0.32275480031967163,,531462.25
212997,,1.0,531464.375
213008,0.3227648138999939,,531487.75
213009,,1.0,531489.875
213021,0.3227648138999939,,531509.1219512195
213022,,0.0,531511.0243902439
213031,0.3227648138999939,,531528.1463414634
213032,,0.0,531530.0487804879
213041,0.3227648138999939,,531547.1707317074
213042,,0.0,531549.0731707317
213051,0.3227648138999939,,531566.1951219512
213052,,0.0,531568.0975609756
213065,0.3227948248386383,,531592.7906976744
213066,,3.0,531595.0697674418
213076,0.3228248357772827,,531617.8604651163
213077,,3.0,531620.1395348837
213086,0.3228548467159271,,531640.6511627907
213087,,3.0,531642.9302325582
213096,0.32288485765457153,,531663.4418604651
213097,,3.0,531665.7209302326
213111,0.32288485765457153,,531687.4255319149
213112,,0.0,531689.1914893617
213124,0.32288485765457153,,531710.3829787234
213125,,0.0,531712.1489361703
213137,0.32288485765457153,,531733.340425532
213138,,0.0,531735.1063829787
213145,0.32288485765457153,,531747.4680851063
213146,,0.0,531749.2340425532
213161,0.3228948712348938,,531775.5714285715
213162,,1.0,531777.619047619
213175,0.32290488481521606,,531804.2380952381
213176,,1.0,531806.2857142857
213182,0.32291489839553833,,531818.5714285715
213183,,1.0,531820.619047619
213189,0.3229249119758606,,531832.9047619047
213190,,1.0,531834.9523809524
213206,0.3229249119758606,,531860.6888888889
213207,,0.0,531862.5111111111
213214,0.3229249119758606,,531875.2666666667
213215,,0.0,531877.088888889
213223,0.3229249119758606,,531891.6666666666
213224,,0.0,531893.4888888889
213236,0.3229249119758606,,531915.3555555556
213237,,0.0,531917.1777777778
213253,0.32293492555618286,,531947.387755102
213254,,1.0,531949.5714285715
213263,0.3229449391365051,,531969.224489796
213264,,1.0,531971.4081632653
213279,0.3229549527168274,,532004.1632653062
213280,,1.0,532006.3469387755
213287,0.32296496629714966,,532021.6326530612
213288,,1.0,532023.8163265307
213304,0.32296496629714966,,532049.0454545454
213305,,0.0,532050.8181818182
213314,0.32296496629714966,,532066.7727272727
213315,,0.0,532068.5454545454
213322,0.32296496629714966,,532080.9545454546
213323,,0.0,532082.7272727273
213333,0.32296496629714966,,532100.4545454546
213334,,0.0,532102.2272727273
213349,0.32296496629714966,,532122.72
213350,,0.0,532124.28
213364,0.32296496629714966,,532146.12
213365,,0.0,532147.68
213372,0.32296496629714966,,532158.6
213373,,0.0,532160.16
213385,0.32296496629714966,,532178.88
213386,,0.0,532180.44
213403,0.32296496629714966,,532211.7073170731
213404,,0.0,532213.8292682926
213414,0.32296496629714966,,532235.0487804879
213415,,0.0,532237.1707317074
213424,0.32296496629714966,,532256.268292683
213425,,0.0,532258.3902439025
213428,0.32296496629714966,,532264.756097561
213429,,0.0,532266.8780487805
213447,0.3229849636554718,,532307.9285714285
213448,,2.0,532310.5238095238
213456,0.32300496101379395,,532331.2857142857
213457,,2.0,532333.880952381
213465,0.3230249583721161,,532354.6428571428
213466,,2.0,532357.2380952381
213472,0.32304495573043823,,532372.8095238095
213473,,2.0,532375.4047619047
213489,0.3230549693107605,,532404.8666666667
213490,,1.0,532406.9333333333
213498,0.32306498289108276,,532423.4666666667
213499,,1.0,532425.5333333333
213510,0.32307499647140503,,532448.2666666667
213511,,1.0,532450.3333333334
213519,0.3230850100517273,,532466.8666666667
213520,,1.0,532468.9333333333
213537,0.32309502363204956,,532504.2093023256
213538,,1.0,532506.5813953489
213546,0.3231050372123718,,532525.5581395349
213547,,1.0,532527.9302325582
213554,0.3231150507926941,,532544.5348837209
213555,,1.0,532546.9069767442
213564,0.32312506437301636,,532568.2558139535
213565,,1.0,532570.6279069767
213581,0.3231350779533386,,532604.0408163265
213582,,1.0,532606.4285714285
213593,0.3231450915336609,,532632.693877551
213594,,1.0,532635.081632653
213602,0.32315510511398315,,532654.1836734693
213603,,1.0,532656.5714285715
213615,0.3231651186943054,,532685.224489796
213616,,1.0,532687.612244898
213629,0.32319512963294983,,532714.5238095238
213630,,3.0,532716.9761904762
213641,0.32322514057159424,,532743.9523809524
213642,,3.0,532746.4047619047
213651,0.32325515151023865,,532768.4761904762
213652,,3.0,532770.9285714285
213659,0.32328516244888306,,532788.0952380953
213660,,3.0,532790.5476190476
213672,0.32328516244888306,,532809.2
213673,,0.0,532811.0
213684,0.32328516244888306,,532830.8
213685,,0.0,532832.6
213697,0.32328516244888306,,532854.2
213698,,0.0,532856.0
213706,0.32328516244888306,,532870.4
213707,,0.0,532872.2
213722,0.3232951760292053,,532902.5714285715
213723,,1.0,532904.9523809524
213728,0.3233051896095276,,532916.8571428572
213729,,1.0,532919.2380952381
213741,0.32331520318984985,,532947.8095238095
213742,,1.0,532950.1904761905
213750,0.3233252167701721,,532969.2380952381
213751,,1.0,532971.619047619
213762,0.3233252167701721,,532989.6
213763,,0.0,532991.55
213771,0.3233252167701721,,533007.15
213772,,0.0,533009.1
213780,0.3233252167701721,,533024.7
213781,,0.0,533026.65
213792,0.3233252167701721,,533048.1
213793,,0.0,533050.05
213811,0.3233252167701721,,533075.1
213812,,0.0,533076.64
213825,0.3233252167701721,,533096.66
213826,,0.0,533098.2
213833,0.3233252167701721,,533108.98
213834,,0.0,533110.52
213844,0.3233252167701721,,533125.92
213845,,0.0,533127.46
213859,0.32334521412849426,,533155.4
213860,,2.0,533157.8
213867,0.3233652114868164,,533174.6
213868,,2.0,533177.0
213877,0.32338520884513855,,533198.6
213878,,2.0,533201.0
213891,0.3234052062034607,,533232.2
213892,,2.0,533234.6
213909,0.3234052062034607,,533264.2631578947
213910,,0.0,533266.2105263158
213916,0.3234052062034607,,533277.8947368421
213917,,0.0,533279.8421052631
213922,0.3234052062034607,,533289.5789473684
213923,,0.0,533291.5263157894
213931,0.3234052062034607,,533307.1052631579
213932,,0.0,533309.052631579
213947,0.32341521978378296,,533327.7142857143
213948,,1.0,533329.1071428572
213960,0.3234252333641052,,533345.8214285715
213961,,1.0,533347.2142857143
213974,0.3234352469444275,,533365.3214285715
213975,,1.0,533366.7142857143
213989,0.32344526052474976,,533386.2142857143
213990,,1.0,533387.6071428572
214003,0.323455274105072,,533416.2727272727
214004,,1.0,533419.0
214009,0.3234652876853943,,533432.6363636364
214010,,1.0,533435.3636363636
214016,0.32347530126571655,,533451.7272727273
214017,,1.0,533454.4545454546
214024,0.3234853148460388,,533473.5454545454
214025,,1.0,533476.2727272727
214039,0.3234853148460388,,533502.3414634146
214040,,0.0,533504.4634146341
214049,0.3234853148460388,,533523.5609756098
214050,,0.0,533525.6829268293
214059,0.3234853148460388,,533544.7804878049
214060,,0.0,533546.9024390244
214067,0.3234853148460388,,533561.756097561
214068,,0.0,533563.8780487805
214080,0.3234853148460388,,533580.9361702128
214081,,0.0,533582.5957446808
214094,0.3234853148460388,,533604.1702127659
214095,,0.0,533605.8297872341
214104,0.3234853148460388,,533620.7659574468
214105,,0.0,533622.4255319149
214116,0.3234853148460388,,533640.6808510638
214117,,0.0,533642.340425532
214130,0.3234853148460388,,533663.0243902439
214131,,0.0,533664.9268292683
214141,0.3234853148460388,,533683.9512195121
214142,,0.0,533685.8536585366
214150,0.3234853148460388,,533701.0731707317
214151,,0.0,533702.9756097561
214159,0.3234853148460388,,533718.1951219512
214160,,0.0,533720.0975609756
214180,0.32350531220436096,,533765.0666666667
214181,,2.0,533767.6
214187,0.3235253095626831,,533782.8
214188,,2.0,533785.3333333334
214196,0.32354530692100525,,533805.6
214197,,2.0,533808.1333333333
214206,0.3235653042793274,,533830.9333333333
214207,,2.0,533833.4666666667
214226,0.32357531785964966,,533870.2857142857
214227,,1.0,533872.4285714285
214233,0.3235853314399719,,533885.2857142857
214234,,1.0,533887.4285714285
214242,0.3235953450202942,,533904.5714285715
214243,,1.0,533906.7142857143
214250,0.32360535860061646,,533921.7142857143
214251,,1.0,533923.8571428572
214269,0.3236153721809387,,533958.5609756098
214270,,1.0,533960.731707317
214277,0.323625385761261,,533975.9268292683
214278,,1.0,533978.0975609756
214283,0.32363539934158325,,533988.9512195121
214284,,1.0,533991.1219512195
214293,0.3236454129219055,,534010.6585365854
214294,,1.0,534012.8292682926
214306,0.3236554265022278,,534034.8461538461
214307,,1.0,534037.0512820513
214317,0.32366544008255005,,534059.1025641026
214318,,1.0,534061.3076923077
214325,0.3236754536628723,,534076.7435897436
214326,,1.0,534078.9487179487
214334,0.3236854672431946,,534096.5897435897
214335,,1.0,534098.7948717949
214351,0.32369548082351685,,534121.8
214352,,1.0,534123.4
214361,0.3237054944038391,,534137.8
214362,,1.0,534139.4
214377,0.3237155079841614,,534163.4
214378,,1.0,534165.0
214386,0.32372552156448364,,534177.8
214387,,1.0,534179.4
214397,0.3237355351448059,,534196.1666666666
214398,,1.0,534198.3333333334
214407,0.3237455487251282,,534217.8333333334
214408,,1.0,534220.0
214414,0.32375556230545044,,534233.0
214415,,1.0,534235.1666666666
214424,0.3237655758857727,,534254.6666666666
214425,,1.0,534256.8333333334
214437,0.3237655758857727,,534279.25
214438,,0.0,534281.5
214446,0.3237655758857727,,534299.5
214447,,0.0,534301.75
214454,0.3237655758857727,,534317.5
214455,,0.0,534319.75
214462,0.3237655758857727,,534335.5
214463,,0.0,534337.75
214479,0.3237955868244171,,534361.9555555555
214480,,3.0,534363.6444444444
214487,0.3238255977630615,,534375.4666666667
214488,,3.0,534377.1555555556
214498,0.32385560870170593,,534394.0444444445
214499,,3.0,534395.7333333333
214509,0.32388561964035034,,534412.6222222223
214510,,3.0,534414.3111111111
214522,0.32388561964035034,,534433.55
214523,,0.0,534435.5
214531,0.32388561964035034,,534451.1
214532,,0.0,534453.05
214544,0.32388561964035034,,534476.45
214545,,0.0,534478.4
214551,0.32388561964035034,,534490.1
214552,,0.0,534492.05
214567,0.3238956332206726,,534523.5813953489
214568,,1.0,534526.0465116279
214575,0.3239056468009949,,534543.3023255814
214576,,1.0,534545.7674418605
214588,0.32391566038131714,,534575.3488372093
214589,,1.0,534577.8139534884
214596,0.3239256739616394,,534595.0697674418
214597,,1.0,534597.5348837209
214612,0.3239256739616394,,534625.2
214613,,0.0,534627.3
214619,0.3239256739616394,,534639.9
214620,,0.0,534642.0
214629,0.3239256739616394,,534660.9
214630,,0.0,534663.0
214638,0.3239256739616394,,534679.8
214639,,0.0,534681.9
214653,0.32394567131996155,,534713.4130434783
214654,,2.0,534716.0869565217
214661,0.3239656686782837,,534734.804347826
214662,,2.0,534737.4782608695
214673,0.32398566603660583,,534766.8913043478
214674,,2.0,534769.5652173914
214686,0.324005663394928,,534801.6521739131
214687,,2.0,534804.3260869565
214703,0.32401567697525024,,534830.1739130435
214704,,1.0,534831.9565217391
214716,0.3240256905555725,,534853.3478260869
214717,,1.0,534855.1304347826
214723,0.3240357041358948,,534865.8260869565
214724,,1.0,534867.6086956522
214734,0.32404571771621704,,534885.4347826086
214735,,1.0,534887.2173913043
214753,0.3240657150745392,,534925.5217391305
214754,,2.0,534927.9565217391
214762,0.32408571243286133,,534947.4347826086
214763,,2.0,534949.8695652174
214774,0.32410570979118347,,534976.6521739131
214775,,2.0,534979.0869565217
214782,0.3241257071495056,,534996.1304347826
214783,,2.0,534998.5652173914
214802,0.3241257071495056,,535026.4693877551
214803,,0.0,535028.0612244898
214814,0.3241257071495056,,535045.5714285715
214815,,0.0,535047.1632653062
214820,0.3241257071495056,,535055.1224489796
214821,,0.0,535056.7142857143
214833,0.3241257071495056,,535075.8163265307
214834,,0.0,535077.4081632653
214852,0.3241257071495056,,535101.9411764706
214853,,0.0,535103.4705882353
214865,0.3241257071495056,,535121.8235294118
214866,,0.0,535123.3529411765
214876,0.3241257071495056,,535138.6470588235
214877,,0.0,535140.1764705882
214886,0.3241257071495056,,535153.9411764706
214887,,0.0,535155.4705882353
214901,0.3241257071495056,,535178.45
214902,,0.0,535180.4
214909,0.3241257071495056,,535194.05
214910,,0.0,535196.0
214919,0.3241257071495056,,535213.55
214920,,0.0,535215.5
214928,0.3241257071495056,,535231.1
214929,,0.0,535233.05
214940,0.32414570450782776,,535260.4358974359
214941,,2.0,535263.6153846154
214951,0.3241657018661499,,535295.4102564103
214952,,2.0,535298.5897435897
214960,0.32418569922447205,,535324.0256410256
214961,,2.0,535327.2051282051
214969,0.3242056965827942,,535352.641025641
214970,,2.0,535355.8205128205
214980,0.32421571016311646,,535378.0555555555
214981,,1.0,535380.7777777778
214989,0.3242257237434387,,535402.5555555555
214990,,1.0,535405.2777777778
214998,0.324235737323761,,535427.0555555555
214999,,1.0,535429.7777777778
215007,0.32424575090408325,,535451.5555555555
215008,,1.0,535454.2777777778
215018,0.32424575090408325,,535473.4
215019,,0.0,535475.7428571428
215025,0.32424575090408325,,535489.8
215026,,0.0,535492.1428571428
215035,0.32424575090408325,,535513.2285714286
215036,,0.0,535515.5714285715
215044,0.32424575090408325,,535534.3142857143
215045,,0.0,535536.6571428571
215059,0.32424575090408325,,535558.5
215060,,0.0,535560.2727272727
215072,0.32424575090408325,,535581.5454545454
215073,,0.0,535583.3181818182
215082,0.32424575090408325,,535599.2727272727
215083,,0.0,535601.0454545454
215090,0.32424575090408325,,535613.4545454546
215091,,0.0,535615.2272727273
215106,0.3242557644844055,,535647.6976744186
215107,,1.0,535650.2558139535
215118,0.3242657780647278,,535678.3953488372
215119,,1.0,535680.9534883721
215125,0.32427579164505005,,535696.3023255814
215126,,1.0,535698.8604651163
215135,0.3242858052253723,,535721.8837209302
215136,,1.0,535724.4418604651
215148,0.3242858052253723,,535748.7058823529
215149,,0.0,535751.1176470588
215154,0.3242858052253723,,535763.1764705882
215155,,0.0,535765.5882352941
215163,0.3242858052253723,,535784.8823529412
215164,,0.0,535787.2941176471
215171,0.3242858052253723,,535804.1764705882
215172,,0.0,535806.5882352941
215186,0.3242958188056946,,535834.5
215187,,1.0,535836.8181818182
215198,0.32430583238601685,,535862.3181818182
215199,,1.0,535864.6363636364
215208,0.3243158459663391,,535885.5
215209,,1.0,535887.8181818182
215217,0.3243258595466614,,535906.3636363636
215218,,1.0,535908.6818181818
215233,0.32433587312698364,,535932.8666666667
215234,,1.0,535934.6888888889
215241,0.3243458867073059,,535947.4444444445
215242,,1.0,535949.2666666667
215252,0.3243559002876282,,535967.4888888889
215253,,1.0,535969.3111111111
215264,0.32436591386795044,,535989.3555555556
215265,,1.0,535991.1777777778
215279,0.3243759274482727,,536017.5
215280,,1.0,536019.7272727273
215290,0.32438594102859497,,536042.0
215291,,1.0,536044.2272727273
215297,0.32439595460891724,,536057.5909090909
215298,,1.0,536059.8181818182
215310,0.3244059681892395,,536086.5454545454
215311,,1.0,536088.7727272727
215325,0.32441598176956177,,536110.4791666666
215326,,1.0,536112.25
215334,0.32442599534988403,,536126.4166666666
215335,,1.0,536128.1875
215346,0.3244360089302063,,536147.6666666666
215347,,1.0,536149.4375
215360,0.32444602251052856,,536172.4583333334
215361,,1.0,536174.2291666666
215379,0.32445603609085083,,536204.775510204
215380,,1.0,536206.693877551
215393,0.3244660496711731,,536231.6326530612
215394,,1.0,536233.5510204082
215402,0.32447606325149536,,536248.8979591837
215403,,1.0,536250.8163265307
215411,0.3244860768318176,,536266.1632653062
215412,,1.0,536268.081632653
215431,0.3244860768318176,,536294.6666666666
215432,,0.0,536296.2083333334
215438,0.3244860768318176,,536305.4583333334
215439,,0.0,536307.0
215451,0.3244860768318176,,536325.5
215452,,0.0,536327.0416666666
215461,0.3244860768318176,,536340.9166666666
215462,,0.0,536342.4583333334
215483,0.3244960904121399,,536369.8947368421
215484,,1.0,536371.3333333334
215497,0.32450610399246216,,536390.0350877193
215498,,1.0,536391.4736842106
215509,0.3245161175727844,,536407.298245614
215510,,1.0,536408.7368421053
215520,0.3245261311531067,,536423.1228070175
215521,,1.0,536424.5614035088
215532,0.32454612851142883,,536443.306122449
215533,,2.0,536445.4693877551
215542,0.324566125869751,,536464.9387755102
215543,,2.0,536467.1020408163
215559,0.3245861232280731,,536501.7142857143
215560,,2.0,536503.8775510204
215571,0.32460612058639526,,536527.6734693878
215572,,2.0,536529.8367346938
215587,0.32461613416671753,,536555.4545454546
215588,,1.0,536557.4090909091
215599,0.3246261477470398,,536578.9090909091
215600,,1.0,536580.8636363636
215607,0.32463616132736206,,536594.5454545454
215608,,1.0,536596.5
215617,0.3246461749076843,,536614.0909090909
215618,,1.0,536616.0454545454
215632,0.32467618584632874,,536651.2340425532
215633,,3.0,536654.2553191489
215642,0.32470619678497314,,536681.4468085107
215643,,3.0,536684.4680851063
215657,0.32473620772361755,,536726.7659574468
215658,,3.0,536729.7872340425
215666,0.32476621866226196,,536753.9574468085
215667,,3.0,536756.9787234042
215680,0.3247862160205841,,536802.1052631579
215681,,2.0,536806.3157894737
215688,0.32480621337890625,,536835.7894736842
215689,,2.0,536840.0
215697,0.3248262107372284,,536873.6842105263
215698,,2.0,536877.8947368421
215706,0.32484620809555054,,536911.5789473684
215707,,2.0,536915.7894736842
215719,0.32487621903419495,,536961.8604651163
215720,,3.0,536966.5116279069
215726,0.32490622997283936,,536994.4186046511
215727,,3.0,536999.0697674418
215736,0.32493624091148376,,537040.9302325582
215737,,3.0,537045.5813953489
215751,0.3249662518501282,,537110.6976744186
215752,,3.0,537115.3488372093
215767,0.3249962627887726,,537170.0
215768,,3.0,537174.1666666666
215776,0.325026273727417,,537207.5
215777,,3.0,537211.6666666666
215786,0.3250562846660614,,537249.1666666666
215787,,3.0,537253.3333333334
215801,0.3250862956047058,,537311.6666666666
215802,,3.0,537315.8333333334
215813,0.3250963091850281,,537337.6
215814,,1.0,537339.8
215828,0.32510632276535034,,537370.6
215829,,1.0,537372.8
215836,0.3251163363456726,,537388.2
215837,,1.0,537390.4
215843,0.3251263499259949,,537403.6
215844,,1.0,537405.8
215855,0.325146347284317,,537425.1428571428
215856,,2.0,537427.2857142857
215868,0.32516634464263916,,537453.0
215869,,2.0,537455.1428571428
215879,0.3251863420009613,,537476.5714285715
215880,,2.0,537478.7142857143
215887,0.32520633935928345,,537493.7142857143
215888,,2.0,537495.8571428572
215904,0.32520633935928345,,537521.4634146341
215905,,0.0,537523.268292683
215914,0.32520633935928345,,537539.512195122
215915,,0.0,537541.3170731707
215922,0.32520633935928345,,537553.9512195121
215923,,0.0,537555.756097561
215930,0.32520633935928345,,537568.3902439025
215931,,0.0,537570.1951219512
215942,0.32523635029792786,,537594.1176470588
215943,,3.0,537596.8823529412
215950,0.32526636123657227,,537616.2352941176
215951,,3.0,537619.0
215960,0.3252963721752167,,537643.8823529412
215961,,3.0,537646.6470588235
215966,0.3253263831138611,,537660.4705882353
215967,,3.0,537663.2352941176
215983,0.3253563940525055,,537720.1666666666
215984,,3.0,537724.3333333334
215994,0.3253864049911499,,537766.0
215995,,3.0,537770.1666666666
216008,0.3254164159297943,,537824.3333333334
216009,,3.0,537828.5
216016,0.3254464268684387,,537857.6666666666
216017,,3.0,537861.8333333334
216034,0.3254464268684387,,537888.2857142857
216035,,0.0,537889.8775510204
216045,0.3254464268684387,,537905.7959183673
216046,,0.0,537907.387755102
216055,0.3254464268684387,,537921.7142857143
216056,,0.0,537923.306122449
216067,0.3254464268684387,,537940.8163265307
216068,,0.0,537942.4081632653
216086,0.32546642422676086,,537969.7142857143
216087,,2.0,537971.4285714285
216096,0.325486421585083,,537986.8571428572
216097,,2.0,537988.5714285715
216108,0.32550641894340515,,538007.4285714285
216109,,2.0,538009.1428571428
216118,0.3255264163017273,,538024.5714285715
216119,,2.0,538026.2857142857
216133,0.3255564272403717,,538083.0
216134,,3.0,538088.0
216143,0.3255864381790161,,538133.0
216144,,3.0,538138.0
216153,0.3256164491176605,,538183.0
216154,,3.0,538188.0
216160,0.32564646005630493,,538218.0
216161,,3.0,538223.0
216176,0.3256564736366272,,538249.3913043478
216177,,1.0,538251.1739130435
216188,0.32566648721694946,,538270.7826086957
216189,,1.0,538272.5652173914
216197,0.32567650079727173,,538286.8260869565
216198,,1.0,538288.6086956522
216208,0.325686514377594,,538306.4347826086
216209,,1.0,538308.2173913043
216224,0.325686514377594,,538331.2727272727
216225,,0.0,538333.0454545454
216232,0.325686514377594,,538345.4545454546
216233,,0.0,538347.2272727273
216238,0.325686514377594,,538356.0909090909
216239,,0.0,538357.8636363636
216254,0.325686514377594,,538384.4545454546
216255,,0.0,538386.2272727273
216268,0.3257165253162384,,538434.5116279069
216269,,3.0,538439.1627906977
216284,0.3257465362548828,,538508.9302325582
216285,,3.0,538513.5813953489
216292,0.3257765471935272,,538546.1395348837
216293,,3.0,538550.7906976744
216299,0.32580655813217163,,538578.6976744186
216300,,3.0,538583.3488372093
216311,0.32580655813217163,,538602.0952380953
216312,,0.0,538603.8571428572
216320,0.32580655813217163,,538617.9523809524
216321,,0.0,538619.7142857143
216330,0.32580655813217163,,538635.5714285715
216331,,0.0,538637.3333333334
216343,0.32580655813217163,,538658.4761904762
216344,,0.0,538660.2380952381
216357,0.3258265554904938,,538693.7948717949
216358,,2.0,538696.9743589744
216367,0.3258465528488159,,538725.5897435897
216368,,2.0,538728.7692307692
216375,0.32586655020713806,,538751.0256410256
216376,,2.0,538754.2051282051
216384,0.3258865475654602,,538779.641025641
216385,,2.0,538782.8205128205
216404,0.3258865475654602,,538813.1304347826
216405,,0.0,538814.8260869565
216414,0.3258865475654602,,538830.0869565217
216415,,0.0,538831.7826086957
216422,0.3258865475654602,,538843.6521739131
216423,,0.0,538845.3478260869
216432,0.3258865475654602,,538860.6086956522
216433,,0.0,538862.304347826
216445,0.3259165585041046,,538910.1538461539
216446,,3.0,538915.282051282
216452,0.325946569442749,,538946.0512820513
216453,,3.0,538951.1794871795
216464,0.32597658038139343,,539007.5897435897
216465,,3.0,539012.717948718
216473,0.32600659132003784,,539053.7435897436
216474,,3.0,539058.8717948718
216486,0.32600659132003784,,539078.04
216487,,0.0,539079.6
216498,0.32600659132003784,,539096.76
216499,,0.0,539098.32
216514,0.32600659132003784,,539121.72
216515,,0.0,539123.28
216525,0.32600659132003784,,539138.88
216526,,0.0,539140.44
216540,0.32600659132003784,,539161.5
216541,,0.0,539163.2727272727
216550,0.32600659132003784,,539179.2272727273
216551,,0.0,539181.0
216561,0.32600659132003784,,539198.7272727273
216562,,0.0,539200.5
216571,0.32600659132003784,,539216.4545454546
216572,,0.0,539218.2272727273
216588,0.32600659132003784,,539239.6326530612
216589,,0.0,539241.1428571428
216600,0.32600659132003784,,539257.7551020408
216601,,0.0,539259.2653061225
216611,0.32600659132003784,,539274.3673469388
216612,,0.0,539275.8775510204
216622,0.32600659132003784,,539290.9795918367
216623,,0.0,539292.4897959183
216641,0.32603660225868225,,539316.7777777778
216642,,3.0,539318.2962962963
216653,0.32606661319732666,,539335.0
216654,,3.0,539336.5185185185
216664,0.32609662413597107,,539351.7037037037
216665,,3.0,539353.2222222222
216678,0.3261266350746155,,539372.9629629629
216679,,3.0,539374.4814814815
216695,0.3261466324329376,,539430.5365853659
216696,,2.0,539434.731707317
216703,0.32616662979125977,,539464.0975609756
216704,,2.0,539468.2926829269
216712,0.3261866271495819,,539501.8536585366
216713,,2.0,539506.0487804879
216721,0.32620662450790405,,539539.6097560975
216722,,2.0,539543.8048780488
216737,0.32620662450790405,,539570.3636363636
216738,,0.0,539572.2272727273
216747,0.32620662450790405,,539589.0
216748,,0.0,539590.8636363636
216753,0.32620662450790405,,539600.1818181818
216754,,0.0,539602.0454545454
216767,0.32620662450790405,,539626.2727272727
216768,,0.0,539628.1363636364
216787,0.32620662450790405,,539658.3636363636
216788,,0.0,539660.1363636364
216794,0.32620662450790405,,539670.7727272727
216795,,0.0,539672.5454545454
216799,0.32620662450790405,,539679.6363636364
216800,,0.0,539681.4090909091
216813,0.32620662450790405,,539704.4545454546
216814,,0.0,539706.2272727273
216826,0.3262166380882263,,539727.4210526316
216827,,1.0,539729.5789473684
216836,0.3262266516685486,,539749.0
216837,,1.0,539751.1578947369
216844,0.32623666524887085,,539766.2631578947
216845,,1.0,539768.4210526316
216853,0.3262466788291931,,539785.6842105263
216854,,1.0,539787.8421052631
216871,0.3262466788291931,,539812.4583333334
216872,,0.0,539814.0625
216880,0.3262466788291931,,539826.8958333334
216881,,0.0,539828.5
216890,0.3262466788291931,,539842.9375
216891,,0.0,539844.5416666666
216903,0.3262466788291931,,539863.7916666666
216904,,0.0,539865.3958333334
216923,0.3262466788291931,,539892.4693877551
216924,,0.0,539894.0612244898
216936,0.3262466788291931,,539913.1632653062
216937,,0.0,539914.7551020408
216945,0.3262466788291931,,539927.4897959183
216946,,0.0,539929.081632653
216954,0.3262466788291931,,539941.8163265307
216955,,0.0,539943.4081632653
216971,0.3262566924095154,,539968.4634146341
216972,,1.0,539970.268292683
216981,0.32626670598983765,,539986.512195122
216982,,1.0,539988.3170731707
216989,0.3262767195701599,,540000.9512195121
216990,,1.0,540002.756097561
216997,0.3262867331504822,,540015.3902439025
216998,,1.0,540017.1951219512
217015,0.32629674673080444,,540042.7391304348
217016,,1.0,540044.4347826086
217026,0.3263067603111267,,540061.3913043478
217027,,1.0,540063.0869565217
217034,0.326316773891449,,540074.9565217391
217035,,1.0,540076.6521739131
217045,0.32632678747177124,,540093.6086956522
217046,,1.0,540095.304347826
217059,0.3263368010520935,,540118.0256410256
217060,,1.0,540120.1282051282
217068,0.32634681463241577,,540136.9487179487
217069,,1.0,540139.0512820513
217079,0.32635682821273804,,540160.0769230769
217080,,1.0,540162.1794871795
217086,0.3263668417930603,,540174.7948717949
217087,,1.0,540176.8974358974
217098,0.3263668417930603,,540194.1794871795
217099,,0.0,540196.0769230769
217105,0.3263668417930603,,540207.4615384615
217106,,0.0,540209.358974359
217115,0.3263668417930603,,540226.4358974359
217116,,0.0,540228.3333333334
217127,0.3263668417930603,,540249.2051282051
217128,,0.0,540251.1025641026
217144,0.32637685537338257,,540283.4255319149
217145,,1.0,540285.7659574468
217155,0.32638686895370483,,540309.1702127659
217156,,1.0,540311.5106382979
217165,0.3263968825340271,,540332.5744680851
217166,,1.0,540334.914893617
217176,0.32640689611434937,,540358.3191489362
217177,,1.0,540360.659574468
217193,0.32641690969467163,,540388.0930232558
217194,,1.0,540390.023255814
217201,0.3264269232749939,,540403.5348837209
217202,,1.0,540405.4651162791
217212,0.32643693685531616,,540424.7674418605
217213,,1.0,540426.6976744186
217221,0.3264469504356384,,540442.1395348837
217222,,1.0,540444.0697674418
217235,0.3264469504356384,,540465.0243902439
217236,,0.0,540466.9268292683
217247,0.3264469504356384,,540487.8536585366
217248,,0.0,540489.756097561
217255,0.3264469504356384,,540503.0731707317
217256,,0.0,540504.9756097561
217264,0.3264469504356384,,540520.1951219512
217265,,0.0,540522.0975609756
217277,0.32646694779396057,,540559.2058823529
217278,,2.0,540563.1176470588
217286,0.3264869451522827,,540594.4117647059
217287,,2.0,540598.3235294118
217294,0.32650694251060486,,540625.7058823529
217295,,2.0,540629.6176470588
217300,0.326526939868927,,540649.1764705882
217301,,2.0,540653.0882352941
217324,0.32653695344924927,,540689.7272727273
217325,,1.0,540691.3636363636
217335,0.32654696702957153,,540707.7272727273
217336,,1.0,540709.3636363636
217346,0.3265569806098938,,540725.7272727273
217347,,1.0,540727.3636363636
217357,0.32656699419021606,,540743.7272727273
217358,,1.0,540745.3636363636
217373,0.32657700777053833,,540778.4285714285
217374,,1.0,540781.0476190476
217384,0.3265870213508606,,540807.2380952381
217385,,1.0,540809.8571428572
217391,0.32659703493118286,,540825.5714285715
217392,,1.0,540828.1904761905
217401,0.3266070485115051,,540851.7619047619
217402,,1.0,540854.380952381
217416,0.32662704586982727,,540891.195652174
217417,,2.0,540894.304347826
217427,0.3266470432281494,,540925.3913043478
217428,,2.0,540928.5
217441,0.32666704058647156,,540968.9130434783
217442,,2.0,540972.0217391305
217449,0.3266870379447937,,540993.7826086957
217450,,2.0,540996.8913043478
217463,0.32669705152511597,,541017.0833333334
217464,,1.0,541018.7916666666
217475,0.32670706510543823,,541037.5833333334
217476,,1.0,541039.2916666666
217490,0.3267170786857605,,541063.2083333334
217491,,1.0,541064.9166666666
217499,0.32672709226608276,,541078.5833333334
217500,,1.0,541080.2916666666
217513,0.32672709226608276,,541097.2941176471
217514,,0.0,541098.8235294118
217527,0.32672709226608276,,541118.7058823529
217528,,0.0,541120.2352941176
217539,0.32672709226608276,,541137.0588235294
217540,,0.0,541138.5882352941
217552,0.32672709226608276,,541156.9411764706
217553,,0.0,541158.4705882353
217573,0.32672709226608276,,541182.4642857143
217574,,0.0,541183.7857142857
217585,0.32672709226608276,,541198.3214285715
217586,,0.0,541199.6428571428
217595,0.32672709226608276,,541211.5357142857
217596,,0.0,541212.8571428572
217610,0.32672709226608276,,541231.3571428572
217611,,0.0,541232.6785714285
217628,0.32672709226608276,,541255.84
217629,,0.0,541257.4
217640,0.32672709226608276,,541274.56
217641,,0.0,541276.12
217653,0.32672709226608276,,541294.84
217654,,0.0,541296.4
217662,0.32672709226608276,,541308.88
217663,,0.0,541310.44
217679,0.32672709226608276,,541334.75
217680,,0.0,541336.5
217688,0.32672709226608276,,541350.5
217689,,0.0,541352.25
217696,0.32672709226608276,,541364.5
217697,,0.0,541366.25
217708,0.32672709226608276,,541385.5
217709,,0.0,541387.25
217730,0.32672709226608276,,541411.5762711865
217731,,0.0,541412.8305084746
217744,0.32672709226608276,,541429.1355932204
217745,,0.0,541430.3898305085
217756,0.32672709226608276,,541444.186440678
217757,,0.0,541445.4406779661
217769,0.32672709226608276,,541460.4915254237
217770,,0.0,541461.7457627119
217782,0.32673710584640503,,541480.0425531915
217783,,1.0,541481.9361702128
217795,0.3267471194267273,,541504.659574468
217796,,1.0,541506.5531914893
217807,0.32675713300704956,,541527.3829787234
217808,,1.0,541529.2765957447
217818,0.3267671465873718,,541548.2127659575
217819,,1.0,541550.1063829787
217834,0.32678714394569397,,541597.0
217835,,2.0,541600.75
217840,0.3268071413040161,,541619.5
217841,,2.0,541623.25
217847,0.32682713866233826,,541645.75
217848,,2.0,541649.5
217856,0.3268471360206604,,541679.5
217857,,2.0,541683.25
217876,0.32686713337898254,,541725.0
217877,,2.0,541727.375
217886,0.3268871307373047,,541748.75
217887,,2.0,541751.125
217895,0.32690712809562683,,541770.125
217896,,2.0,541772.5
217906,0.326927125453949,,541796.25
217907,,2.0,541798.625
217923,0.32693713903427124,,541825.1428571428
217924,,1.0,541827.0
217933,0.3269471526145935,,541843.7142857143
217934,,1.0,541845.5714285715
217941,0.32695716619491577,,541858.5714285715
217942,,1.0,541860.4285714285
217950,0.32696717977523804,,541875.2857142857
217951,,1.0,541877.1428571428
217965,0.3269871771335602,,541902.6041666666
217966,,2.0,541904.75
217976,0.3270071744918823,,541926.2083333334
217977,,2.0,541928.3541666666
217987,0.32702717185020447,,541949.8125
217988,,2.0,541951.9583333334
218000,0.3270471692085266,,541977.7083333334
218001,,2.0,541979.8541666666
218017,0.3270571827888489,,542007.0930232558
218018,,1.0,542009.023255814
218025,0.32706719636917114,,542022.5348837209
218026,,1.0,542024.4651162791
218037,0.3270772099494934,,542045.6976744186
218038,,1.0,542047.6279069767
218045,0.3270872235298157,,542061.1395348837
218046,,1.0,542063.0697674418
218067,0.3270872235298157,,542093.340425532
218068,,0.0,542094.914893617
218076,0.3270872235298157,,542107.5106382979
218077,,0.0,542109.085106383
218087,0.3270872235298157,,542124.8297872341
218088,,0.0,542126.4042553192
218094,0.3270872235298157,,542135.8510638297
218095,,0.0,542137.4255319149
218116,0.3270872235298157,,542168.25
218117,,0.0,542169.875
218126,0.3270872235298157,,542184.5
218127,,0.0,542186.125
218134,0.3270872235298157,,542197.5
218135,,0.0,542199.125
218144,0.3270872235298157,,542213.75
218145,,0.0,542215.375
218163,0.3270872235298157,,542239.2
218164,,0.0,542240.68
218176,0.3270872235298157,,542258.44
218177,,0.0,542259.92
218187,0.3270872235298157,,542274.72
218188,,0.0,542276.2
218196,0.3270872235298157,,542288.04
218197,,0.0,542289.52
218212,0.3270872235298157,,542317.0
218213,,0.0,542319.1666666666
218218,0.3270872235298157,,542330.0
218219,,0.0,542332.1666666666
218225,0.3270872235298157,,542345.1666666666
218226,,0.0,542347.3333333334
218234,0.3270872235298157,,542364.6666666666
218235,,0.0,542366.8333333334
218247,0.3270872235298157,,542387.5
218248,,0.0,542389.5555555555
218255,0.3270872235298157,,542403.9444444445
218256,,0.0,542406.0
218263,0.3270872235298157,,542420.3888888889
218264,,0.0,542422.4444444445
218272,0.3270872235298157,,542438.8888888889
218273,,0.0,542440.9444444445
218286,0.3270872235298157,,542460.2093023256
218287,,0.0,542461.9302325582
218294,0.3270872235298157,,542473.976744186
218295,,0.0,542475.6976744186
218306,0.3270872235298157,,542494.6279069767
218307,,0.0,542496.3488372093
218317,0.3270872235298157,,542513.5581395349
218318,,0.0,542515.2790697674
218332,0.32709723711013794,,542537.5333333333
218333,,1.0,542539.4
218341,0.3271072506904602,,542554.3333333334
218342,,1.0,542556.2
218353,0.32711726427078247,,542576.7333333333
218354,,1.0,542578.6
218364,0.32712727785110474,,542597.2666666667
218365,,1.0,542599.1333333333
218377,0.327137291431427,,542617.125
218378,,1.0,542618.9166666666
218392,0.32714730501174927,,542644.0
218393,,1.0,542645.7916666666
218404,0.32715731859207153,,542665.5
218405,,1.0,542667.2916666666
218414,0.3271673321723938,,542683.4166666666
218415,,1.0,542685.2083333334
218425,0.32718732953071594,,542710.8913043478
218426,,2.0,542714.304347826
218435,0.3272073268890381,,542745.0217391305
218436,,2.0,542748.4347826086
218442,0.32722732424736023,,542768.9130434783
218443,,2.0,542772.3260869565
218462,0.3272473216056824,,542837.1739130435
218463,,2.0,542840.5869565217
218482,0.32725733518600464,,542871.84
218483,,1.0,542873.58
218491,0.3272673487663269,,542887.5
218492,,1.0,542889.24
218504,0.32727736234664917,,542910.12
218505,,1.0,542911.86
218514,0.32728737592697144,,542927.52
218515,,1.0,542929.26
218527,0.3272973895072937,,542949.4285714285
218528,,1.0,542951.4761904762
218536,0.32730740308761597,,542967.8571428572
218537,,1.0,542969.9047619047
218548,0.32731741666793823,,542992.4285714285
218549,,1.0,542994.4761904762
218558,0.3273274302482605,,543012.9047619047
218559,,1.0,543014.9523809524
218576,0.32734742760658264,,543055.8301886793
218577,,2.0,543058.6037735849
218588,0.3273674249649048,,543089.1132075472
218589,,2.0,543091.8867924528
218601,0.32738742232322693,,543125.1698113207
218602,,2.0,543127.9433962264
218613,0.3274074196815491,,543158.4528301887
218614,,2.0,543161.2264150943
218629,0.32741743326187134,,543185.7674418605
218630,,1.0,543187.5813953489
218639,0.3274274468421936,,543203.9069767442
218640,,1.0,543205.7209302326
218650,0.32743746042251587,,543223.8604651163
218651,,1.0,543225.6744186047
218658,0.32744747400283813,,543238.3720930233
218659,,1.0,543240.1860465116
218673,0.3274674713611603,,543273.0444444445
218674,,2.0,543275.8666666667
218683,0.3274874687194824,,543301.2666666667
218684,,2.0,543304.088888889
218694,0.32750746607780457,,543332.3111111111
218695,,2.0,543335.1333333333
218705,0.3275274634361267,,543363.3555555556
218706,,2.0,543366.1777777778
218721,0.3275274634361267,,543388.75
218722,,0.0,543390.3958333334
218734,0.3275274634361267,,543410.1458333334
218735,,0.0,543411.7916666666
218745,0.3275274634361267,,543428.25
218746,,0.0,543429.8958333334
218755,0.3275274634361267,,543444.7083333334
218756,,0.0,543446.3541666666
218770,0.3275274634361267,,543467.380952381
218771,,0.0,543469.1428571428
218777,0.3275274634361267,,543479.7142857143
218778,,0.0,543481.4761904762
218790,0.3275274634361267,,543502.619047619
218791,,0.0,543504.380952381
218799,0.3275274634361267,,543518.4761904762
218800,,0.0,543520.2380952381
218819,0.327537477016449,,543547.2307692308
218820,,1.0,543548.8076923077
218828,0.32754749059677124,,543561.4230769231
218829,,1.0,543563.0
218838,0.3275575041770935,,543577.1923076923
218839,,1.0,543578.7692307692
218853,0.32756751775741577,,543600.8461538461
218854,,1.0,543602.4230769231
218872,0.32757753133773804,,543631.4468085107
218873,,1.0,543633.2765957447
218880,0.3275875449180603,,543646.085106383
218881,,1.0,543647.914893617
218892,0.32759755849838257,,543668.0425531915
218893,,1.0,543669.8723404255
218902,0.32760757207870483,,543686.340425532
218903,,1.0,543688.1702127659
218919,0.327627569437027,,543717.2093023256
218920,,2.0,543719.3023255814
218926,0.3276475667953491,,543731.8604651163
218927,,2.0,543733.9534883721
218935,0.32766756415367126,,543750.6976744186
218936,,2.0,543752.7906976744
218947,0.3276875615119934,,543775.8139534884
218948,,2.0,543777.9069767442
218959,0.3276875615119934,,543794.1818181818
218960,,0.0,543795.9545454546
218967,0.3276875615119934,,543808.3636363636
218968,,0.0,543810.1363636364
218981,0.3276875615119934,,543833.1818181818
218982,,0.0,543834.9545454546
218993,0.3276875615119934,,543854.4545454546
218994,,0.0,543856.2272727273
219012,0.3276875615119934,,543884.25
219013,,0.0,543886.0
219024,0.3276875615119934,,543905.25
219025,,0.0,543907.0
219033,0.3276875615119934,,543921.0
219034,,0.0,543922.75
219043,0.3276875615119934,,543938.5
219044,,0.0,543940.25
219060,0.3276875615119934,,543967.6666666666
219061,,0.0,543969.641025641
219067,0.3276875615119934,,543981.4871794871
219068,,0.0,543983.4615384615
219073,0.3276875615119934,,543993.3333333334
219074,,0.0,543995.3076923077
219084,0.3276875615119934,,544015.0512820513
219085,,0.0,544017.0256410256
219095,0.3276875615119934,,544032.1025641026
219096,,0.0,544033.9743589744
219101,0.3276875615119934,,544043.3333333334
219102,,0.0,544045.2051282051
219109,0.3276875615119934,,544058.3076923077
219110,,0.0,544060.1794871795
219125,0.3276875615119934,,544088.2564102564
219126,,0.0,544090.1282051282
219140,0.3276975750923157,,544112.1276595745
219141,,1.0,544113.9574468085
219153,0.32770758867263794,,544135.914893617
219154,,1.0,544137.7446808511
219162,0.3277176022529602,,544152.3829787234
219163,,1.0,544154.2127659575
219174,0.32772761583328247,,544174.340425532
219175,,1.0,544176.1702127659
219188,0.32772761583328247,,544195.380952381
219189,,0.0,544197.119047619
219199,0.32772761583328247,,544214.5
219200,,0.0,544216.2380952381
219208,0.32772761583328247,,544230.1428571428
219209,,0.0,544231.880952381
219218,0.32772761583328247,,544247.5238095238
219219,,0.0,544249.2619047619
219236,0.32772761583328247,,544270.5471698113
219237,,0.0,544271.9433962264
219247,0.32772761583328247,,544285.9056603773
219248,,0.0,544287.3018867924
219261,0.32772761583328247,,544305.4528301887
219262,,0.0,544306.8490566037
219273,0.32772761583328247,,544322.2075471698
219274,,0.0,544323.6037735849
219287,0.3277476131916046,,544358.2558139535
219288,,2.0,544361.5813953489
219300,0.32776761054992676,,544401.4883720931
219301,,2.0,544404.8139534884
219308,0.3277876079082489,,544428.0930232558
219309,,2.0,544431.4186046511
219318,0.32780760526657104,,544461.3488372093
219319,,2.0,544464.6744186047
219332,0.32780760526657104,,544486.9743589744
219333,,0.0,544488.8717948718
219342,0.32780760526657104,,544505.9487179487
219343,,0.0,544507.8461538461
219349,0.32780760526657104,,544519.2307692308
219350,,0.0,544521.1282051282
219359,0.32780760526657104,,544538.2051282051
219360,,0.0,544540.1025641026
219368,0.32783761620521545,,544553.447368421
219369,,3.0,544555.7368421053
219378,0.32786762714385986,,544576.3421052631
219379,,3.0,544578.6315789474
219391,0.3278976380825043,,544606.1052631579
219392,,3.0,544608.3947368421
219399,0.3279276490211487,,544624.4210526316
219400,,3.0,544626.7105263158
219415,0.32793766260147095,,544656.5
219416,,1.0,544658.7916666666
219428,0.3279476761817932,,544686.2916666666
219429,,1.0,544688.5833333334
219438,0.3279576897621155,,544709.2083333334
219439,,1.0,544711.5
219449,0.32796770334243774,,544734.4166666666
219450,,1.0,544736.7083333334
219464,0.32796770334243774,,544761.0
219465,,0.0,544763.0
219472,0.32796770334243774,,544777.0
219473,,0.0,544779.0
219482,0.32796770334243774,,544797.0
219483,,0.0,544799.0
219490,0.32796770334243774,,544813.0
219491,,0.0,544815.0
219504,0.32796770334243774,,544831.1818181818
219505,,0.0,544832.6
219522,0.32796770334243774,,544856.7090909091
219523,,0.0,544858.1272727273
219533,0.32796770334243774,,544872.3090909091
219534,,0.0,544873.7272727273
219547,0.32796770334243774,,544892.1636363637
219548,,0.0,544893.5818181818
219562,0.32797771692276,,544915.8717948718
219563,,1.0,544917.7692307692
219569,0.3279877305030823,,544929.1538461539
219570,,1.0,544931.0512820513
219578,0.32799774408340454,,544946.2307692308
219579,,1.0,544948.1282051282
219588,0.3280077576637268,,544965.2051282051
219589,,1.0,544967.1025641026
219609,0.3280077576637268,,544995.8076923077
219610,,0.0,544997.3846153846
219621,0.3280077576637268,,545014.7307692308
219622,,0.0,545016.3076923077
219634,0.3280077576637268,,545035.2307692308
219635,,0.0,545036.8076923077
219642,0.3280077576637268,,545047.8461538461
219643,,0.0,545049.4230769231
219656,0.3280177712440491,,545070.5
219657,,1.0,545072.45
219666,0.32802778482437134,,545090.0
219667,,1.0,545091.95
219675,0.3280377984046936,,545107.55
219676,,1.0,545109.5
219684,0.32804781198501587,,545125.1
219685,,1.0,545127.05
219702,0.3280778229236603,,545193.1395348837
219703,,3.0,545197.7209302326
219712,0.3281078338623047,,545238.9534883721
219713,,3.0,545243.5348837209
219722,0.3281378448009491,,545284.7674418605
219723,,3.0,545289.3488372093
219729,0.3281678557395935,,545316.8372093023
219730,,3.0,545321.4186046511
219744,0.32817786931991577,,545348.825
219745,,1.0,545350.9
219752,0.32818788290023804,,545365.425
219753,,1.0,545367.5
219765,0.3281978964805603,,545392.4
219766,,1.0,545394.475
219771,0.32820791006088257,,545404.85
219772,,1.0,545406.925
219784,0.32820791006088257,,545428.0285714286
219785,,0.0,545430.1428571428
219794,0.32820791006088257,,545449.1714285715
219795,,0.0,545451.2857142857
219801,0.32820791006088257,,545463.9714285714
219802,,0.0,545466.0857142857
219808,0.32820791006088257,,545478.7714285714
219809,,0.0,545480.8857142857
219827,0.32820791006088257,,545504.4285714285
219828,,0.0,545505.8571428572
219842,0.32820791006088257,,545525.8571428572
219843,,0.0,545527.2857142857
219854,0.32820791006088257,,545543.0
219855,,0.0,545544.4285714285
219866,0.32820791006088257,,545560.1428571428
219867,,0.0,545561.5714285715
219884,0.328237920999527,,545613.9090909091
219885,,3.0,545617.5454545454
219895,0.3282679319381714,,545653.9090909091
219896,,3.0,545657.5454545454
219911,0.3282979428768158,,545712.0909090909
219912,,3.0,545715.7272727273
219923,0.3283279538154602,,545755.7272727273
219924,,3.0,545759.3636363636
219939,0.3283279538154602,,545783.6086956522
219940,,0.0,545785.3260869565
219952,0.3283279538154602,,545805.9347826086
219953,,0.0,545807.6521739131
219958,0.3283279538154602,,545816.2391304348
219959,,0.0,545817.9565217391
219971,0.3283279538154602,,545838.5652173914
219972,,0.0,545840.2826086957
219985,0.3283579647541046,,545871.7058823529
219986,,3.0,545874.6764705882
219992,0.328387975692749,,545892.5
219993,,3.0,545895.4705882353
220003,0.32841798663139343,,545925.1764705882
220004,,3.0,545928.1470588235
220007,0.32844799757003784,,545937.0588235294
220008,,3.0,545940.0294117647
220031,0.32844799757003784,,545971.8888888889
220032,,0.0,545973.3333333334
220040,0.32844799757003784,,545984.8888888889
220041,,0.0,545986.3333333334
220050,0.32844799757003784,,545999.3333333334
220051,,0.0,546000.7777777778
220063,0.32844799757003784,,546018.1111111111
220064,,0.0,546019.5555555555
220077,0.3284580111503601,,546041.8510638297
220078,,1.0,546043.9361702128
220090,0.3284680247306824,,546068.9574468085
220091,,1.0,546071.0425531915
220097,0.32847803831100464,,546083.5531914893
220098,,1.0,546085.6382978724
220112,0.3284880518913269,,546114.8297872341
220113,,1.0,546116.914893617
220125,0.3284880518913269,,546134.4883720931
220126,,0.0,546136.2093023256
220136,0.3284880518913269,,546153.4186046511
220137,,0.0,546155.1395348837
220145,0.3284880518913269,,546168.9069767442
220146,,0.0,546170.6279069767
220157,0.3284880518913269,,546189.5581395349
220158,,0.0,546191.2790697674
220172,0.3284880518913269,,546211.2553191489
220173,,0.0,546212.914893617
220181,0.3284880518913269,,546226.1914893617
220182,,0.0,546227.8510638297
220193,0.3284880518913269,,546246.1063829787
220194,,0.0,546247.7659574468
220206,0.3284880518913269,,546267.6808510638
220207,,0.0,546269.340425532
220224,0.3284880518913269,,546294.7391304348
220225,,0.0,546296.4347826086
220231,0.3284880518913269,,546306.6086956522
220232,,0.0,546308.304347826
220244,0.3284880518913269,,546328.6521739131
220245,,0.0,546330.3478260869
220254,0.3284880518913269,,546345.6086956522
220255,,0.0,546347.304347826
220273,0.3284880518913269,,546370.7924528302
220274,,0.0,546372.2452830189
220286,0.3284880518913269,,546389.679245283
220287,,0.0,546391.1320754717
220299,0.3284880518913269,,546408.5660377359
220300,,0.0,546410.0188679246
220309,0.3284880518913269,,546423.0943396227
220310,,0.0,546424.5471698113
220326,0.3284880518913269,,546444.8627450981
220327,,0.0,546446.3137254902
220340,0.3284880518913269,,546465.1764705882
220341,,0.0,546466.6274509804
220350,0.3284880518913269,,546479.6862745098
220351,,0.0,546481.1372549019
220362,0.3284880518913269,,546497.0980392157
220363,,0.0,546498.5490196078
220379,0.32849806547164917,,546527.1063829787
220380,,1.0,546529.1914893617
220393,0.32850807905197144,,546556.2978723404
220394,,1.0,546558.3829787234
220403,0.3285180926322937,,546577.1489361703
220404,,1.0,546579.2340425532
220411,0.32852810621261597,,546593.8297872341
220412,,1.0,546595.914893617
220434,0.32852810621261597,,546624.0370370371
220435,,0.0,546625.4074074074
220442,0.32852810621261597,,546635.0
220443,,0.0,546636.3703703703
220452,0.32852810621261597,,546648.7037037037
220453,,0.0,546650.074074074
220467,0.32852810621261597,,546669.2592592592
220468,,0.0,546670.6296296297
220487,0.3285481035709381,,546703.3191489362
220488,,2.0,546705.2765957447
220495,0.32856810092926025,,546718.9787234042
220496,,2.0,546720.9361702128
220506,0.3285880982875824,,546740.5106382979
220507,,2.0,546742.4680851063
220516,0.32860809564590454,,546760.085106383
220517,,2.0,546762.0425531915
220536,0.3286181092262268,,546801.12
220537,,1.0,546803.44
220547,0.3286281228065491,,546826.64
220548,,1.0,546828.96
220559,0.32863813638687134,,546854.48
220560,,1.0,546856.8
220568,0.3286481499671936,,546875.36
220569,,1.0,546877.68
220585,0.3286481499671936,,546901.125
220586,,0.0,546902.75
220599,0.3286481499671936,,546923.875
220600,,0.0,546925.5
220609,0.3286481499671936,,546940.125
220610,,0.0,546941.75
220618,0.3286481499671936,,546954.75
220619,,0.0,546956.375
220634,0.32866814732551575,,546989.3846153846
220635,,2.0,546992.0
220642,0.3286881446838379,,547010.3076923077
220643,,2.0,547012.9230769231
220651,0.32870814204216003,,547033.8461538461
220652,,2.0,547036.4615384615
220659,0.3287281394004822,,547054.7692307692
220660,,2.0,547057.3846153846
220673,0.3287281394004822,,547078.1395348837
220674,,0.0,547079.9534883721
220684,0.3287281394004822,,547098.0930232558
220685,,0.0,547099.9069767442
220696,0.3287281394004822,,547119.8604651163
220697,,0.0,547121.6744186047
220704,0.3287281394004822,,547134.3720930233
220705,,0.0,547136.1860465116
220723,0.3287581503391266,,547204.6666666666
220724,,3.0,547209.1111111111
220731,0.328788161277771,,547240.2222222222
220732,,3.0,547244.6666666666
220742,0.3288181722164154,,547289.1111111111
220743,,3.0,547293.5555555555
220751,0.3288481831550598,,547329.1111111111
220752,,3.0,547333.5555555555
220772,0.3288481831550598,,547365.3478260869
220773,,0.0,547366.9565217391
220782,0.3288481831550598,,547381.4347826086
220783,,0.0,547383.0434782609
220792,0.3288481831550598,,547397.5217391305
220793,,0.0,547399.1304347826
220799,0.3288481831550598,,547408.7826086957
220800,,0.0,547410.3913043478
220815,0.3288481831550598,,547433.1428571428
220816,,0.0,547434.9047619047
220823,0.3288481831550598,,547447.2380952381
220824,,0.0,547449.0
220834,0.3288481831550598,,547466.619047619
220835,,0.0,547468.380952381
220843,0.3288481831550598,,547482.4761904762
220844,,0.0,547484.2380952381
220858,0.3288481831550598,,547502.612244898
220859,,0.0,547504.1224489796
220872,0.3288481831550598,,547523.7551020408
220873,,0.0,547525.2653061225
220882,0.3288481831550598,,547538.8571428572
220883,,0.0,547540.3673469388
220894,0.3288481831550598,,547556.9795918367
220895,,0.0,547558.4897959183
220910,0.3288581967353821,,547578.9230769231
220911,,1.0,547580.5
220925,0.32886821031570435,,547602.5769230769
220926,,1.0,547604.1538461539
220936,0.3288782238960266,,547619.9230769231
220937,,1.0,547621.5
220948,0.3288882374763489,,547638.8461538461
220949,,1.0,547640.4230769231
220960,0.32889825105667114,,547659.0434782609
220961,,1.0,547661.1739130435
220972,0.3289082646369934,,547684.6086956522
220973,,1.0,547686.7391304348
220984,0.3289182782173157,,547710.1739130435
220985,,1.0,547712.304347826
220996,0.32892829179763794,,547735.7391304348
220997,,1.0,547737.8695652174
221018,0.3289383053779602,,547768.08
221019,,1.0,547769.64
221026,0.32894831895828247,,547780.56
221027,,1.0,547782.12
221036,0.32895833253860474,,547796.16
221037,,1.0,547797.72
221048,0.328968346118927,,547814.88
221049,,1.0,547816.44
221065,0.32897835969924927,,547842.8444444444
221066,,1.0,547844.7555555556
221076,0.32898837327957153,,547863.8666666667
221077,,1.0,547865.7777777778
221084,0.3289983868598938,,547879.1555555556
221085,,1.0,547881.0666666667
221095,0.32900840044021606,,547900.1777777778
221096,,1.0,547902.088888889
221111,0.32901841402053833,,547933.6842105263
221112,,1.0,547936.1578947369
221118,0.3290284276008606,,547951.0
221119,,1.0,547953.4736842106
221125,0.32903844118118286,,547968.3157894737
221126,,1.0,547970.7894736842
221135,0.3290484547615051,,547993.052631579
221136,,1.0,547995.5263157894
221149,0.3290484547615051,,548018.0
221150,,0.0,548020.0
221157,0.3290484547615051,,548034.0
221158,,0.0,548036.0
221168,0.3290484547615051,,548056.0
221169,,0.0,548058.0
221176,0.3290484547615051,,548072.0
221177,,0.0,548074.0
221193,0.32907846570014954,,548129.0612244898
221194,,3.0,548133.1428571428
221203,0.32910847663879395,,548169.8775510204
221204,,3.0,548173.9591836735
221215,0.32913848757743835,,548218.8571428572
221216,,3.0,548222.9387755102
221227,0.32916849851608276,,548267.8367346938
221228,,3.0,548271.918367347
221239,0.32916849851608276,,548290.1818181818
221240,,0.0,548291.9545454546
221252,0.32916849851608276,,548313.2272727273
221253,,0.0,548315.0
221265,0.32916849851608276,,548336.2727272727
221266,,0.0,548338.0454545454
221273,0.32916849851608276,,548350.4545454546
221274,,0.0,548352.2272727273
221290,0.32916849851608276,,548374.0416666666
221291,,0.0,548375.5833333334
221306,0.32916849851608276,,548398.7083333334
221307,,0.0,548400.25
221315,0.32916849851608276,,548412.5833333334
221316,,0.0,548414.125
221323,0.32916849851608276,,548424.9166666666
221324,,0.0,548426.4583333334
221338,0.3291884958744049,,548454.9387755102
221339,,2.0,548457.387755102
221349,0.32920849323272705,,548481.8775510204
221350,,2.0,548484.3265306122
221361,0.3292284905910492,,548511.2653061225
221362,,2.0,548513.7142857143
221374,0.32924848794937134,,548543.1020408163
221375,,2.0,548545.5510204082
221391,0.32924848794937134,,548570.0434782609
221392,,0.0,548571.7391304348
221401,0.32924848794937134,,548587.0
221402,,0.0,548588.695652174
221409,0.32924848794937134,,548600.5652173914
221410,,0.0,548602.2608695652
221422,0.32924848794937134,,548622.6086956522
221423,,0.0,548624.304347826
221436,0.3292585015296936,,548643.7272727273
221437,,1.0,548645.5
221445,0.32926851511001587,,548659.6818181818
221446,,1.0,548661.4545454546
221460,0.32927852869033813,,548686.2727272727
221461,,1.0,548688.0454545454
221468,0.3292885422706604,,548700.4545454546
221469,,1.0,548702.2272727273
221483,0.32930853962898254,,548746.0
221484,,2.0,548749.8181818182
221495,0.3293285369873047,,548791.8181818182
221496,,2.0,548795.6363636364
221503,0.32934853434562683,,548822.3636363636
221504,,2.0,548826.1818181818
221514,0.329368531703949,,548864.3636363636
221515,,2.0,548868.1818181818
221529,0.32937854528427124,,548892.976744186
221530,,1.0,548894.8837209302
221541,0.3293885588645935,,548915.8604651163
221542,,1.0,548917.7674418605
221552,0.32939857244491577,,548936.8372093023
221553,,1.0,548938.7441860465
221559,0.32940858602523804,,548950.1860465116
221560,,1.0,548952.0930232558
221577,0.3294285833835602,,548987.04
221578,,2.0,548989.4
221583,0.3294485807418823,,549001.2
221584,,2.0,549003.56
221598,0.32946857810020447,,549036.6
221599,,2.0,549038.96
221611,0.3294885754585266,,549067.28
221612,,2.0,549069.64
221625,0.3294985890388489,,549094.6315789474
221626,,1.0,549096.8947368421
221631,0.32950860261917114,,549108.2105263158
221632,,1.0,549110.4736842106
221639,0.3295186161994934,,549126.3157894737
221640,,1.0,549128.5789473684
221651,0.3295286297798157,,549153.4736842106
221652,,1.0,549155.7368421053
221663,0.32953864336013794,,549173.8431372549
221664,,1.0,549175.8235294118
221676,0.3295486569404602,,549199.5882352941
221677,,1.0,549201.568627451
221689,0.32955867052078247,,549225.3333333334
221690,,1.0,549227.3137254902
221704,0.32956868410110474,,549255.0392156863
221705,,1.0,549257.0196078431
221718,0.32956868410110474,,549278.0243902439
221719,,0.0,549279.9268292683
221727,0.32956868410110474,,549295.1463414634
221728,,0.0,549297.0487804879
221735,0.32956868410110474,,549310.3658536585
221736,,0.0,549312.268292683
221747,0.32956868410110474,,549333.1951219512
221748,,0.0,549335.0975609756
221759,0.32956868410110474,,549353.0
221760,,0.0,549355.0
221769,0.32956868410110474,,549373.0
221770,,0.0,549375.0
221782,0.32956868410110474,,549399.0
221783,,0.0,549401.0
221788,0.32956868410110474,,549411.0
221789,,0.0,549413.0
221803,0.32956868410110474,,549434.5
221804,,0.0,549436.2727272727
221811,0.32956868410110474,,549448.6818181818
221812,,0.0,549450.4545454546
221822,0.32956868410110474,,549468.1818181818
221823,,0.0,549469.9545454546
221834,0.32956868410110474,,549489.4545454546
221835,,0.0,549491.2272727273
221857,0.32956868410110474,,549521.693877551
221858,,0.0,549523.2040816327
221867,0.32956868410110474,,549536.7959183673
221868,,0.0,549538.306122449
221874,0.32956868410110474,,549547.3673469388
221875,,0.0,549548.8775510204
221885,0.32956868410110474,,549563.9795918367
221886,,0.0,549565.4897959183
221906,0.32956868410110474,,549596.195652174
221907,,0.0,549597.9130434783
221914,0.32956868410110474,,549609.9347826086
221915,,0.0,549611.6521739131
221924,0.32956868410110474,,549627.1086956522
221925,,0.0,549628.8260869565
221933,0.32956868410110474,,549642.5652173914
221934,,0.0,549644.2826086957
221950,0.32959869503974915,,549698.0
221951,,3.0,549702.0
221964,0.32962870597839355,,549754.0
221965,,3.0,549758.0
221977,0.32965871691703796,,549806.0
221978,,3.0,549810.0
221985,0.3296887278556824,,549838.0
221986,,3.0,549842.0
221997,0.3297087252140045,,549870.6857142857
221998,,2.0,549873.7714285714
222005,0.32972872257232666,,549895.3714285714
222006,,2.0,549898.4571428571
222012,0.3297487199306488,,549916.9714285714
222013,,2.0,549920.0571428571
222022,0.32976871728897095,,549947.8285714285
222023,,2.0,549950.9142857143
222037,0.32976871728897095,,549975.4210526316
222038,,0.0,549977.3684210526
222044,0.32976871728897095,,549989.052631579
222045,,0.0,549991.0
222053,0.32976871728897095,,550006.5789473684
222054,,0.0,550008.5263157894
222062,0.32976871728897095,,550024.1052631579
222063,,0.0,550026.052631579
222080,0.3297787308692932,,550053.5111111111
222081,,1.0,550055.3333333334
222089,0.3297887444496155,,550069.911111111
222090,,1.0,550071.7333333333
222101,0.32979875802993774,,550091.7777777778
222102,,1.0,550093.6
222109,0.32980877161026,,550106.3555555556
222110,,1.0,550108.1777777778
222130,0.32980877161026,,550134.8928571428
222131,,0.0,550136.3571428572
222143,0.32980877161026,,550153.9285714285
222144,,0.0,550155.3928571428
222155,0.32980877161026,,550171.5
222156,,0.0,550172.9642857143
222167,0.32980877161026,,550189.0714285715
222168,,0.0,550190.5357142857
222180,0.3298187851905823,,550211.8461538461
222181,,1.0,550214.0512820513
222188,0.32982879877090454,,550229.4871794871
222189,,1.0,550231.6923076923
222199,0.3298388123512268,,550253.7435897436
222200,,1.0,550255.9487179487
222208,0.3298488259315491,,550273.5897435897
222209,,1.0,550275.7948717949
222223,0.32985883951187134,,550306.0238095238
222224,,1.0,550308.5714285715
222233,0.3298688530921936,,550331.5
222234,,1.0,550334.0476190476
222244,0.32987886667251587,,550359.5238095238
222245,,1.0,550362.0714285715
222252,0.32988888025283813,,550379.9047619047
222253,,1.0,550382.4523809524
222266,0.3298988938331604,,550410.5813953489
222267,,1.0,550413.1395348837
222277,0.32990890741348267,,550438.7209302326
222278,,1.0,550441.2790697674
222289,0.32991892099380493,,550469.4186046511
222290,,1.0,550471.976744186
222297,0.3299289345741272,,550489.8837209302
222298,,1.0,550492.4418604651
222313,0.3299289345741272,,550516.3333333334
222314,,0.0,550518.1111111111
222323,0.3299289345741272,,550534.1111111111
222324,,0.0,550535.8888888889
222334,0.3299289345741272,,550553.6666666666
222335,,0.0,550555.4444444445
222344,0.3299289345741272,,550571.4444444445
222345,,0.0,550573.2222222222
222357,0.3299289345741272,,550592.1219512195
222358,,0.0,550594.0243902439
222367,0.3299289345741272,,550611.1463414634
222368,,0.0,550613.0487804879
222377,0.3299289345741272,,550630.1707317074
222378,,0.0,550632.0731707317
222387,0.3299289345741272,,550649.1951219512
222388,,0.0,550651.0975609756
222406,0.3299289345741272,,550675.0754716981
222407,,0.0,550676.5471698113
222420,0.3299289345741272,,550695.679245283
222421,,0.0,550697.1509433963
222428,0.3299289345741272,,550707.4528301887
222429,,0.0,550708.9245283019
222442,0.3299289345741272,,550728.0566037736
222443,,0.0,550729.5283018867
222462,0.32993894815444946,,550757.6666666666
222463,,1.0,550759.3333333334
222472,0.32994896173477173,,550774.3333333334
222473,,1.0,550776.0
222488,0.329958975315094,,550801.0
222489,,1.0,550802.6666666666
222498,0.32996898889541626,,550817.6666666666
222499,,1.0,550819.3333333334
222514,0.32996898889541626,,550845.0
222515,,0.0,550847.0
222522,0.32996898889541626,,550861.0
222523,,0.0,550863.0
222532,0.32996898889541626,,550881.0
222533,,0.0,550883.0
222539,0.32996898889541626,,550895.0
222540,,0.0,550897.0
222551,0.32996898889541626,,550914.6
222552,,0.0,550916.55
222561,0.32996898889541626,,550934.1
222562,,0.0,550936.05
222570,0.32996898889541626,,550951.65
222571,,0.0,550953.6
222581,0.32996898889541626,,550973.1
222582,,0.0,550975.05
222601,0.32996898889541626,,551006.8181818182
222602,,0.0,551008.6818181818
222609,0.32996898889541626,,551021.7272727273
222610,,0.0,551023.5909090909
222618,0.32996898889541626,,551038.5
222619,,0.0,551040.3636363636
222627,0.32996898889541626,,551055.2727272727
222628,,0.0,551057.1363636364
222639,0.32996898889541626,,551074.6
222640,,0.0,551076.55
222649,0.32996898889541626,,551094.1
222650,,0.0,551096.05
222659,0.32996898889541626,,551113.6
222660,,0.0,551115.55
222669,0.32996898889541626,,551133.1
222670,,0.0,551135.05
222686,0.32996898889541626,,551158.7608695652
222687,,0.0,551160.4347826086
222697,0.32996898889541626,,551177.1739130435
222698,,0.0,551178.8478260869
222708,0.32996898889541626,,551195.5869565217
222709,,0.0,551197.2608695652
222717,0.32996898889541626,,551210.6521739131
222718,,0.0,551212.3260869565
222734,0.32996898889541626,,551234.1132075472
222735,,0.0,551235.6603773584
222747,0.32996898889541626,,551254.2264150943
222748,,0.0,551255.7735849057
222758,0.32996898889541626,,551271.2452830189
222759,,0.0,551272.7924528302
222772,0.32996898889541626,,551292.9056603773
222773,,0.0,551294.4528301887
222791,0.32996898889541626,,551326.3409090909
222792,,0.0,551328.3636363636
222801,0.32996898889541626,,551346.5681818182
222802,,0.0,551348.5909090909
222809,0.32996898889541626,,551362.75
222810,,0.0,551364.7727272727
222818,0.32996898889541626,,551380.9545454546
222819,,0.0,551382.9772727273
222834,0.32996898889541626,,551405.9361702128
222835,,0.0,551407.6808510638
222850,0.32996898889541626,,551433.8510638297
222851,,0.0,551435.5957446808
222856,0.32996898889541626,,551444.3191489362
222857,,0.0,551446.0638297872
222867,0.32996898889541626,,551463.5106382979
222868,,0.0,551465.2553191489
222883,0.32996898889541626,,551486.1020408163
222884,,0.0,551487.693877551
222893,0.32996898889541626,,551502.0204081633
222894,,0.0,551503.612244898
222906,0.32996898889541626,,551522.7142857143
222907,,0.0,551524.306122449
222918,0.32996898889541626,,551541.8163265307
222919,,0.0,551543.4081632653
222936,0.32996898889541626,,551572.0454545454
222937,,0.0,551573.9772727273
222950,0.32996898889541626,,551599.0909090909
222951,,0.0,551601.0227272727
222956,0.32996898889541626,,551610.6818181818
222957,,0.0,551612.6136363636
222964,0.32996898889541626,,551626.1363636364
222965,,0.0,551628.0681818182
222986,0.32996898889541626,,551658.3846153846
222987,,0.0,551659.9615384615
222997,0.32996898889541626,,551675.7307692308
222998,,0.0,551677.3076923077
223005,0.32996898889541626,,551688.3461538461
223006,,0.0,551689.9230769231
223018,0.32996898889541626,,551708.8461538461
223019,,0.0,551710.4230769231
223036,0.3299790024757385,,551742.2105263158
223037,,1.0,551744.3684210526
223045,0.3299890160560608,,551761.6315789474
223046,,1.0,551763.7894736842
223052,0.32999902963638306,,551776.7368421053
223053,,1.0,551778.8947368421
223058,0.3300090432167053,,551789.6842105263
223059,,1.0,551791.8421052631
223074,0.3300090432167053,,551814.6808510638
223075,,0.0,551816.4042553192
223085,0.3300090432167053,,551833.6382978724
223086,,0.0,551835.3617021276
223092,0.3300090432167053,,551845.7021276596
223093,,0.0,551847.4255319149
223107,0.3300090432167053,,551871.5531914893
223108,,0.0,551873.2765957447
223124,0.3300090432167053,,551898.1463414634
223125,,0.0,551899.9268292683
223133,0.3300090432167053,,551914.1707317074
223134,,0.0,551915.9512195121
223143,0.3300090432167053,,551931.9756097561
223144,,0.0,551933.756097561
223150,0.3300090432167053,,551944.4390243902
223151,,0.0,551946.2195121951
223167,0.3300190567970276,,551974.0
223168,,1.0,551976.0
223173,0.33002907037734985,,551986.0
223174,,1.0,551988.0
223182,0.3300390839576721,,552004.0
223183,,1.0,552006.0
223193,0.3300490975379944,,552026.0
223194,,1.0,552028.0
223212,0.3300490975379944,,552054.8936170213
223213,,0.0,552056.5531914893
223219,0.3300490975379944,,552066.5106382979
223220,,0.0,552068.1702127659
223230,0.3300490975379944,,552084.7659574468
223231,,0.0,552086.4255319149
223242,0.3300490975379944,,552104.6808510638
223243,,0.0,552106.340425532
223254,0.33005911111831665,,552126.1052631579
223255,,1.0,552128.3684210526
223267,0.3300691246986389,,552155.5263157894
223268,,1.0,552157.7894736842
223273,0.3300791382789612,,552169.1052631579
223274,,1.0,552171.3684210526
223282,0.33008915185928345,,552189.4736842106
223283,,1.0,552191.7368421053
223298,0.33008915185928345,,552213.914893617
223299,,0.0,552215.5744680851
223305,0.33008915185928345,,552225.5319148937
223306,,0.0,552227.1914893617
223317,0.33008915185928345,,552245.4468085107
223318,,0.0,552247.1063829787
223331,0.33008915185928345,,552268.6808510638
223332,,0.0,552270.340425532
223343,0.33008915185928345,,552289.7297297297
223344,,0.0,552291.9459459459
223350,0.33008915185928345,,552305.2432432432
223351,,0.0,552307.4594594594
223360,0.33008915185928345,,552327.4054054054
223361,,0.0,552329.6216216217
223370,0.33008915185928345,,552349.5675675676
223371,,0.0,552351.7837837838
223389,0.33008915185928345,,552384.0
223390,,0.0,552386.0
223395,0.33008915185928345,,552396.0
223396,,0.0,552398.0
223402,0.33008915185928345,,552410.0
223403,,0.0,552412.0
223411,0.33008915185928345,,552428.0
223412,,0.0,552430.0
223428,0.3300991654396057,,552457.4090909091
223429,,1.0,552459.3636363636
223437,0.330109179019928,,552475.0
223438,,1.0,552476.9545454546
223445,0.33011919260025024,,552490.6363636364
223446,,1.0,552492.5909090909
223457,0.3301292061805725,,552514.0909090909
223458,,1.0,552516.0454545454
223472,0.33014920353889465,,552566.6444444444
223473,,2.0,552571.0666666667
223487,0.3301692008972168,,552632.9777777778
223488,,2.0,552637.4
223496,0.33018919825553894,,552672.7777777778
223497,,2.0,552677.2
223504,0.3302091956138611,,552708.1555555556
223505,,2.0,552712.5777777778
223518,0.3302091956138611,,552737.0
223519,,0.0,552739.0
223526,0.3302091956138611,,552753.0
223527,,0.0,552755.0
223536,0.3302091956138611,,552773.0
223537,,0.0,552775.0
223547,0.3302091956138611,,552795.0
223548,,0.0,552797.0
223566,0.3302291929721832,,552831.6086956522
223567,,2.0,552833.7826086957
223578,0.33024919033050537,,552857.695652174
223579,,2.0,552859.8695652174
223586,0.3302691876888275,,552875.0869565217
223587,,2.0,552877.2608695652
223595,0.33028918504714966,,552894.6521739131
223596,,2.0,552896.8260869565
223613,0.33028918504714966,,552920.1428571428
223614,,0.0,552921.6530612245
223619,0.33028918504714966,,552929.2040816327
223620,,0.0,552930.7142857143
223636,0.33028918504714966,,552954.8775510204
223637,,0.0,552956.387755102
223646,0.33028918504714966,,552969.9795918367
223647,,0.0,552971.4897959183
223667,0.33028918504714966,,552999.0
223668,,0.0,553000.5294117647
223681,0.33028918504714966,,553020.4117647059
223682,,0.0,553021.9411764706
223692,0.33028918504714966,,553037.2352941176
223693,,0.0,553038.7647058824
223699,0.33028918504714966,,553047.9411764706
223700,,0.0,553049.4705882353
223716,0.33028918504714966,,553076.3333333334
223717,,0.0,553078.282051282
223724,0.33028918504714966,,553091.9230769231
223725,,0.0,553093.8717948718
223733,0.33028918504714966,,553109.4615384615
223734,,0.0,553111.4102564103
223740,0.33028918504714966,,553123.1025641026
223741,,0.0,553125.0512820513
223754,0.3302991986274719,,553152.0
223755,,1.0,553154.5
223765,0.3303092122077942,,553179.5
223766,,1.0,553182.0
223776,0.33031922578811646,,553207.0
223777,,1.0,553209.5
223786,0.3303292393684387,,553232.0
223787,,1.0,553234.5
223801,0.33035925030708313,,553260.3414634146
223802,,3.0,553262.4634146341
223808,0.33038926124572754,,553275.1951219512
223809,,3.0,553277.3170731707
223820,0.33041927218437195,,553300.6585365854
223821,,3.0,553302.7804878049
223829,0.33044928312301636,,553319.756097561
223830,,3.0,553321.8780487805
223847,0.33044928312301636,,553346.75
223848,,0.0,553348.375
223859,0.33044928312301636,,553366.25
223860,,0.0,553367.875
223871,0.33044928312301636,,553385.75
223872,,0.0,553387.375
223879,0.33044928312301636,,553398.75
223880,,0.0,553400.375
223894,0.33047929406166077,,553436.8333333334
223895,,3.0,553440.0
223903,0.3305093050003052,,553465.3333333334
223904,,3.0,553468.5
223914,0.3305393159389496,,553500.1666666666
223915,,3.0,553503.3333333334
223929,0.330569326877594,,553547.6666666666
223930,,3.0,553550.8333333334
223949,0.33057934045791626,,553597.7073170731
223950,,1.0,553600.4390243902
223954,0.3305893540382385,,553611.3658536585
223955,,1.0,553614.0975609756
223962,0.3305993676185608,,553633.2195121951
223963,,1.0,553635.9512195121
223972,0.33060938119888306,,553660.5365853659
223973,,1.0,553663.268292683
223988,0.3306293785572052,,553718.1739130435
223989,,2.0,553722.5217391305
223997,0.33064937591552734,,553757.304347826
223998,,2.0,553761.6521739131
224009,0.3306693732738495,,553809.4782608695
224010,,2.0,553813.8260869565
224020,0.33068937063217163,,553857.304347826
224021,,2.0,553861.6521739131
224039,0.3306993842124939,,553902.976744186
224040,,1.0,553905.4418604651
224048,0.33070939779281616,,553925.1627906977
224049,,1.0,553927.6279069767
224054,0.3307194113731384,,553939.9534883721
224055,,1.0,553942.4186046511
224065,0.3307294249534607,,553967.0697674418
224066,,1.0,553969.5348837209
224079,0.3307294249534607,,553988.7391304348
224080,,0.0,553990.4130434783
224090,0.3307294249534607,,554007.1521739131
224091,,0.0,554008.8260869565
224101,0.3307294249534607,,554025.5652173914
224102,,0.0,554027.2391304348
224113,0.3307294249534607,,554045.6521739131
224114,,0.0,554047.3260869565
224129,0.3307294249534607,,554070.8181818182
224130,,0.0,554072.6363636364
224139,0.3307294249534607,,554089.0
224140,,0.0,554090.8181818182
224145,0.3307294249534607,,554099.9090909091
224146,,0.0,554101.7272727273
224159,0.3307294249534607,,554125.3636363636
224160,,0.0,554127.1818181818
224176,0.33073943853378296,,554153.8936170213
224177,,1.0,554155.8085106383
224185,0.3307494521141052,,554171.1276595745
224186,,1.0,554173.0425531915
224199,0.3307594656944275,,554197.9361702128
224200,,1.0,554199.8510638297
224208,0.33076947927474976,,554215.1702127659
224209,,1.0,554217.085106383
224221,0.33076947927474976,,554236.1219512195
224222,,0.0,554238.0243902439
224232,0.33076947927474976,,554257.0487804879
224233,,0.0,554258.9512195121
224243,0.33076947927474976,,554277.9756097561
224244,,0.0,554279.8780487805
224251,0.33076947927474976,,554293.1951219512
224252,,0.0,554295.0975609756
224270,0.33076947927474976,,554324.7173913043
224271,,0.0,554326.5652173914
224278,0.33076947927474976,,554339.5
224279,,0.0,554341.3478260869
224289,0.33076947927474976,,554359.8260869565
224290,,0.0,554361.6739130435
224299,0.33076947927474976,,554378.304347826
224300,,0.0,554380.1521739131
224317,0.33079949021339417,,554403.8076923077
224318,,3.0,554405.3653846154
224330,0.3308295011520386,,554424.0576923077
224331,,3.0,554425.6153846154
224342,0.330859512090683,,554442.75
224343,,3.0,554444.3076923077
224353,0.3308895230293274,,554459.8846153846
224354,,3.0,554461.4423076923
224375,0.3308895230293274,,554487.5454545454
224376,,0.0,554488.9090909091
224382,0.3308895230293274,,554497.0909090909
224383,,0.0,554498.4545454546
224392,0.3308895230293274,,554510.7272727273
224393,,0.0,554512.0909090909
224410,0.3308895230293274,,554535.2727272727
224411,,0.0,554536.6363636364
224424,0.3308895230293274,,554558.7894736842
224425,,0.0,554560.8684210526
224431,0.3308895230293274,,554573.3421052631
224432,,0.0,554575.4210526316
224441,0.3308895230293274,,554594.1315789474
224442,,0.0,554596.2105263158
224450,0.3308895230293274,,554612.8421052631
224451,,0.0,554614.9210526316
224464,0.3308895230293274,,554635.9743589744
224465,,0.0,554637.8717948718
224471,0.3308895230293274,,554649.2564102564
224472,,0.0,554651.1538461539
224480,0.3308895230293274,,554666.3333333334
224481,,0.0,554668.2307692308
224491,0.3308895230293274,,554687.2051282051
224492,,0.0,554689.1025641026
224502,0.33090952038764954,,554723.9411764706
224503,,2.0,554728.6470588235
224509,0.3309295177459717,,554756.8823529412
224510,,2.0,554761.5882352941
224517,0.3309495151042938,,554794.5294117647
224518,,2.0,554799.2352941176
224527,0.33096951246261597,,554841.5882352941
224528,,2.0,554846.2941176471
224544,0.3309895098209381,,554891.1555555556
224545,,2.0,554894.2444444444
224558,0.33100950717926025,,554934.4
224559,,2.0,554937.4888888889
224566,0.3310295045375824,,554959.1111111111
224567,,2.0,554962.2
224574,0.33104950189590454,,554983.8222222222
224575,,2.0,554986.911111111
224592,0.3310595154762268,,555020.3829787234
224593,,1.0,555022.5531914893
224601,0.3310695290565491,,555039.914893617
224602,,1.0,555042.085106383
224614,0.33107954263687134,,555068.1276595745
224615,,1.0,555070.2978723404
224623,0.3310895562171936,,555087.659574468
224624,,1.0,555089.8297872341
224640,0.3310895562171936,,555113.0212765958
224641,,0.0,555114.6382978724
224652,0.3310895562171936,,555132.4255319149
224653,,0.0,555134.0425531915
224660,0.3310895562171936,,555145.3617021276
224661,,0.0,555146.9787234042
224672,0.3310895562171936,,555164.7659574468
224673,,0.0,555166.3829787234
224688,0.33109956979751587,,555192.0
224689,,1.0,555194.0
224699,0.33110958337783813,,555214.0
224700,,1.0,555216.0
224710,0.3311195969581604,,555236.0
224711,,1.0,555238.0
224719,0.33112961053848267,,555254.0
224720,,1.0,555256.0
224740,0.3311596214771271,,555323.3846153846
224741,,3.0,555327.2307692308
224749,0.3311896324157715,,555358.0
224750,,3.0,555361.8461538461
224758,0.3312196433544159,,555392.6153846154
224759,,3.0,555396.4615384615
224773,0.3312496542930603,,555450.3076923077
224774,,3.0,555454.1538461539
224784,0.3312496542930603,,555472.3888888889
224785,,0.0,555474.4444444445
224794,0.3312496542930603,,555492.9444444445
224795,,0.0,555495.0
224806,0.3312496542930603,,555517.6111111111
224807,,0.0,555519.6666666666
224811,0.3312496542930603,,555527.8888888889
224812,,0.0,555529.9444444445
224822,0.3312796652317047,,555567.0
224823,,3.0,555572.0
224829,0.3313096761703491,,555602.0
224830,,3.0,555607.0
224840,0.33133968710899353,,555657.0
224841,,3.0,555662.0
224853,0.33136969804763794,,555722.0
224854,,3.0,555727.0
224866,0.33136969804763794,,555748.65
224867,,0.0,555750.5
224874,0.33136969804763794,,555763.45
224875,,0.0,555765.3
224881,0.33136969804763794,,555776.4
224882,,0.0,555778.25
224895,0.33136969804763794,,555802.3
224896,,0.0,555804.15
224910,0.3313797116279602,,555829.0731707317
224911,,1.0,555831.1707317074
224921,0.33138972520828247,,555852.1463414634
224922,,1.0,555854.243902439
224929,0.33139973878860474,,555868.9268292683
224930,,1.0,555871.0243902439
224938,0.331409752368927,,555887.8048780488
224939,,1.0,555889.9024390244
224955,0.3314397633075714,,555942.0
224956,,3.0,555945.8461538461
224968,0.3314697742462158,,555992.0
224969,,3.0,555995.8461538461
224982,0.33149978518486023,,556045.8461538461
224983,,3.0,556049.6923076923
224992,0.33152979612350464,,556084.3076923077
224993,,3.0,556088.1538461539
225013,0.3315497934818268,,556135.4807692308
225014,,2.0,556138.0384615385
225025,0.3315697908401489,,556166.1730769231
225026,,2.0,556168.7307692308
225035,0.33158978819847107,,556191.75
225036,,2.0,556194.3076923077
225046,0.3316097855567932,,556219.8846153846
225047,,2.0,556222.4423076923
225063,0.33162978291511536,,556261.0454545454
225064,,2.0,556263.8181818182
225075,0.3316497802734375,,556294.3181818182
225076,,2.0,556297.0909090909
225084,0.33166977763175964,,556319.2727272727
225085,,2.0,556322.0454545454
225092,0.3316897749900818,,556341.4545454546
225093,,2.0,556344.2272727273
225109,0.3317197859287262,,556365.5714285715
225110,,3.0,556367.0
225115,0.3317497968673706,,556374.1428571428
225116,,3.0,556375.5714285715
225125,0.331779807806015,,556388.4285714285
225126,,3.0,556389.8571428572
225136,0.3318098187446594,,556404.1428571428
225137,,3.0,556405.5714285715
225152,0.33182981610298157,,556448.7391304348
225153,,2.0,556452.2173913043
225164,0.3318498134613037,,556490.4782608695
225165,,2.0,556493.9565217391
225173,0.33186981081962585,,556521.7826086957
225174,,2.0,556525.2608695652
225184,0.331889808177948,,556560.0434782609
225185,,2.0,556563.5217391305
225199,0.33189982175827026,,556591.619047619
225200,,1.0,556593.8571428572
225210,0.33190983533859253,,556616.2380952381
225211,,1.0,556618.4761904762
225218,0.3319198489189148,,556634.1428571428
225219,,1.0,556636.380952381
225228,0.33192986249923706,,556656.5238095238
225229,,1.0,556658.7619047619
225245,0.3319498598575592,,556699.2040816327
225246,,2.0,556702.1428571428
225255,0.33196985721588135,,556728.5918367347
225256,,2.0,556731.5306122449
225263,0.3319898545742035,,556752.1020408163
225264,,2.0,556755.0408163265
225279,0.33200985193252563,,556799.1224489796
225280,,2.0,556802.0612244898
225294,0.33200985193252563,,556825.0444444445
225295,,0.0,556826.8666666667
225303,0.33200985193252563,,556841.4444444445
225304,,0.0,556843.2666666667
225313,0.33200985193252563,,556859.6666666666
225314,,0.0,556861.4888888889
225326,0.33200985193252563,,556883.3555555556
225327,,0.0,556885.1777777778
225340,0.3320198655128479,,556905.8
225341,,1.0,556907.68
225351,0.33202987909317017,,556926.48
225352,,1.0,556928.36
225363,0.33203989267349243,,556949.04
225364,,1.0,556950.92
225378,0.3320499062538147,,556977.24
225379,,1.0,556979.12
225393,0.33205991983413696,,557002.5217391305
225394,,1.0,557004.4782608695
225405,0.33206993341445923,,557026.0
225406,,1.0,557027.9565217391
225415,0.3320799469947815,,557045.5652173914
225416,,1.0,557047.5217391305
225426,0.33208996057510376,,557067.0869565217
225427,,1.0,557069.0434782609
225444,0.33208996057510376,,557091.72
225445,,0.0,557093.2
225451,0.33208996057510376,,557102.08
225452,,0.0,557103.56
225466,0.33208996057510376,,557124.28
225467,,0.0,557125.76
225478,0.33208996057510376,,557142.04
225479,,0.0,557143.52
225493,0.33211997151374817,,557190.8333333334
225494,,3.0,557195.0
225506,0.3321499824523926,,557245.0
225507,,3.0,557249.1666666666
225515,0.332179993391037,,557282.5
225516,,3.0,557286.6666666666
225528,0.3322100043296814,,557336.6666666666
225529,,3.0,557340.8333333334
225546,0.33222001791000366,,557373.6666666666
225547,,1.0,557375.7142857143
225552,0.3322300314903259,,557385.9523809524
225553,,1.0,557388.0
225560,0.3322400450706482,,557402.3333333334
225561,,1.0,557404.380952381
225572,0.33225005865097046,,557426.9047619047
225573,,1.0,557428.9523809524
225591,0.3322600722312927,,557454.4
225592,,1.0,557455.96
225602,0.332270085811615,,557471.56
225603,,1.0,557473.12
225614,0.33228009939193726,,557490.28
225615,,1.0,557491.84
225624,0.3322901129722595,,557505.88
225625,,1.0,557507.44
225639,0.3323001265525818,,557538.5263157894
225640,,1.0,557541.2105263158
225651,0.33231014013290405,,557570.7368421053
225652,,1.0,557573.4210526316
225656,0.3323201537132263,,557584.1578947369
225657,,1.0,557586.8421052631
225664,0.3323301672935486,,557605.6315789474
225665,,1.0,557608.3157894737
225676,0.33234018087387085,,557630.9024390244
225677,,1.0,557633.3902439025
225685,0.3323501944541931,,557653.2926829269
225686,,1.0,557655.7804878049
225697,0.3323602080345154,,557683.1463414634
225698,,1.0,557685.6341463415
225707,0.33237022161483765,,557708.0243902439
225708,,1.0,557710.512195122
225725,0.33240023255348206,,557742.8666666667
225726,,3.0,557745.0
225737,0.33243024349212646,,557768.4666666667
225738,,3.0,557770.6
225747,0.3324602544307709,,557789.8
225748,,3.0,557791.9333333333
225754,0.3324902653694153,,557804.7333333333
225755,,3.0,557806.8666666667
225771,0.3325202763080597,,557830.8636363636
225772,,3.0,557832.5454545454
225783,0.3325502872467041,,557851.0454545454
225784,,3.0,557852.7272727273
225794,0.3325802981853485,,557869.5454545454
225795,,3.0,557871.2272727273
225800,0.3326103091239929,,557879.6363636364
225801,,3.0,557881.3181818182
225817,0.3326203227043152,,557909.2888888889
225818,,1.0,557911.3111111111
225831,0.33263033628463745,,557937.6
225832,,1.0,557939.6222222223
225837,0.3326403498649597,,557949.7333333333
225838,,1.0,557951.7555555556
225847,0.332650363445282,,557969.9555555555
225848,,1.0,557971.9777777778
225862,0.332650363445282,,557994.0444444445
225863,,0.0,557995.8666666667
225870,0.332650363445282,,558008.6222222223
225871,,0.0,558010.4444444445
225880,0.332650363445282,,558026.8444444444
225881,,0.0,558028.6666666666
225894,0.332650363445282,,558052.3555555556
225895,,0.0,558054.1777777778
225905,0.3326803743839264,,558068.3421052631
225906,,3.0,558070.1052631579
225916,0.3327103853225708,,558087.7368421053
225917,,3.0,558089.5
225927,0.3327403962612152,,558107.1315789474
225928,,3.0,558108.8947368421
225934,0.3327704071998596,,558119.4736842106
225935,,3.0,558121.2368421053
225948,0.33279040455818176,,558155.5
225949,,2.0,558158.75
225961,0.3328104019165039,,558197.75
225962,,2.0,558201.0
225969,0.33283039927482605,,558223.75
225970,,2.0,558227.0
225976,0.3328503966331482,,558246.5
225977,,2.0,558249.75
225990,0.3328804075717926,,558285.6315789474
225991,,3.0,558288.8947368421
225999,0.332910418510437,,558315.0
226000,,3.0,558318.2631578947
226007,0.3329404294490814,,558341.1052631579
226008,,3.0,558344.3684210526
226016,0.33297044038772583,,558370.4736842106
226017,,3.0,558373.7368421053
226031,0.3329804539680481,,558401.6304347826
226032,,1.0,558403.8695652174
226046,0.33299046754837036,,558435.2173913043
226047,,1.0,558437.4565217391
226057,0.3330004811286926,,558459.8478260869
226058,,1.0,558462.0869565217
226064,0.3330104947090149,,558475.5217391305
226065,,1.0,558477.7608695652
226083,0.3330104947090149,,558505.2272727273
226084,,0.0,558506.9090909091
226091,0.3330104947090149,,558518.6818181818
226092,,0.0,558520.3636363636
226099,0.3330104947090149,,558532.1363636364
226100,,0.0,558533.8181818182
226110,0.3330104947090149,,558550.6363636364
226111,,0.0,558552.3181818182
226134,0.3330104947090149,,558586.1568627451
226135,,0.0,558587.7647058824
226143,0.3330104947090149,,558600.6274509804
226144,,0.0,558602.2352941176
226151,0.3330104947090149,,558613.4901960784
226152,,0.0,558615.0980392157
226163,0.3330104947090149,,558632.7843137255
226164,,0.0,558634.3921568628
226181,0.33303049206733704,,558674.5
226182,,2.0,558677.25
226189,0.3330504894256592,,558696.5
226190,,2.0,558699.25
226199,0.3330704867839813,,558724.0
226200,,2.0,558726.75
226205,0.33309048414230347,,558740.5
226206,,2.0,558743.25
226221,0.33309048414230347,,558764.9230769231
226222,,0.0,558766.5
226235,0.33309048414230347,,558787.0
226236,,0.0,558788.5769230769
226249,0.33309048414230347,,558809.0769230769
226250,,0.0,558810.6538461539
226259,0.33309048414230347,,558824.8461538461
226260,,0.0,558826.4230769231
226280,0.3331204950809479,,558881.7674418605
226281,,3.0,558884.9302325582
226289,0.3331505060195923,,558910.2325581395
226290,,3.0,558913.3953488372
226297,0.3331805169582367,,558935.5348837209
226298,,3.0,558938.6976744186
226304,0.3332105278968811,,558957.6744186047
226305,,3.0,558960.8372093023
226321,0.33322054147720337,,558997.2558139535
226322,,1.0,558999.8139534884
226330,0.33323055505752563,,559020.2790697674
226331,,1.0,559022.8372093023
226342,0.3332405686378479,,559050.976744186
226343,,1.0,559053.5348837209
226349,0.33325058221817017,,559068.8837209302
226350,,1.0,559071.4418604651
226365,0.33326059579849243,,559097.7209302326
226366,,1.0,559099.6976744186
226374,0.3332706093788147,,559115.5116279069
226375,,1.0,559117.4883720931
226386,0.33328062295913696,,559139.2325581395
226387,,1.0,559141.2093023256
226394,0.33329063653945923,,559155.0465116279
226395,,1.0,559157.023255814
226410,0.3333006501197815,,559185.64
226411,,1.0,559187.86
226423,0.33331066370010376,,559214.5
226424,,1.0,559216.72
226434,0.333320677280426,,559238.92
226435,,1.0,559241.14
226446,0.3333306908607483,,559265.56
226447,,1.0,559267.78
226464,0.33334070444107056,,559296.32
226465,,1.0,559298.2
226477,0.3333507180213928,,559320.76
226478,,1.0,559322.64
226490,0.3333607316017151,,559345.2
226491,,1.0,559347.08
226498,0.33337074518203735,,559360.24
226499,,1.0,559362.12
226512,0.33337074518203735,,559381.4418604651
226513,,0.0,559383.1860465116
226523,0.33337074518203735,,559400.6279069767
226524,,0.0,559402.3720930233
226535,0.33337074518203735,,559421.5581395349
226536,,0.0,559423.3023255814
226543,0.33337074518203735,,559435.5116279069
226544,,0.0,559437.2558139535
226560,0.33337074518203735,,559462.5238095238
226561,,0.0,559464.3333333334
226570,0.33337074518203735,,559480.619047619
226571,,0.0,559482.4285714285
226578,0.33337074518203735,,559495.0952380953
226579,,0.0,559496.9047619047
226587,0.33337074518203735,,559511.380952381
226588,,0.0,559513.1904761905
226599,0.3333807587623596,,559531.6153846154
226600,,1.0,559533.6923076923
226608,0.3333907723426819,,559550.3076923077
226609,,1.0,559552.3846153846
226619,0.33340078592300415,,559573.1538461539
226620,,1.0,559575.2307692308
226628,0.3334107995033264,,559591.8461538461
226629,,1.0,559593.9230769231
226640,0.3334208130836487,,559614.6666666666
226641,,1.0,559617.0
226650,0.33343082666397095,,559638.0
226651,,1.0,559640.3333333334
226660,0.3334408402442932,,559661.3333333334
226661,,1.0,559663.6666666666
226672,0.3334508538246155,,559689.3333333334
226673,,1.0,559691.6666666666
226693,0.3334508538246155,,559721.3478260869
226694,,0.0,559722.9565217391
226701,0.3334508538246155,,559734.2173913043
226702,,0.0,559735.8260869565
226711,0.3334508538246155,,559750.304347826
226712,,0.0,559751.9130434783
226720,0.3334508538246155,,559764.7826086957
226721,,0.0,559766.3913043478
226736,0.3334808647632599,,559820.1739130435
226737,,3.0,559824.5217391305
226744,0.3335108757019043,,559854.9565217391
226745,,3.0,559859.304347826
226758,0.3335408866405487,,559915.8260869565
226759,,3.0,559920.1739130435
226768,0.3335708975791931,,559959.304347826
226769,,3.0,559963.6521739131
226780,0.3336009085178375,,559986.0
226781,,3.0,559988.25
226790,0.33363091945648193,,560008.5
226791,,3.0,560010.75
226802,0.33366093039512634,,560035.5
226803,,3.0,560037.75
226814,0.33369094133377075,,560062.5
226815,,3.0,560064.75
226827,0.33372095227241516,,560090.5102040817
226828,,3.0,560093.1224489796
226840,0.33375096321105957,,560124.4693877551
226841,,3.0,560127.081632653
226853,0.333780974149704,,560158.4285714285
226854,,3.0,560161.0408163265
226865,0.3338109850883484,,560189.775510204
226866,,3.0,560192.387755102
226884,0.33383098244667053,,560238.9772727273
226885,,2.0,560241.9090909091
226893,0.3338509798049927,,560265.3636363636
226894,,2.0,560268.2954545454
226903,0.3338709771633148,,560294.6818181818
226904,,2.0,560297.6136363636
226911,0.33389097452163696,,560318.1363636364
226912,,2.0,560321.0681818182
226928,0.33392098546028137,,560338.5853658536
226929,,3.0,560339.7073170731
226939,0.3339509963989258,,560350.9268292683
226940,,3.0,560352.0487804879
226949,0.3339810073375702,,560362.1463414634
226950,,3.0,560363.268292683
226954,0.3340110182762146,,560367.756097561
226955,,3.0,560368.8780487805
226966,0.33403101563453674,,560404.2564102564
226967,,2.0,560408.5384615385
226974,0.3340510129928589,,560438.5128205129
226975,,2.0,560442.7948717949
226983,0.33407101035118103,,560477.0512820513
226984,,2.0,560481.3333333334
226995,0.3340910077095032,,560528.4358974359
226996,,2.0,560532.717948718
227009,0.3341110050678253,,560579.5581395349
227010,,2.0,560583.8139534884
227021,0.33413100242614746,,560630.6279069767
227022,,2.0,560634.8837209302
227030,0.3341509997844696,,560668.9302325582
227031,,2.0,560673.1860465116
227040,0.33417099714279175,,560711.4883720931
227041,,2.0,560715.7441860465
227059,0.3341909945011139,,560759.7674418605
227060,,2.0,560762.4186046511
227064,0.33421099185943604,,560773.023255814
227065,,2.0,560775.6744186047
227074,0.3342309892177582,,560799.5348837209
227075,,2.0,560802.1860465116
227085,0.3342509865760803,,560828.6976744186
227086,,2.0,560831.3488372093
227106,0.33427098393440247,,560894.4883720931
227107,,2.0,560898.0465116279
227116,0.3342909812927246,,560930.0697674418
227117,,2.0,560933.6279069767
227123,0.33431097865104675,,560954.976744186
227124,,2.0,560958.5348837209
227130,0.3343309760093689,,560979.8837209302
227131,,2.0,560983.4418604651
227144,0.3343609869480133,,561002.8
227145,,3.0,561004.38
227156,0.3343909978866577,,561021.76
227157,,3.0,561023.34
227167,0.3344210088253021,,561039.14
227168,,3.0,561040.72
227182,0.33445101976394653,,561062.84
227183,,3.0,561064.42
227199,0.3344710171222687,,561095.4489795918
227200,,2.0,561097.7142857143
227208,0.3344910144805908,,561115.8367346938
227209,,2.0,561118.1020408163
227221,0.33451101183891296,,561145.2857142857
227222,,2.0,561147.5510204082
227233,0.3345310091972351,,561172.4693877551
227234,,2.0,561174.7346938775
227245,0.33455100655555725,,561213.4651162791
227246,,2.0,561218.023255814
227255,0.3345710039138794,,561259.0465116279
227256,,2.0,561263.6046511628
227269,0.33459100127220154,,561322.8604651163
227270,,2.0,561327.4186046511
227278,0.3346109986305237,,561363.8837209302
227279,,2.0,561368.4418604651
227293,0.3346410095691681,,561384.5365853659
227294,,3.0,561385.5853658536
227303,0.3346710205078125,,561395.0243902439
227304,,3.0,561396.0731707317
227313,0.3347010314464569,,561405.512195122
227314,,3.0,561406.5609756098
227321,0.3347310423851013,,561413.9024390244
227322,,3.0,561414.9512195121
227336,0.33475103974342346,,561456.8974358974
227337,,2.0,561460.6153846154
227344,0.3347710371017456,,561486.641025641
227345,,2.0,561490.358974359
227352,0.33479103446006775,,561516.3846153846
227353,,2.0,561520.1025641026
227362,0.3348110318183899,,561553.5641025641
227363,,2.0,561557.282051282
227376,0.3348110318183899,,561580.5
227377,,0.0,561582.45
227386,0.3348110318183899,,561600.0
227387,,0.0,561601.95
227395,0.3348110318183899,,561617.55
227396,,0.0,561619.5
227404,0.3348110318183899,,561635.1
227405,,0.0,561637.05
227424,0.3348110318183899,,561664.6
227425,,0.0,561666.2
227431,0.3348110318183899,,561675.8
227432,,0.0,561677.4
227440,0.3348110318183899,,561690.2
227441,,0.0,561691.8
227456,0.3348110318183899,,561715.8
227457,,0.0,561717.4
227472,0.33482104539871216,,561755.6666666666
227473,,1.0,561758.7222222222
227478,0.3348310589790344,,561774.0
227479,,1.0,561777.0555555555
227484,0.3348410725593567,,561792.3333333334
227485,,1.0,561795.3888888889
227494,0.33485108613967896,,561822.8888888889
227495,,1.0,561825.9444444445
227517,0.33485108613967896,,561853.2413793104
227518,,0.0,561854.5172413794
227529,0.33485108613967896,,561868.551724138
227530,,0.0,561869.8275862068
227544,0.33485108613967896,,561887.6896551724
227545,,0.0,561888.9655172414
227554,0.33485108613967896,,561900.448275862
227555,,0.0,561901.724137931
227566,0.3348610997200012,,561925.2
227567,,1.0,561927.975
227574,0.3348711133003235,,561947.4
227575,,1.0,561950.175
227583,0.33488112688064575,,561972.375
227584,,1.0,561975.15
227596,0.334891140460968,,562008.45
227597,,1.0,562011.225
227611,0.3349011540412903,,562037.7368421053
227612,,1.0,562039.8947368421
227620,0.33491116762161255,,562057.1578947369
227621,,1.0,562059.3157894737
227627,0.3349211812019348,,562072.2631578947
227628,,1.0,562074.4210526316
227636,0.3349311947822571,,562091.6842105263
227637,,1.0,562093.8421052631
227654,0.3349511921405792,,562132.1052631579
227655,,2.0,562134.6842105263
227660,0.33497118949890137,,562147.5789473684
227661,,2.0,562150.1578947369
227668,0.3349911868572235,,562168.2105263158
227669,,2.0,562170.7894736842
227676,0.33501118421554565,,562188.8421052631
227677,,2.0,562191.4210526316
227689,0.33501118421554565,,562212.7105263158
227690,,0.0,562214.7894736842
227697,0.33501118421554565,,562229.3421052631
227698,,0.0,562231.4210526316
227705,0.33501118421554565,,562245.9736842106
227706,,0.0,562248.052631579
227716,0.33501118421554565,,562268.8421052631
227717,,0.0,562270.9210526316
227732,0.33501118421554565,,562295.8292682926
227733,,0.0,562297.731707317
227740,0.33501118421554565,,562311.0487804879
227741,,0.0,562312.9512195121
227750,0.33501118421554565,,562330.0731707317
227751,,0.0,562331.9756097561
227759,0.33501118421554565,,562347.1951219512
227760,,0.0,562349.0975609756
227773,0.3350211977958679,,562377.5789473684
227774,,1.0,562380.2368421053
227780,0.3350312113761902,,562396.1842105263
227781,,1.0,562398.8421052631
227791,0.33504122495651245,,562425.4210526316
227792,,1.0,562428.0789473684
227799,0.3350512385368347,,562446.6842105263
227800,,1.0,562449.3421052631
227811,0.335061252117157,,562467.7894736842
227812,,1.0,562469.7631578947
227820,0.33507126569747925,,562485.552631579
227821,,1.0,562487.5263157894
227828,0.3350812792778015,,562501.3421052631
227829,,1.0,562503.3157894737
227839,0.3350912928581238,,562523.052631579
227840,,1.0,562525.0263157894
227853,0.3350912928581238,,562546.0243902439
227854,,0.0,562547.9268292683
227865,0.3350912928581238,,562568.8536585366
227866,,0.0,562570.756097561
227874,0.3350912928581238,,562585.9756097561
227875,,0.0,562587.8780487805
227882,0.3350912928581238,,562601.1951219512
227883,,0.0,562603.0975609756
227902,0.3351213037967682,,562631.1224489796
227903,,3.0,562632.7551020408
227912,0.3351513147354126,,562647.4489795918
227913,,3.0,562649.081632653
227919,0.335181325674057,,562658.8775510204
227920,,3.0,562660.5102040817
227933,0.3352113366127014,,562681.7346938775
227934,,3.0,562683.3673469388
227954,0.3352213501930237,,562710.8035714285
227955,,1.0,562712.3214285715
227966,0.33523136377334595,,562729.0178571428
227967,,1.0,562730.5357142857
227977,0.3352413773536682,,562745.7142857143
227978,,1.0,562747.2321428572
227991,0.3352513909339905,,562766.9642857143
227992,,1.0,562768.4821428572
228004,0.33526140451431274,,562788.6
228005,,1.0,562790.6666666666
228014,0.335271418094635,,562809.2666666667
228015,,1.0,562811.3333333334
228024,0.3352814316749573,,562829.9333333333
228025,,1.0,562832.0
228038,0.33529144525527954,,562858.8666666667
228039,,1.0,562860.9333333333
228054,0.3353014588356018,,562891.2666666667
228055,,1.0,562893.6222222223
228066,0.3353114724159241,,562919.5333333333
228067,,1.0,562921.8888888889
228076,0.33532148599624634,,562943.088888889
228077,,1.0,562945.4444444445
228085,0.3353314995765686,,562964.2888888889
228086,,1.0,562966.6444444444
228103,0.3353314995765686,,562994.3191489362
228104,,0.0,562996.1276595745
228112,0.3353314995765686,,563010.5957446808
228113,,0.0,563012.4042553192
228124,0.3353314995765686,,563032.2978723404
228125,,0.0,563034.1063829787
228134,0.3353314995765686,,563050.3829787234
228135,,0.0,563052.1914893617
228151,0.3353314995765686,,563076.5333333333
228152,,0.0,563078.2666666667
228158,0.3353314995765686,,563088.6666666666
228159,,0.0,563090.4
228169,0.3353314995765686,,563107.7333333333
228170,,0.0,563109.4666666667
228181,0.3353314995765686,,563128.5333333333
228182,,0.0,563130.2666666667
228201,0.3353314995765686,,563152.7719298246
228202,,0.0,563154.0701754387
228216,0.3353314995765686,,563172.245614035
228217,,0.0,563173.5438596491
228225,0.3353314995765686,,563183.9298245613
228226,,0.0,563185.2280701754
228240,0.3353314995765686,,563203.4035087719
228241,,0.0,563204.701754386
228253,0.33535149693489075,,563233.8372093023
228254,,2.0,563236.9302325582
228265,0.3353714942932129,,563270.9534883721
228266,,2.0,563274.0465116279
228273,0.33539149165153503,,563295.6976744186
228274,,2.0,563298.7906976744
228285,0.3354114890098572,,563332.8139534884
228286,,2.0,563335.9069767442
228301,0.3354314863681793,,563393.9
228302,,2.0,563398.475
228307,0.33545148372650146,,563421.35
228308,,2.0,563425.925
228319,0.3354714810848236,,563476.25
228320,,2.0,563480.825
228327,0.33549147844314575,,563512.85
228328,,2.0,563517.425
228346,0.3355114758014679,,563554.4
228347,,2.0,563556.56
228357,0.33553147315979004,,563578.16
228358,,2.0,563580.32
228370,0.3355514705181122,,563606.24
228371,,2.0,563608.4
228379,0.3355714678764343,,563625.68
228380,,2.0,563627.84
228397,0.3355714678764343,,563652.7111111111
228398,,0.0,563654.3333333334
228404,0.3355714678764343,,563664.0666666667
228405,,0.0,563665.6888888889
228415,0.3355714678764343,,563681.911111111
228416,,0.0,563683.5333333333
228426,0.3355714678764343,,563699.7555555556
228427,,0.0,563701.3777777777
228443,0.3355714678764343,,563721.9090909091
228444,,0.0,563723.3636363636
228458,0.3355714678764343,,563743.7272727273
228459,,0.0,563745.1818181818
228471,0.3355714678764343,,563762.6363636364
228472,,0.0,563764.0909090909
228483,0.3355714678764343,,563780.0909090909
228484,,0.0,563781.5454545454
228501,0.3355714678764343,,563803.72
228502,,0.0,563805.2
228511,0.3355714678764343,,563818.52
228512,,0.0,563820.0
228519,0.3355714678764343,,563830.36
228520,,0.0,563831.84
228535,0.3355714678764343,,563854.04
228536,,0.0,563855.52
228549,0.3355814814567566,,563881.0540540541
228550,,1.0,563883.4594594594
228558,0.33559149503707886,,563902.7027027027
228559,,1.0,563905.1081081082
228565,0.3356015086174011,,563919.5405405406
228566,,1.0,563921.9459459459
228574,0.3356115221977234,,563941.1891891892
228575,,1.0,563943.5945945946
228592,0.33563151955604553,,563982.68
228593,,2.0,563985.3
228607,0.3356515169143677,,564021.98
228608,,2.0,564024.6
228617,0.3356715142726898,,564048.18
228618,,2.0,564050.8
228626,0.33569151163101196,,564071.76
228627,,2.0,564074.38
228638,0.33570152521133423,,564096.8974358974
228639,,1.0,564099.3846153846
228646,0.3357115387916565,,564116.7948717949
228647,,1.0,564119.282051282
228657,0.33572155237197876,,564144.1538461539
228658,,1.0,564146.641025641
228667,0.335731565952301,,564169.0256410256
228668,,1.0,564171.5128205129
228680,0.3357415795326233,,564190.2
228681,,1.0,564192.0
228689,0.33575159311294556,,564206.4
228690,,1.0,564208.2
228701,0.3357616066932678,,564228.0
228702,,1.0,564229.8
228714,0.3357716202735901,,564251.4
228715,,1.0,564253.2
228738,0.33578163385391235,,564289.1666666666
228739,,1.0,564290.875
228747,0.3357916474342346,,564304.5416666666
228748,,1.0,564306.25
228754,0.3358016610145569,,564316.5
228755,,1.0,564318.2083333334
228764,0.33581167459487915,,564333.5833333334
228765,,1.0,564335.2916666666
228780,0.3358216881752014,,564361.8372093023
228781,,1.0,564363.9069767442
228792,0.3358317017555237,,564386.6744186047
228793,,1.0,564388.7441860465
228802,0.33584171533584595,,564407.3720930233
228803,,1.0,564409.4418604651
228809,0.3358517289161682,,564421.8604651163
228810,,1.0,564423.9302325582
228828,0.3358817398548126,,564471.8490566037
228829,,3.0,564474.9056603773
228836,0.33591175079345703,,564496.3018867924
228837,,3.0,564499.358490566
228851,0.33594176173210144,,564542.1509433963
228852,,3.0,564545.2075471698
228864,0.33597177267074585,,564581.8867924528
228865,,3.0,564584.9433962264
228883,0.33597177267074585,,564613.6666666666
228884,,0.0,564615.3777777777
228893,0.33597177267074585,,564630.7777777778
228894,,0.0,564632.4888888889
228902,0.33597177267074585,,564646.1777777778
228903,,0.0,564647.8888888889
228911,0.33597177267074585,,564661.5777777778
228912,,0.0,564663.2888888889
228930,0.33600178360939026,,564695.3571428572
228931,,3.0,564697.380952381
228938,0.33603179454803467,,564711.5476190476
228939,,3.0,564713.5714285715
228947,0.3360618054866791,,564729.7619047619
228948,,3.0,564731.7857142857
228955,0.3360918164253235,,564745.9523809524
228956,,3.0,564747.9761904762
228971,0.3360918164253235,,564772.5365853659
228972,,0.0,564774.4146341464
228978,0.3360918164253235,,564785.6829268293
228979,,0.0,564787.5609756098
228989,0.3360918164253235,,564806.3414634146
228990,,0.0,564808.2195121951
228998,0.3360918164253235,,564823.243902439
228999,,0.0,564825.1219512195
229015,0.3360918164253235,,564846.8823529412
229016,,0.0,564848.4117647059
229027,0.3360918164253235,,564865.2352941176
229028,,0.0,564866.7647058824
229041,0.3360918164253235,,564886.6470588235
229042,,0.0,564888.1764705882
229051,0.3360918164253235,,564901.9411764706
229052,,0.0,564903.4705882353
229067,0.3360918164253235,,564925.5333333333
229068,,0.0,564927.2444444444
229073,0.3360918164253235,,564935.8
229074,,0.0,564937.5111111111
229090,0.3360918164253235,,564964.8888888889
229091,,0.0,564966.6
229098,0.3360918164253235,,564978.5777777778
229099,,0.0,564980.2888888889
229111,0.3360918164253235,,564996.9361702128
229112,,0.0,564998.5957446808
229122,0.3360918164253235,,565015.1914893617
229123,,0.0,565016.8510638297
229135,0.3360918164253235,,565036.7659574468
229136,,0.0,565038.4255319149
229147,0.3360918164253235,,565056.6808510638
229148,,0.0,565058.340425532
229161,0.3360918164253235,,565075.6
229162,,0.0,565077.16
229170,0.3360918164253235,,565089.64
229171,,0.0,565091.2
229188,0.3360918164253235,,565117.72
229189,,0.0,565119.28
229199,0.3360918164253235,,565134.88
229200,,0.0,565136.44
229216,0.3361218273639679,,565172.5744680851
229217,,3.0,565175.2340425532
229226,0.3361518383026123,,565199.1702127659
229227,,3.0,565201.8297872341
229234,0.3361818492412567,,565220.4468085107
229235,,3.0,565223.1063829787
229248,0.3362118601799011,,565257.6808510638
229249,,3.0,565260.340425532
229263,0.33624187111854553,,565320.8947368421
229264,,3.0,565326.1578947369
229273,0.33627188205718994,,565373.5263157894
229274,,3.0,565378.7894736842
229280,0.33630189299583435,,565410.3684210526
229281,,3.0,565415.6315789474
229288,0.33633190393447876,,565452.4736842106
229289,,3.0,565457.7368421053
229304,0.336341917514801,,565489.2325581395
229305,,1.0,565491.4186046511
229312,0.3363519310951233,,565506.7209302326
229313,,1.0,565508.9069767442
229324,0.33636194467544556,,565532.9534883721
229325,,1.0,565535.1395348837
229333,0.3363719582557678,,565552.6279069767
229334,,1.0,565554.8139534884
229347,0.33640196919441223,,565605.7804878049
229348,,3.0,565610.6585365854
229358,0.33643198013305664,,565659.4390243902
229359,,3.0,565664.3170731707
229366,0.33646199107170105,,565698.4634146341
229367,,3.0,565703.3414634146
229376,0.33649200201034546,,565747.243902439
229377,,3.0,565752.1219512195
229396,0.3365020155906677,,565783.8936170213
229397,,1.0,565785.5744680851
229405,0.33651202917099,,565799.0212765958
229406,,1.0,565800.7021276596
229418,0.33652204275131226,,565820.8723404255
229419,,1.0,565822.5531914893
229425,0.3365320563316345,,565832.6382978724
229426,,1.0,565834.3191489362
229437,0.3365420699119568,,565851.2727272727
229438,,1.0,565853.1818181818
229449,0.33655208349227905,,565874.1818181818
229450,,1.0,565876.0909090909
229460,0.3365620970726013,,565895.1818181818
229461,,1.0,565897.0909090909
229471,0.3365721106529236,,565916.1818181818
229472,,1.0,565918.0909090909
229489,0.33658212423324585,,565942.6382978724
229490,,1.0,565944.2553191489
229499,0.3365921378135681,,565958.8085106383
229500,,1.0,565960.4255319149
229511,0.3366021513938904,,565978.2127659575
229512,,1.0,565979.8297872341
229520,0.33661216497421265,,565992.7659574468
229521,,1.0,565994.3829787234
229538,0.3366221785545349,,566029.25
229539,,1.0,566031.625
229551,0.3366321921348572,,566060.125
229552,,1.0,566062.5
229563,0.33664220571517944,,566088.625
229564,,1.0,566091.0
229570,0.3366522192955017,,566105.25
229571,,1.0,566107.625
229589,0.336662232875824,,566142.0454545454
229590,,1.0,566144.1818181818
229598,0.33667224645614624,,566161.2727272727
229599,,1.0,566163.4090909091
229608,0.3366822600364685,,566182.6363636364
229609,,1.0,566184.7727272727
229616,0.33669227361679077,,566199.7272727273
229617,,1.0,566201.8636363636
229630,0.33670228719711304,,566221.619047619
229631,,1.0,566223.380952381
229641,0.3367123007774353,,566241.0
229642,,1.0,566242.7619047619
229652,0.33672231435775757,,566260.380952381
229653,,1.0,566262.1428571428
229660,0.33673232793807983,,566274.4761904762
229661,,1.0,566276.2380952381
229675,0.33676233887672424,,566290.3469387755
229676,,3.0,566291.4693877551
229683,0.33679234981536865,,566299.3265306122
229684,,3.0,566300.4489795918
229698,0.33682236075401306,,566316.1632653062
229699,,3.0,566317.2857142857
229711,0.33685237169265747,,566330.7551020408
229712,,3.0,566331.8775510204
229726,0.33685237169265747,,566355.825
229727,,0.0,566357.9
229734,0.33685237169265747,,566372.425
229735,,0.0,566374.5
229744,0.33685237169265747,,566393.175
229745,,0.0,566395.25
229753,0.33685237169265747,,566411.85
229754,,0.0,566413.925
229769,0.33686238527297974,,566443.2
229770,,1.0,566445.4666666667
229782,0.336872398853302,,566472.6666666666
229783,,1.0,566474.9333333333
229790,0.33688241243362427,,566490.8
229791,,1.0,566493.0666666667
229800,0.33689242601394653,,566513.4666666667
229801,,1.0,566515.7333333333
229813,0.3369024395942688,,566541.3181818182
229814,,1.0,566543.9090909091
229823,0.33691245317459106,,566567.2272727273
229824,,1.0,566569.8181818182
229834,0.33692246675491333,,566595.7272727273
229835,,1.0,566598.3181818182
229846,0.3369324803352356,,566626.8181818182
229847,,1.0,566629.4090909091
229864,0.33695247769355774,,566684.3333333334
229865,,2.0,566688.0714285715
229871,0.3369724750518799,,566710.5
229872,,2.0,566714.2380952381
229877,0.336992472410202,,566732.9285714285
229878,,2.0,566736.6666666666
229890,0.33701246976852417,,566781.5238095238
229891,,2.0,566785.2619047619
229910,0.3370324671268463,,566833.8
229911,,2.0,566836.6
229921,0.33705246448516846,,566864.6
229922,,2.0,566867.4
229931,0.3370724618434906,,566892.6
229932,,2.0,566895.4
229937,0.33709245920181274,,566909.4
229938,,2.0,566912.2
229954,0.337102472782135,,566944.6666666666
229955,,1.0,566946.9487179487
229964,0.3371124863624573,,566967.4871794871
229965,,1.0,566969.7692307692
229971,0.33712249994277954,,566983.4615384615
229972,,1.0,566985.7435897436
229978,0.3371325135231018,,566999.4358974359
229979,,1.0,567001.717948718
229996,0.3371425271034241,,567026.75
229997,,1.0,567028.375
230008,0.33715254068374634,,567046.25
230009,,1.0,567047.875
230016,0.3371625542640686,,567059.25
230017,,1.0,567060.875
230028,0.33717256784439087,,567078.75
230029,,1.0,567080.375
230045,0.33717256784439087,,567103.2978723404
230046,,0.0,567104.9361702128
230055,0.33717256784439087,,567119.6808510638
230056,,0.0,567121.3191489362
230065,0.33717256784439087,,567136.0638297872
230066,,0.0,567137.7021276596
230077,0.33717256784439087,,567155.7234042553
230078,,0.0,567157.3617021276
230089,0.33718258142471313,,567177.7428571428
230090,,1.0,567180.0857142857
230099,0.3371925950050354,,567201.1714285715
230100,,1.0,567203.5142857142
230106,0.33720260858535767,,567217.5714285715
230107,,1.0,567219.9142857143
230114,0.33721262216567993,,567236.3142857143
230115,,1.0,567238.6571428571
230136,0.33721262216567993,,567267.64
230137,,0.0,567269.12
230148,0.33721262216567993,,567285.4
230149,,0.0,567286.88
230158,0.33721262216567993,,567300.2
230159,,0.0,567301.68
230166,0.33721262216567993,,567312.04
230167,,0.0,567313.52
230183,0.33721262216567993,,567334.5
230184,,0.0,567336.0
230196,0.33721262216567993,,567354.0
230197,,0.0,567355.5
230209,0.33721262216567993,,567373.5
230210,,0.0,567375.0
230220,0.33721262216567993,,567390.0
230221,,0.0,567391.5
230235,0.33721262216567993,,567413.8717948718
230236,,0.0,567415.7692307692
230242,0.33721262216567993,,567427.1538461539
230243,,0.0,567429.0512820513
230252,0.33721262216567993,,567446.1282051282
230253,,0.0,567448.0256410256
230261,0.33721262216567993,,567463.2051282051
230262,,0.0,567465.1025641026
230277,0.3372226357460022,,567491.6
230278,,1.0,567493.65
230288,0.33723264932632446,,567514.15
230289,,1.0,567516.2
230295,0.33724266290664673,,567528.5
230296,,1.0,567530.55
230303,0.337252676486969,,567544.9
230304,,1.0,567546.95
230323,0.33727267384529114,,567606.3913043478
230324,,2.0,567609.9782608695
230332,0.3372926712036133,,567638.6739130435
230333,,2.0,567642.2608695652
230340,0.3373126685619354,,567667.3695652174
230341,,2.0,567670.9565217391
230351,0.33733266592025757,,567706.8260869565
230352,,2.0,567710.4130434783
230365,0.3373526632785797,,567755.25
230366,,2.0,567759.375
230374,0.33737266063690186,,567792.375
230375,,2.0,567796.5
230383,0.337392657995224,,567829.5
230384,,2.0,567833.625
230393,0.33741265535354614,,567870.75
230394,,2.0,567874.875
230414,0.33744266629219055,,567942.1428571428
230415,,3.0,567945.8571428572
230424,0.33747267723083496,,567979.2857142857
230425,,3.0,567983.0
230436,0.33750268816947937,,568023.8571428572
230437,,3.0,568027.5714285715
230444,0.3375326991081238,,568053.5714285715
230445,,3.0,568057.2857142857
230463,0.3375526964664459,,568127.7857142857
230464,,2.0,568132.2380952381
230472,0.33757269382476807,,568167.8571428572
230473,,2.0,568172.3095238095
230483,0.3375926911830902,,568216.8333333334
230484,,2.0,568221.2857142857
230488,0.33761268854141235,,568239.0952380953
230489,,2.0,568243.5476190476
230506,0.33761268854141235,,568272.2666666667
230507,,0.0,568274.0
230519,0.33761268854141235,,568294.8
230520,,0.0,568296.5333333333
230526,0.33761268854141235,,568306.9333333333
230527,,0.0,568308.6666666666
230535,0.33761268854141235,,568322.5333333333
230536,,0.0,568324.2666666667
230553,0.33764269948005676,,568343.6666666666
230554,,3.0,568344.9285714285
230564,0.33767271041870117,,568357.5476190476
230565,,3.0,568358.8095238095
230572,0.3377027213573456,,568367.6428571428
230573,,3.0,568368.9047619047
230579,0.33773273229599,,568376.4761904762
230580,,3.0,568377.7380952381
230594,0.33775272965431213,,568408.512195122
230595,,2.0,568411.1951219512
230602,0.3377727270126343,,568429.9756097561
230603,,2.0,568432.6585365854
230609,0.3377927243709564,,568448.756097561
230610,,2.0,568451.4390243902
230622,0.33781272172927856,,568483.6341463415
230623,,2.0,568486.3170731707
230645,0.337842732667923,,568558.0909090909
230646,,3.0,568561.7272727273
230658,0.3378727436065674,,568605.3636363636
230659,,3.0,568609.0
230668,0.3379027545452118,,568641.7272727273
230669,,3.0,568645.3636363636
230679,0.3379327654838562,,568681.7272727273
230680,,3.0,568685.3636363636
230693,0.33795276284217834,,568715.0416666666
230694,,2.0,568717.6458333334
230705,0.3379727602005005,,568746.2916666666
230706,,2.0,568748.8958333334
230717,0.33799275755882263,,568777.5416666666
230718,,2.0,568780.1458333334
230729,0.3380127549171448,,568808.7916666666
230730,,2.0,568811.3958333334
230746,0.3380127549171448,,568837.9318181818
230747,,0.0,568839.7727272727
230756,0.3380127549171448,,568856.3409090909
230757,,0.0,568858.1818181818
230765,0.3380127549171448,,568872.9090909091
230766,,0.0,568874.75
230775,0.3380127549171448,,568891.3181818182
230776,,0.0,568893.1590909091
230788,0.33802276849746704,,568917.1707317074
230789,,1.0,568919.6341463415
230803,0.3380327820777893,,568954.1219512195
230804,,1.0,568956.5853658536
230810,0.3380427956581116,,568971.3658536585
230811,,1.0,568973.8292682926
230818,0.33805280923843384,,568991.0731707317
230819,,1.0,568993.5365853659
230836,0.33808282017707825,,569053.1428571428
230837,,3.0,569057.224489796
230848,0.33811283111572266,,569102.1224489796
230849,,3.0,569106.2040816327
230857,0.33814284205436707,,569138.8571428572
230858,,3.0,569142.9387755102
230869,0.3381728529930115,,569187.8367346938
230870,,3.0,569191.918367347
230885,0.3382028639316559,,569251.8139534884
230886,,3.0,569256.4651162791
230894,0.3382328748703003,,569293.6744186047
230895,,3.0,569298.3255813953
230905,0.3382628858089447,,569344.8372093023
230906,,3.0,569349.4883720931
230914,0.3382928967475891,,569386.6976744186
230915,,3.0,569391.3488372093
230926,0.3382928967475891,,569412.0
230927,,0.0,569414.0
230933,0.3382928967475891,,569426.0
230934,,0.0,569428.0
230945,0.3382928967475891,,569450.0
230946,,0.0,569452.0
230953,0.3382928967475891,,569466.0
230954,,0.0,569468.0
230966,0.33831289410591125,,569503.9428571429
230967,,2.0,569507.7142857143
230975,0.3383328914642334,,569537.8857142857
230976,,2.0,569541.6571428571
230984,0.33835288882255554,,569571.8285714285
230985,,2.0,569575.6
230990,0.3383728861808777,,569594.4571428571
230991,,2.0,569598.2285714286
231009,0.3383728861808777,,569629.2093023256
231010,,0.0,569631.023255814
231016,0.3383728861808777,,569641.9069767442
231017,,0.0,569643.7209302326
231023,0.3383728861808777,,569654.6046511628
231024,,0.0,569656.4186046511
231035,0.3383728861808777,,569676.3720930233
231036,,0.0,569678.1860465116
231052,0.33838289976119995,,569703.4
231053,,1.0,569705.2
231064,0.3383929133415222,,569725.0
231065,,1.0,569726.8
231073,0.3384029269218445,,569741.2
231074,,1.0,569743.0
231082,0.33841294050216675,,569757.4
231083,,1.0,569759.2
231097,0.33844295144081116,,569812.1627906977
231098,,3.0,569816.8139534884
231104,0.33847296237945557,,569844.7209302326
231105,,3.0,569849.3720930233
231115,0.3385029733181,,569895.8837209302
231116,,3.0,569900.5348837209
231127,0.3385329842567444,,569951.6976744186
231128,,3.0,569956.3488372093
231145,0.33855298161506653,,569996.4883720931
231146,,2.0,569999.023255814
231154,0.33857297897338867,,570019.3023255814
231155,,2.0,570021.8372093023
231161,0.3385929763317108,,570037.0465116279
231162,,2.0,570039.5813953489
231172,0.33861297369003296,,570064.9302325582
231173,,2.0,570067.4651162791
231189,0.3386229872703552,,570091.9215686275
231190,,1.0,570093.6078431372
231200,0.3386330008506775,,570110.4705882353
231201,,1.0,570112.1568627451
231209,0.33864301443099976,,570125.6470588235
231210,,1.0,570127.3333333334
231225,0.338653028011322,,570152.6274509804
231226,,1.0,570154.3137254902
231240,0.33868303894996643,,570207.1627906977
231241,,3.0,570211.8139534884
231248,0.33871304988861084,,570244.3720930233
231249,,3.0,570249.023255814
231261,0.33874306082725525,,570304.8372093023
231262,,3.0,570309.4883720931
231270,0.33877307176589966,,570346.6976744186
231271,,3.0,570351.3488372093
231289,0.33877307176589966,,570380.8863636364
231290,,0.0,570382.5454545454
231298,0.33877307176589966,,570395.8181818182
231299,,0.0,570397.4772727273
231307,0.33877307176589966,,570410.75
231308,,0.0,570412.4090909091
231316,0.33877307176589966,,570425.6818181818
231317,,0.0,570427.3409090909
231335,0.3387830853462219,,570453.375
231336,,1.0,570455.0
231348,0.3387930989265442,,570474.5
231349,,1.0,570476.125
231354,0.33880311250686646,,570484.25
231355,,1.0,570485.875
231366,0.3388131260871887,,570503.75
231367,,1.0,570505.375
231379,0.33884313702583313,,570542.2702702703
231380,,3.0,570546.1891891892
231391,0.33887314796447754,,570589.2972972973
231392,,3.0,570593.2162162162
231398,0.33890315890312195,,570616.7297297297
231399,,3.0,570620.6486486486
231405,0.33893316984176636,,570644.1621621621
231406,,3.0,570648.0810810811
231423,0.3389431834220886,,570678.2926829269
231424,,1.0,570680.1707317074
231431,0.3389531970024109,,570693.3170731707
231432,,1.0,570695.1951219512
231440,0.33896321058273315,,570710.2195121951
231441,,1.0,570712.0975609756
231448,0.3389732241630554,,570725.243902439
231449,,1.0,570727.1219512195
231466,0.33899322152137756,,570772.0243902439
231467,,2.0,570775.0975609756
231475,0.3390132188796997,,570799.6829268293
231476,,2.0,570802.756097561
231484,0.33903321623802185,,570827.3414634146
231485,,2.0,570830.4146341464
231491,0.339053213596344,,570848.8536585366
231492,,2.0,570851.9268292683
231504,0.339053213596344,,570874.5
231505,,0.0,570876.6666666666
231513,0.339053213596344,,570894.0
231514,,0.0,570896.1666666666
231521,0.339053213596344,,570911.3333333334
231522,,0.0,570913.5
231529,0.339053213596344,,570928.6666666666
231530,,0.0,570930.8333333334
231548,0.339053213596344,,570960.8571428572
231549,,0.0,570962.7142857143
231558,0.339053213596344,,570979.4285714285
231559,,0.0,570981.2857142857
231565,0.339053213596344,,570992.4285714285
231566,,0.0,570994.2857142857
231573,0.339053213596344,,571007.2857142857
231574,,0.0,571009.1428571428
231591,0.339053213596344,,571035.6666666666
231592,,0.0,571037.4285714285
231600,0.339053213596344,,571051.5238095238
231601,,0.0,571053.2857142857
231609,0.339053213596344,,571067.380952381
231610,,0.0,571069.1428571428
231617,0.339053213596344,,571081.4761904762
231618,,0.0,571083.2380952381
231638,0.339053213596344,,571109.6666666666
231639,,0.0,571111.1176470588
231651,0.339053213596344,,571128.5294117647
231652,,0.0,571129.9803921569
231658,0.339053213596344,,571138.6862745098
231659,,0.0,571140.1372549019
231670,0.339053213596344,,571156.0980392157
231671,,0.0,571157.5490196078
231683,0.339053213596344,,571176.1219512195
231684,,0.0,571178.0243902439
231694,0.339053213596344,,571197.0487804879
231695,,0.0,571198.9512195121
231704,0.339053213596344,,571216.0731707317
231705,,0.0,571217.9756097561
231713,0.339053213596344,,571233.1951219512
231714,,0.0,571235.0975609756
231729,0.339053213596344,,571258.9512195121
231730,,0.0,571260.7804878049
231739,0.339053213596344,,571277.243902439
231740,,0.0,571279.0731707317
231747,0.339053213596344,,571291.8780487805
231748,,0.0,571293.7073170731
231756,0.339053213596344,,571308.3414634146
231757,,0.0,571310.1707317074
231777,0.33906322717666626,,571339.625
231778,,1.0,571341.25
231786,0.3390732407569885,,571354.25
231787,,1.0,571355.875
231797,0.3390832543373108,,571372.125
231798,,1.0,571373.75
231806,0.33909326791763306,,571386.75
231807,,1.0,571388.375
231825,0.3391032814979553,,571420.0
231826,,1.0,571422.0
231832,0.3391132950782776,,571434.0
231833,,1.0,571436.0
231841,0.33912330865859985,,571452.0
231842,,1.0,571454.0
231849,0.3391333222389221,,571468.0
231850,,1.0,571470.0
231868,0.3391433358192444,,571500.2142857143
231869,,1.0,571502.0952380953
231876,0.33915334939956665,,571515.2619047619
231877,,1.0,571517.1428571428
231884,0.3391633629798889,,571530.3095238095
231885,,1.0,571532.1904761905
231893,0.3391733765602112,,571547.2380952381
231894,,1.0,571549.119047619
231910,0.3391733765602112,,571573.0434782609
231911,,0.0,571574.7391304348
231924,0.3391733765602112,,571596.7826086957
231925,,0.0,571598.4782608695
231933,0.3391733765602112,,571612.0434782609
231934,,0.0,571613.7391304348
231941,0.3391733765602112,,571625.6086956522
231942,,0.0,571627.304347826
231956,0.3391733765602112,,571649.8717948718
231957,,0.0,571651.7692307692
231965,0.3391733765602112,,571666.9487179487
231966,,0.0,571668.8461538461
231975,0.3391733765602112,,571685.9230769231
231976,,0.0,571687.8205128205
231982,0.3391733765602112,,571699.2051282051
231983,,0.0,571701.1025641026
232001,0.33918339014053345,,571726.4
232002,,1.0,571727.96
232013,0.3391934037208557,,571745.12
232014,,1.0,571746.68
232026,0.339203417301178,,571765.4
232027,,1.0,571766.96
232034,0.33921343088150024,,571777.88
232035,,1.0,571779.44
232054,0.33921343088150024,,571804.2156862745
232055,,0.0,571805.6666666666
232062,0.33921343088150024,,571815.8235294118
232063,,0.0,571817.274509804
232072,0.33921343088150024,,571830.3333333334
232073,,0.0,571831.7843137255
232087,0.33921343088150024,,571852.0980392157
232088,,0.0,571853.5490196078
232101,0.33921343088150024,,571876.4705882353
232102,,0.0,571878.6176470588
232107,0.33921343088150024,,571889.3529411765
232108,,0.0,571891.5
232115,0.33921343088150024,,571906.5294117647
232116,,0.0,571908.6764705882
232123,0.33921343088150024,,571923.7058823529
232124,,0.0,571925.8529411765
232138,0.33921343088150024,,571945.3191489362
232139,,0.0,571946.8936170213
232152,0.33921343088150024,,571967.3617021276
232153,,0.0,571968.9361702128
232161,0.33921343088150024,,571981.5319148937
232162,,0.0,571983.1063829787
232172,0.33921343088150024,,571998.8510638297
232173,,0.0,572000.4255319149
232192,0.33921343088150024,,572027.1914893617
232193,,0.0,572028.7659574468
232202,0.33921343088150024,,572042.9361702128
232203,,0.0,572044.5106382979
232208,0.33921343088150024,,572052.3829787234
232209,,0.0,572053.9574468085
232221,0.33921343088150024,,572072.8510638297
232222,,0.0,572074.4255319149
232242,0.33921343088150024,,572103.54
232243,,0.0,572105.16
232254,0.33921343088150024,,572122.98
232255,,0.0,572124.6
232265,0.33921343088150024,,572140.8
232266,,0.0,572142.42
232273,0.33921343088150024,,572153.76
232274,,0.0,572155.38
232289,0.3392234444618225,,572182.7142857143
232290,,1.0,572184.8571428572
232296,0.3392334580421448,,572197.7142857143
232297,,1.0,572199.8571428572
232308,0.33924347162246704,,572223.4285714285
232309,,1.0,572225.5714285715
232317,0.3392534852027893,,572242.7142857143
232318,,1.0,572244.8571428572
232333,0.3392634987831116,,572266.5
232334,,1.0,572268.125
232340,0.33927351236343384,,572277.875
232341,,1.0,572279.5
232350,0.3392835259437561,,572294.125
232351,,1.0,572295.75
232367,0.33929353952407837,,572321.75
232368,,1.0,572323.375
232384,0.33930355310440063,,572347.6808510638
232385,,1.0,572349.4255319149
232396,0.3393135666847229,,572368.6170212766
232397,,1.0,572370.3617021276
232406,0.33932358026504517,,572386.0638297872
232407,,1.0,572387.8085106383
232416,0.33933359384536743,,572403.5106382979
232417,,1.0,572405.2553191489
232434,0.33936360478401184,,572465.3333333334
232435,,3.0,572469.5
232446,0.33939361572265625,,572515.3333333334
232447,,3.0,572519.5
232456,0.33942362666130066,,572557.0
232457,,3.0,572561.1666666666
232466,0.33945363759994507,,572598.6666666666
232467,,3.0,572602.8333333334
232486,0.3394736349582672,,572643.3921568628
232487,,2.0,572645.6666666666
232501,0.33949363231658936,,572677.5098039216
232502,,2.0,572679.7843137255
232509,0.3395136296749115,,572695.7058823529
232510,,2.0,572697.9803921569
232519,0.33953362703323364,,572718.4509803922
232520,,2.0,572720.725490196
232537,0.3395436406135559,,572749.1739130435
232538,,1.0,572751.0434782609
232547,0.3395536541938782,,572767.8695652174
232548,,1.0,572769.7391304348
232557,0.33956366777420044,,572786.5652173914
232558,,1.0,572788.4347826086
232567,0.3395736813545227,,572805.2608695652
232568,,1.0,572807.1304347826
232586,0.33959367871284485,,572864.7547169811
232587,,2.0,572868.4716981133
232600,0.339613676071167,,572916.7924528302
232601,,2.0,572920.5094339623
232612,0.33963367342948914,,572961.3962264151
232613,,2.0,572965.1132075472
232622,0.3396536707878113,,572998.5660377359
232623,,2.0,573002.283018868
232640,0.33966368436813354,,573030.5714285715
232641,,1.0,573032.3265306122
232652,0.3396736979484558,,573051.6326530612
232653,,1.0,573053.387755102
232665,0.3396837115287781,,573074.4489795918
232666,,1.0,573076.2040816327
232673,0.33969372510910034,,573088.4897959183
232674,,1.0,573090.2448979592
232691,0.33972373604774475,,573150.3333333334
232692,,3.0,573154.5
232704,0.33975374698638916,,573204.5
232705,,3.0,573208.6666666666
232714,0.33978375792503357,,573246.1666666666
232715,,3.0,573250.3333333334
232723,0.339813768863678,,573283.6666666666
232724,,3.0,573287.8333333334
232737,0.3398437798023224,,573316.1935483871
232738,,3.0,573318.6129032258
232743,0.3398737907409668,,573330.7096774194
232744,,3.0,573333.1290322581
232749,0.3399038016796112,,573345.2258064516
232750,,3.0,573347.6451612903
232756,0.3399338126182556,,573362.1612903225
232757,,3.0,573364.5806451613
232776,0.33995380997657776,,573405.8148148148
232777,,2.0,573408.2407407408
232783,0.3399738073348999,,573422.7962962963
232784,,2.0,573425.2222222222
232803,0.33999380469322205,,573471.3148148148
232804,,2.0,573473.7407407408
232812,0.3400138020515442,,573493.1481481482
232813,,2.0,573495.574074074
232828,0.3400438129901886,,573523.3333333334
232829,,3.0,573525.4444444445
232839,0.340073823928833,,573546.5555555555
232840,,3.0,573548.6666666666
232848,0.3401038348674774,,573565.5555555555
232849,,3.0,573567.6666666666
232859,0.3401338458061218,,573588.7777777778
232860,,3.0,573590.8888888889
232872,0.3401338458061218,,573610.7804878049
232873,,0.0,573612.756097561
232881,0.3401338458061218,,573628.5609756098
232882,,0.0,573630.5365853659
232892,0.3401338458061218,,573650.2926829269
232893,,0.0,573652.268292683
232902,0.3401338458061218,,573670.0487804879
232903,,0.0,573672.0243902439
232915,0.3401338458061218,,573693.5
232916,,0.0,573695.6666666666
232922,0.3401338458061218,,573708.6666666666
232923,,0.0,573710.8333333334
232932,0.3401338458061218,,573730.3333333334
232933,,0.0,573732.5
232940,0.3401338458061218,,573747.6666666666
232941,,0.0,573749.8333333334
232951,0.3401338458061218,,573764.1666666666
232952,,0.0,573765.9047619047
232963,0.3401338458061218,,573785.0238095238
232964,,0.0,573786.7619047619
232971,0.3401338458061218,,573798.9285714285
232972,,0.0,573800.6666666666
232984,0.3401338458061218,,573821.5238095238
232985,,0.0,573823.2619047619
232998,0.3401338458061218,,573845.7894736842
232999,,0.0,573847.8684210526
233007,0.3401338458061218,,573864.5
233008,,0.0,573866.5789473684
233016,0.3401338458061218,,573883.2105263158
233017,,0.0,573885.2894736842
233024,0.3401338458061218,,573899.8421052631
233025,,0.0,573901.9210526316
233040,0.3401438593864441,,573926.2857142857
233041,,1.0,573928.1428571428
233049,0.34015387296676636,,573943.0
233050,,1.0,573944.8571428572
233058,0.3401638865470886,,573959.7142857143
233059,,1.0,573961.5714285715
233068,0.3401739001274109,,573978.2857142857
233069,,1.0,573980.1428571428
233084,0.3401739001274109,,574001.304347826
233085,,0.0,574002.9130434783
233095,0.3401739001274109,,574019.0
233096,,0.0,574020.6086956522
233108,0.3401739001274109,,574039.9130434783
233109,,0.0,574041.5217391305
233116,0.3401739001274109,,574052.7826086957
233117,,0.0,574054.3913043478
233134,0.34018391370773315,,574090.3913043478
233135,,1.0,574092.8478260869
233144,0.3401939272880554,,574114.9565217391
233145,,1.0,574117.4130434783
233155,0.3402039408683777,,574141.9782608695
233156,,1.0,574144.4347826086
233164,0.34021395444869995,,574164.0869565217
233165,,1.0,574166.5434782609
233181,0.34021395444869995,,574187.7777777778
233182,,0.0,574189.2222222222
233195,0.34021395444869995,,574208.0
233196,,0.0,574209.4444444445
233208,0.34021395444869995,,574226.7777777778
233209,,0.0,574228.2222222222
233220,0.34021395444869995,,574244.1111111111
233221,,0.0,574245.5555555555
233238,0.3402239680290222,,574271.2666666667
233239,,1.0,574273.0
233245,0.3402339816093445,,574283.4
233246,,1.0,574285.1333333333
233258,0.34024399518966675,,574305.9333333333
233259,,1.0,574307.6666666666
233267,0.340254008769989,,574321.5333333333
233268,,1.0,574323.2666666667
233284,0.340254008769989,,574347.3720930233
233285,,0.0,574349.0930232558
233292,0.340254008769989,,574361.1395348837
233293,,0.0,574362.8604651163
233303,0.340254008769989,,574380.0697674418
233304,,0.0,574381.7906976744
233312,0.340254008769989,,574395.5581395349
233313,,0.0,574397.2790697674
233324,0.34027400612831116,,574422.2727272727
233325,,2.0,574425.1818181818
233336,0.3402940034866333,,574457.1818181818
233337,,2.0,574460.0909090909
233345,0.34031400084495544,,574483.3636363636
233346,,2.0,574486.2727272727
233358,0.3403339982032776,,574521.1818181818
233359,,2.0,574524.0909090909
233371,0.34034401178359985,,574546.9459459459
233372,,1.0,574549.1621621621
233379,0.3403540253639221,,574564.6756756756
233380,,1.0,574566.8918918918
233389,0.3403640389442444,,574586.8378378379
233390,,1.0,574589.0540540541
233397,0.34037405252456665,,574604.5675675676
233398,,1.0,574606.7837837838
233409,0.34037405252456665,,574625.4210526316
233410,,0.0,574627.4736842106
233419,0.34037405252456665,,574645.947368421
233420,,0.0,574648.0
233427,0.34037405252456665,,574662.3684210526
233428,,0.0,574664.4210526316
233437,0.34037405252456665,,574682.8947368421
233438,,0.0,574684.947368421
233454,0.3403840661048889,,574711.1428571428
233455,,1.0,574713.0
233465,0.3403940796852112,,574731.5714285715
233466,,1.0,574733.4285714285
233473,0.34040409326553345,,574746.4285714285
233474,,1.0,574748.2857142857
233481,0.3404141068458557,,574761.2857142857
233482,,1.0,574763.1428571428
233499,0.340424120426178,,574798.2093023256
233500,,1.0,574800.5813953489
233506,0.34043413400650024,,574814.8139534884
233507,,1.0,574817.1860465116
233519,0.3404441475868225,,574845.6511627907
233520,,1.0,574848.023255814
233526,0.3404541611671448,,574862.2558139535
233527,,1.0,574864.6279069767
233542,0.34046417474746704,,574891.2926829269
233543,,1.0,574893.3170731707
233551,0.3404741883277893,,574909.512195122
233552,,1.0,574911.5365853659
233559,0.3404842019081116,,574925.7073170731
233560,,1.0,574927.731707317
233569,0.34049421548843384,,574945.9512195121
233570,,1.0,574947.9756097561
233585,0.34052422642707825,,574984.8292682926
233586,,3.0,574987.731707317
233593,0.34055423736572266,,575008.0487804879
233594,,3.0,575010.9512195121
233602,0.34058424830436707,,575034.1707317074
233603,,3.0,575037.0731707317
233612,0.3406142592430115,,575063.1951219512
233613,,3.0,575066.0975609756
233628,0.3406142592430115,,575093.6315789474
233629,,0.0,575095.6842105263
233635,0.3406142592430115,,575108.0
233636,,0.0,575110.052631579
233644,0.3406142592430115,,575126.4736842106
233645,,0.0,575128.5263157894
233652,0.3406142592430115,,575142.8947368421
233653,,0.0,575144.947368421
233668,0.3406142592430115,,575166.1489361703
233669,,0.0,575167.7446808511
233681,0.3406142592430115,,575186.8936170213
233682,,0.0,575188.4893617021
233688,0.3406142592430115,,575198.0638297872
233689,,0.0,575199.659574468
233701,0.3406142592430115,,575218.8085106383
233702,,0.0,575220.4042553192
233715,0.3406342566013336,,575246.8837209302
233716,,2.0,575249.3720930233
233725,0.34065425395965576,,575271.7674418605
233726,,2.0,575274.2558139535
233736,0.3406742513179779,,575299.1395348837
233737,,2.0,575301.6279069767
233746,0.34069424867630005,,575324.023255814
233747,,2.0,575326.5116279069
233759,0.34072425961494446,,575365.0
233760,,3.0,575369.0
233772,0.34075427055358887,,575417.0
233773,,3.0,575421.0
233784,0.3407842814922333,,575465.0
233785,,3.0,575469.0
233798,0.3408142924308777,,575521.0
233799,,3.0,575525.0
233817,0.3408443033695221,,575594.2173913043
233818,,3.0,575598.5652173914
233827,0.3408743143081665,,575637.695652174
233828,,3.0,575642.0434782609
233836,0.3409043252468109,,575676.8260869565
233837,,3.0,575681.1739130435
233846,0.3409343361854553,,575720.304347826
233847,,3.0,575724.6521739131
233858,0.3409343361854553,,575745.0
233859,,0.0,575747.0
233866,0.3409343361854553,,575761.0
233867,,0.0,575763.0
233877,0.3409343361854553,,575783.0
233878,,0.0,575785.0
233885,0.3409343361854553,,575799.0
233886,,0.0,575801.0
233896,0.34096434712409973,,575843.0
233897,,3.0,575848.7142857143
233908,0.34099435806274414,,575911.5714285715
233909,,3.0,575917.2857142857
233915,0.34102436900138855,,575951.5714285715
233916,,3.0,575957.2857142857
233922,0.34105437994003296,,575991.5714285715
233923,,3.0,575997.2857142857
233937,0.3410643935203552,,576027.2
233938,,1.0,576029.4
233947,0.3410744071006775,,576049.2
233948,,1.0,576051.4
233956,0.34108442068099976,,576069.0
233957,,1.0,576071.2
233969,0.341094434261322,,576097.6
233970,,1.0,576099.8
233984,0.341094434261322,,576121.5
233985,,0.0,576123.2727272727
233994,0.341094434261322,,576139.2272727273
233995,,0.0,576141.0
234002,0.341094434261322,,576153.4090909091
234003,,0.0,576155.1818181818
234015,0.341094434261322,,576176.4545454546
234016,,0.0,576178.2272727273
234023,0.341094434261322,,576188.4324324324
234024,,0.0,576190.5405405406
234032,0.341094434261322,,576207.4054054054
234033,,0.0,576209.5135135135
234043,0.341094434261322,,576230.5945945946
234044,,0.0,576232.7027027027
234054,0.341094434261322,,576253.7837837838
234055,,0.0,576255.8918918918
234070,0.3411044478416443,,576282.0
234071,,1.0,576284.0
234077,0.34111446142196655,,576296.0
234078,,1.0,576298.0
234083,0.3411244750022888,,576308.0
234084,,1.0,576310.0
234097,0.3411344885826111,,576336.0
234098,,1.0,576338.0
234113,0.3411544859409332,,576364.5217391305
234114,,2.0,576366.5652173914
234123,0.34117448329925537,,576384.9565217391
234124,,2.0,576387.0
234134,0.3411944806575775,,576407.4347826086
234135,,2.0,576409.4782608695
234145,0.34121447801589966,,576429.9130434783
234146,,2.0,576431.9565217391
234162,0.3412244915962219,,576461.2037037037
234163,,1.0,576463.2962962963
234173,0.3412345051765442,,576484.2222222222
234174,,1.0,576486.3148148148
234190,0.34124451875686646,,576519.7962962963
234191,,1.0,576521.8888888889
234201,0.3412545323371887,,576542.8148148148
234202,,1.0,576544.9074074074
234218,0.3412545323371887,,576566.24
234219,,0.0,576567.72
234227,0.3412545323371887,,576579.56
234228,,0.0,576581.04
234242,0.3412545323371887,,576601.76
234243,,0.0,576603.24
234253,0.3412545323371887,,576618.04
234254,,0.0,576619.52
234269,0.341264545917511,,576649.6829268293
234270,,1.0,576652.0731707317
234277,0.34127455949783325,,576668.8048780488
234278,,1.0,576671.1951219512
234290,0.3412845730781555,,576699.8780487805
234291,,1.0,576702.268292683
234296,0.3412945866584778,,576714.2195121951
234297,,1.0,576716.6097560975
234315,0.3412945866584778,,576742.8775510204
234316,,0.0,576744.4693877551
234326,0.3412945866584778,,576760.387755102
234327,,0.0,576761.9795918367
234339,0.3412945866584778,,576781.081632653
234340,,0.0,576782.6734693878
234347,0.3412945866584778,,576793.8163265307
234348,,0.0,576795.4081632653
234362,0.3412945866584778,,576819.3055555555
234363,,0.0,576821.3333333334
234369,0.3412945866584778,,576833.5
234370,,0.0,576835.5277777778
234377,0.3412945866584778,,576849.7222222222
234378,,0.0,576851.75
234385,0.3412945866584778,,576865.9444444445
234386,,0.0,576867.9722222222
234399,0.3413145840167999,,576901.7948717949
234400,,2.0,576904.9743589744
234407,0.34133458137512207,,576927.2307692308
234408,,2.0,576930.4102564103
234416,0.3413545787334442,,576955.8461538461
234417,,2.0,576959.0256410256
234426,0.34137457609176636,,576987.641025641
234427,,2.0,576990.8205128205
234447,0.3413945734500885,,577035.7608695652
234448,,2.0,577038.2173913043
234456,0.34141457080841064,,577057.8695652174
234457,,2.0,577060.3260869565
234463,0.3414345681667328,,577075.0652173914
234464,,2.0,577077.5217391305
234474,0.34145456552505493,,577102.0869565217
234475,,2.0,577104.5434782609
234491,0.34148457646369934,,577154.125
234492,,3.0,577157.75
234499,0.34151458740234375,,577183.125
234500,,3.0,577186.75
234507,0.34154459834098816,,577212.125
234508,,3.0,577215.75
234516,0.34157460927963257,,577244.75
234517,,3.0,577248.375
234542,0.34158462285995483,,577300.0408163265
234543,,1.0,577302.224489796
234548,0.3415946364402771,,577313.1428571428
234549,,1.0,577315.3265306122
234559,0.34160465002059937,,577337.1632653062
234560,,1.0,577339.3469387755
234567,0.34161466360092163,,577354.6326530612
234568,,1.0,577356.8163265307
234583,0.34161466360092163,,577379.3478260869
234584,,0.0,577381.0434782609
234597,0.34161466360092163,,577403.0869565217
234598,,0.0,577404.7826086957
234605,0.34161466360092163,,577416.6521739131
234606,,0.0,577418.3478260869
234615,0.34161466360092163,,577433.6086956522
234616,,0.0,577435.304347826
234629,0.34161466360092163,,577454.2093023256
234630,,0.0,577455.9302325582
234638,0.34161466360092163,,577469.6976744186
234639,,0.0,577471.4186046511
234649,0.34161466360092163,,577488.6279069767
234650,,0.0,577490.3488372093
234660,0.34161466360092163,,577507.5581395349
234661,,0.0,577509.2790697674
234676,0.3416246771812439,,577531.0869565217
234677,,1.0,577532.7608695652
234686,0.34163469076156616,,577547.8260869565
234687,,1.0,577549.5
234694,0.3416447043418884,,577561.2173913043
234695,,1.0,577562.8913043478
234708,0.3416547179222107,,577584.6521739131
234709,,1.0,577586.3260869565
234725,0.34167471528053284,,577630.4210526316
234726,,2.0,577633.6842105263
234733,0.341694712638855,,577656.5263157894
234734,,2.0,577659.7894736842
234740,0.3417147099971771,,577679.3684210526
234741,,2.0,577682.6315789474
234748,0.34173470735549927,,577705.4736842106
234749,,2.0,577708.7368421053
234763,0.34173470735549927,,577731.380952381
234764,,0.0,577733.1428571428
234769,0.34173470735549927,,577741.9523809524
234770,,0.0,577743.7142857143
234783,0.34173470735549927,,577766.619047619
234784,,0.0,577768.380952381
234792,0.34173470735549927,,577782.4761904762
234793,,0.0,577784.2380952381
234811,0.3417547047138214,,577834.6734693878
234812,,2.0,577837.918367347
234821,0.34177470207214355,,577867.1224489796
234822,,2.0,577870.3673469388
234831,0.3417946994304657,,577899.5714285715
234832,,2.0,577902.8163265307
234843,0.34181469678878784,,577938.5102040817
234844,,2.0,577941.7551020408
234858,0.3418247103691101,,577968.8723404255
234859,,1.0,577971.0425531915
234870,0.3418347239494324,,577994.914893617
234871,,1.0,577997.085106383
234881,0.34184473752975464,,578018.7872340425
234882,,1.0,578020.9574468085
234892,0.3418547511100769,,578042.659574468
234893,,1.0,578044.8297872341
234910,0.3418547511100769,,578070.0222222222
234911,,0.0,578071.6666666666
234919,0.3418547511100769,,578084.8222222222
234920,,0.0,578086.4666666667
234928,0.3418547511100769,,578099.6222222223
234929,,0.0,578101.2666666667
234939,0.3418547511100769,,578117.7111111111
234940,,0.0,578119.3555555556
234950,0.3418547511100769,,578137.5454545454
234951,,0.0,578139.9090909091
234958,0.3418547511100769,,578156.4545454546
234959,,0.0,578158.8181818182
234968,0.3418547511100769,,578180.0909090909
234969,,0.0,578182.4545454546
234974,0.3418547511100769,,578194.2727272727
234975,,0.0,578196.6363636364
234991,0.34186476469039917,,578223.0217391305
234992,,1.0,578224.8695652174
235004,0.34187477827072144,,578247.0434782609
235005,,1.0,578248.8913043478
235014,0.3418847918510437,,578265.5217391305
235015,,1.0,578267.3695652174
235022,0.34189480543136597,,578280.304347826
235023,,1.0,578282.1521739131
235038,0.34189480543136597,,578311.7714285714
235039,,0.0,578314.0857142857
235043,0.34189480543136597,,578323.3428571429
235044,,0.0,578325.6571428571
235052,0.34189480543136597,,578344.1714285715
235053,,0.0,578346.4857142858
235059,0.34189480543136597,,578360.3714285714
235060,,0.0,578362.6857142857
235075,0.34189480543136597,,578384.7333333333
235076,,0.0,578386.3777777777
235084,0.34189480543136597,,578399.5333333333
235085,,0.0,578401.1777777778
235096,0.34189480543136597,,578419.2666666667
235097,,0.0,578420.911111111
235106,0.34189480543136597,,578435.7111111111
235107,,0.0,578437.3555555556
235125,0.3419248163700104,,578500.224489796
235126,,3.0,578504.306122449
235138,0.3419548273086548,,578553.2857142857
235139,,3.0,578557.3673469388
235149,0.3419848382472992,,578598.1836734693
235150,,3.0,578602.2653061225
235157,0.3420148491859436,,578630.8367346938
235158,,3.0,578634.918367347
235175,0.3420148491859436,,578658.1578947369
235176,,0.0,578659.5263157894
235185,0.3420148491859436,,578671.8421052631
235186,,0.0,578673.2105263158
235204,0.3420148491859436,,578697.8421052631
235205,,0.0,578699.2105263158
235216,0.3420148491859436,,578714.2631578947
235217,,0.0,578715.6315789474
235230,0.34202486276626587,,578738.4583333334
235231,,1.0,578740.6041666666
235244,0.34203487634658813,,578768.5
235245,,1.0,578770.6458333334
235257,0.3420448899269104,,578796.3958333334
235258,,1.0,578798.5416666666
235266,0.34205490350723267,,578815.7083333334
235267,,1.0,578817.8541666666
235279,0.34205490350723267,,578837.0769230769
235280,,0.0,578838.9743589744
235289,0.34205490350723267,,578856.0512820513
235290,,0.0,578857.9487179487
235299,0.34205490350723267,,578875.0256410256
235300,,0.0,578876.9230769231
235307,0.34205490350723267,,578890.2051282051
235308,,0.0,578892.1025641026
235321,0.34206491708755493,,578914.5263157894
235322,,1.0,578916.5789473684
235330,0.3420749306678772,,578933.0
235331,,1.0,578935.052631579
235339,0.34208494424819946,,578951.4736842106
235340,,1.0,578953.5263157894
235347,0.34209495782852173,,578967.8947368421
235348,,1.0,578969.947368421
235367,0.342104971408844,,578998.8936170213
235368,,1.0,579000.5744680851
235373,0.34211498498916626,,579008.9787234042
235374,,1.0,579010.659574468
235386,0.3421249985694885,,579030.8297872341
235387,,1.0,579032.5106382979
235396,0.3421350121498108,,579047.6382978724
235397,,1.0,579049.3191489362
235407,0.3421350121498108,,579063.6341463415
235408,,0.0,579065.4390243902
235417,0.3421350121498108,,579081.6829268293
235418,,0.0,579083.487804878
235429,0.3421350121498108,,579103.3414634146
235430,,0.0,579105.1463414634
235439,0.3421350121498108,,579121.3902439025
235440,,0.0,579123.1951219512
235458,0.34215500950813293,,579156.8
235459,,2.0,579158.92
235472,0.3421750068664551,,579186.48
235473,,2.0,579188.6
235481,0.3421950042247772,,579205.56
235482,,2.0,579207.68
235491,0.34221500158309937,,579226.76
235492,,2.0,579228.88
235505,0.3422349989414215,,579267.0465116279
235506,,2.0,579270.6511627907
235516,0.34225499629974365,,579306.6976744186
235517,,2.0,579310.3023255814
235526,0.3422749936580658,,579342.7441860465
235527,,2.0,579346.3488372093
235536,0.34229499101638794,,579378.7906976744
235537,,2.0,579382.3953488372
235550,0.3423050045967102,,579412.052631579
235551,,1.0,579414.6578947369
235556,0.34231501817703247,,579427.6842105263
235557,,1.0,579430.2894736842
235566,0.34232503175735474,,579453.7368421053
235567,,1.0,579456.3421052631
235576,0.342335045337677,,579479.7894736842
235577,,1.0,579482.3947368421
235590,0.34234505891799927,,579510.6818181818
235591,,1.0,579513.25
235601,0.34235507249832153,,579538.9318181818
235602,,1.0,579541.5
235612,0.3423650860786438,,579567.1818181818
235613,,1.0,579569.75
235622,0.34237509965896606,,579592.8636363636
235623,,1.0,579595.4318181818
235639,0.34238511323928833,,579623.4347826086
235640,,1.0,579625.3913043478
235651,0.3423951268196106,,579646.9130434783
235652,,1.0,579648.8695652174
235658,0.34240514039993286,,579660.6086956522
235659,,1.0,579662.5652173914
235670,0.3424151539802551,,579684.0869565217
235671,,1.0,579686.0434782609
235691,0.3424251675605774,,579710.4745762711
235692,,1.0,579711.7966101695
235705,0.34243518114089966,,579728.9830508474
235706,,1.0,579730.3050847457
235720,0.3424451947212219,,579748.813559322
235721,,1.0,579750.1355932204
235731,0.3424552083015442,,579763.3559322034
235732,,1.0,579764.6779661017
235750,0.3424552083015442,,579792.4285714285
235751,,0.0,579794.1904761905
235758,0.3424552083015442,,579806.5238095238
235759,,0.0,579808.2857142857
235766,0.3424552083015442,,579820.619047619
235767,,0.0,579822.380952381
235775,0.3424552083015442,,579836.4761904762
235776,,0.0,579838.2380952381
235798,0.3424552083015442,,579866.5283018867
235799,,0.0,579867.9245283019
235812,0.3424552083015442,,579886.0754716981
235813,,0.0,579887.4716981133
235820,0.3424552083015442,,579897.2452830189
235821,,0.0,579898.641509434
235830,0.3424552083015442,,579911.2075471698
235831,,0.0,579912.6037735849
235849,0.3424552083015442,,579938.3333333334
235850,,0.0,579939.9555555555
235860,0.3424552083015442,,579956.1777777778
235861,,0.0,579957.8
235867,0.3424552083015442,,579967.5333333333
235868,,0.0,579969.1555555556
235877,0.3424552083015442,,579983.7555555556
235878,,0.0,579985.3777777777
235893,0.34247520565986633,,580020.5454545454
235894,,2.0,580023.3409090909
235902,0.3424952030181885,,580045.7045454546
235903,,2.0,580048.5
235911,0.3425152003765106,,580070.8636363636
235912,,2.0,580073.6590909091
235923,0.34253519773483276,,580104.4090909091
235924,,2.0,580107.2045454546
235933,0.34253519773483276,,580122.0
235934,,0.0,580124.0
235942,0.34253519773483276,,580140.0
235943,,0.0,580142.0
235955,0.34253519773483276,,580166.0
235956,,0.0,580168.0
235964,0.34253519773483276,,580184.0
235965,,0.0,580186.0
235980,0.34254521131515503,,580215.9130434783
235981,,1.0,580218.2391304348
235988,0.3425552248954773,,580234.5217391305
235989,,1.0,580236.8478260869
235998,0.34256523847579956,,580257.7826086957
235999,,1.0,580260.1086956522
236012,0.3425752520561218,,580290.3478260869
236013,,1.0,580292.6739130435
236026,0.34260526299476624,,580348.4285714285
236027,,3.0,580353.7714285714
236032,0.34263527393341064,,580380.4857142858
236033,,3.0,580385.8285714285
236042,0.34266528487205505,,580433.9142857143
236043,,3.0,580439.2571428572
236049,0.34269529581069946,,580471.3142857143
236050,,3.0,580476.6571428571
236063,0.34270530939102173,,580501.0909090909
236064,,1.0,580503.0
236074,0.342715322971344,,580522.0909090909
236075,,1.0,580524.0
236087,0.34272533655166626,,580546.9090909091
236088,,1.0,580548.8181818182
236095,0.3427353501319885,,580562.1818181818
236096,,1.0,580564.0909090909
236114,0.3427453637123108,,580589.0357142857
236115,,1.0,580590.5714285715
236129,0.34275537729263306,,580612.0714285715
236130,,1.0,580613.6071428572
236139,0.3427653908729553,,580627.4285714285
236140,,1.0,580628.9642857143
236153,0.3427754044532776,,580648.9285714285
236154,,1.0,580650.4642857143
236169,0.3427754044532776,,580673.6585365854
236170,,0.0,580675.4634146341
236178,0.3427754044532776,,580689.9024390244
236179,,0.0,580691.7073170731
236188,0.3427754044532776,,580707.9512195121
236189,,0.0,580709.756097561
236196,0.3427754044532776,,580722.3902439025
236197,,0.0,580724.1951219512
236213,0.34278541803359985,,580750.5555555555
236214,,1.0,580752.4444444445
236225,0.3427954316139221,,580773.2222222222
236226,,1.0,580775.1111111111
236233,0.3428054451942444,,580788.3333333334
236234,,1.0,580790.2222222222
236243,0.34281545877456665,,580807.2222222222
236244,,1.0,580809.1111111111
236258,0.34281545877456665,,580830.380952381
236259,,0.0,580832.1428571428
236266,0.34281545877456665,,580844.4761904762
236267,,0.0,580846.2380952381
236278,0.34281545877456665,,580865.619047619
236279,,0.0,580867.380952381
236287,0.34281545877456665,,580881.4761904762
236288,,0.0,580883.2380952381
236306,0.34281545877456665,,580908.5714285715
236307,,0.0,580910.1428571428
236315,0.34281545877456665,,580922.7142857143
236316,,0.0,580924.2857142857
236327,0.34281545877456665,,580941.5714285715
236328,,0.0,580943.1428571428
236338,0.34281545877456665,,580958.8571428572
236339,,0.0,580960.4285714285
236352,0.34281545877456665,,580980.4090909091
236353,,0.0,580982.25
236363,0.34281545877456665,,581000.6590909091
236364,,0.0,581002.5
236373,0.34281545877456665,,581019.0681818182
236374,,0.0,581020.9090909091
236384,0.34281545877456665,,581039.3181818182
236385,,0.0,581041.1590909091
236403,0.34281545877456665,,581070.2093023256
236404,,0.0,581072.023255814
236411,0.34281545877456665,,581084.7209302326
236412,,0.0,581086.5348837209
236422,0.34281545877456665,,581104.6744186047
236423,,0.0,581106.4883720931
236429,0.34281545877456665,,581117.3720930233
236430,,0.0,581119.1860465116
236446,0.3428254723548889,,581143.0434782609
236447,,1.0,581144.7391304348
236454,0.3428354859352112,,581156.6086956522
236455,,1.0,581158.304347826
236465,0.34284549951553345,,581175.2608695652
236466,,1.0,581176.9565217391
236477,0.3428555130958557,,581195.6086956522
236478,,1.0,581197.304347826
236494,0.3428555130958557,,581217.7777777778
236495,,0.0,581219.2222222222
236505,0.3428555130958557,,581233.6666666666
236506,,0.0,581235.1111111111
236518,0.3428555130958557,,581252.4444444445
236519,,0.0,581253.8888888889
236533,0.3428555130958557,,581274.1111111111
236534,,0.0,581275.5555555555
236545,0.3428555130958557,,581295.3529411765
236546,,0.0,581297.6470588235
236551,0.3428555130958557,,581309.1176470588
236552,,0.0,581311.4117647059
236559,0.3428555130958557,,581327.4705882353
236560,,0.0,581329.7647058824
236569,0.3428555130958557,,581350.4117647059
236570,,0.0,581352.7058823529
236583,0.3428555130958557,,581374.5
236584,,0.0,581376.45
236593,0.3428555130958557,,581394.0
236594,,0.0,581395.95
236600,0.3428555130958557,,581407.65
236601,,0.0,581409.6
236611,0.3428555130958557,,581429.1
236612,,0.0,581431.05
236628,0.3428855240345001,,581488.3191489362
236629,,3.0,581492.5744680851
236637,0.34291553497314453,,581526.6170212766
236638,,3.0,581530.8723404255
236650,0.34294554591178894,,581581.9361702128
236651,,3.0,581586.1914893617
236660,0.34297555685043335,,581624.4893617021
236661,,3.0,581628.7446808511
236678,0.3429855704307556,,581657.2666666667
236679,,1.0,581659.0
236692,0.3429955840110779,,581681.5333333333
236693,,1.0,581683.2666666667
236699,0.34300559759140015,,581693.6666666666
236700,,1.0,581695.4
236707,0.3430156111717224,,581707.5333333333
236708,,1.0,581709.2666666667
236724,0.3430156111717224,,581731.28
236725,,0.0,581732.84
236739,0.3430156111717224,,581754.68
236740,,0.0,581756.24
236748,0.3430156111717224,,581768.72
236749,,0.0,581770.28
236759,0.3430156111717224,,581785.88
236760,,0.0,581787.44
236778,0.3430156111717224,,581815.4285714285
236779,,0.0,581817.1904761905
236790,0.3430156111717224,,581836.5714285715
236791,,0.0,581838.3333333334
236796,0.3430156111717224,,581847.1428571428
236797,,0.0,581848.9047619047
236803,0.3430156111717224,,581859.4761904762
236804,,0.0,581861.2380952381
236818,0.3430256247520447,,581882.0666666667
236819,,1.0,581883.8
236827,0.34303563833236694,,581897.6666666666
236828,,1.0,581899.4
236838,0.3430456519126892,,581916.7333333333
236839,,1.0,581918.4666666667
236850,0.3430556654930115,,581937.5333333333
236851,,1.0,581939.2666666667
236871,0.34306567907333374,,581977.9423076923
236872,,1.0,581980.1153846154
236882,0.343075692653656,,582001.8461538461
236883,,1.0,582004.0192307692
236891,0.34308570623397827,,582021.4038461539
236892,,1.0,582023.5769230769
236904,0.34309571981430054,,582049.6538461539
236905,,1.0,582051.8269230769
236918,0.3431057333946228,,582082.6363636364
236919,,1.0,582085.5
236931,0.34311574697494507,,582119.8636363636
236932,,1.0,582122.7272727273
236938,0.34312576055526733,,582139.9090909091
236939,,1.0,582142.7727272727
236950,0.3431357741355896,,582174.2727272727
236951,,1.0,582177.1363636364
236971,0.34315577149391174,,582216.5869565217
236972,,2.0,582218.7391304348
236977,0.3431757688522339,,582229.5
236978,,2.0,582231.6521739131
236988,0.34319576621055603,,582253.1739130435
236989,,2.0,582255.3260869565
236998,0.3432157635688782,,582274.695652174
236999,,2.0,582276.8478260869
237013,0.34322577714920044,,582301.0
237014,,1.0,582303.0
237026,0.3432357907295227,,582327.0
237027,,1.0,582329.0
237033,0.34324580430984497,,582341.0
237034,,1.0,582343.0
237041,0.34325581789016724,,582357.0
237042,,1.0,582359.0
237052,0.3432658314704895,,582375.3684210526
237053,,1.0,582377.4210526316
237063,0.34327584505081177,,582397.947368421
237064,,1.0,582400.0
237072,0.34328585863113403,,582416.4210526316
237073,,1.0,582418.4736842106
237081,0.3432958722114563,,582434.8947368421
237082,,1.0,582436.947368421
237100,0.3432958722114563,,582463.8936170213
237101,,0.0,582465.5531914893
237112,0.3432958722114563,,582483.8085106383
237113,,0.0,582485.4680851063
237121,0.3432958722114563,,582498.7446808511
237122,,0.0,582500.4042553192
237130,0.3432958722114563,,582513.6808510638
237131,,0.0,582515.340425532
237148,0.3432958722114563,,582537.72
237149,,0.0,582539.2
237158,0.3432958722114563,,582552.52
237159,,0.0,582554.0
237169,0.3432958722114563,,582568.8
237170,,0.0,582570.28
237182,0.3432958722114563,,582588.04
237183,,0.0,582589.52
237199,0.3432958722114563,,582612.32
237200,,0.0,582613.96
237212,0.3432958722114563,,582633.64
237213,,0.0,582635.28
237223,0.3432958722114563,,582651.68
237224,,0.0,582653.32
237234,0.3432958722114563,,582669.72
237235,,0.0,582671.36
237251,0.34330588579177856,,582714.6590909091
237252,,1.0,582717.8636363636
237259,0.34331589937210083,,582740.2954545454
237260,,1.0,582743.5
237270,0.3433259129524231,,582775.5454545454
237271,,1.0,582778.75
237280,0.34333592653274536,,582807.5909090909
237281,,1.0,582810.7954545454
237296,0.3433459401130676,,582834.4255319149
237297,,1.0,582836.1276595745
237312,0.3433559536933899,,582861.659574468
237313,,1.0,582863.3617021276
237319,0.34336596727371216,,582873.5744680851
237320,,1.0,582875.2765957447
237329,0.3433759808540344,,582890.5957446808
237330,,1.0,582892.2978723404
237344,0.3433759808540344,,582911.3191489362
237345,,0.0,582912.8936170213
237359,0.3433759808540344,,582934.9361702128
237360,,0.0,582936.5106382979
237366,0.3433759808540344,,582945.9574468085
237367,,0.0,582947.5319148937
237378,0.3433759808540344,,582964.8510638297
237379,,0.0,582966.4255319149
237393,0.3433759808540344,,582991.7837837838
237394,,0.0,582993.9459459459
237400,0.3433759808540344,,583006.9189189189
237401,,0.0,583009.0810810811
237409,0.3433759808540344,,583026.3783783783
237410,,0.0,583028.5405405406
237417,0.3433759808540344,,583043.6756756756
237418,,0.0,583045.8378378379
237432,0.3433759808540344,,583067.5
237433,,0.0,583069.2727272727
237439,0.3433759808540344,,583079.9090909091
237440,,0.0,583081.6818181818
237454,0.3433759808540344,,583106.5
237455,,0.0,583108.2727272727
237463,0.3433759808540344,,583122.4545454546
237464,,0.0,583124.2272727273
237476,0.3433759808540344,,583144.5
237477,,0.0,583146.5555555555
237484,0.3433759808540344,,583160.9444444445
237485,,0.0,583163.0
237494,0.3433759808540344,,583181.5
237495,,0.0,583183.5555555555
237501,0.3433759808540344,,583195.8888888889
237502,,0.0,583197.9444444445
237517,0.3433759808540344,,583221.0
237518,,0.0,583222.75
237527,0.3433759808540344,,583238.5
237528,,0.0,583240.25
237539,0.3433759808540344,,583259.5
237540,,0.0,583261.25
237547,0.3433759808540344,,583273.5
237548,,0.0,583275.25
237568,0.3433859944343567,,583303.7659574468
237569,,1.0,583305.340425532
237577,0.34339600801467896,,583317.9361702128
237578,,1.0,583319.5106382979
237586,0.3434060215950012,,583332.1063829787
237587,,1.0,583333.6808510638
237596,0.3434160351753235,,583347.8510638297
237597,,1.0,583349.4255319149
237610,0.3434160351753235,,583368.619047619
237611,,0.0,583370.380952381
237619,0.3434160351753235,,583384.4761904762
237620,,0.0,583386.2380952381
237629,0.3434160351753235,,583402.0952380953
237630,,0.0,583403.8571428572
237640,0.3434160351753235,,583421.4761904762
237641,,0.0,583423.2380952381
237657,0.34343603253364563,,583458.3125
237658,,2.0,583460.875
237668,0.3434560298919678,,583486.5
237669,,2.0,583489.0625
237676,0.3434760272502899,,583507.0
237677,,2.0,583509.5625
237690,0.34349602460861206,,583542.875
237691,,2.0,583545.4375
237707,0.3435060381889343,,583578.8372093023
237708,,1.0,583581.2093023256
237717,0.3435160517692566,,583602.5581395349
237718,,1.0,583604.9302325582
237725,0.34352606534957886,,583621.5348837209
237726,,1.0,583623.9069767442
237735,0.3435360789299011,,583645.2558139535
237736,,1.0,583647.6279069767
237749,0.3435460925102234,,583672.380952381
237750,,1.0,583674.619047619
237758,0.34355610609054565,,583692.5238095238
237759,,1.0,583694.7619047619
237770,0.3435661196708679,,583719.380952381
237771,,1.0,583721.619047619
237779,0.3435761332511902,,583739.5238095238
237780,,1.0,583741.7619047619
237790,0.34358614683151245,,583763.3421052631
237791,,1.0,583766.1052631579
237799,0.3435961604118347,,583788.2105263158
237800,,1.0,583790.9736842106
237809,0.343606173992157,,583815.8421052631
237810,,1.0,583818.6052631579
237819,0.34361618757247925,,583843.4736842106
237820,,1.0,583846.2368421053
237830,0.34361618757247925,,583866.7058823529
237831,,0.0,583869.2352941176
237840,0.34361618757247925,,583892.0
237841,,0.0,583894.5294117647
237849,0.34361618757247925,,583914.7647058824
237850,,0.0,583917.2941176471
237855,0.34361618757247925,,583929.9411764706
237856,,0.0,583932.4705882353
237870,0.3436361849308014,,583963.4390243902
237871,,2.0,583966.0243902439
237879,0.34365618228912354,,583986.7073170731
237880,,2.0,583989.2926829269
237889,0.3436761796474457,,584012.5609756098
237890,,2.0,584015.1463414634
237898,0.3436961770057678,,584035.8292682926
237899,,2.0,584038.4146341464
237915,0.3437061905860901,,584069.1666666666
237916,,1.0,584071.3333333334
237925,0.34371620416641235,,584090.8333333334
237926,,1.0,584093.0
237930,0.3437262177467346,,584101.6666666666
237931,,1.0,584103.8333333334
237936,0.3437362313270569,,584114.6666666666
237937,,1.0,584116.8333333334
237950,0.3437362313270569,,584137.8095238095
237951,,0.0,584139.6904761905
237961,0.3437362313270569,,584158.5
237962,,0.0,584160.380952381
237974,0.3437362313270569,,584182.9523809524
237975,,0.0,584184.8333333334
237980,0.3437362313270569,,584194.2380952381
237981,,0.0,584196.119047619
237991,0.3437662422657013,,584210.3421052631
237992,,3.0,584212.1052631579
237999,0.3437962532043457,,584224.447368421
238000,,3.0,584226.2105263158
238008,0.3438262641429901,,584240.3157894737
238009,,3.0,584242.0789473684
238020,0.3438562750816345,,584261.4736842106
238021,,3.0,584263.2368421053
238038,0.3438562750816345,,584296.3157894737
238039,,0.0,584298.552631579
238043,0.3438562750816345,,584307.5
238044,,0.0,584309.7368421053
238052,0.3438562750816345,,584327.6315789474
238053,,0.0,584329.8684210526
238060,0.3438562750816345,,584345.5263157894
238061,,0.0,584347.7631578947
238069,0.3438662886619568,,584362.75
238070,,1.0,584365.3
238079,0.34387630224227905,,584388.25
238080,,1.0,584390.8
238089,0.3438863158226013,,584413.75
238090,,1.0,584416.3
238102,0.3438963294029236,,584446.9
238103,,1.0,584449.45
238122,0.34390634298324585,,584482.0
238123,,1.0,584483.875
238133,0.3439163565635681,,584502.625
238134,,1.0,584504.5
238141,0.3439263701438904,,584517.625
238142,,1.0,584519.5
238152,0.34393638372421265,,584538.25
238153,,1.0,584540.125
238166,0.3439563810825348,,584571.7297297297
238167,,2.0,584574.7027027027
238172,0.34397637844085693,,584589.5675675676
238173,,2.0,584592.5405405406
238183,0.3439963757991791,,584622.2702702703
238184,,2.0,584625.2432432432
238191,0.3440163731575012,,584646.0540540541
238192,,2.0,584649.027027027
238217,0.3440163731575012,,584685.6470588235
238218,,0.0,584687.1764705882
238227,0.3440163731575012,,584700.9411764706
238228,,0.0,584702.4705882353
238234,0.3440163731575012,,584711.6470588235
238235,,0.0,584713.1764705882
238244,0.3440163731575012,,584726.9411764706
238245,,0.0,584728.4705882353
238260,0.34403637051582336,,584778.3076923077
238261,,2.0,584782.3333333334
238269,0.3440563678741455,,584814.5384615385
238270,,2.0,584818.5641025641
238276,0.34407636523246765,,584842.717948718
238277,,2.0,584846.7435897436
238285,0.3440963625907898,,584878.9487179487
238286,,2.0,584882.9743589744
238303,0.3440963625907898,,584907.3396226416
238304,,0.0,584908.7924528302
238316,0.3440963625907898,,584926.2264150943
238317,,0.0,584927.679245283
238327,0.3440963625907898,,584942.2075471698
238328,,0.0,584943.6603773584
238340,0.3440963625907898,,584961.0943396227
238341,,0.0,584962.5471698113
238363,0.34411635994911194,,585003.2881355932
238364,,2.0,585005.3559322034
238374,0.3441363573074341,,585026.033898305
238375,,2.0,585028.1016949152
238386,0.3441563546657562,,585050.8474576271
238387,,2.0,585052.9152542372
238401,0.34417635202407837,,585081.8644067796
238402,,2.0,585083.9322033898
238417,0.3441963493824005,,585119.4117647059
238418,,2.0,585122.1960784313
238430,0.34421634674072266,,585155.6078431372
238431,,2.0,585158.3921568628
238443,0.3442363440990448,,585191.8039215687
238444,,2.0,585194.5882352941
238454,0.34425634145736694,,585222.431372549
238455,,2.0,585225.2156862745
238475,0.34425634145736694,,585255.0612244898
238476,,0.0,585256.6530612245
238485,0.34425634145736694,,585270.9795918367
238486,,0.0,585272.5714285715
238495,0.34425634145736694,,585286.8979591837
238496,,0.0,585288.4897959183
238505,0.34425634145736694,,585302.8163265307
238506,,0.0,585304.4081632653
238524,0.3442763388156891,,585340.4117647059
238525,,2.0,585342.7058823529
238535,0.34429633617401123,,585365.6470588235
238536,,2.0,585367.9411764706
238544,0.3443163335323334,,585386.2941176471
238545,,2.0,585388.5882352941
238558,0.3443363308906555,,585418.4117647059
238559,,2.0,585420.7058823529
238573,0.3443363308906555,,585441.0212765958
238574,,0.0,585442.659574468
238582,0.3443363308906555,,585455.7659574468
238583,,0.0,585457.4042553192
238594,0.3443363308906555,,585475.4255319149
238595,,0.0,585477.0638297872
238607,0.3443363308906555,,585496.7234042553
238608,,0.0,585498.3617021276
238626,0.3443363308906555,,585523.8775510204
238627,,0.0,585525.4693877551
238636,0.3443363308906555,,585539.7959183673
238637,,0.0,585541.387755102
238647,0.3443363308906555,,585557.306122449
238648,,0.0,585558.8979591837
238658,0.3443363308906555,,585574.8163265307
238659,,0.0,585576.4081632653
238674,0.3443463444709778,,585601.4782608695
238675,,1.0,585603.4347826086
238685,0.34435635805130005,,585623.0
238686,,1.0,585624.9565217391
238691,0.3443663716316223,,585634.7391304348
238692,,1.0,585636.695652174
238706,0.3443763852119446,,585664.0869565217
238707,,1.0,585666.0434782609
238721,0.3443763852119446,,585690.0
238722,,0.0,585692.0
238730,0.3443763852119446,,585708.0
238731,,0.0,585710.0
238738,0.3443763852119446,,585724.0
238739,,0.0,585726.0
238747,0.3443763852119446,,585742.0
238748,,0.0,585744.0
238761,0.344406396150589,,585759.125
238762,,3.0,585760.4375
238767,0.3444364070892334,,585767.0
238768,,3.0,585768.3125
238774,0.3444664180278778,,585776.1875
238775,,3.0,585777.5
238781,0.3444964289665222,,585785.375
238782,,3.0,585786.6875
238801,0.3445264399051666,,585808.5283018867
238802,,3.0,585809.8113207547
238810,0.34455645084381104,,585820.0754716981
238811,,3.0,585821.358490566
238822,0.34458646178245544,,585835.4716981133
238823,,3.0,585836.7547169811
238836,0.34461647272109985,,585853.4339622641
238837,,3.0,585854.716981132
238853,0.344636470079422,,585889.0
238854,,2.0,585891.5384615385
238862,0.34465646743774414,,585911.8461538461
238863,,2.0,585914.3846153846
238871,0.3446764647960663,,585934.6923076923
238872,,2.0,585937.2307692308
238877,0.3446964621543884,,585949.9230769231
238878,,2.0,585952.4615384615
238894,0.3447064757347107,,585985.8372093023
238895,,1.0,585988.2093023256
238903,0.34471648931503296,,586007.1860465116
238904,,1.0,586009.5581395349
238913,0.3447265028953552,,586030.9069767442
238914,,1.0,586033.2790697674
238922,0.3447365164756775,,586052.2558139535
238923,,1.0,586054.6279069767
238942,0.34475651383399963,,586091.24
238943,,2.0,586093.38
238950,0.3447765111923218,,586108.36
238951,,2.0,586110.5
238964,0.3447965085506439,,586138.32
238965,,2.0,586140.46
238974,0.34481650590896606,,586159.72
238975,,2.0,586161.86
238992,0.34482651948928833,,586190.4782608695
238993,,1.0,586192.3695652174
238996,0.3448365330696106,,586198.0434782609
238997,,1.0,586199.9347826086
239007,0.34484654664993286,,586218.8478260869
239008,,1.0,586220.7391304348
239022,0.3448565602302551,,586247.2173913043
239023,,1.0,586249.1086956522
239034,0.34487655758857727,,586281.1935483871
239035,,2.0,586284.9677419355
239040,0.3448965549468994,,586303.8387096775
239041,,2.0,586307.6129032258
239045,0.34491655230522156,,586322.7096774194
239046,,2.0,586326.4838709678
239055,0.3449365496635437,,586360.4516129033
239056,,2.0,586364.2258064516
239070,0.3449365496635437,,586385.8444444444
239071,,0.0,586387.4666666667
239082,0.3449365496635437,,586405.3111111111
239083,,0.0,586406.9333333333
239091,0.3449365496635437,,586419.911111111
239092,,0.0,586421.5333333333
239102,0.3449365496635437,,586437.7555555556
239103,,0.0,586439.3777777777
239121,0.3449365496635437,,586466.1020408163
239122,,0.0,586467.775510204
239137,0.3449365496635437,,586492.8775510204
239138,,0.0,586494.5510204082
239145,0.3449365496635437,,586506.2653061225
239146,,0.0,586507.9387755102
239153,0.3449365496635437,,586519.6530612245
239154,,0.0,586521.3265306122
239169,0.34495654702186584,,586546.5
239170,,2.0,586548.4583333334
239178,0.344976544380188,,586564.125
239179,,2.0,586566.0833333334
239187,0.34499654173851013,,586581.75
239188,,2.0,586583.7083333334
239203,0.3450165390968323,,586613.0833333334
239204,,2.0,586615.0416666666
239215,0.34502655267715454,,586638.1612903225
239216,,1.0,586640.8064516129
239221,0.3450365662574768,,586654.0322580645
239222,,1.0,586656.6774193548
239231,0.3450465798377991,,586680.4838709678
239232,,1.0,586683.1290322581
239236,0.34505659341812134,,586693.7096774194
239237,,1.0,586696.3548387097
239255,0.3450666069984436,,586733.5652173914
239256,,1.0,586735.8695652174
239267,0.34507662057876587,,586761.2173913043
239268,,1.0,586763.5217391305
239278,0.34508663415908813,,586786.5652173914
239279,,1.0,586788.8695652174
239284,0.3450966477394104,,586800.3913043478
239285,,1.0,586802.695652174
239295,0.3450966477394104,,586819.7567567568
239296,,0.0,586821.8648648649
239300,0.3450966477394104,,586830.2972972973
239301,,0.0,586832.4054054054
239311,0.3450966477394104,,586853.4864864865
239312,,0.0,586855.5945945946
239323,0.3450966477394104,,586878.7837837838
239324,,0.0,586880.8918918918
239337,0.3450966477394104,,586898.4716981133
239338,,0.0,586900.0188679246
239352,0.3450966477394104,,586921.679245283
239353,,0.0,586923.2264150943
239365,0.3450966477394104,,586941.7924528302
239366,,0.0,586943.3396226416
239378,0.3450966477394104,,586961.9056603773
239379,,0.0,586963.4528301887
239397,0.34511664509773254,,586999.0625
239398,,2.0,587001.3333333334
239405,0.3451366424560547,,587017.2291666666
239406,,2.0,587019.5
239419,0.34515663981437683,,587049.0208333334
239420,,2.0,587051.2916666666
239428,0.345176637172699,,587069.4583333334
239429,,2.0,587071.7291666666
239451,0.345176637172699,,587099.224137931
239452,,0.0,587100.551724138
239466,0.345176637172699,,587119.1379310344
239467,,0.0,587120.4655172414
239477,0.345176637172699,,587133.7413793104
239478,,0.0,587135.0689655172
239488,0.345176637172699,,587148.3448275862
239489,,0.0,587149.6724137932
239503,0.34518665075302124,,587169.679245283
239504,,1.0,587171.3773584906
239519,0.3451966643333435,,587196.8490566037
239520,,1.0,587198.5471698113
239534,0.34520667791366577,,587222.320754717
239535,,1.0,587224.0188679246
239543,0.34521669149398804,,587237.6037735849
239544,,1.0,587239.3018867924
239552,0.34521669149398804,,587251.6578947369
239553,,0.0,587253.7894736842
239560,0.34521669149398804,,587268.7105263158
239561,,0.0,587270.8421052631
239571,0.34521669149398804,,587292.1578947369
239572,,0.0,587294.2894736842
239583,0.34521669149398804,,587317.7368421053
239584,,0.0,587319.8684210526
239603,0.3452267050743103,,587360.8571428572
239604,,1.0,587363.2857142857
239611,0.34523671865463257,,587380.2857142857
239612,,1.0,587382.7142857143
239624,0.34524673223495483,,587411.8571428572
239625,,1.0,587414.2857142857
239634,0.3452567458152771,,587436.1428571428
239635,,1.0,587438.5714285715
239653,0.34527674317359924,,587486.3409090909
239654,,2.0,587489.3636363636
239663,0.3452967405319214,,587516.5681818182
239664,,2.0,587519.5909090909
239672,0.34531673789024353,,587543.7727272727
239673,,2.0,587546.7954545454
239680,0.3453367352485657,,587567.9545454546
239681,,2.0,587570.9772727273
239706,0.3453567326068878,,587618.3928571428
239707,,2.0,587620.4107142857
239716,0.34537672996520996,,587638.5714285715
239717,,2.0,587640.5892857143
239723,0.3453967273235321,,587652.6964285715
239724,,2.0,587654.7142857143
239738,0.34541672468185425,,587682.9642857143
239739,,2.0,587684.9821428572
239754,0.34541672468185425,,587707.75
239755,,0.0,587709.4791666666
239765,0.34541672468185425,,587726.7708333334
239766,,0.0,587728.5
239775,0.34541672468185425,,587744.0625
239776,,0.0,587745.7916666666
239788,0.34541672468185425,,587766.5416666666
239789,,0.0,587768.2708333334
239803,0.3454267382621765,,587797.5
239804,,1.0,587800.0
239814,0.3454367518424988,,587825.0
239815,,1.0,587827.5
239826,0.34544676542282104,,587855.0
239827,,1.0,587857.5
239836,0.3454567790031433,,587880.0
239837,,1.0,587882.5
239851,0.3454567790031433,,587902.695652174
239852,,0.0,587904.304347826
239863,0.3454567790031433,,587922.0
239864,,0.0,587923.6086956522
239873,0.3454567790031433,,587938.0869565217
239874,,0.0,587939.695652174
239884,0.3454567790031433,,587955.7826086957
239885,,0.0,587957.3913043478
239901,0.3454667925834656,,587985.5909090909
239902,,1.0,587987.6363636364
239913,0.34547680616378784,,588010.1363636364
239914,,1.0,588012.1818181818
239922,0.3454868197441101,,588028.5454545454
239923,,1.0,588030.5909090909
239930,0.3454968333244324,,588044.9090909091
239931,,1.0,588046.9545454546
239945,0.34550684690475464,,588066.5102040817
239946,,1.0,588068.1020408163
239954,0.3455168604850769,,588080.8367346938
239955,,1.0,588082.4285714285
239967,0.34552687406539917,,588101.5306122449
239968,,1.0,588103.1224489796
239981,0.34553688764572144,,588123.8163265307
239982,,1.0,588125.4081632653
239995,0.3455469012260437,,588157.2857142857
239996,,1.0,588160.3142857143
240006,0.34555691480636597,,588190.6
240007,,1.0,588193.6285714286
240011,0.34556692838668823,,588205.7428571428
240012,,1.0,588208.7714285714
240018,0.3455769419670105,,588226.9428571429
240019,,1.0,588229.9714285714
240031,0.3455769419670105,,588251.4736842106
240032,,0.0,588253.5263157894
240039,0.3455769419670105,,588267.8947368421
240040,,0.0,588269.947368421
240049,0.3455769419670105,,588288.4210526316
240050,,0.0,588290.4736842106
240058,0.3455769419670105,,588306.8947368421
240059,,0.0,588308.947368421
240068,0.3455769419670105,,588325.625
240069,,0.0,588328.0625
240079,0.3455769419670105,,588352.4375
240080,,0.0,588354.875
240085,0.3455769419670105,,588367.0625
240086,,0.0,588369.5
240092,0.3455769419670105,,588384.125
240093,,0.0,588386.5625
240109,0.3455769419670105,,588411.3720930233
240110,,0.0,588413.0930232558
240120,0.3455769419670105,,588430.3023255814
240121,,0.0,588432.023255814
240129,0.3455769419670105,,588445.7906976744
240130,,0.0,588447.5116279069
240137,0.3455769419670105,,588459.5581395349
240138,,0.0,588461.2790697674
240155,0.3455769419670105,,588484.875
240156,,0.0,588486.4375
240164,0.3455769419670105,,588498.9375
240165,,0.0,588500.5
240179,0.3455769419670105,,588522.375
240180,,0.0,588523.9375
240187,0.3455769419670105,,588534.875
240188,,0.0,588536.4375
240204,0.3455769419670105,,588557.6326530612
240205,,0.0,588559.1428571428
240219,0.3455769419670105,,588580.2857142857
240220,,0.0,588581.7959183673
240229,0.3455769419670105,,588595.387755102
240230,,0.0,588596.8979591837
240238,0.3455769419670105,,588608.9795918367
240239,,0.0,588610.4897959183
240253,0.3455769419670105,,588631.0208333334
240254,,0.0,588632.75
240266,0.3455769419670105,,588653.5
240267,,0.0,588655.2291666666
240276,0.3455769419670105,,588670.7916666666
240277,,0.0,588672.5208333334
240288,0.3455769419670105,,588691.5416666666
240289,,0.0,588693.2708333334
240302,0.3455769419670105,,588717.4242424242
240303,,0.0,588719.6666666666
240312,0.3455769419670105,,588739.8484848485
240313,,0.0,588742.0909090909
240317,0.3455769419670105,,588751.0606060605
240318,,0.0,588753.303030303
240323,0.3455769419670105,,588764.5151515151
240324,,0.0,588766.7575757576
240341,0.3455769419670105,,588790.0
240342,,0.0,588791.5
240353,0.3455769419670105,,588808.0
240354,,0.0,588809.5
240363,0.3455769419670105,,588823.0
240364,,0.0,588824.5
240377,0.3455769419670105,,588844.0
240378,,0.0,588845.5
240390,0.34558695554733276,,588872.2972972973
240391,,1.0,588875.1081081082
240397,0.34559696912765503,,588891.972972973
240398,,1.0,588894.7837837838
240407,0.3456069827079773,,588920.0810810811
240408,,1.0,588922.8918918918
240416,0.34561699628829956,,588945.3783783783
240417,,1.0,588948.1891891892
240431,0.3456369936466217,,588980.3333333334
240432,,2.0,588983.0
240442,0.34565699100494385,,589009.6666666666
240443,,2.0,589012.3333333334
240453,0.345676988363266,,589039.0
240454,,2.0,589041.6666666666
240463,0.34569698572158813,,589065.6666666666
240464,,2.0,589068.3333333334
240477,0.34572699666023254,,589093.6829268293
240478,,3.0,589095.9512195121
240485,0.34575700759887695,,589111.8292682926
240486,,3.0,589114.0975609756
240495,0.34578701853752136,,589134.512195122
240496,,3.0,589136.7804878049
240506,0.34581702947616577,,589159.4634146341
240507,,3.0,589161.731707317
240515,0.34582704305648804,,589174.5405405406
240516,,1.0,589176.6486486486
240522,0.3458370566368103,,589189.2972972973
240523,,1.0,589191.4054054054
240532,0.34584707021713257,,589210.3783783783
240533,,1.0,589212.4864864865
240545,0.34585708379745483,,589237.7837837838
240546,,1.0,589239.8918918918
240564,0.3458670973777771,,589281.6666666666
240565,,1.0,589284.3111111111
240575,0.34587711095809937,,589310.7555555556
240576,,1.0,589313.4
240582,0.34588712453842163,,589329.2666666667
240583,,1.0,589331.911111111
240592,0.3458971381187439,,589355.7111111111
240593,,1.0,589358.3555555556
240609,0.34590715169906616,,589384.7872340425
240610,,1.0,589386.6170212766
240619,0.3459171652793884,,589403.085106383
240620,,1.0,589404.914893617
240629,0.3459271788597107,,589421.3829787234
240630,,1.0,589423.2127659575
240641,0.34593719244003296,,589443.340425532
240642,,1.0,589445.1702127659
240653,0.3459472060203552,,589460.8666666667
240654,,1.0,589462.6
240663,0.3459572196006775,,589478.2
240664,,1.0,589479.9333333333
240677,0.34596723318099976,,589502.4666666667
240678,,1.0,589504.2
240688,0.345977246761322,,589521.5333333333
240689,,1.0,589523.2666666667
240700,0.34599724411964417,,589555.1538461539
240701,,2.0,589558.9230769231
240711,0.3460172414779663,,589596.6153846154
240712,,2.0,589600.3846153846
240719,0.34603723883628845,,589626.7692307692
240720,,2.0,589630.5384615385
240729,0.3460572361946106,,589664.4615384615
240730,,2.0,589668.2307692308
240746,0.346087247133255,,589689.3333333334
240747,,3.0,589690.6666666666
240759,0.3461172580718994,,589706.6666666666
240760,,3.0,589708.0
240771,0.3461472690105438,,589722.6666666666
240772,,3.0,589724.0
240782,0.34617727994918823,,589737.3333333334
240783,,3.0,589738.6666666666
240798,0.34617727994918823,,589757.0769230769
240799,,0.0,589758.5
240806,0.34617727994918823,,589768.4615384615
240807,,0.0,589769.8846153846
240820,0.34617727994918823,,589788.3846153846
240821,,0.0,589789.8076923077
240836,0.34617727994918823,,589811.1538461539
240837,,0.0,589812.5769230769
240848,0.34617727994918823,,589830.8205128205
240849,,0.0,589832.9230769231
240856,0.34617727994918823,,589847.641025641
240857,,0.0,589849.7435897436
240867,0.34617727994918823,,589870.7692307692
240868,,0.0,589872.8717948718
240877,0.34617727994918823,,589891.7948717949
240878,,0.0,589893.8974358974
240895,0.34617727994918823,,589927.027027027
240896,,0.0,589929.2432432432
240902,0.34617727994918823,,589942.5405405406
240903,,0.0,589944.7567567568
240908,0.34617727994918823,,589955.8378378379
240909,,0.0,589958.0540540541
240916,0.34617727994918823,,589973.5675675676
240917,,0.0,589975.7837837838
240932,0.34617727994918823,,590002.6315789474
240933,,0.0,590004.6842105263
240938,0.34617727994918823,,590014.947368421
240939,,0.0,590017.0
240950,0.34617727994918823,,590039.5789473684
240951,,0.0,590041.6315789474
240956,0.34617727994918823,,590051.8947368421
240957,,0.0,590053.947368421
240972,0.3461972773075104,,590103.7
240973,,2.0,590107.675
240982,0.3462172746658325,,590143.45
240983,,2.0,590147.425
240990,0.34623727202415466,,590175.25
240991,,2.0,590179.225
240998,0.3462572693824768,,590207.05
240999,,2.0,590211.025
241016,0.3462572693824768,,590240.5111111111
241017,,0.0,590242.3333333334
241028,0.3462572693824768,,590262.3777777777
241029,,0.0,590264.2
241037,0.3462572693824768,,590278.7777777778
241038,,0.0,590280.6
241045,0.3462572693824768,,590293.3555555556
241046,,0.0,590295.1777777778
241059,0.3462572693824768,,590316.512195122
241060,,0.0,590318.4634146341
241069,0.3462572693824768,,590336.0243902439
241070,,0.0,590337.9756097561
241080,0.3462572693824768,,590357.487804878
241081,,0.0,590359.4390243902
241088,0.3462572693824768,,590373.0975609756
241089,,0.0,590375.0487804879
241105,0.3462572693824768,,590402.2352941176
241106,,0.0,590404.1764705882
241118,0.3462572693824768,,590427.4705882353
241119,,0.0,590429.4117647059
241131,0.3462572693824768,,590452.7058823529
241132,,0.0,590454.6470588235
241141,0.3462572693824768,,590472.1176470588
241142,,0.0,590474.0588235294
241155,0.34627726674079895,,590515.4594594594
241156,,2.0,590519.4054054054
241164,0.3462972640991211,,590550.972972973
241165,,2.0,590554.9189189189
241172,0.34631726145744324,,590582.5405405406
241173,,2.0,590586.4864864865
241180,0.3463372588157654,,590614.1081081082
241181,,2.0,590618.0540540541
241194,0.34634727239608765,,590639.8260869565
241195,,1.0,590641.6086956522
241202,0.3463572859764099,,590654.0869565217
241203,,1.0,590655.8695652174
241216,0.3463672995567322,,590679.0434782609
241217,,1.0,590680.8260869565
241228,0.34637731313705444,,590700.4347826086
241229,,1.0,590702.2173913043
241250,0.3463973104953766,,590765.0
241251,,2.0,590768.3888888889
241262,0.34641730785369873,,590805.6666666666
241263,,2.0,590809.0555555555
241274,0.3464373052120209,,590846.3333333334
241275,,2.0,590849.7222222222
241284,0.346457302570343,,590880.2222222222
241285,,2.0,590883.6111111111
241297,0.3464673161506653,,590903.5681818182
241298,,1.0,590905.4090909091
241308,0.34647732973098755,,590923.8181818182
241309,,1.0,590925.6590909091
241321,0.3464873433113098,,590947.75
241322,,1.0,590949.5909090909
241330,0.3464973568916321,,590964.3181818182
241331,,1.0,590966.1590909091
241345,0.3465273678302765,,590990.0
241346,,3.0,590992.0
241356,0.3465573787689209,,591012.0
241357,,3.0,591014.0
241366,0.3465873897075653,,591032.0
241367,,3.0,591034.0
241377,0.3466174006462097,,591054.0
241378,,3.0,591056.0
241401,0.34663739800453186,,591094.3636363636
241402,,2.0,591096.1818181818
241414,0.346657395362854,,591118.0
241415,,2.0,591119.8181818182
241425,0.34667739272117615,,591138.0
241426,,2.0,591139.8181818182
241434,0.3466973900794983,,591154.3636363636
241435,,2.0,591156.1818181818
241448,0.3466973900794983,,591175.7272727273
241449,,0.0,591177.5
241461,0.3466973900794983,,591198.7727272727
241462,,0.0,591200.5454545454
241468,0.3466973900794983,,591211.1818181818
241469,,0.0,591212.9545454546
241480,0.3466973900794983,,591232.4545454546
241481,,0.0,591234.2272727273
241496,0.3466973900794983,,591257.1428571428
241497,,0.0,591258.9047619047
241504,0.3466973900794983,,591271.2380952381
241505,,0.0,591273.0
241513,0.3466973900794983,,591287.0952380953
241514,,0.0,591288.8571428572
241524,0.3466973900794983,,591306.4761904762
241525,,0.0,591308.2380952381
241546,0.34671738743782043,,591374.5
241547,,2.0,591378.0833333334
241554,0.3467373847961426,,591403.1666666666
241555,,2.0,591406.75
241565,0.3467573821544647,,591442.5833333334
241566,,2.0,591446.1666666666
241574,0.34677737951278687,,591474.8333333334
241575,,2.0,591478.4166666666
241593,0.34678739309310913,,591508.9318181818
241594,,1.0,591510.7272727273
241600,0.3467974066734314,,591521.5
241601,,1.0,591523.2954545454
241608,0.34680742025375366,,591535.8636363636
241609,,1.0,591537.6590909091
241620,0.3468174338340759,,591557.4090909091
241621,,1.0,591559.2045454546
241632,0.34684744477272034,,591571.5263157894
241633,,3.0,591572.8421052631
241643,0.34687745571136475,,591586.0
241644,,3.0,591587.3157894737
241654,0.34690746665000916,,591600.4736842106
241655,,3.0,591601.7894736842
241660,0.34693747758865356,,591608.3684210526
241661,,3.0,591609.6842105263
241676,0.34694749116897583,,591644.0
241677,,1.0,591646.75
241687,0.3469575047492981,,591674.25
241688,,1.0,591677.0
241691,0.34696751832962036,,591685.25
241692,,1.0,591688.0
241702,0.3469775319099426,,591715.5
241703,,1.0,591718.25
241720,0.3469875454902649,,591748.3913043478
241721,,1.0,591750.3478260869
241728,0.34699755907058716,,591764.0434782609
241729,,1.0,591766.0
241740,0.3470075726509094,,591787.5217391305
241741,,1.0,591789.4782608695
241750,0.3470175862312317,,591807.0869565217
241751,,1.0,591809.0434782609
241764,0.34703758358955383,,591852.9512195121
241765,,2.0,591857.1463414634
241774,0.347057580947876,,591894.9024390244
241775,,2.0,591899.0975609756
241782,0.3470775783061981,,591928.4634146341
241783,,2.0,591932.6585365854
241793,0.34709757566452026,,591974.6097560975
241794,,2.0,591978.8048780488
241811,0.34709757566452026,,592003.7307692308
241812,,0.0,592005.2115384615
241820,0.34709757566452026,,592017.0576923077
241821,,0.0,592018.5384615385
241835,0.34709757566452026,,592039.2692307692
241836,,0.0,592040.75
241847,0.34709757566452026,,592057.0384615385
241848,,0.0,592058.5192307692
241863,0.3471275866031647,,592107.0588235294
241864,,3.0,592110.9803921569
241873,0.3471575975418091,,592146.274509804
241874,,3.0,592150.1960784313
241885,0.3471876084804535,,592193.3333333334
241886,,3.0,592197.2549019608
241900,0.3472176194190979,,592252.1568627451
241901,,3.0,592256.0784313725
241913,0.34723761677742004,,592290.375
241914,,2.0,592293.75
241926,0.3472576141357422,,592334.25
241927,,2.0,592337.625
241934,0.34727761149406433,,592361.25
241935,,2.0,592364.625
241950,0.3472976088523865,,592415.25
241951,,2.0,592418.625
241964,0.34730762243270874,,592447.2380952381
241965,,1.0,592449.7619047619
241972,0.347317636013031,,592467.4285714285
241973,,1.0,592469.9523809524
241982,0.34732764959335327,,592492.6666666666
241983,,1.0,592495.1904761905
241994,0.34733766317367554,,592522.9523809524
241995,,1.0,592525.4761904762
242012,0.34733766317367554,,592552.0930232558
242013,,0.0,592553.8139534884
242021,0.34733766317367554,,592567.5813953489
242022,,0.0,592569.3023255814
242034,0.34733766317367554,,592589.9534883721
242035,,0.0,592591.6744186047
242039,0.34733766317367554,,592598.5581395349
242040,,0.0,592600.2790697674
242056,0.3473476767539978,,592627.6904761905
242057,,1.0,592629.6666666666
242065,0.34735769033432007,,592645.4761904762
242066,,1.0,592647.4523809524
242074,0.34736770391464233,,592663.2619047619
242075,,1.0,592665.2380952381
242083,0.3473777174949646,,592681.0476190476
242084,,1.0,592683.0238095238
242095,0.34738773107528687,,592701.4210526316
242096,,1.0,592703.4736842106
242104,0.34739774465560913,,592719.8947368421
242105,,1.0,592721.947368421
242118,0.3474077582359314,,592748.6315789474
242119,,1.0,592750.6842105263
242123,0.34741777181625366,,592758.8947368421
242124,,1.0,592760.947368421
242138,0.34741777181625366,,592786.1891891892
242139,,0.0,592788.2972972973
242145,0.34741777181625366,,592800.9459459459
242146,,0.0,592803.0540540541
242156,0.34741777181625366,,592824.1351351351
242157,,0.0,592826.2432432432
242162,0.34741777181625366,,592836.7837837838
242163,,0.0,592838.8918918918
242174,0.34741777181625366,,592856.6
242175,,0.0,592858.55
242181,0.34741777181625366,,592870.25
242182,,0.0,592872.2
242193,0.34741777181625366,,592893.65
242194,,0.0,592895.6
242204,0.34741777181625366,,592915.1
242205,,0.0,592917.05
242221,0.34741777181625366,,592942.5813953489
242222,,0.0,592944.3953488372
242231,0.34741777181625366,,592960.7209302326
242232,,0.0,592962.5348837209
242240,0.34741777181625366,,592977.0465116279
242241,,0.0,592978.8604651163
242249,0.34741777181625366,,592993.3720930233
242250,,0.0,592995.1860465116
242268,0.34741777181625366,,593021.8936170213
242269,,0.0,593023.5531914893
242279,0.34741777181625366,,593040.1489361703
242280,,0.0,593041.8085106383
242291,0.34741777181625366,,593060.0638297872
242292,,0.0,593061.7234042553
242298,0.34741777181625366,,593071.6808510638
242299,,0.0,593073.340425532
242313,0.34741777181625366,,593092.3191489362
242314,,0.0,593093.8936170213
242324,0.34741777181625366,,593109.6382978724
242325,,0.0,593111.2127659575
242337,0.34741777181625366,,593130.1063829787
242338,,0.0,593131.6808510638
242347,0.34741777181625366,,593145.8510638297
242348,,0.0,593147.4255319149
242363,0.34741777181625366,,593172.4
242364,,0.0,593174.35
242369,0.34741777181625366,,593184.1
242370,,0.0,593186.05
242379,0.34741777181625366,,593203.6
242380,,0.0,593205.55
242389,0.34741777181625366,,593223.1
242390,,0.0,593225.05
242407,0.34741777181625366,,593253.6341463415
242408,,0.0,593255.5365853659
242416,0.34741777181625366,,593270.756097561
242417,,0.0,593272.6585365854
242422,0.34741777181625366,,593282.1707317074
242423,,0.0,593284.0731707317
242432,0.34741777181625366,,593301.1951219512
242433,,0.0,593303.0975609756
242448,0.3474277853965759,,593323.3529411765
242449,,1.0,593324.8823529412
242460,0.3474377989768982,,593341.7058823529
242461,,1.0,593343.2352941176
242473,0.34744781255722046,,593361.5882352941
242474,,1.0,593363.1176470588
242485,0.3474578261375427,,593379.9411764706
242486,,1.0,593381.4705882353
242500,0.3474578261375427,,593401.5
242501,,0.0,593403.1818181818
242513,0.3474578261375427,,593423.3636363636
242514,,0.0,593425.0454545454
242522,0.3474578261375427,,593438.5
242523,,0.0,593440.1818181818
242531,0.3474578261375427,,593453.6363636364
242532,,0.0,593455.3181818182
242547,0.3474578261375427,,593480.3684210526
242548,,0.0,593482.3157894737
242557,0.3474578261375427,,593499.8421052631
242558,,0.0,593501.7894736842
242564,0.3474578261375427,,593513.4736842106
242565,,0.0,593515.4210526316
242571,0.3474578261375427,,593527.1052631579
242572,,0.0,593529.052631579
242583,0.347467839717865,,593549.4615384615
242584,,1.0,593551.7692307692
242593,0.34747785329818726,,593572.5384615385
242594,,1.0,593574.8461538461
242604,0.3474878668785095,,593597.9230769231
242605,,1.0,593600.2307692308
242612,0.3474978804588318,,593616.3846153846
242613,,1.0,593618.6923076923
242623,0.3474978804588318,,593633.1333333333
242624,,0.0,593634.8666666667
242634,0.3474978804588318,,593652.2
242635,,0.0,593653.9333333333
242648,0.3474978804588318,,593676.4666666667
242649,,0.0,593678.2
242659,0.3474978804588318,,593695.5333333333
242660,,0.0,593697.2666666667
242672,0.3474978804588318,,593713.9361702128
242673,,0.0,593715.5957446808
242687,0.3474978804588318,,593738.8297872341
242688,,0.0,593740.4893617021
242699,0.3474978804588318,,593758.7446808511
242700,,0.0,593760.4042553192
242708,0.3474978804588318,,593773.6808510638
242709,,0.0,593775.340425532
242726,0.3474978804588318,,593801.6666666666
242727,,0.0,593803.4285714285
242735,0.3474978804588318,,593817.5238095238
242736,,0.0,593819.2857142857
242741,0.3474978804588318,,593828.0952380953
242742,,0.0,593829.8571428572
242752,0.3474978804588318,,593847.4761904762
242753,,0.0,593849.2380952381
242767,0.3475278913974762,,593894.1372549019
242768,,3.0,593898.0588235294
242779,0.3475579023361206,,593941.1960784313
242780,,3.0,593945.1176470588
242789,0.347587913274765,,593980.4117647059
242790,,3.0,593984.3333333334
242805,0.3476179242134094,,594043.1568627451
242806,,3.0,594047.0784313725
242819,0.3476279377937317,,594067.4444444445
242820,,1.0,594069.088888889
242830,0.34763795137405396,,594085.5333333333
242831,,1.0,594087.1777777778
242840,0.3476479649543762,,594101.9777777778
242841,,1.0,594103.6222222223
242852,0.3476579785346985,,594121.7111111111
242853,,1.0,594123.3555555556
242868,0.3476579785346985,,594144.304347826
242869,,0.0,594145.9130434783
242875,0.3476579785346985,,594155.5652173914
242876,,0.0,594157.1739130435
242888,0.3476579785346985,,594176.4782608695
242889,,0.0,594178.0869565217
242900,0.3476579785346985,,594195.7826086957
242901,,0.0,594197.3913043478
242919,0.3476579785346985,,594222.8775510204
242920,,0.0,594224.4693877551
242929,0.3476579785346985,,594238.7959183673
242930,,0.0,594240.387755102
242942,0.3476579785346985,,594259.4897959183
242943,,0.0,594261.081632653
242951,0.3476579785346985,,594273.8163265307
242952,,0.0,594275.4081632653
242969,0.3476579785346985,,594301.0930232558
242970,,0.0,594302.8139534884
242978,0.3476579785346985,,594316.5813953489
242979,,0.0,594318.3023255814
242990,0.3476579785346985,,594337.2325581395
242991,,0.0,594338.9534883721
242996,0.3476579785346985,,594347.5581395349
242997,,0.0,594349.2790697674
243009,0.3476879894733429,,594371.9032258064
243010,,3.0,594374.2258064516
243014,0.3477180004119873,,594383.5161290322
243015,,3.0,594385.8387096775
243021,0.3477480113506317,,594399.7741935484
243022,,3.0,594402.0967741936
243029,0.3477780222892761,,594418.3548387097
243030,,3.0,594420.6774193548
243047,0.3477780222892761,,594444.5833333334
243048,,0.0,594446.125
243062,0.3477780222892761,,594467.7083333334
243063,,0.0,594469.25
243072,0.3477780222892761,,594483.125
243073,,0.0,594484.6666666666
243079,0.3477780222892761,,594493.9166666666
243080,,0.0,594495.4583333334
243091,0.34780803322792053,,594532.1219512195
243092,,3.0,594536.512195122
243100,0.34783804416656494,,594571.6341463415
243101,,3.0,594576.0243902439
243110,0.34786805510520935,,594615.5365853659
243111,,3.0,594619.9268292683
243122,0.34789806604385376,,594668.2195121951
243123,,3.0,594672.6097560975
243133,0.347908079624176,,594692.5555555555
243134,,1.0,594694.7777777778
243141,0.3479180932044983,,594710.3333333334
243142,,1.0,594712.5555555555
243152,0.34792810678482056,,594734.7777777778
243153,,1.0,594737.0
243160,0.3479381203651428,,594752.5555555555
243161,,1.0,594754.7777777778
243173,0.3479381203651428,,594774.5263157894
243174,,0.0,594776.4736842106
243183,0.3479381203651428,,594794.0
243184,,0.0,594795.947368421
243192,0.3479381203651428,,594811.5263157894
243193,,0.0,594813.4736842106
243200,0.3479381203651428,,594827.1052631579
243201,,0.0,594829.052631579
243214,0.3479381203651428,,594848.619047619
243215,,0.0,594850.380952381
243223,0.3479381203651428,,594864.4761904762
243224,,0.0,594866.2380952381
243233,0.3479381203651428,,594882.0952380953
243234,,0.0,594883.8571428572
243244,0.3479381203651428,,594901.4761904762
243245,,0.0,594903.2380952381
243259,0.3479481339454651,,594926.5217391305
243260,,1.0,594928.4782608695
243267,0.34795814752578735,,594942.1739130435
243268,,1.0,594944.1304347826
243278,0.3479681611061096,,594963.695652174
243279,,1.0,594965.6521739131
243292,0.3479781746864319,,594991.0869565217
243293,,1.0,594993.0434782609
243306,0.3479781746864319,,595010.5319148937
243307,,0.0,595012.085106383
243318,0.3479781746864319,,595029.1702127659
243319,,0.0,595030.7234042553
243331,0.3479781746864319,,595049.3617021276
243332,,0.0,595050.914893617
243341,0.3479781746864319,,595064.8936170213
243342,,0.0,595066.4468085107
243355,0.34798818826675415,,595091.3333333334
243356,,1.0,595093.6666666666
243366,0.3479982018470764,,595117.0
243367,,1.0,595119.3333333334
243377,0.3480082154273987,,595142.6666666666
243378,,1.0,595145.0
243385,0.34801822900772095,,595161.3333333334
243386,,1.0,595163.6666666666
243400,0.3480282425880432,,595186.35
243401,,1.0,595188.2
243408,0.3480382561683655,,595201.15
243409,,1.0,595203.0
243418,0.34804826974868774,,595219.65
243419,,1.0,595221.5
243427,0.34805828332901,,595236.3
243428,,1.0,595238.15
243444,0.3480682969093323,,595267.4054054054
243445,,1.0,595269.5135135135
243452,0.34807831048965454,,595284.2702702703
243453,,1.0,595286.3783783783
243460,0.3480883240699768,,595301.1351351351
243461,,1.0,595303.2432432432
243466,0.3480983376502991,,595313.7837837838
243467,,1.0,595315.8918918918
243479,0.34810835123062134,,595335.5714285715
243480,,1.0,595337.5238095238
243489,0.3481183648109436,,595355.0952380953
243490,,1.0,595357.0476190476
243500,0.34812837839126587,,595376.5714285715
243501,,1.0,595378.5238095238
243510,0.34813839197158813,,595396.0952380953
243511,,1.0,595398.0476190476
243526,0.3481484055519104,,595423.4
243527,,1.0,595425.35
243533,0.34815841913223267,,595437.05
243534,,1.0,595439.0
243543,0.34816843271255493,,595456.55
243544,,1.0,595458.5
243552,0.3481784462928772,,595474.1
243553,,1.0,595476.05
243569,0.34818845987319946,,595502.1428571428
243570,,1.0,595504.0
243578,0.34819847345352173,,595518.8571428572
243579,,1.0,595520.7142857143
243586,0.348208487033844,,595533.7142857143
243587,,1.0,595535.5714285715
243596,0.34821850061416626,,595552.2857142857
243597,,1.0,595554.1428571428
243613,0.34821850061416626,,595582.0
243614,,0.0,595584.0
243621,0.34821850061416626,,595598.0
243622,,0.0,595600.0
243631,0.34821850061416626,,595618.0
243632,,0.0,595620.0
243637,0.34821850061416626,,595630.0
243638,,0.0,595632.0
243655,0.34824851155281067,,595686.8301886793
243656,,3.0,595690.6037735849
243665,0.3482785224914551,,595724.5660377359
243666,,3.0,595728.3396226416
243677,0.3483085334300995,,595769.8490566037
243678,,3.0,595773.6226415094
243692,0.3483385443687439,,595826.4528301887
243693,,3.0,595830.2264150943
243706,0.3483385443687439,,595850.976744186
243707,,0.0,595852.6744186047
243717,0.3483385443687439,,595869.6511627907
243718,,0.0,595871.3488372093
243728,0.3483385443687439,,595888.3255813953
243729,,0.0,595890.023255814
243737,0.3483385443687439,,595903.6046511628
243738,,0.0,595905.3023255814
243754,0.34834855794906616,,595929.8913043478
243755,,1.0,595931.6521739131
243763,0.3483585715293884,,595945.7391304348
243764,,1.0,595947.5
243774,0.3483685851097107,,595965.1086956522
243775,,1.0,595966.8695652174
243785,0.34837859869003296,,595984.4782608695
243786,,1.0,595986.2391304348
243796,0.3483985960483551,,596013.8611111111
243797,,2.0,596017.5555555555
243804,0.34841859340667725,,596043.4166666666
243805,,2.0,596047.1111111111
243813,0.3484385907649994,,596076.6666666666
243814,,2.0,596080.3611111111
243823,0.34845858812332153,,596113.6111111111
243824,,2.0,596117.3055555555
243843,0.34845858812332153,,596145.6666666666
243844,,0.0,596147.2083333334
243852,0.34845858812332153,,596159.5416666666
243853,,0.0,596161.0833333334
243862,0.34845858812332153,,596174.9583333334
243863,,0.0,596176.5
243873,0.34845858812332153,,596191.9166666666
243874,,0.0,596193.4583333334
243890,0.3484686017036438,,596216.32
243891,,1.0,596217.96
243900,0.34847861528396606,,596232.72
243901,,1.0,596234.36
243915,0.34848862886428833,,596257.32
243916,,1.0,596258.96
243925,0.3484986424446106,,596273.72
243926,,1.0,596275.36
243940,0.34851863980293274,,596314.9607843137
243941,,2.0,596318.4117647059
243956,0.3485386371612549,,596370.1764705882
243957,,2.0,596373.6274509804
243967,0.348558634519577,,596408.1372549019
243968,,2.0,596411.5882352941
243978,0.34857863187789917,,596446.0980392157
243979,,2.0,596449.5490196078
243995,0.34857863187789917,,596476.6888888889
243996,,0.0,596478.5111111111
244003,0.34857863187789917,,596491.2666666667
244004,,0.0,596493.088888889
244013,0.34857863187789917,,596509.4888888889
244014,,0.0,596511.3111111111
244025,0.34857863187789917,,596531.3555555556
244026,,0.0,596533.1777777778
244044,0.34857863187789917,,596562.5581395349
244045,,0.0,596564.3953488372
244051,0.34857863187789917,,596575.4186046511
244052,,0.0,596577.2558139535
244059,0.34857863187789917,,596590.1162790698
244060,,0.0,596591.9534883721
244070,0.34857863187789917,,596610.3255813953
244071,,0.0,596612.1627906977
244085,0.34857863187789917,,596636.5789473684
244086,,0.0,596638.6315789474
244094,0.34857863187789917,,596655.052631579
244095,,0.0,596657.1052631579
244101,0.34857863187789917,,596669.4210526316
244102,,0.0,596671.4736842106
244110,0.34857863187789917,,596687.8947368421
244111,,0.0,596689.947368421
244126,0.34857863187789917,,596714.2857142857
244127,,0.0,596716.1428571428
244135,0.34857863187789917,,596731.0
244136,,0.0,596732.8571428572
244146,0.34857863187789917,,596751.4285714285
244147,,0.0,596753.2857142857
244154,0.34857863187789917,,596766.2857142857
244155,,0.0,596768.1428571428
244168,0.34857863187789917,,596787.5555555555
244169,,0.0,596789.3111111111
244180,0.34857863187789917,,596808.6222222223
244181,,0.0,596810.3777777777
244191,0.34857863187789917,,596827.9333333333
244192,,0.0,596829.6888888889
244201,0.34857863187789917,,596845.4888888889
244202,,0.0,596847.2444444444
244216,0.34857863187789917,,596867.2553191489
244217,,0.0,596868.914893617
244230,0.34857863187789917,,596890.4893617021
244231,,0.0,596892.1489361703
244239,0.34857863187789917,,596905.4255319149
244240,,0.0,596907.085106383
244250,0.34857863187789917,,596923.6808510638
244251,,0.0,596925.340425532
244263,0.34857863187789917,,596945.0
244264,,0.0,596947.0
244271,0.34857863187789917,,596961.0
244272,,0.0,596963.0
244277,0.34857863187789917,,596973.0
244278,,0.0,596975.0
244289,0.34857863187789917,,596997.0
244290,,0.0,596999.0
244300,0.34858864545822144,,597015.0
244301,,1.0,597017.0
244307,0.3485986590385437,,597029.0
244308,,1.0,597031.0
244318,0.34860867261886597,,597051.0
244319,,1.0,597053.0
244330,0.34861868619918823,,597075.0
244331,,1.0,597077.0
244345,0.3486386835575104,,597104.1086956522
244346,,2.0,597106.3913043478
244356,0.3486586809158325,,597129.2173913043
244357,,2.0,597131.5
244365,0.34867867827415466,,597149.7608695652
244366,,2.0,597152.0434782609
244378,0.3486986756324768,,597179.4347826086
244379,,2.0,597181.7173913043
244397,0.3486986756324768,,597207.4
244398,,0.0,597208.96
244410,0.3486986756324768,,597227.68
244411,,0.0,597229.24
244421,0.3486986756324768,,597244.84
244422,,0.0,597246.4
244430,0.3486986756324768,,597258.88
244431,,0.0,597260.44
244444,0.3487086892127991,,597287.6818181818
244445,,1.0,597290.25
244454,0.34871870279312134,,597313.3636363636
244455,,1.0,597315.9318181818
244466,0.3487287163734436,,597344.1818181818
244467,,1.0,597346.75
244476,0.34873872995376587,,597369.8636363636
244477,,1.0,597372.4318181818
244495,0.34873872995376587,,597399.1304347826
244496,,0.0,597400.7391304348
244506,0.34873872995376587,,597416.8260869565
244507,,0.0,597418.4347826086
244515,0.34873872995376587,,597431.304347826
244516,,0.0,597432.9130434783
244524,0.34873872995376587,,597445.7826086957
244525,,0.0,597447.3913043478
244534,0.34874874353408813,,597461.9
244535,,1.0,597464.05
244547,0.3487587571144104,,597489.85
244548,,1.0,597492.0
244558,0.34876877069473267,,597513.5
244559,,1.0,597515.65
244566,0.34877878427505493,,597530.7
244567,,1.0,597532.85
244582,0.34877878427505493,,597554.914893617
244583,,0.0,597556.5744680851
244592,0.34877878427505493,,597571.5106382979
244593,,0.0,597573.1702127659
244602,0.34877878427505493,,597588.1063829787
244603,,0.0,597589.7659574468
244615,0.34877878427505493,,597609.6808510638
244616,,0.0,597611.340425532
244631,0.34877878427505493,,597633.6511627907
244632,,0.0,597635.3720930233
244639,0.34877878427505493,,597647.4186046511
244640,,0.0,597649.1395348837
244651,0.34877878427505493,,597668.0697674418
244652,,0.0,597669.7906976744
244660,0.34877878427505493,,597683.5581395349
244661,,0.0,597685.2790697674
244670,0.34877878427505493,,597700.3714285714
244671,,0.0,597702.6
244681,0.34877878427505493,,597724.8857142857
244682,,0.0,597727.1142857143
244688,0.34877878427505493,,597740.4857142858
244689,,0.0,597742.7142857143
244697,0.34877878427505493,,597760.5428571429
244698,,0.0,597762.7714285714
244710,0.34877878427505493,,597780.8571428572
244711,,0.0,597782.619047619
244718,0.34877878427505493,,597794.9523809524
244719,,0.0,597796.7142857143
244727,0.34877878427505493,,597810.8095238095
244728,,0.0,597812.5714285715
244741,0.34877878427505493,,597835.4761904762
244742,,0.0,597837.2380952381
244758,0.34877878427505493,,597860.3777777777
244759,,0.0,597862.0222222222
244768,0.34877878427505493,,597876.8222222222
244769,,0.0,597878.4666666667
244780,0.34877878427505493,,597896.5555555555
244781,,0.0,597898.2
244788,0.34877878427505493,,597909.7111111111
244789,,0.0,597911.3555555556
244806,0.34877878427505493,,597942.5135135135
244807,,0.0,597944.6216216217
244814,0.34877878427505493,,597959.3783783783
244815,,0.0,597961.4864864865
244818,0.34877878427505493,,597967.8108108108
244819,,0.0,597969.9189189189
244827,0.34877878427505493,,597986.7837837838
244828,,0.0,597988.8918918918
244842,0.34877878427505493,,598010.380952381
244843,,0.0,598012.1428571428
244849,0.34877878427505493,,598022.7142857143
244850,,0.0,598024.4761904762
244861,0.34877878427505493,,598043.8571428572
244862,,0.0,598045.619047619
244871,0.34877878427505493,,598061.4761904762
244872,,0.0,598063.2380952381
244885,0.34877878427505493,,598086.0810810811
244886,,0.0,598088.1891891892
244893,0.34877878427505493,,598102.9459459459
244894,,0.0,598105.0540540541
244903,0.34877878427505493,,598124.027027027
244904,,0.0,598126.1351351351
244910,0.34877878427505493,,598138.7837837838
244911,,0.0,598140.8918918918
244924,0.34877878427505493,,598162.5
244925,,0.0,598164.45
244932,0.34877878427505493,,598178.1
244933,,0.0,598180.05
244945,0.34877878427505493,,598203.45
244946,,0.0,598205.4
244952,0.34877878427505493,,598217.1
244953,,0.0,598219.05
244968,0.3487887978553772,,598246.2
244969,,1.0,598248.3
244975,0.34879881143569946,,598260.9
244976,,1.0,598263.0
244986,0.34880882501602173,,598284.0
244987,,1.0,598286.1
244994,0.348818838596344,,598300.8
244995,,1.0,598302.9
245010,0.34882885217666626,,598330.5384615385
245011,,1.0,598332.6666666666
245021,0.3488388657569885,,598353.9487179487
245022,,1.0,598356.0769230769
245027,0.3488488793373108,,598366.717948718
245028,,1.0,598368.8461538461
245035,0.34885889291763306,,598383.7435897436
245036,,1.0,598385.8717948718
245051,0.3488689064979553,,598414.0
245052,,1.0,598416.1666666666
245061,0.3488789200782776,,598435.6666666666
245062,,1.0,598437.8333333334
245073,0.34888893365859985,,598461.6666666666
245074,,1.0,598463.8333333334
245079,0.3488989472389221,,598474.6666666666
245080,,1.0,598476.8333333334
245098,0.34891894459724426,,598521.1428571428
245099,,2.0,598523.9523809524
245105,0.3489389419555664,,598540.8095238095
245106,,2.0,598543.619047619
245115,0.34895893931388855,,598568.9047619047
245116,,2.0,598571.7142857143
245123,0.3489789366722107,,598591.380952381
245124,,2.0,598594.1904761905
245139,0.3489789366722107,,598620.3684210526
245140,,0.0,598622.3157894737
245144,0.3489789366722107,,598630.1052631579
245145,,0.0,598632.052631579
245153,0.3489789366722107,,598647.6315789474
245154,,0.0,598649.5789473684
245163,0.3489789366722107,,598667.1052631579
245164,,0.0,598669.052631579
245178,0.3489789366722107,,598691.9268292683
245179,,0.0,598693.8292682926
245191,0.3489789366722107,,598716.6585365854
245192,,0.0,598718.5609756098
245201,0.3489789366722107,,598735.6829268293
245202,,0.0,598737.5853658536
245206,0.3489789366722107,,598745.1951219512
245207,,0.0,598747.0975609756
245227,0.34898895025253296,,598780.96
245228,,1.0,598782.84
245238,0.3489989638328552,,598801.64
245239,,1.0,598803.52
245250,0.3490089774131775,,598824.2
245251,,1.0,598826.08
245258,0.34901899099349976,,598839.24
245259,,1.0,598841.12
245275,0.3490389883518219,,598879.3409090909
245276,,2.0,598882.1363636364
245282,0.34905898571014404,,598898.9090909091
245283,,2.0,598901.7045454546
245293,0.3490789830684662,,598929.6590909091
245294,,2.0,598932.4545454546
245304,0.34909898042678833,,598960.4090909091
245305,,2.0,598963.2045454546
245326,0.3491089940071106,,598998.4
245327,,1.0,599000.2
245333,0.34911900758743286,,599011.0
245334,,1.0,599012.8
245346,0.3491290211677551,,599034.4
245347,,1.0,599036.2
245356,0.3491390347480774,,599052.4
245357,,1.0,599054.2
245372,0.34914904832839966,,599075.2452830189
245373,,1.0,599076.8490566037
245383,0.3491590619087219,,599092.8867924528
245384,,1.0,599094.4905660377
245402,0.3491690754890442,,599123.358490566
245403,,1.0,599124.962264151
245411,0.34917908906936646,,599137.7924528302
245412,,1.0,599139.3962264151
245433,0.3491891026496887,,599170.2075471698
245434,,1.0,599171.8301886793
245442,0.349199116230011,,599184.8113207547
245443,,1.0,599186.4339622641
245453,0.34920912981033325,,599202.6603773584
245454,,1.0,599204.283018868
245466,0.3492191433906555,,599223.7547169811
245467,,1.0,599225.3773584906
245484,0.3492191433906555,,599249.0425531915
245485,,0.0,599250.6170212766
245493,0.3492191433906555,,599263.2127659575
245494,,0.0,599264.7872340425
245506,0.3492191433906555,,599283.6808510638
245507,,0.0,599285.2553191489
245515,0.3492191433906555,,599297.8510638297
245516,,0.0,599299.4255319149
245530,0.34923914074897766,,599322.0833333334
245531,,2.0,599324.0
245538,0.3492591381072998,,599337.4166666666
245539,,2.0,599339.3333333334
245550,0.34927913546562195,,599360.4166666666
245551,,2.0,599362.3333333334
245565,0.3492991328239441,,599389.1666666666
245566,,2.0,599391.0833333334
245585,0.3492991328239441,,599418.4693877551
245586,,0.0,599420.0612244898
245597,0.3492991328239441,,599437.5714285715
245598,,0.0,599439.1632653062
245605,0.3492991328239441,,599450.306122449
245606,,0.0,599451.8979591837
245616,0.3492991328239441,,599467.8163265307
245617,,0.0,599469.4081632653
245628,0.3492991328239441,,599489.5
245629,,0.0,599491.8125
245634,0.3492991328239441,,599503.375
245635,,0.0,599505.6875
245639,0.3492991328239441,,599514.9375
245640,,0.0,599517.25
245650,0.3492991328239441,,599540.375
245651,,0.0,599542.6875
245669,0.34931913018226624,,599585.0
245670,,2.0,599587.6666666666
245683,0.3493391275405884,,599622.3333333334
245684,,2.0,599625.0
245696,0.3493591248989105,,599657.0
245697,,2.0,599659.6666666666
245706,0.34937912225723267,,599683.6666666666
245707,,2.0,599686.3333333334
245724,0.34937912225723267,,599709.4814814815
245725,,0.0,599710.9444444445
245740,0.34937912225723267,,599732.8888888889
245741,,0.0,599734.3518518518
245753,0.34937912225723267,,599751.9074074074
245754,,0.0,599753.3703703703
245762,0.34937912225723267,,599765.074074074
245763,,0.0,599766.5370370371
245780,0.34937912225723267,,599790.5217391305
245781,,0.0,599792.1304347826
245789,0.34937912225723267,,599805.0
245790,,0.0,599806.6086956522
245800,0.34937912225723267,,599822.695652174
245801,,0.0,599824.304347826
245810,0.34937912225723267,,599838.7826086957
245811,,0.0,599840.3913043478
245826,0.34937912225723267,,599866.6315789474
245827,,0.0,599868.6842105263
245831,0.34937912225723267,,599876.8947368421
245832,,0.0,599878.947368421
245838,0.34937912225723267,,599891.2631578947
245839,,0.0,599893.3157894737
245850,0.34937912225723267,,599915.8947368421
245851,,0.0,599917.947368421
245871,0.34937912225723267,,599945.6734693878
245872,,0.0,599947.1836734693
245880,0.34937912225723267,,599959.2653061225
245881,,0.0,599960.775510204
245890,0.34937912225723267,,599974.3673469388
245891,,0.0,599975.8775510204
245901,0.34937912225723267,,599990.9795918367
245902,,0.0,599992.4897959183
245915,0.34938913583755493,,600014.5
245916,,1.0,600016.55
245923,0.3493991494178772,,600030.9
245924,,1.0,600032.95
245933,0.34940916299819946,,600051.4
245934,,1.0,600053.45
245943,0.34941917657852173,,600071.9
245944,,1.0,600073.95
245954,0.34941917657852173,,600088.6341463415
245955,,0.0,600090.4390243902
245964,0.34941917657852173,,600106.6829268293
245965,,0.0,600108.487804878
245974,0.34941917657852173,,600124.731707317
245975,,0.0,600126.5365853659
245986,0.34941917657852173,,600146.3902439025
245987,,0.0,600148.1951219512
246007,0.34944918751716614,,600215.3846153846
246008,,3.0,600219.2307692308
246021,0.34947919845581055,,600269.2307692308
246022,,3.0,600273.0769230769
246032,0.34950920939445496,,600311.5384615385
246033,,3.0,600315.3846153846
246040,0.34953922033309937,,600342.3076923077
246041,,3.0,600346.1538461539
246060,0.34953922033309937,,600375.0
246061,,0.0,600376.5625
246069,0.34953922033309937,,600389.0625
246070,,0.0,600390.625
246079,0.34953922033309937,,600404.6875
246080,,0.0,600406.25
246090,0.34953922033309937,,600421.875
246091,,0.0,600423.4375
246105,0.34954923391342163,,600447.0
246106,,1.0,600449.0
246114,0.3495592474937439,,600465.0
246115,,1.0,600467.0
246127,0.34956926107406616,,600491.0
246128,,1.0,600493.0
246137,0.3495792746543884,,600511.0
246138,,1.0,600513.0
246152,0.3495792746543884,,600536.4210526316
246153,,0.0,600538.3684210526
246159,0.3495792746543884,,600550.052631579
246160,,0.0,600552.0
246166,0.3495792746543884,,600563.6842105263
246167,,0.0,600565.6315789474
246177,0.3495792746543884,,600585.1052631579
246178,,0.0,600587.052631579
246195,0.3495792746543884,,600610.5833333334
246196,,0.0,600612.125
246207,0.3495792746543884,,600629.0833333334
246208,,0.0,600630.625
246219,0.3495792746543884,,600647.5833333334
246220,,0.0,600649.125
246227,0.3495792746543884,,600659.9166666666
246228,,0.0,600661.4583333334
246245,0.34959927201271057,,600698.0
246246,,2.0,600700.5
246255,0.3496192693710327,,600723.0
246256,,2.0,600725.5
246267,0.34963926672935486,,600753.0
246268,,2.0,600755.5
246275,0.349659264087677,,600773.0
246276,,2.0,600775.5
246289,0.349659264087677,,600794.4444444445
246290,,0.0,600796.088888889
246300,0.349659264087677,,600812.5333333333
246301,,0.0,600814.1777777778
246310,0.349659264087677,,600828.9777777778
246311,,0.0,600830.6222222223
246322,0.349659264087677,,600848.7111111111
246323,,0.0,600850.3555555556
246335,0.34966927766799927,,600871.35
246336,,1.0,600873.5
246349,0.34967929124832153,,600901.45
246350,,1.0,600903.6
246357,0.3496893048286438,,600918.65
246358,,1.0,600920.8
246364,0.34969931840896606,,600933.7
246365,,1.0,600935.85
246383,0.34970933198928833,,600964.1111111111
246384,,1.0,600965.8518518518
246393,0.3497193455696106,,600981.5185185185
246394,,1.0,600983.2592592592
246411,0.34972935914993286,,601012.8518518518
246412,,1.0,601014.5925925926
246420,0.3497393727302551,,601028.5185185185
246421,,1.0,601030.2592592592
246437,0.3497393727302551,,601052.0416666666
246438,,0.0,601053.5833333334
246447,0.3497393727302551,,601067.4583333334
246448,,0.0,601069.0
246456,0.3497393727302551,,601081.3333333334
246457,,0.0,601082.875
246470,0.3497393727302551,,601102.9166666666
246471,,0.0,601104.4583333334
246478,0.3497393727302551,,601114.4324324324
246479,,0.0,601116.5405405406
246486,0.3497393727302551,,601131.2972972973
246487,,0.0,601133.4054054054
246497,0.3497393727302551,,601154.4864864865
246498,,0.0,601156.5945945946
246509,0.3497393727302551,,601179.7837837838
246510,,0.0,601181.8918918918
246525,0.3497393727302551,,601205.7674418605
246526,,0.0,601207.5813953489
246532,0.3497393727302551,,601218.4651162791
246533,,0.0,601220.2790697674
246543,0.3497393727302551,,601238.4186046511
246544,,0.0,601240.2325581395
246554,0.3497393727302551,,601258.3720930233
246555,,0.0,601260.1860465116
246570,0.3497393727302551,,601284.8837209302
246571,,0.0,601286.7906976744
246577,0.3497393727302551,,601298.2325581395
246578,,0.0,601300.1395348837
246587,0.3497393727302551,,601317.3023255814
246588,,0.0,601319.2093023256
246599,0.3497393727302551,,601340.1860465116
246600,,0.0,601342.0930232558
246613,0.3497393727302551,,601361.2093023256
246614,,0.0,601362.9302325582
246624,0.3497393727302551,,601380.1395348837
246625,,0.0,601381.8604651163
246636,0.3497393727302551,,601400.7906976744
246637,,0.0,601402.5116279069
246644,0.3497393727302551,,601414.5581395349
246645,,0.0,601416.2790697674
246661,0.3497393727302551,,601441.5813953489
246662,,0.0,601443.3953488372
246671,0.3497393727302551,,601459.7209302326
246672,,0.0,601461.5348837209
246678,0.3497393727302551,,601472.4186046511
246679,,0.0,601474.2325581395
246689,0.3497393727302551,,601492.3720930233
246690,,0.0,601494.1860465116
246706,0.3497393727302551,,601519.5813953489
246707,,0.0,601521.3953488372
246713,0.3497393727302551,,601532.2790697674
246714,,0.0,601534.0930232558
246722,0.3497393727302551,,601548.6046511628
246723,,0.0,601550.4186046511
246734,0.3497393727302551,,601570.3720930233
246735,,0.0,601572.1860465116
246747,0.34975937008857727,,601599.1590909091
246748,,2.0,601601.9545454546
246760,0.3497793674468994,,601635.5
246761,,2.0,601638.2954545454
246771,0.34979936480522156,,601666.25
246772,,2.0,601669.0454545454
246780,0.3498193621635437,,601691.4090909091
246781,,2.0,601694.2045454546
246799,0.34982937574386597,,601726.1509433963
246800,,1.0,601728.0943396227
246811,0.34983938932418823,,601749.4716981133
246812,,1.0,601751.4150943396
246821,0.3498494029045105,,601768.9056603773
246822,,1.0,601770.8490566037
246835,0.34985941648483276,,601796.1132075472
246836,,1.0,601798.0566037736
246851,0.3498894274234772,,601852.1739130435
246852,,3.0,601856.5217391305
246863,0.3499194383621216,,601904.3478260869
246864,,3.0,601908.695652174
246876,0.349949449300766,,601960.8695652174
246877,,3.0,601965.2173913043
246883,0.3499794602394104,,601991.304347826
246884,,3.0,601995.6521739131
246898,0.3499794602394104,,602024.8139534884
246899,,0.0,602027.0697674418
246908,0.3499794602394104,,602047.3720930233
246909,,0.0,602049.6279069767
246919,0.3499794602394104,,602072.1860465116
246920,,0.0,602074.4418604651
246928,0.3499794602394104,,602092.4883720931
246929,,0.0,602094.7441860465
246943,0.34998947381973267,,602126.15
246944,,1.0,602128.8
246950,0.34999948740005493,,602144.7
246951,,1.0,602147.35
246963,0.3500095009803772,,602179.15
246964,,1.0,602181.8
246970,0.35001951456069946,,602197.7
246971,,1.0,602200.35
246991,0.35001951456069946,,602229.2083333334
246992,,0.0,602230.75
247000,0.35001951456069946,,602243.0833333334
247001,,0.0,602244.625
247011,0.35001951456069946,,602260.0416666666
247012,,0.0,602261.5833333334
247020,0.35001951456069946,,602273.9166666666
247021,,0.0,602275.4583333334
247035,0.35001951456069946,,602299.9166666666
247036,,0.0,602302.0
247042,0.35001951456069946,,602314.5
247043,,0.0,602316.5833333334
247053,0.35001951456069946,,602337.4166666666
247054,,0.0,602339.5
247058,0.35001951456069946,,602347.8333333334
247059,,0.0,602349.9166666666
247073,0.3500395119190216,,602388.9285714285
247074,,2.0,602392.2857142857
247081,0.35005950927734375,,602415.7857142857
247082,,2.0,602419.1428571428
247090,0.3500795066356659,,602446.0
247091,,2.0,602449.3571428572
247102,0.35009950399398804,,602486.2857142857
247103,,2.0,602489.6428571428
247114,0.35009950399398804,,602507.8
247115,,0.0,602509.65
247121,0.35009950399398804,,602520.75
247122,,0.0,602522.6
247132,0.35009950399398804,,602541.1
247133,,0.0,602542.95
247144,0.35009950399398804,,602563.3
247145,,0.0,602565.15
247159,0.3501095175743103,,602591.75
247160,,1.0,602594.0
247169,0.35011953115463257,,602614.25
247170,,1.0,602616.5
247176,0.35012954473495483,,602630.0
247177,,1.0,602632.25
247186,0.3501395583152771,,602652.5
247187,,1.0,602654.75
247199,0.3501395583152771,,602674.7857142857
247200,,0.0,602676.7619047619
247211,0.3501395583152771,,602698.5
247212,,0.0,602700.4761904762
247221,0.3501395583152771,,602718.2619047619
247222,,0.0,602720.2380952381
247230,0.3501395583152771,,602736.0476190476
247231,,0.0,602738.0238095238
247242,0.3501395583152771,,602754.0444444445
247243,,0.0,602755.8
247253,0.3501395583152771,,602773.3555555556
247254,,0.0,602775.1111111111
247266,0.3501395583152771,,602796.1777777778
247267,,0.0,602797.9333333333
247277,0.3501395583152771,,602815.4888888889
247278,,0.0,602817.2444444444
247294,0.3501395583152771,,602840.125
247295,,0.0,602841.75
247303,0.3501395583152771,,602854.75
247304,,0.0,602856.375
247315,0.3501395583152771,,602874.25
247316,,0.0,602875.875
247327,0.3501395583152771,,602893.75
247328,,0.0,602895.375
247346,0.35014957189559937,,602919.5
247347,,1.0,602921.0
247358,0.35015958547592163,,602937.5
247359,,1.0,602939.0
247372,0.3501695990562439,,602958.5
247373,,1.0,602960.0
247381,0.35017961263656616,,602972.0
247382,,1.0,602973.5
247396,0.35017961263656616,,602994.380952381
247397,,0.0,602996.1428571428
247403,0.35017961263656616,,603006.7142857143
247404,,0.0,603008.4761904762
247414,0.35017961263656616,,603026.0952380953
247415,,0.0,603027.8571428572
247425,0.35017961263656616,,603045.4761904762
247426,,0.0,603047.2380952381
247438,0.35017961263656616,,603062.5918367347
247439,,0.0,603064.1020408163
247451,0.35017961263656616,,603082.224489796
247452,,0.0,603083.7346938775
247466,0.35017961263656616,,603104.8775510204
247467,,0.0,603106.387755102
247476,0.35017961263656616,,603119.9795918367
247477,,0.0,603121.4897959183
247498,0.3501896262168884,,603150.1636363637
247499,,1.0,603151.6727272727
247511,0.3501996397972107,,603169.7818181819
247512,,1.0,603171.2909090909
247523,0.35020965337753296,,603187.8909090909
247524,,1.0,603189.4
247533,0.3502196669578552,,603202.9818181818
247534,,1.0,603204.490909091
247548,0.3502196669578552,,603226.976744186
247549,,0.0,603228.8837209302
247560,0.3502196669578552,,603249.8604651163
247561,,0.0,603251.7674418605
247568,0.3502196669578552,,603265.1162790698
247569,,0.0,603267.023255814
247578,0.3502196669578552,,603284.1860465116
247579,,0.0,603286.0930232558
247594,0.3502196669578552,,603308.8
247595,,0.0,603310.5333333333
247605,0.3502196669578552,,603327.8666666667
247606,,0.0,603329.6
247614,0.3502196669578552,,603343.4666666667
247615,,0.0,603345.2
247625,0.3502196669578552,,603362.5333333333
247626,,0.0,603364.2666666667
247641,0.3502196669578552,,603385.7333333333
247642,,0.0,603387.3777777777
247652,0.3502196669578552,,603403.8222222222
247653,,0.0,603405.4666666667
247664,0.3502196669578552,,603423.5555555555
247665,,0.0,603425.2
247672,0.3502196669578552,,603436.7111111111
247673,,0.0,603438.3555555556
247687,0.3502296805381775,,603459.0666666667
247688,,1.0,603460.8
247699,0.35023969411849976,,603479.8666666667
247700,,1.0,603481.6
247705,0.350249707698822,,603490.2666666667
247706,,1.0,603492.0
247719,0.3502597212791443,,603514.5333333333
247720,,1.0,603516.2666666667
247737,0.3502597212791443,,603538.72
247738,,0.0,603540.2
247748,0.3502597212791443,,603555.0
247749,,0.0,603556.48
247760,0.3502597212791443,,603572.76
247761,,0.0,603574.24
247771,0.3502597212791443,,603589.04
247772,,0.0,603590.52
247783,0.3502597212791443,,603607.1794871795
247784,,0.0,603609.0769230769
247791,0.3502597212791443,,603622.358974359
247792,,0.0,603624.2564102564
247802,0.3502597212791443,,603643.2307692308
247803,,0.0,603645.1282051282
247812,0.3502597212791443,,603662.2051282051
247813,,0.0,603664.1025641026
247831,0.35026973485946655,,603692.7391304348
247832,,1.0,603694.5217391305
247838,0.3502797484397888,,603705.2173913043
247839,,1.0,603707.0
247851,0.3502897620201111,,603728.3913043478
247852,,1.0,603730.1739130435
247860,0.35029977560043335,,603744.4347826086
247861,,1.0,603746.2173913043
247877,0.35029977560043335,,603768.9130434783
247878,,0.0,603770.5217391305
247889,0.35029977560043335,,603788.2173913043
247890,,0.0,603789.8260869565
247898,0.35029977560043335,,603802.695652174
247899,,0.0,603804.304347826
247908,0.35029977560043335,,603818.7826086957
247909,,0.0,603820.3913043478
247925,0.35029977560043335,,603842.28
247926,,0.0,603843.84
247941,0.35029977560043335,,603867.24
247942,,0.0,603868.8
247953,0.35029977560043335,,603885.96
247954,,0.0,603887.52
247960,0.35029977560043335,,603896.88
247961,,0.0,603898.44
247972,0.35029977560043335,,603915.6
247973,,0.0,603917.55
247981,0.35029977560043335,,603933.15
247982,,0.0,603935.1
247991,0.35029977560043335,,603952.65
247992,,0.0,603954.6
248002,0.35029977560043335,,603974.1
248003,,0.0,603976.05
248024,0.35029977560043335,,604006.44
248025,,0.0,604008.02
248034,0.35029977560043335,,604022.24
248035,,0.0,604023.82
248045,0.35029977560043335,,604039.62
248046,,0.0,604041.2
248054,0.35029977560043335,,604053.84
248055,,0.0,604055.42
248069,0.35029977560043335,,604076.3111111111
248070,,0.0,604078.0666666667
248084,0.35029977560043335,,604102.6444444444
248085,,0.0,604104.4
248094,0.35029977560043335,,604120.2
248095,,0.0,604121.9555555555
248101,0.35029977560043335,,604132.4888888889
248102,,0.0,604134.2444444444
248119,0.3503097891807556,,604167.5
248120,,1.0,604169.75
248124,0.3503198027610779,,604178.75
248125,,1.0,604181.0
248131,0.35032981634140015,,604194.5
248132,,1.0,604196.75
248143,0.3503398299217224,,604221.5
248144,,1.0,604223.75
248158,0.35035982728004456,,604264.8055555555
248159,,2.0,604268.3333333334
248167,0.3503798246383667,,604296.5555555555
248168,,2.0,604300.0833333334
248175,0.35039982199668884,,604324.7777777778
248176,,2.0,604328.3055555555
248181,0.350419819355011,,604345.9444444445
248182,,2.0,604349.4722222222
248194,0.350419819355011,,604371.0
248195,,0.0,604373.0
248204,0.350419819355011,,604391.0
248205,,0.0,604393.0
248212,0.350419819355011,,604407.0
248213,,0.0,604409.0
248222,0.350419819355011,,604427.0
248223,,0.0,604429.0
248238,0.350419819355011,,604449.5
248239,,0.0,604451.0416666666
248249,0.350419819355011,,604466.4583333334
248250,,0.0,604468.0
248261,0.350419819355011,,604484.9583333334
248262,,0.0,604486.5
248272,0.350419819355011,,604501.9166666666
248273,,0.0,604503.4583333334
248284,0.35042983293533325,,604527.4390243902
248285,,1.0,604530.243902439
248296,0.3504398465156555,,604561.0975609756
248297,,1.0,604563.9024390244
248303,0.3504498600959778,,604580.731707317
248304,,1.0,604583.5365853659
248315,0.35045987367630005,,604614.3902439025
248316,,1.0,604617.1951219512
248338,0.35045987367630005,,604647.962264151
248339,,0.0,604649.4339622641
248347,0.35045987367630005,,604661.2075471698
248348,,0.0,604662.679245283
248360,0.35045987367630005,,604680.3396226416
248361,,0.0,604681.8113207547
248370,0.35045987367630005,,604695.0566037736
248371,,0.0,604696.5283018867
248383,0.35045987367630005,,604715.5263157894
248384,,0.0,604717.4736842106
248390,0.35045987367630005,,604729.1578947369
248391,,0.0,604731.1052631579
248398,0.35045987367630005,,604744.7368421053
248399,,0.0,604746.6842105263
248410,0.35045987367630005,,604768.1052631579
248411,,0.0,604770.052631579
248426,0.35045987367630005,,604789.0769230769
248427,,0.0,604790.5
248440,0.35045987367630005,,604809.0
248441,,0.0,604810.4230769231
248453,0.35045987367630005,,604827.5
248454,,0.0,604828.9230769231
248464,0.35045987367630005,,604843.1538461539
248465,,0.0,604844.5769230769
248477,0.35045987367630005,,604863.1219512195
248478,,0.0,604865.0243902439
248487,0.35045987367630005,,604882.1463414634
248488,,0.0,604884.0487804879
248497,0.35045987367630005,,604901.1707317074
248498,,0.0,604903.0731707317
248507,0.35045987367630005,,604920.1951219512
248508,,0.0,604922.0975609756
248524,0.3504698872566223,,604949.35
248525,,1.0,604951.3
248533,0.3504799008369446,,604966.9
248534,,1.0,604968.85
248542,0.35048991441726685,,604984.45
248543,,1.0,604986.4
248549,0.3504999279975891,,604998.1
248550,,1.0,605000.05
248563,0.3504999279975891,,605025.2352941176
248564,,0.0,605027.5588235294
248569,0.3504999279975891,,605039.1764705882
248570,,0.0,605041.5
248577,0.3504999279975891,,605057.7647058824
248578,,0.0,605060.0882352941
248585,0.3504999279975891,,605076.3529411765
248586,,0.0,605078.6764705882
248603,0.3504999279975891,,605103.9361702128
248604,,0.0,605105.5744680851
248616,0.3504999279975891,,605125.2340425532
248617,,0.0,605126.8723404255
248624,0.3504999279975891,,605138.340425532
248625,,0.0,605139.9787234042
248634,0.3504999279975891,,605154.7234042553
248635,,0.0,605156.3617021276
248644,0.3504999279975891,,605170.6486486486
248645,,0.0,605172.7567567568
248657,0.3504999279975891,,605198.0540540541
248658,,0.0,605200.1621621621
248663,0.3504999279975891,,605210.7027027027
248664,,0.0,605212.8108108108
248673,0.3504999279975891,,605231.7837837838
248674,,0.0,605233.8918918918
248684,0.3504999279975891,,605250.3684210526
248685,,0.0,605252.4210526316
248690,0.3504999279975891,,605262.6842105263
248691,,0.0,605264.7368421053
248701,0.3504999279975891,,605285.2631578947
248702,,0.0,605287.3157894737
248713,0.3504999279975891,,605309.8947368421
248714,,0.0,605311.947368421
248735,0.3505099415779114,,605357.0434782609
248736,,1.0,605359.4347826086
248744,0.35051995515823364,,605378.5652173914
248745,,1.0,605380.9565217391
248753,0.3505299687385559,,605400.0869565217
248754,,1.0,605402.4782608695
248761,0.3505399823188782,,605419.2173913043
248762,,1.0,605421.6086956522
248776,0.3505399823188782,,605445.25
248777,,0.0,605447.1818181818
248789,0.3505399823188782,,605470.3636363636
248790,,0.0,605472.2954545454
248800,0.3505399823188782,,605491.6136363636
248801,,0.0,605493.5454545454
248807,0.3505399823188782,,605505.1363636364
248808,,0.0,605507.0681818182
248821,0.3505599796772003,,605542.8095238095
248822,,2.0,605546.1904761905
248832,0.35057997703552246,,605580.0
248833,,2.0,605583.380952381
248841,0.3505999743938446,,605610.4285714285
248842,,2.0,605613.8095238095
248851,0.35061997175216675,,605644.2380952381
248852,,2.0,605647.619047619
248869,0.350629985332489,,605675.9565217391
248870,,1.0,605677.7391304348
248877,0.3506399989128113,,605690.2173913043
248878,,1.0,605692.0
248891,0.35065001249313354,,605715.1739130435
248892,,1.0,605716.9565217391
248899,0.3506600260734558,,605729.4347826086
248900,,1.0,605731.2173913043
248915,0.3506700396537781,,605765.2105263158
248916,,1.0,605767.8947368421
248923,0.35068005323410034,,605786.6842105263
248924,,1.0,605789.3684210526
248933,0.3506900668144226,,605813.5263157894
248934,,1.0,605816.2105263158
248939,0.3507000803947449,,605829.6315789474
248940,,1.0,605832.3157894737
248956,0.3507000803947449,,605858.1739130435
248957,,0.0,605859.9565217391
248964,0.3507000803947449,,605872.4347826086
248965,,0.0,605874.2173913043
248975,0.3507000803947449,,605892.0434782609
248976,,0.0,605893.8260869565
248987,0.3507000803947449,,605913.4347826086
248988,,0.0,605915.2173913043
249002,0.3507000803947449,,605934.875
249003,,0.0,605936.5
249018,0.3507000803947449,,605960.875
249019,,0.0,605962.5
249028,0.3507000803947449,,605977.125
249029,,0.0,605978.75
249037,0.3507000803947449,,605991.75
249038,,0.0,605993.375
249056,0.3507000803947449,,606023.6046511628
249057,,0.0,606025.5116279069
249065,0.3507000803947449,,606040.7674418605
249066,,0.0,606042.6744186047
249075,0.3507000803947449,,606059.8372093023
249076,,0.0,606061.7441860465
249082,0.3507000803947449,,606073.1860465116
249083,,0.0,606075.0930232558
249101,0.35071009397506714,,606105.3333333334
249102,,1.0,606107.2222222222
249107,0.3507201075553894,,606116.6666666666
249108,,1.0,606118.5555555555
249119,0.35073012113571167,,606139.3333333334
249120,,1.0,606141.2222222222
249129,0.35074013471603394,,606158.2222222222
249130,,1.0,606160.1111111111
249143,0.35074013471603394,,606181.2105263158
249144,,0.0,606183.1315789474
249153,0.35074013471603394,,606200.4210526316
249154,,0.0,606202.3421052631
249159,0.35074013471603394,,606211.947368421
249160,,0.0,606213.8684210526
249169,0.35074013471603394,,606231.1578947369
249170,,0.0,606233.0789473684
249188,0.3507501482963562,,606263.2
249189,,1.0,606265.08
249203,0.35076016187667847,,606291.4
249204,,1.0,606293.28
249210,0.35077017545700073,,606304.56
249211,,1.0,606306.44
249221,0.350780189037323,,606325.24
249222,,1.0,606327.12
249244,0.35079020261764526,,606369.375
249245,,1.0,606371.5
249254,0.35080021619796753,,606390.625
249255,,1.0,606392.75
249263,0.3508102297782898,,606409.75
249264,,1.0,606411.875
249271,0.35082024335861206,,606426.75
249272,,1.0,606428.875
249291,0.35082024335861206,,606455.6666666666
249292,,0.0,606457.2083333334
249300,0.35082024335861206,,606469.5416666666
249301,,0.0,606471.0833333334
249311,0.35082024335861206,,606486.5
249312,,0.0,606488.0416666666
249321,0.35082024335861206,,606501.9166666666
249322,,0.0,606503.4583333334
249336,0.35082024335861206,,606527.0
249337,,0.0,606529.0
249346,0.35082024335861206,,606547.0
249347,,0.0,606549.0
249355,0.35082024335861206,,606565.0
249356,,0.0,606567.0
249364,0.35082024335861206,,606583.0
249365,,0.0,606585.0
249382,0.3508302569389343,,606618.3333333334
249383,,1.0,606620.5714285715
249390,0.3508402705192566,,606636.2380952381
249391,,1.0,606638.4761904762
249401,0.35085028409957886,,606660.8571428572
249402,,1.0,606663.0952380953
249408,0.3508602976799011,,606676.5238095238
249409,,1.0,606678.7619047619
249427,0.3508703112602234,,606711.9375
249428,,1.0,606714.0
249436,0.35088032484054565,,606730.5
249437,,1.0,606732.5625
249448,0.3508903384208679,,606755.25
249449,,1.0,606757.3125
249458,0.3509003520011902,,606775.875
249459,,1.0,606777.9375
249471,0.3509303629398346,,606799.4318181818
249472,,3.0,606801.5909090909
249479,0.350960373878479,,606816.7045454546
249480,,3.0,606818.8636363636
249491,0.3509903848171234,,606842.6136363636
249492,,3.0,606844.7727272727
249504,0.3510203957557678,,606870.6818181818
249505,,3.0,606872.8409090909
249518,0.3510203957557678,,606891.25
249519,,0.0,606892.875
249529,0.3510203957557678,,606909.125
249530,,0.0,606910.75
249541,0.3510203957557678,,606928.625
249542,,0.0,606930.25
249554,0.3510203957557678,,606949.75
249555,,0.0,606951.375
249571,0.3510203957557678,,606977.6666666666
249572,,0.0,606979.5641025641
249580,0.3510203957557678,,606994.7435897436
249581,,0.0,606996.641025641
249588,0.3510203957557678,,607009.9230769231
249589,,0.0,607011.8205128205
249595,0.3510203957557678,,607023.2051282051
249596,,0.0,607025.1025641026
249610,0.3510203957557678,,607046.380952381
249611,,0.0,607048.1428571428
249622,0.3510203957557678,,607067.5238095238
249623,,0.0,607069.2857142857
249631,0.3510203957557678,,607083.380952381
249632,,0.0,607085.1428571428
249639,0.3510203957557678,,607097.4761904762
249640,,0.0,607099.2380952381
249662,0.3510203957557678,,607127.0
249663,,0.0,607128.3684210526
249673,0.3510203957557678,,607142.052631579
249674,,0.0,607143.4210526316
249683,0.3510203957557678,,607155.7368421053
249684,,0.0,607157.1052631579
249698,0.3510203957557678,,607176.2631578947
249699,,0.0,607177.6315789474
249709,0.35104039311408997,,607197.4210526316
249710,,2.0,607200.052631579
249719,0.3510603904724121,,607223.7368421053
249720,,2.0,607226.3684210526
249726,0.35108038783073425,,607242.1578947369
249727,,2.0,607244.7894736842
249738,0.3511003851890564,,607273.7368421053
249739,,2.0,607276.3684210526
249754,0.35111039876937866,,607298.7333333333
249755,,1.0,607300.3777777777
249763,0.3511204123497009,,607313.5333333333
249764,,1.0,607315.1777777778
249773,0.3511304259300232,,607329.9777777778
249774,,1.0,607331.6222222223
249785,0.35114043951034546,,607349.7111111111
249786,,1.0,607351.3555555556
249804,0.3511504530906677,,607374.9444444445
249805,,1.0,607376.4074074074
249818,0.35116046667099,,607395.425925926
249819,,1.0,607396.8888888889
249830,0.35117048025131226,,607412.9814814815
249831,,1.0,607414.4444444445
249841,0.3511804938316345,,607429.074074074
249842,,1.0,607430.5370370371
249858,0.3511905074119568,,607454.6808510638
249859,,1.0,607456.4255319149
249870,0.35120052099227905,,607475.6170212766
249871,,1.0,607477.3617021276
249880,0.3512105345726013,,607493.0638297872
249881,,1.0,607494.8085106383
249890,0.3512205481529236,,607510.5106382979
249891,,1.0,607512.2553191489
249902,0.35123056173324585,,607529.6
249903,,1.0,607531.55
249909,0.3512405753135681,,607543.25
249910,,1.0,607545.2
249919,0.3512505888938904,,607562.75
249920,,1.0,607564.7
249932,0.35126060247421265,,607588.1
249933,,1.0,607590.05
249949,0.3512706160545349,,607616.304347826
249950,,1.0,607618.1739130435
249958,0.3512806296348572,,607633.1304347826
249959,,1.0,607635.0
249970,0.35129064321517944,,607655.5652173914
249971,,1.0,607657.4347826086
249980,0.3513006567955017,,607674.2608695652
249981,,1.0,607676.1304347826
249995,0.3513006567955017,,607695.6458333334
249996,,0.0,607697.25
250005,0.3513006567955017,,607711.6875
250006,,0.0,607713.2916666666
250014,0.3513006567955017,,607726.125
250015,,0.0,607727.7291666666
250030,0.3513006567955017,,607751.7916666666
250031,,0.0,607753.3958333334
250046,0.3513006567955017,,607777.5714285715
250047,,0.0,607779.4523809524
250056,0.3513006567955017,,607796.380952381
250057,,0.0,607798.2619047619
250067,0.3513006567955017,,607817.0714285715
250068,,0.0,607818.9523809524
250074,0.3513006567955017,,607830.2380952381
250075,,0.0,607832.119047619
250096,0.3513006567955017,,607858.7924528302
250097,,0.0,607860.1698113207
250108,0.3513006567955017,,607875.320754717
250109,,0.0,607876.6981132076
250119,0.3513006567955017,,607890.4716981133
250120,,0.0,607891.8490566037
250129,0.3513006567955017,,607904.2452830189
250130,,0.0,607905.6226415094
250145,0.3513006567955017,,607932.2307692308
250146,,0.0,607934.3333333334
250153,0.3513006567955017,,607949.0512820513
250154,,0.0,607951.1538461539
250162,0.3513006567955017,,607967.9743589744
250163,,0.0,607970.0769230769
250170,0.3513006567955017,,607984.7948717949
250171,,0.0,607986.8974358974
250184,0.351310670375824,,608011.5
250185,,1.0,608013.75
250191,0.35132068395614624,,608027.25
250192,,1.0,608029.5
250197,0.3513306975364685,,608040.75
250198,,1.0,608043.0
250212,0.35134071111679077,,608074.5
250213,,1.0,608076.75
250228,0.35134071111679077,,608100.4883720931
250229,,0.0,608102.2790697674
250239,0.35134071111679077,,608120.1860465116
250240,,0.0,608121.976744186
250249,0.35134071111679077,,608138.0930232558
250250,,0.0,608139.8837209302
250257,0.35134071111679077,,608152.4186046511
250258,,0.0,608154.2093023256
250272,0.35134071111679077,,608179.2571428572
250273,,0.0,608181.3714285714
250279,0.35134071111679077,,608194.0571428571
250280,,0.0,608196.1714285715
250285,0.35134071111679077,,608206.7428571428
250286,,0.0,608208.8571428572
250294,0.35134071111679077,,608225.7714285714
250295,,0.0,608227.8857142857
250308,0.3513707220554352,,608243.5135135135
250309,,3.0,608244.8648648649
250318,0.3514007329940796,,608257.027027027
250319,,3.0,608258.3783783783
250326,0.351430743932724,,608267.8378378379
250327,,3.0,608269.1891891892
250333,0.3514607548713684,,608277.2972972973
250334,,3.0,608278.6486486486
250349,0.3514707684516907,,608300.6511627907
250350,,1.0,608302.3720930233
250357,0.35148078203201294,,608314.4186046511
250358,,1.0,608316.1395348837
250370,0.3514907956123352,,608336.7906976744
250371,,1.0,608338.5116279069
250378,0.35150080919265747,,608350.5581395349
250379,,1.0,608352.2790697674
250390,0.3515208065509796,,608376.4761904762
250391,,2.0,608379.2857142857
250401,0.35154080390930176,,608407.380952381
250402,,2.0,608410.1904761905
250414,0.3515608012676239,,608443.9047619047
250415,,2.0,608446.7142857143
250422,0.35158079862594604,,608466.380952381
250423,,2.0,608469.1904761905
250434,0.35161080956459045,,608486.9090909091
250435,,3.0,608488.7727272727
250447,0.35164082050323486,,608511.1363636364
250448,,3.0,608513.0
250458,0.3516708314418793,,608531.6363636364
250459,,3.0,608533.5
250468,0.3517008423805237,,608550.2727272727
250469,,3.0,608552.1363636364
250483,0.3517208397388458,,608583.6744186047
250484,,2.0,608586.3720930233
250493,0.35174083709716797,,608610.6511627907
250494,,2.0,608613.3488372093
250505,0.3517608344554901,,608643.023255814
250506,,2.0,608645.7209302326
250513,0.35178083181381226,,608664.6046511628
250514,,2.0,608667.3023255814
250533,0.35178083181381226,,608693.5471698113
250534,,0.0,608695.0188679246
250545,0.35178083181381226,,608711.2075471698
250546,,0.0,608712.679245283
250556,0.35178083181381226,,608727.3962264151
250557,,0.0,608728.8679245283
250568,0.35178083181381226,,608745.0566037736
250569,,0.0,608746.5283018867
250581,0.3517908453941345,,608769.8863636364
250582,,1.0,608772.3181818182
250592,0.3518008589744568,,608796.6363636364
250593,,1.0,608799.0681818182
250604,0.35181087255477905,,608825.8181818182
250605,,1.0,608828.25
250614,0.3518208861351013,,608850.1363636364
250615,,1.0,608852.5681818182
250629,0.3518308997154236,,608879.0810810811
250630,,1.0,608881.2702702703
250638,0.35184091329574585,,608898.7837837838
250639,,1.0,608900.972972973
250645,0.3518509268760681,,608914.1081081082
250646,,1.0,608916.2972972973
250653,0.3518609404563904,,608931.6216216217
250654,,1.0,608933.8108108108
250670,0.3518609404563904,,608956.0416666666
250671,,0.0,608957.5833333334
250680,0.3518609404563904,,608971.4583333334
250681,,0.0,608973.0
250692,0.3518609404563904,,608989.9583333334
250693,,0.0,608991.5
250703,0.3518609404563904,,609006.9166666666
250704,,0.0,609008.4583333334
250717,0.35187095403671265,,609025.2941176471
250718,,1.0,609026.8235294118
250730,0.3518809676170349,,609045.1764705882
250731,,1.0,609046.7058823529
250743,0.3518909811973572,,609065.0588235294
250744,,1.0,609066.5882352941
250756,0.35190099477767944,,609084.9411764706
250757,,1.0,609086.4705882353
250774,0.35190099477767944,,609110.2857142857
250775,,0.0,609111.8775510204
250786,0.35190099477767944,,609129.387755102
250787,,0.0,609130.9795918367
250795,0.35190099477767944,,609143.7142857143
250796,,0.0,609145.306122449
250807,0.35190099477767944,,609162.8163265307
250808,,0.0,609164.4081632653
250822,0.35190099477767944,,609186.9268292683
250823,,0.0,609188.8292682926
250833,0.35190099477767944,,609207.8536585366
250834,,0.0,609209.756097561
250841,0.35190099477767944,,609223.0731707317
250842,,0.0,609224.9756097561
250850,0.35190099477767944,,609240.1951219512
250851,,0.0,609242.0975609756
250866,0.35190099477767944,,609263.914893617
250867,,0.0,609265.5744680851
250878,0.35190099477767944,,609283.8297872341
250879,,0.0,609285.4893617021
250889,0.35190099477767944,,609302.085106383
250890,,0.0,609303.7446808511
250899,0.35190099477767944,,609318.6808510638
250900,,0.0,609320.340425532
250918,0.35190099477767944,,609352.7894736842
250919,,0.0,609354.8421052631
250926,0.35190099477767944,,609369.2105263158
250927,,0.0,609371.2631578947
250932,0.35190099477767944,,609381.5263157894
250933,,0.0,609383.5789473684
250939,0.35190099477767944,,609395.8947368421
250940,,0.0,609397.947368421
250958,0.35190099477767944,,609423.804347826
250959,,0.0,609425.3913043478
250970,0.35190099477767944,,609442.8478260869
250971,,0.0,609444.4347826086
250983,0.35190099477767944,,609463.4782608695
250984,,0.0,609465.0652173914
250987,0.35190099477767944,,609469.8260869565
250988,,0.0,609471.4130434783
251003,0.35190099477767944,,609493.6511627907
251004,,0.0,609495.3720930233
251010,0.35190099477767944,,609505.6976744186
251011,,0.0,609507.4186046511
251021,0.35190099477767944,,609524.6279069767
251022,,0.0,609526.3488372093
251032,0.35190099477767944,,609543.5581395349
251033,,0.0,609545.2790697674
251048,0.35190099477767944,,609571.6315789474
251049,,0.0,609573.6842105263
251055,0.35190099477767944,,609586.0
251056,,0.0,609588.052631579
251063,0.35190099477767944,,609602.4210526316
251064,,0.0,609604.4736842106
251072,0.35190099477767944,,609620.8947368421
251073,,0.0,609622.947368421
251089,0.3519209921360016,,609655.4318181818
251090,,2.0,609657.7727272727
251101,0.35194098949432373,,609683.5227272727
251102,,2.0,609685.8636363636
251110,0.3519609868526459,,609704.5909090909
251111,,2.0,609706.9318181818
251118,0.351980984210968,,609723.3181818182
251119,,2.0,609725.6590909091
251134,0.3520109951496124,,609750.3333333334
251135,,3.0,609752.1944444445
251142,0.35204100608825684,,609765.2222222222
251143,,3.0,609767.0833333334
251147,0.35207101702690125,,609774.5277777778
251148,,3.0,609776.3888888889
251156,0.35210102796554565,,609791.2777777778
251157,,3.0,609793.1388888889
251175,0.35210102796554565,,609817.9591836735
251176,,0.0,609819.4897959183
251189,0.35210102796554565,,609839.387755102
251190,,0.0,609840.918367347
251195,0.35210102796554565,,609848.5714285715
251196,,0.0,609850.1020408163
251207,0.35210102796554565,,609866.9387755102
251208,,0.0,609868.4693877551
251223,0.35210102796554565,,609889.68
251224,,0.0,609891.32
251238,0.35210102796554565,,609914.28
251239,,0.0,609915.92
251248,0.35210102796554565,,609930.68
251249,,0.0,609932.32
251259,0.35210102796554565,,609948.72
251260,,0.0,609950.36
251276,0.35210102796554565,,609975.0454545454
251277,,0.0,609976.8181818182
251288,0.35210102796554565,,609996.3181818182
251289,,0.0,609998.0909090909
251295,0.35210102796554565,,610008.7272727273
251296,,0.0,610010.5
251305,0.35210102796554565,,610026.4545454546
251306,,0.0,610028.2272727273
251318,0.3521110415458679,,610050.1521739131
251319,,1.0,610052.3913043478
251331,0.3521210551261902,,610079.2608695652
251332,,1.0,610081.5
251339,0.35213106870651245,,610097.1739130435
251340,,1.0,610099.4130434783
251353,0.3521410822868347,,610128.5217391305
251354,,1.0,610130.7608695652
251370,0.3521710932254791,,610155.75
251371,,3.0,610157.5
251381,0.35220110416412354,,610175.0
251382,,3.0,610176.75
251390,0.35223111510276794,,610190.75
251391,,3.0,610192.5
251399,0.35226112604141235,,610206.5
251400,,3.0,610208.25
251411,0.35226112604141235,,610226.0
251412,,0.0,610228.0
251418,0.35226112604141235,,610240.0
251419,,0.0,610242.0
251429,0.35226112604141235,,610262.0
251430,,0.0,610264.0
251440,0.35226112604141235,,610284.0
251441,,0.0,610286.0
251456,0.3522811233997345,,610337.0434782609
251457,,2.0,610341.1304347826
251465,0.35230112075805664,,610373.8260869565
251466,,2.0,610377.9130434783
251478,0.3523211181163788,,610426.9565217391
251479,,2.0,610431.0434782609
251488,0.3523411154747009,,610467.8260869565
251489,,2.0,610471.9130434783
251503,0.3523411154747009,,610497.1951219512
251504,,0.0,610499.1219512195
251511,0.3523411154747009,,610512.6097560975
251512,,0.0,610514.5365853659
251518,0.3523411154747009,,610526.0975609756
251519,,0.0,610528.0243902439
251531,0.3523411154747009,,610551.1463414634
251532,,0.0,610553.0731707317
251543,0.35237112641334534,,610579.2285714286
251544,,3.0,610582.2571428572
251551,0.35240113735198975,,610603.4571428571
251552,,3.0,610606.4857142858
251561,0.35243114829063416,,610633.7428571428
251562,,3.0,610636.7714285714
251568,0.35246115922927856,,610654.9428571429
251569,,3.0,610657.9714285714
251584,0.35246115922927856,,610684.4
251585,,0.0,610686.35
251592,0.35246115922927856,,610700.0
251593,,0.0,610701.95
251601,0.35246115922927856,,610717.55
251602,,0.0,610719.5
251610,0.35246115922927856,,610735.1
251611,,0.0,610737.05
251625,0.35246115922927856,,610759.8717948718
251626,,0.0,610761.7692307692
251635,0.35246115922927856,,610778.8461538461
251636,,0.0,610780.7435897436
251644,0.35246115922927856,,610795.9230769231
251645,,0.0,610797.8205128205
251651,0.35246115922927856,,610809.2051282051
251652,,0.0,610811.1025641026
251665,0.35246115922927856,,610831.0487804879
251666,,0.0,610832.8536585366
251674,0.35246115922927856,,610847.2926829269
251675,,0.0,610849.0975609756
251683,0.35246115922927856,,610863.5365853659
251684,,0.0,610865.3414634146
251694,0.35246115922927856,,610883.3902439025
251695,,0.0,610885.1951219512
251708,0.35246115922927856,,610906.25
251709,,0.0,610908.175
251716,0.35246115922927856,,610921.65
251717,,0.0,610923.575
251727,0.35246115922927856,,610942.825
251728,,0.0,610944.75
251736,0.35246115922927856,,610960.15
251737,,0.0,610962.075
251754,0.35246115922927856,,610985.1428571428
251755,,0.0,610986.6530612245
251765,0.35246115922927856,,611001.7551020408
251766,,0.0,611003.2653061225
251777,0.35246115922927856,,611019.8775510204
251778,,0.0,611021.387755102
251787,0.35246115922927856,,611034.9795918367
251788,,0.0,611036.4897959183
251802,0.35247117280960083,,611057.380952381
251803,,1.0,611059.1428571428
251812,0.3524811863899231,,611075.0
251813,,1.0,611076.7619047619
251820,0.35249119997024536,,611089.0952380953
251821,,1.0,611090.8571428572
251831,0.3525012135505676,,611108.4761904762
251832,,1.0,611110.2380952381
251850,0.3525012135505676,,611137.7608695652
251851,,0.0,611139.4782608695
251861,0.3525012135505676,,611156.6521739131
251862,,0.0,611158.3695652174
251871,0.3525012135505676,,611173.8260869565
251872,,0.0,611175.5434782609
251879,0.3525012135505676,,611187.5652173914
251880,,0.0,611189.2826086957
251893,0.3525012135505676,,611209.8095238095
251894,,0.0,611211.6904761905
251907,0.3525012135505676,,611236.1428571428
251908,,0.0,611238.0238095238
251914,0.3525012135505676,,611249.3095238095
251915,,0.0,611251.1904761905
251923,0.3525012135505676,,611266.2380952381
251924,,0.0,611268.119047619
251937,0.3525112271308899,,611298.2051282051
251938,,1.0,611301.0256410256
251946,0.35252124071121216,,611323.5897435897
251947,,1.0,611326.4102564103
251955,0.3525312542915344,,611348.9743589744
251956,,1.0,611351.7948717949
251964,0.3525412678718567,,611374.358974359
251965,,1.0,611377.1794871795
251984,0.3525412678718567,,611407.7333333333
251985,,0.0,611409.4666666667
251994,0.3525412678718567,,611425.0666666667
251995,,0.0,611426.8
252002,0.3525412678718567,,611438.9333333333
252003,,0.0,611440.6666666666
252011,0.3525412678718567,,611454.5333333333
252012,,0.0,611456.2666666667
252024,0.3525412678718567,,611476.7105263158
252025,,0.0,611478.7894736842
252032,0.3525412678718567,,611493.3421052631
252033,,0.0,611495.4210526316
252041,0.3525412678718567,,611512.052631579
252042,,0.0,611514.1315789474
252051,0.3525412678718567,,611532.8421052631
252052,,0.0,611534.9210526316
252072,0.3525412678718567,,611560.2962962963
252073,,0.0,611561.6666666666
252079,0.3525412678718567,,611569.8888888889
252080,,0.0,611571.2592592592
252091,0.3525412678718567,,611586.3333333334
252092,,0.0,611587.7037037037
252107,0.3525412678718567,,611608.2592592592
252108,,0.0,611609.6296296297
252126,0.3525412678718567,,611632.7924528302
252127,,0.0,611634.2452830189
252137,0.3525412678718567,,611648.7735849057
252138,,0.0,611650.2264150943
252151,0.3525412678718567,,611669.1132075472
252152,,0.0,611670.5660377359
252162,0.3525412678718567,,611685.0943396227
252163,,0.0,611686.5471698113
252173,0.3525412678718567,,611699.8695652174
252174,,0.0,611701.5652173914
252189,0.3525412678718567,,611727.0
252190,,0.0,611728.695652174
252200,0.3525412678718567,,611745.6521739131
252201,,0.0,611747.3478260869
252210,0.3525412678718567,,611762.6086956522
252211,,0.0,611764.304347826
252225,0.3525712788105011,,611797.625
252226,,3.0,611800.5
252233,0.3526012897491455,,611820.625
252234,,3.0,611823.5
252240,0.3526313006877899,,611840.75
252241,,3.0,611843.625
252252,0.3526613116264343,,611875.25
252253,,3.0,611878.125
252272,0.35269132256507874,,611924.5744680851
252273,,3.0,611927.2978723404
252285,0.35272133350372314,,611959.9787234042
252286,,3.0,611962.7021276596
252294,0.35275134444236755,,611984.4893617021
252295,,3.0,611987.2127659575
252301,0.35278135538101196,,612003.5531914893
252302,,3.0,612006.2765957447
252311,0.35278135538101196,,612019.5714285715
252312,,0.0,612021.3333333334
252325,0.35278135538101196,,612044.2380952381
252326,,0.0,612046.0
252339,0.35278135538101196,,612068.9047619047
252340,,0.0,612070.6666666666
252345,0.35278135538101196,,612079.4761904762
252346,,0.0,612081.2380952381
252362,0.35278135538101196,,612105.5333333333
252363,,0.0,612107.2666666667
252375,0.35278135538101196,,612128.0666666667
252376,,0.0,612129.8
252382,0.35278135538101196,,612140.2
252383,,0.0,612141.9333333333
252392,0.35278135538101196,,612157.5333333333
252393,,0.0,612159.2666666667
252408,0.35278135538101196,,612178.0769230769
252409,,0.0,612179.5
252422,0.35278135538101196,,612198.0
252423,,0.0,612199.4230769231
252433,0.35278135538101196,,612213.6538461539
252434,,0.0,612215.0769230769
252446,0.35278135538101196,,612232.1538461539
252447,,0.0,612233.5769230769
252459,0.35281136631965637,,612277.8571428572
252460,,3.0,612282.619047619
252468,0.3528413772583008,,612320.7142857143
252469,,3.0,612325.4761904762
252477,0.3528713881969452,,612363.5714285715
252478,,3.0,612368.3333333334
252490,0.3529013991355896,,612425.4761904762
252491,,3.0,612430.2380952381
252506,0.35291141271591187,,612464.268292683
252507,,1.0,612466.7073170731
252515,0.35292142629623413,,612486.2195121951
252516,,1.0,612488.6585365854
252523,0.3529314398765564,,612505.731707317
252524,,1.0,612508.1707317074
252533,0.35294145345687866,,612530.1219512195
252534,,1.0,612532.5609756098
252549,0.35294145345687866,,612555.6511627907
252550,,0.0,612557.3720930233
252559,0.35294145345687866,,612572.8604651163
252560,,0.0,612574.5813953489
252569,0.35294145345687866,,612590.0697674418
252570,,0.0,612591.7906976744
252578,0.35294145345687866,,612605.5581395349
252579,,0.0,612607.2790697674
252595,0.3529514670372009,,612635.5909090909
252596,,1.0,612637.6363636364
252602,0.3529614806175232,,612649.9090909091
252603,,1.0,612651.9545454546
252610,0.35297149419784546,,612666.2727272727
252611,,1.0,612668.3181818182
252624,0.3529815077781677,,612694.9090909091
252625,,1.0,612696.9545454546
252642,0.35300150513648987,,612751.3018867924
252643,,2.0,612755.037735849
252656,0.353021502494812,,612803.6037735849
252657,,2.0,612807.3396226416
252663,0.35304149985313416,,612829.7547169811
252664,,2.0,612833.4905660377
252679,0.3530614972114563,,612889.5283018867
252680,,2.0,612893.2641509434
252690,0.3530915081501007,,612909.0909090909
252691,,3.0,612910.8181818182
252702,0.3531215190887451,,612929.8181818182
252703,,3.0,612931.5454545454
252712,0.3531515300273895,,612947.0909090909
252713,,3.0,612948.8181818182
252725,0.35318154096603394,,612969.5454545454
252726,,3.0,612971.2727272727
252737,0.35321155190467834,,613011.6
252738,,3.0,613016.425
252746,0.35324156284332275,,613055.025
252747,,3.0,613059.85
252755,0.35327157378196716,,613098.45
252756,,3.0,613103.275
252767,0.3533015847206116,,613156.35
252768,,3.0,613161.175
252783,0.3533215820789337,,613199.2727272727
252784,,2.0,613202.0454545454
252791,0.35334157943725586,,613221.4545454546
252792,,2.0,613224.2272727273
252802,0.353361576795578,,613251.9545454546
252803,,2.0,613254.7272727273
252813,0.35338157415390015,,613282.4545454546
252814,,2.0,613285.2272727273
252824,0.35338157415390015,,613301.282051282
252825,,0.0,613303.1794871795
252835,0.35338157415390015,,613322.1538461539
252836,,0.0,613324.0512820513
252847,0.35338157415390015,,613344.9230769231
252848,,0.0,613346.8205128205
252854,0.35338157415390015,,613358.2051282051
252855,,0.0,613360.1025641026
252874,0.35341158509254456,,613400.72
252875,,3.0,613403.14
252883,0.35344159603118896,,613422.5
252884,,3.0,613424.92
252896,0.3534716069698334,,613453.96
252897,,3.0,613456.38
252906,0.3535016179084778,,613478.16
252907,,3.0,613480.58
252921,0.3535016179084778,,613501.2553191489
252922,,0.0,613502.914893617
252932,0.3535016179084778,,613519.5106382979
252933,,0.0,613521.1702127659
252944,0.3535016179084778,,613539.4255319149
252945,,0.0,613541.085106383
252955,0.3535016179084778,,613557.6808510638
252956,,0.0,613559.340425532
252968,0.3535016179084778,,613582.9375
252969,,0.0,613585.375
252974,0.3535016179084778,,613597.5625
252975,,0.0,613600.0
252982,0.3535016179084778,,613617.0625
252983,,0.0,613619.5
252989,0.3535016179084778,,613634.125
252990,,0.0,613636.5625
253002,0.3535016179084778,,613656.0769230769
253003,,0.0,613657.9743589744
253009,0.3535016179084778,,613669.358974359
253010,,0.0,613671.2564102564
253022,0.3535016179084778,,613694.0256410256
253023,,0.0,613695.9230769231
253030,0.3535016179084778,,613709.2051282051
253031,,0.0,613711.1025641026
253048,0.3535316288471222,,613779.6666666666
253049,,3.0,613784.4285714285
253055,0.3535616397857666,,613813.0
253056,,3.0,613817.7619047619
253067,0.353591650724411,,613870.1428571428
253068,,3.0,613874.9047619047
253074,0.3536216616630554,,613903.4761904762
253075,,3.0,613908.2380952381
253095,0.35365167260169983,,613935.8979591837
253096,,3.0,613937.2448979592
253105,0.35368168354034424,,613949.3673469388
253106,,3.0,613950.7142857143
253116,0.35371169447898865,,613964.1836734693
253117,,3.0,613965.5306122449
253125,0.35374170541763306,,613976.306122449
253126,,3.0,613977.6530612245
253137,0.35374170541763306,,613995.8648648649
253138,,0.0,613997.972972973
253143,0.35374170541763306,,614008.5135135135
253144,,0.0,614010.6216216217
253154,0.35374170541763306,,614031.7027027027
253155,,0.0,614033.8108108108
253164,0.35374170541763306,,614052.7837837838
253165,,0.0,614054.8918918918
253177,0.3537517189979553,,614073.1632653062
253178,,1.0,614074.9591836735
253189,0.3537617325782776,,614094.7142857143
253190,,1.0,614096.5102040817
253202,0.35377174615859985,,614118.0612244898
253203,,1.0,614119.8571428572
253215,0.3537817597389221,,614141.4081632653
253216,,1.0,614143.2040816327
253231,0.3537917733192444,,614167.8837209302
253232,,1.0,614169.7906976744
253240,0.35380178689956665,,614185.0465116279
253241,,1.0,614186.9534883721
253249,0.3538118004798889,,614202.2093023256
253250,,1.0,614204.1162790698
253260,0.3538218140602112,,614223.1860465116
253261,,1.0,614225.0930232558
253274,0.3538218140602112,,614244.3333333334
253275,,0.0,614246.0666666667
253287,0.3538218140602112,,614266.8666666667
253288,,0.0,614268.6
253296,0.3538218140602112,,614282.4666666667
253297,,0.0,614284.2
253307,0.3538218140602112,,614301.5333333333
253308,,0.0,614303.2666666667
253321,0.3538218140602112,,614325.5555555555
253322,,0.0,614327.6111111111
253327,0.3538218140602112,,614337.8888888889
253328,,0.0,614339.9444444445
253337,0.3538218140602112,,614358.4444444445
253338,,0.0,614360.5
253345,0.3538218140602112,,614374.8888888889
253346,,0.0,614376.9444444445
253359,0.3538218140602112,,614395.9565217391
253360,,0.0,614397.6521739131
253369,0.3538218140602112,,614412.9130434783
253370,,0.0,614414.6086956522
253378,0.3538218140602112,,614428.1739130435
253379,,0.0,614429.8695652174
253393,0.3538218140602112,,614453.6086956522
253394,,0.0,614455.304347826
253408,0.3538218140602112,,614477.976744186
253409,,0.0,614479.8837209302
253419,0.3538218140602112,,614498.9534883721
253420,,0.0,614500.8604651163
253428,0.3538218140602112,,614516.1162790698
253429,,0.0,614518.023255814
253438,0.3538218140602112,,614535.1860465116
253439,,0.0,614537.0930232558
253456,0.35383182764053345,,614561.3461538461
253457,,1.0,614562.9423076923
253468,0.3538418412208557,,614580.5
253469,,1.0,614582.0961538461
253476,0.353851854801178,,614593.2692307692
253477,,1.0,614594.8653846154
253492,0.35386186838150024,,614618.8076923077
253493,,1.0,614620.4038461539
253508,0.35386186838150024,,614641.914893617
253509,,0.0,614643.5744680851
253518,0.35386186838150024,,614658.5106382979
253519,,0.0,614660.1702127659
253532,0.35386186838150024,,614681.7446808511
253533,,0.0,614683.4042553192
253541,0.35386186838150024,,614696.6808510638
253542,,0.0,614698.340425532
253558,0.35386186838150024,,614718.4363636364
253559,,0.0,614719.8545454545
253570,0.35386186838150024,,614735.4545454546
253571,,0.0,614736.8727272727
253585,0.35386186838150024,,614756.7272727273
253586,,0.0,614758.1454545455
253598,0.35386186838150024,,614775.1636363637
253599,,0.0,614776.5818181818
253609,0.3538818657398224,,614797.9230769231
253610,,2.0,614800.7692307692
253619,0.35390186309814453,,614826.3846153846
253620,,2.0,614829.2307692308
253628,0.3539218604564667,,614852.0
253629,,2.0,614854.8461538461
253639,0.3539418578147888,,614883.3076923077
253640,,2.0,614886.1538461539
253657,0.3539418578147888,,614917.7368421053
253658,,0.0,614919.7894736842
253664,0.3539418578147888,,614932.1052631579
253665,,0.0,614934.1578947369
253671,0.3539418578147888,,614946.4736842106
253672,,0.0,614948.5263157894
253679,0.3539418578147888,,614962.8947368421
253680,,0.0,614964.947368421
253701,0.3539518713951111,,615001.8
253702,,1.0,615003.7333333333
253710,0.35396188497543335,,615019.2
253711,,1.0,615021.1333333333
253718,0.3539718985557556,,615034.6666666666
253719,,1.0,615036.6
253726,0.3539819121360779,,615050.1333333333
253727,,1.0,615052.0666666667
253742,0.3539819121360779,,615076.8292682926
253743,,0.0,615078.731707317
253752,0.3539819121360779,,615095.8536585366
253753,,0.0,615097.756097561
253762,0.3539819121360779,,615114.8780487805
253763,,0.0,615116.7804878049
253769,0.3539819121360779,,615128.1951219512
253770,,0.0,615130.0975609756
253792,0.35399192571640015,,615167.8076923077
253793,,1.0,615169.6923076923
253804,0.3540019392967224,,615190.4230769231
253805,,1.0,615192.3076923077
253812,0.3540119528770447,,615205.5
253813,,1.0,615207.3846153846
253823,0.35402196645736694,,615226.2307692308
253824,,1.0,615228.1153846154
253837,0.35402196645736694,,615249.0697674418
253838,,0.0,615250.976744186
253848,0.35402196645736694,,615270.0465116279
253849,,0.0,615271.9534883721
253860,0.35402196645736694,,615292.9302325582
253861,,0.0,615294.8372093023
253868,0.35402196645736694,,615308.1860465116
253869,,0.0,615310.0930232558
253891,0.3540319800376892,,615341.9615384615
253892,,1.0,615343.5384615385
253904,0.3540419936180115,,615362.4615384615
253905,,1.0,615364.0384615385
253912,0.35405200719833374,,615375.0769230769
253913,,1.0,615376.6538461539
253922,0.354062020778656,,615390.8461538461
253923,,1.0,615392.4230769231
253935,0.354062020778656,,615412.4736842106
253936,,0.0,615414.5263157894
253946,0.354062020778656,,615435.052631579
253947,,0.0,615437.1052631579
253955,0.354062020778656,,615453.5263157894
253956,,0.0,615455.5789473684
253962,0.354062020778656,,615467.8947368421
253963,,0.0,615469.947368421
253982,0.354062020778656,,615501.7142857143
253983,,0.0,615503.5714285715
253989,0.354062020778656,,615514.7142857143
253990,,0.0,615516.5714285715
253995,0.354062020778656,,615525.8571428572
253996,,0.0,615527.7142857143
254006,0.354062020778656,,615546.2857142857
254007,,0.0,615548.1428571428
254021,0.354062020778656,,615569.5
254022,,0.0,615571.2727272727
254031,0.354062020778656,,615587.2272727273
254032,,0.0,615589.0
254042,0.354062020778656,,615606.7272727273
254043,,0.0,615608.5
254052,0.354062020778656,,615624.4545454546
254053,,0.0,615626.2272727273
254065,0.354062020778656,,615644.4634146341
254066,,0.0,615646.2926829269
254075,0.354062020778656,,615662.756097561
254076,,0.0,615664.5853658536
254086,0.354062020778656,,615682.8780487805
254087,,0.0,615684.7073170731
254095,0.354062020778656,,615699.3414634146
254096,,0.0,615701.1707317074
254113,0.3540920317173004,,615734.0
254114,,3.0,615736.2142857143
254121,0.3541220426559448,,615751.7142857143
254122,,3.0,615753.9285714285
254127,0.35415205359458923,,615765.0
254128,,3.0,615767.2142857143
254139,0.35418206453323364,,615791.5714285715
254140,,3.0,615793.7857142857
254154,0.35421207547187805,,615829.275
254155,,3.0,615832.3
254163,0.35424208641052246,,615856.5
254164,,3.0,615859.525
254172,0.35427209734916687,,615883.725
254173,,3.0,615886.75
254181,0.3543021082878113,,615910.95
254182,,3.0,615913.975
254200,0.3543021082878113,,615939.6530612245
254201,,0.0,615941.1632653062
254207,0.3543021082878113,,615950.224489796
254208,,0.0,615951.7346938775
254222,0.3543021082878113,,615972.8775510204
254223,,0.0,615974.387755102
254232,0.3543021082878113,,615987.9795918367
254233,,0.0,615989.4897959183
254248,0.35431212186813354,,616015.0
254249,,1.0,616017.0
254257,0.3543221354484558,,616033.0
254258,,1.0,616035.0
254268,0.3543321490287781,,616055.0
254269,,1.0,616057.0
254279,0.35434216260910034,,616077.0
254280,,1.0,616079.0
254298,0.35434216260910034,,616101.5555555555
254299,,0.0,616102.925925926
254309,0.35434216260910034,,616116.6296296297
254310,,0.0,616118.0
254323,0.35434216260910034,,616135.8148148148
254324,,0.0,616137.1851851852
254335,0.35434216260910034,,616152.2592592592
254336,,0.0,616153.6296296297
254351,0.3543521761894226,,616184.8775510204
254352,,1.0,616187.3673469388
254360,0.3543621897697449,,616207.2857142857
254361,,1.0,616209.775510204
254376,0.35437220335006714,,616247.1224489796
254377,,1.0,616249.612244898
254386,0.3543822169303894,,616272.0204081633
254387,,1.0,616274.5102040817
254402,0.3543822169303894,,616296.7333333333
254403,,0.0,616298.3777777777
254412,0.3543822169303894,,616313.1777777778
254413,,0.0,616314.8222222222
254418,0.3543822169303894,,616323.0444444445
254419,,0.0,616324.6888888889
254433,0.3543822169303894,,616347.7111111111
254434,,0.0,616349.3555555556
254442,0.35439223051071167,,616363.6470588235
254443,,1.0,616366.1764705882
254452,0.35440224409103394,,616388.9411764706
254453,,1.0,616391.4705882353
254461,0.3544122576713562,,616411.7058823529
254462,,1.0,616414.2352941176
254469,0.35442227125167847,,616431.9411764706
254470,,1.0,616434.4705882353
254481,0.35442227125167847,,616451.8
254482,,0.0,616453.65
254491,0.35442227125167847,,616470.3
254492,,0.0,616472.15
254501,0.35442227125167847,,616488.8
254502,,0.0,616490.65
254511,0.35442227125167847,,616507.3
254512,,0.0,616509.15
254524,0.35442227125167847,,616526.9545454546
254525,,0.0,616528.7272727273
254537,0.35442227125167847,,616550.0
254538,,0.0,616551.7727272727
254547,0.35442227125167847,,616567.7272727273
254548,,0.0,616569.5
254557,0.35442227125167847,,616585.4545454546
254558,,0.0,616587.2272727273
254572,0.35443228483200073,,616607.4081632653
254573,,1.0,616609.081632653
254585,0.354442298412323,,616629.1632653062
254586,,1.0,616630.8367346938
254595,0.35445231199264526,,616645.8979591837
254596,,1.0,616647.5714285715
254608,0.35446232557296753,,616667.6530612245
254609,,1.0,616669.3265306122
254628,0.3544723391532898,,616704.7021276596
254629,,1.0,616706.8085106383
254640,0.35448235273361206,,616729.9787234042
254641,,1.0,616732.085106383
254650,0.3544923663139343,,616751.0425531915
254651,,1.0,616753.1489361703
254657,0.3545023798942566,,616765.7872340425
254658,,1.0,616767.8936170213
254675,0.35451239347457886,,616796.0909090909
254676,,1.0,616797.9545454546
254683,0.3545224070549011,,616811.0
254684,,1.0,616812.8636363636
254690,0.3545324206352234,,616824.0454545454
254691,,1.0,616825.9090909091
254703,0.35454243421554565,,616848.2727272727
254704,,1.0,616850.1363636364
254720,0.35454243421554565,,616877.35
254721,,0.0,616879.3
254727,0.35454243421554565,,616891.0
254728,,0.0,616892.95
254737,0.35454243421554565,,616910.5
254738,,0.0,616912.45
254745,0.35454243421554565,,616926.1
254746,,0.0,616928.05
254760,0.35454243421554565,,616948.9302325582
254761,,0.0,616950.6511627907
254773,0.35454243421554565,,616971.3023255814
254774,,0.0,616973.023255814
254781,0.35454243421554565,,616985.0697674418
254782,,0.0,616986.7906976744
254790,0.35454243421554565,,617000.5581395349
254791,,0.0,617002.2790697674
254810,0.35454243421554565,,617029.1914893617
254811,,0.0,617030.7659574468
254818,0.35454243421554565,,617041.7872340425
254819,,0.0,617043.3617021276
254825,0.35454243421554565,,617052.8085106383
254826,,0.0,617054.3829787234
254839,0.35454243421554565,,617074.8510638297
254840,,0.0,617076.4255319149
254860,0.3545524477958679,,617103.8269230769
254861,,1.0,617105.3461538461
254874,0.3545624613761902,,617125.0961538461
254875,,1.0,617126.6153846154
254881,0.35457247495651245,,617135.7307692308
254882,,1.0,617137.25
254893,0.3545824885368347,,617153.9615384615
254894,,1.0,617155.4807692308
254907,0.3546124994754791,,617203.9230769231
254908,,3.0,617208.6153846154
254917,0.35464251041412354,,617250.8461538461
254918,,3.0,617255.5384615385
254928,0.35467252135276794,,617302.4615384615
254929,,3.0,617307.1538461539
254934,0.35470253229141235,,617330.6153846154
254935,,3.0,617335.3076923077
254955,0.35470253229141235,,617362.8727272727
254956,,0.0,617364.2181818181
254967,0.35470253229141235,,617379.0181818182
254968,,0.0,617380.3636363636
254978,0.35470253229141235,,617393.8181818182
254979,,0.0,617395.1636363637
254991,0.35470253229141235,,617411.3090909091
254992,,0.0,617412.6545454545
255006,0.35470253229141235,,617431.085106383
255007,,0.0,617432.6382978724
255018,0.35470253229141235,,617449.7234042553
255019,,0.0,617451.2765957447
255028,0.35470253229141235,,617465.2553191489
255029,,0.0,617466.8085106383
255040,0.35470253229141235,,617483.8936170213
255041,,0.0,617485.4468085107
255062,0.35470253229141235,,617513.0
255063,,0.0,617514.4444444445
255073,0.35470253229141235,,617528.8888888889
255074,,0.0,617530.3333333334
255084,0.35470253229141235,,617544.7777777778
255085,,0.0,617546.2222222222
255096,0.35470253229141235,,617562.1111111111
255097,,0.0,617563.5555555555
255111,0.35470253229141235,,617584.5
255112,,0.0,617586.2727272727
255123,0.35470253229141235,,617605.7727272727
255124,,0.0,617607.5454545454
255131,0.35470253229141235,,617619.9545454546
255132,,0.0,617621.7272727273
255142,0.35470253229141235,,617639.4545454546
255143,,0.0,617641.2272727273
255156,0.35470253229141235,,617659.8181818182
255157,,0.0,617661.5
255167,0.35470253229141235,,617678.3181818182
255168,,0.0,617680.0
255178,0.35470253229141235,,617696.8181818182
255179,,0.0,617698.5
255188,0.35470253229141235,,617713.6363636364
255189,,0.0,617715.3181818182
255202,0.3547125458717346,,617737.4761904762
255203,,1.0,617739.5238095238
255210,0.3547225594520569,,617753.8571428572
255211,,1.0,617755.9047619047
255220,0.35473257303237915,,617774.3333333334
255221,,1.0,617776.380952381
255232,0.3547425866127014,,617798.9047619047
255233,,1.0,617800.9523809524
255253,0.3547425866127014,,617830.3478260869
255254,,0.0,617831.9565217391
255261,0.3547425866127014,,617843.2173913043
255262,,0.0,617844.8260869565
255271,0.3547425866127014,,617859.304347826
255272,,0.0,617860.9130434783
255280,0.3547425866127014,,617873.7826086957
255281,,0.0,617875.3913043478
255292,0.3547425866127014,,617891.4390243902
255293,,0.0,617893.243902439
255303,0.3547425866127014,,617911.2926829269
255304,,0.0,617913.0975609756
255314,0.3547425866127014,,617931.1463414634
255315,,0.0,617932.9512195121
255323,0.3547425866127014,,617947.3902439025
255324,,0.0,617949.1951219512
255341,0.3547526001930237,,617986.5675675676
255342,,1.0,617989.1081081082
255349,0.35476261377334595,,618006.8918918918
255350,,1.0,618009.4324324324
255356,0.3547726273536682,,618024.6756756756
255357,,1.0,618027.2162162162
255362,0.3547826409339905,,618039.9189189189
255363,,1.0,618042.4594594594
255374,0.3547826409339905,,618061.0
255375,,0.0,618063.0
255384,0.3547826409339905,,618081.0
255385,,0.0,618083.0
255390,0.3547826409339905,,618093.0
255391,,0.0,618095.0
255401,0.3547826409339905,,618115.0
255402,,0.0,618117.0
255416,0.35479265451431274,,618141.0
255417,,1.0,618143.0
255423,0.354802668094635,,618155.0
255424,,1.0,618157.0
255435,0.3548126816749573,,618179.0
255436,,1.0,618181.0
255450,0.35482269525527954,,618209.0
255451,,1.0,618211.0
255470,0.35482269525527954,,618239.3111111111
255471,,0.0,618240.9555555555
255480,0.35482269525527954,,618255.7555555556
255481,,0.0,618257.4
255490,0.35482269525527954,,618272.2
255491,,0.0,618273.8444444444
255497,0.35482269525527954,,618283.7111111111
255498,,0.0,618285.3555555556
255510,0.35482269525527954,,618304.1219512195
255511,,0.0,618306.0243902439
255521,0.35482269525527954,,618325.0487804879
255522,,0.0,618326.9512195121
255530,0.35482269525527954,,618342.1707317074
255531,,0.0,618344.0731707317
255540,0.35482269525527954,,618361.1951219512
255541,,0.0,618363.0975609756
255557,0.35482269525527954,,618387.5333333333
255558,,0.0,618389.2666666667
255568,0.35482269525527954,,618406.6
255569,,0.0,618408.3333333334
255577,0.35482269525527954,,618422.2
255578,,0.0,618423.9333333333
255587,0.35482269525527954,,618439.5333333333
255588,,0.0,618441.2666666667
255602,0.35482269525527954,,618463.9268292683
255603,,0.0,618465.8292682926
255611,0.35482269525527954,,618481.0487804879
255612,,0.0,618482.9512195121
255624,0.35482269525527954,,618505.7804878049
255625,,0.0,618507.6829268293
255630,0.35482269525527954,,618517.1951219512
255631,,0.0,618519.0975609756
255647,0.35482269525527954,,618541.4285714285
255648,,0.0,618543.0
255657,0.35482269525527954,,618557.1428571428
255658,,0.0,618558.7142857143
255666,0.35482269525527954,,618571.2857142857
255667,,0.0,618572.8571428572
255681,0.35482269525527954,,618594.8571428572
255682,,0.0,618596.4285714285
255701,0.3548327088356018,,618623.4693877551
255702,,1.0,618625.0612244898
255717,0.3548427224159241,,618648.9387755102
255718,,1.0,618650.5306122449
255724,0.35485273599624634,,618660.081632653
255725,,1.0,618661.6734693878
255732,0.3548627495765686,,618672.8163265307
255733,,1.0,618674.4081632653
255747,0.3548627495765686,,618695.0666666667
255748,,0.0,618696.8
255759,0.3548627495765686,,618715.8666666667
255760,,0.0,618717.6
255770,0.3548627495765686,,618734.9333333333
255771,,0.0,618736.6666666666
255779,0.3548627495765686,,618750.5333333333
255780,,0.0,618752.2666666667
255797,0.3548627495765686,,618775.1428571428
255798,,0.0,618776.6530612245
255807,0.3548627495765686,,618790.2448979592
255808,,0.0,618791.7551020408
255817,0.3548627495765686,,618805.3469387755
255818,,0.0,618806.8571428572
255830,0.3548627495765686,,618824.9795918367
255831,,0.0,618826.4897959183
255843,0.3548627495765686,,618845.0769230769
255844,,0.0,618846.9743589744
255854,0.3548627495765686,,618865.9487179487
255855,,0.0,618867.8461538461
255862,0.3548627495765686,,618881.1282051282
255863,,0.0,618883.0256410256
255871,0.3548627495765686,,618898.2051282051
255872,,0.0,618900.1025641026
255885,0.3548627495765686,,618919.7272727273
255886,,0.0,618921.5
255895,0.3548627495765686,,618937.4545454546
255896,,0.0,618939.2272727273
255908,0.3548627495765686,,618960.5
255909,,0.0,618962.2727272727
255917,0.3548627495765686,,618976.4545454546
255918,,0.0,618978.2272727273
255929,0.35487276315689087,,618996.9523809524
255930,,1.0,618999.0714285715
255938,0.35488277673721313,,619016.0238095238
255939,,1.0,619018.1428571428
255947,0.3548927903175354,,619035.0952380953
255948,,1.0,619037.2142857143
255961,0.35490280389785767,,619064.7619047619
255962,,1.0,619066.880952381
255983,0.3549328148365021,,619092.8775510204
255984,,3.0,619094.2040816327
255995,0.3549628257751465,,619108.7959183673
255996,,3.0,619110.1224489796
255999,0.3549928367137909,,619114.1020408163
256000,,3.0,619115.4285714285
256012,0.3550228476524353,,619131.3469387755
256013,,3.0,619132.6734693878
256029,0.3550228476524353,,619156.5333333333
256030,,0.0,619158.2666666667
256039,0.3550228476524353,,619173.8666666667
256040,,0.0,619175.6
256049,0.3550228476524353,,619191.2
256050,,0.0,619192.9333333333
256059,0.3550228476524353,,619208.5333333333
256060,,0.0,619210.2666666667
256072,0.3550228476524353,,619228.3255813953
256073,,0.0,619230.1395348837
256081,0.3550228476524353,,619244.6511627907
256082,,0.0,619246.4651162791
256092,0.3550228476524353,,619264.6046511628
256093,,0.0,619266.4186046511
256104,0.3550228476524353,,619286.3720930233
256105,,0.0,619288.1860465116
256123,0.3550228476524353,,619312.6530612245
256124,,0.0,619314.1632653062
256135,0.3550228476524353,,619330.775510204
256136,,0.0,619332.2857142857
256145,0.3550228476524353,,619345.8775510204
256146,,0.0,619347.387755102
256155,0.3550228476524353,,619360.9795918367
256156,,0.0,619362.4897959183
256169,0.3550228476524353,,619380.4444444445
256170,,0.0,619382.088888889
256177,0.3550228476524353,,619393.6
256178,,0.0,619395.2444444444
256190,0.3550228476524353,,619414.9777777778
256191,,0.0,619416.6222222223
256202,0.3550228476524353,,619434.7111111111
256203,,0.0,619436.3555555556
256213,0.3550228476524353,,619451.3170731707
256214,,0.0,619453.2195121951
256222,0.3550228476524353,,619468.4390243902
256223,,0.0,619470.3414634146
256232,0.3550228476524353,,619487.4634146341
256233,,0.0,619489.3658536585
256245,0.3550228476524353,,619512.1951219512
256246,,0.0,619514.0975609756
256265,0.35503286123275757,,619543.52
256266,,1.0,619545.24
256271,0.35504287481307983,,619553.84
256272,,1.0,619555.56
256287,0.3550528883934021,,619581.36
256288,,1.0,619583.08
256297,0.35506290197372437,,619598.56
256298,,1.0,619600.28
256312,0.35507291555404663,,619620.4130434783
256313,,1.0,619622.0869565217
256324,0.3550829291343689,,619640.5
256325,,1.0,619642.1739130435
256331,0.35509294271469116,,619652.2173913043
256332,,1.0,619653.8913043478
256345,0.3551029562950134,,619675.6521739131
256346,,1.0,619677.3260869565
256362,0.35513296723365784,,619715.6888888889
256363,,3.0,619718.5111111111
256376,0.35516297817230225,,619755.2
256377,,3.0,619758.0222222222
256384,0.35519298911094666,,619777.7777777778
256385,,3.0,619780.6
256392,0.35522300004959106,,619800.3555555556
256393,,3.0,619803.1777777778
256407,0.35522300004959106,,619826.8717948718
256408,,0.0,619828.7692307692
256415,0.35522300004959106,,619842.0512820513
256416,,0.0,619843.9487179487
256424,0.35522300004959106,,619859.1282051282
256425,,0.0,619861.0256410256
256433,0.35522300004959106,,619876.2051282051
256434,,0.0,619878.1025641026
256447,0.35522300004959106,,619900.0
256448,,0.0,619902.0
256455,0.35522300004959106,,619916.0
256456,,0.0,619918.0
256464,0.35522300004959106,,619934.0
256465,,0.0,619936.0
256472,0.35522300004959106,,619950.0
256473,,0.0,619952.0
256489,0.35522300004959106,,619973.8823529412
256490,,0.0,619975.4117647059
256503,0.35522300004959106,,619995.2941176471
256504,,0.0,619996.8235294118
256515,0.35522300004959106,,620013.6470588235
256516,,0.0,620015.1764705882
256525,0.35522300004959106,,620028.9411764706
256526,,0.0,620030.4705882353
256543,0.35523301362991333,,620060.0
256544,,1.0,620062.0
256559,0.3552430272102356,,620092.0
256560,,1.0,620094.0
256566,0.35525304079055786,,620106.0
256567,,1.0,620108.0
256576,0.3552630543708801,,620126.0
256577,,1.0,620128.0
256588,0.3552630543708801,,620146.0
256589,,0.0,620148.0
256598,0.3552630543708801,,620166.0
256599,,0.0,620168.0
256607,0.3552630543708801,,620184.0
256608,,0.0,620186.0
256617,0.3552630543708801,,620204.0
256618,,0.0,620206.0
256631,0.35529306530952454,,620244.3636363636
256632,,3.0,620248.0
256640,0.35532307624816895,,620277.0909090909
256641,,3.0,620280.7272727273
256655,0.35535308718681335,,620331.6363636364
256656,,3.0,620335.2727272727
256674,0.35538309812545776,,620400.7272727273
256675,,3.0,620404.3636363636
256687,0.35538309812545776,,620423.4883720931
256688,,0.0,620425.2093023256
256702,0.35538309812545776,,620449.3023255814
256703,,0.0,620451.023255814
256711,0.35538309812545776,,620464.7906976744
256712,,0.0,620466.5116279069
256719,0.35538309812545776,,620478.5581395349
256720,,0.0,620480.2790697674
256728,0.35539311170578003,,620492.25
256729,,1.0,620494.3
256737,0.3554031252861023,,620510.7
256738,,1.0,620512.75
256748,0.35541313886642456,,620533.25
256749,,1.0,620535.3
256761,0.3554231524467468,,620559.9
256762,,1.0,620561.95
256773,0.3554231524467468,,620580.0
256774,,0.0,620582.0
256784,0.3554231524467468,,620602.0
256785,,0.0,620604.0
256791,0.3554231524467468,,620616.0
256792,,0.0,620618.0
256802,0.3554231524467468,,620638.0
256803,,0.0,620640.0
256819,0.35545316338539124,,620679.5227272727
256820,,3.0,620682.4090909091
256830,0.35548317432403564,,620711.2727272727
256831,,3.0,620714.1590909091
256841,0.35551318526268005,,620743.0227272727
256842,,3.0,620745.9090909091
256848,0.35554319620132446,,620763.2272727273
256849,,3.0,620766.1136363636
256862,0.35555320978164673,,620788.6
256863,,1.0,620790.56
256876,0.355563223361969,,620816.04
256877,,1.0,620818.0
256886,0.35557323694229126,,620835.64
256887,,1.0,620837.6
256900,0.3555832505226135,,620863.08
256901,,1.0,620865.04
256915,0.3555832505226135,,620887.4285714285
256916,,0.0,620889.2857142857
256927,0.3555832505226135,,620909.7142857143
256928,,0.0,620911.5714285715
256934,0.3555832505226135,,620922.7142857143
256935,,0.0,620924.5714285715
256944,0.3555832505226135,,620941.2857142857
256945,,0.0,620943.1428571428
256962,0.3555832505226135,,620967.0425531915
256963,,0.0,620968.6170212766
256971,0.3555832505226135,,620981.2127659575
256972,,0.0,620982.7872340425
256984,0.3555832505226135,,621001.6808510638
256985,,0.0,621003.2553191489
256993,0.3555832505226135,,621015.8510638297
256994,,0.0,621017.4255319149
257011,0.3555832505226135,,621041.2857142857
257012,,0.0,621042.8775510204
257024,0.3555832505226135,,621061.9795918367
257025,,0.0,621063.5714285715
257032,0.3555832505226135,,621074.7142857143
257033,,0.0,621076.306122449
257044,0.3555832505226135,,621093.8163265307
257045,,0.0,621095.4081632653
257061,0.3555832505226135,,621115.6727272727
257062,,0.0,621117.1090909091
257070,0.3555832505226135,,621128.6
257071,,0.0,621130.0363636364
257085,0.3555832505226135,,621150.1454545455
257086,,0.0,621151.5818181818
257101,0.3555832505226135,,621173.1272727273
257102,,0.0,621174.5636363636
257117,0.3555832505226135,,621198.5365853659
257118,,0.0,621200.4146341464
257127,0.3555832505226135,,621217.3170731707
257128,,0.0,621219.1951219512
257137,0.3555832505226135,,621236.0975609756
257138,,0.0,621237.9756097561
257144,0.3555832505226135,,621249.243902439
257145,,0.0,621251.1219512195
257165,0.3555832505226135,,621283.6829268293
257166,,0.0,621285.487804878
257169,0.3555832505226135,,621290.9024390244
257170,,0.0,621292.7073170731
257179,0.3555832505226135,,621308.9512195121
257180,,0.0,621310.756097561
257187,0.3555832505226135,,621323.3902439025
257188,,0.0,621325.1951219512
257200,0.3555932641029358,,621348.5
257201,,1.0,621350.8888888889
257209,0.35560327768325806,,621370.0
257210,,1.0,621372.3888888889
257217,0.3556132912635803,,621389.1111111111
257218,,1.0,621391.5
257225,0.3556233048439026,,621408.2222222222
257226,,1.0,621410.6111111111
257242,0.3556233048439026,,621435.2444444444
257243,,0.0,621436.9555555555
257255,0.3556233048439026,,621457.4888888889
257256,,0.0,621459.2
257264,0.3556233048439026,,621472.8888888889
257265,,0.0,621474.6
257272,0.3556233048439026,,621486.5777777778
257273,,0.0,621488.2888888889
257290,0.3556233048439026,,621509.8545454545
257291,,0.0,621511.2727272727
257303,0.3556233048439026,,621528.2909090909
257304,,0.0,621529.7090909091
257320,0.3556233048439026,,621552.4
257321,,0.0,621553.8181818182
257329,0.3556233048439026,,621565.1636363637
257330,,0.0,621566.5818181818
257349,0.3556233048439026,,621592.96
257350,,0.0,621594.52
257358,0.3556233048439026,,621607.0
257359,,0.0,621608.56
257367,0.3556233048439026,,621621.04
257368,,0.0,621622.6
257381,0.3556233048439026,,621642.88
257382,,0.0,621644.44
257401,0.3556233048439026,,621670.96
257402,,0.0,621672.52
257411,0.3556233048439026,,621686.56
257412,,0.0,621688.12
257421,0.3556233048439026,,621702.16
257422,,0.0,621703.72
257433,0.3556233048439026,,621720.88
257434,,0.0,621722.44
257450,0.3556233048439026,,621745.5744680851
257451,,0.0,621747.2340425532
257460,0.3556233048439026,,621762.1702127659
257461,,0.0,621763.8297872341
257468,0.3556233048439026,,621775.4468085107
257469,,0.0,621777.1063829787
257482,0.3556233048439026,,621798.6808510638
257483,,0.0,621800.340425532
257498,0.35563331842422485,,621827.8
257499,,1.0,621829.95
257510,0.3556433320045471,,621853.6
257511,,1.0,621855.75
257515,0.3556533455848694,,621864.35
257516,,1.0,621866.5
257524,0.35566335916519165,,621883.7
257525,,1.0,621885.85
257548,0.35566335916519165,,621916.4615384615
257549,,0.0,621917.8846153846
257558,0.35566335916519165,,621930.6923076923
257559,,0.0,621932.1153846154
257566,0.35566335916519165,,621942.0769230769
257567,,0.0,621943.5
257578,0.35566335916519165,,621959.1538461539
257579,,0.0,621960.5769230769
257595,0.35566335916519165,,621984.5333333333
257596,,0.0,621986.2666666667
257607,0.35566335916519165,,622005.3333333334
257608,,0.0,622007.0666666667
257616,0.35566335916519165,,622020.9333333333
257617,,0.0,622022.6666666666
257625,0.35566335916519165,,622036.5333333333
257626,,0.0,622038.2666666667
257642,0.35566335916519165,,622063.4634146341
257643,,0.0,622065.268292683
257655,0.35566335916519165,,622086.9268292683
257656,,0.0,622088.731707317
257663,0.35566335916519165,,622101.3658536585
257664,,0.0,622103.1707317074
257668,0.35566335916519165,,622110.3902439025
257669,,0.0,622112.1951219512
257689,0.35566335916519165,,622141.625
257690,,0.0,622143.25
257698,0.35566335916519165,,622156.25
257699,,0.0,622157.875
257708,0.35566335916519165,,622172.5
257709,,0.0,622174.125
257718,0.35566335916519165,,622188.75
257719,,0.0,622190.375
257733,0.35566335916519165,,622211.5
257734,,0.0,622213.2727272727
257745,0.35566335916519165,,622232.7727272727
257746,,0.0,622234.5454545454
257752,0.35566335916519165,,622245.1818181818
257753,,0.0,622246.9545454546
257764,0.35566335916519165,,622266.4545454546
257765,,0.0,622268.2272727273
257780,0.35566335916519165,,622290.3478260869
257781,,0.0,622292.0434782609
257791,0.35566335916519165,,622309.0
257792,,0.0,622310.695652174
257801,0.35566335916519165,,622325.9565217391
257802,,0.0,622327.6521739131
257812,0.35566335916519165,,622344.6086956522
257813,,0.0,622346.304347826
257827,0.35566335916519165,,622367.0666666667
257828,,0.0,622368.8
257836,0.35566335916519165,,622382.6666666666
257837,,0.0,622384.4
257845,0.35566335916519165,,622398.2666666667
257846,,0.0,622400.0
257859,0.35566335916519165,,622422.5333333333
257860,,0.0,622424.2666666667
257874,0.35566335916519165,,622442.387755102
257875,,0.0,622443.8775510204
257883,0.35566335916519165,,622455.7959183673
257884,,0.0,622457.2857142857
257894,0.35566335916519165,,622472.1836734693
257895,,0.0,622473.6734693878
257910,0.35566335916519165,,622496.0204081633
257911,,0.0,622497.5102040817
257921,0.35566335916519165,,622513.717948718
257922,,0.0,622515.8205128205
257931,0.35566335916519165,,622534.7435897436
257932,,0.0,622536.8461538461
257941,0.35566335916519165,,622555.7692307692
257942,,0.0,622557.8717948718
257951,0.35566335916519165,,622576.7948717949
257952,,0.0,622578.8974358974
257971,0.35566335916519165,,622605.0
257972,,0.0,622606.5
257980,0.35566335916519165,,622618.5
257981,,0.0,622620.0
257994,0.35566335916519165,,622639.5
257995,,0.0,622641.0
258005,0.35566335916519165,,622656.0
258006,,0.0,622657.5
258019,0.35566335916519165,,622677.3333333334
258020,,0.0,622679.1666666666
258030,0.35566335916519165,,622697.5
258031,,0.0,622699.3333333334
258038,0.35566335916519165,,622712.1666666666
258039,,0.0,622714.0
258049,0.35566335916519165,,622732.3333333334
258050,,0.0,622734.1666666666
258069,0.35566335916519165,,622760.64
258070,,0.0,622762.18
258079,0.35566335916519165,,622776.04
258080,,0.0,622777.58
258090,0.35566335916519165,,622792.98
258091,,0.0,622794.52
258101,0.35566335916519165,,622809.92
258102,,0.0,622811.46
258115,0.3556833565235138,,622835.8947368421
258116,,2.0,622838.1842105263
258122,0.35570335388183594,,622851.9210526316
258123,,2.0,622854.2105263158
258134,0.3557233512401581,,622879.3947368421
258135,,2.0,622881.6842105263
258141,0.3557433485984802,,622895.4210526316
258142,,2.0,622897.7105263158
258155,0.3557533621788025,,622921.8604651163
258156,,1.0,622924.0465116279
258166,0.35576337575912476,,622945.9069767442
258167,,1.0,622948.0930232558
258174,0.355773389339447,,622963.3953488372
258175,,1.0,622965.5813953489
258186,0.3557834029197693,,622989.6279069767
258187,,1.0,622991.8139534884
258200,0.35580340027809143,,623011.5510204082
258201,,2.0,623013.306122449
258210,0.3558233976364136,,623029.1020408163
258211,,2.0,623030.8571428572
258220,0.3558433949947357,,623046.6530612245
258221,,2.0,623048.4081632653
258237,0.35586339235305786,,623076.4897959183
258238,,2.0,623078.2448979592
258258,0.35586339235305786,,623109.088888889
258259,,0.0,623110.8
258266,0.35586339235305786,,623122.7777777778
258267,,0.0,623124.4888888889
258276,0.35586339235305786,,623139.8888888889
258277,,0.0,623141.6
258284,0.35586339235305786,,623153.5777777778
258285,,0.0,623155.2888888889
258302,0.35586339235305786,,623180.2340425532
258303,,0.0,623181.8936170213
258310,0.35586339235305786,,623193.5106382979
258311,,0.0,623195.1702127659
258320,0.35586339235305786,,623210.1063829787
258321,,0.0,623211.7659574468
258333,0.35586339235305786,,623231.6808510638
258334,,0.0,623233.340425532
258346,0.35586339235305786,,623253.0
258347,,0.0,623255.0
258356,0.35586339235305786,,623273.0
258357,,0.0,623275.0
258365,0.35586339235305786,,623291.0
258366,,0.0,623293.0
258372,0.35586339235305786,,623305.0
258373,,0.0,623307.0
258382,0.35586339235305786,,623322.2631578947
258383,,0.0,623324.4736842106
258393,0.35586339235305786,,623346.5789473684
258394,,0.0,623348.7894736842
258402,0.35586339235305786,,623366.4736842106
258403,,0.0,623368.6842105263
258412,0.35586339235305786,,623388.5789473684
258413,,0.0,623390.7894736842
258427,0.35589340329170227,,623418.0
258428,,3.0,623420.2727272727
258437,0.3559234142303467,,623440.7272727273
258438,,3.0,623443.0
258449,0.3559534251689911,,623468.0
258450,,3.0,623470.2727272727
258458,0.3559834361076355,,623488.4545454546
258459,,3.0,623490.7272727273
258473,0.3559834361076355,,623512.9534883721
258474,,0.0,623514.7674418605
258482,0.3559834361076355,,623529.2790697674
258483,,0.0,623531.0930232558
258493,0.3559834361076355,,623549.2325581395
258494,,0.0,623551.0465116279
258503,0.3559834361076355,,623567.3720930233
258504,,0.0,623569.1860465116
258523,0.3559834361076355,,623597.5531914893
258524,,0.0,623599.2127659575
258536,0.3559834361076355,,623619.1276595745
258537,,0.0,623620.7872340425
258544,0.3559834361076355,,623632.4042553192
258545,,0.0,623634.0638297872
258552,0.3559834361076355,,623645.6808510638
258553,,0.0,623647.340425532
258572,0.3559834361076355,,623676.2727272727
258573,,0.0,623677.9772727273
258580,0.3559834361076355,,623689.9090909091
258581,,0.0,623691.6136363636
258590,0.3559834361076355,,623706.9545454546
258591,,0.0,623708.6590909091
258598,0.3559834361076355,,623720.5909090909
258599,,0.0,623722.2954545454
258614,0.3559834361076355,,623744.6511627907
258615,,0.0,623746.3720930233
258621,0.3559834361076355,,623756.6976744186
258622,,0.0,623758.4186046511
258631,0.3559834361076355,,623773.9069767442
258632,,0.0,623775.6279069767
258643,0.3559834361076355,,623794.5581395349
258644,,0.0,623796.2790697674
258661,0.3559834361076355,,623819.5833333334
258662,,0.0,623821.125
258676,0.3559834361076355,,623842.7083333334
258677,,0.0,623844.25
258683,0.3559834361076355,,623853.5
258684,,0.0,623855.0416666666
258693,0.3559834361076355,,623868.9166666666
258694,,0.0,623870.4583333334
258709,0.3559834361076355,,623894.7692307692
258710,,0.0,623896.6666666666
258717,0.3559834361076355,,623909.9487179487
258718,,0.0,623911.8461538461
258723,0.3559834361076355,,623921.3333333334
258724,,0.0,623923.2307692308
258734,0.3559834361076355,,623942.2051282051
258735,,0.0,623944.1025641026
258751,0.3559834361076355,,623968.3720930233
258752,,0.0,623970.0930232558
258759,0.3559834361076355,,623982.1395348837
258760,,0.0,623983.8604651163
258773,0.3559834361076355,,624006.2325581395
258774,,0.0,624007.9534883721
258779,0.3559834361076355,,624016.5581395349
258780,,0.0,624018.2790697674
258794,0.35599344968795776,,624042.5789473684
258795,,1.0,624044.6315789474
258802,0.35600346326828003,,624059.0
258803,,1.0,624061.052631579
258813,0.3560134768486023,,624081.5789473684
258814,,1.0,624083.6315789474
258819,0.35602349042892456,,624093.8947368421
258820,,1.0,624095.947368421
258835,0.35602349042892456,,624121.4
258836,,0.0,624123.35
258845,0.35602349042892456,,624140.9
258846,,0.0,624142.85
258853,0.35602349042892456,,624156.5
258854,,0.0,624158.45
258861,0.35602349042892456,,624172.1
258862,,0.0,624174.05
258879,0.3560335040092468,,624198.2173913043
258880,,1.0,624199.804347826
258890,0.3560435175895691,,624215.6739130435
258891,,1.0,624217.2608695652
258899,0.35605353116989136,,624229.9565217391
258900,,1.0,624231.5434782609
258909,0.3560635447502136,,624245.8260869565
258910,,1.0,624247.4130434783
258925,0.3560635447502136,,624268.304347826
258926,,0.0,624269.9130434783
258936,0.3560635447502136,,624286.0
258937,,0.0,624287.6086956522
258947,0.3560635447502136,,624303.695652174
258948,,0.0,624305.304347826
258957,0.3560635447502136,,624319.7826086957
258958,,0.0,624321.3913043478
258974,0.3560635447502136,,624344.4782608695
258975,,0.0,624346.1304347826
258985,0.3560635447502136,,624362.6521739131
258986,,0.0,624364.304347826
258994,0.3560635447502136,,624377.5217391305
258995,,0.0,624379.1739130435
259005,0.3560635447502136,,624395.695652174
259006,,0.0,624397.3478260869
259017,0.3560635447502136,,624416.756097561
259018,,0.0,624418.9756097561
259029,0.3560635447502136,,624443.3902439025
259030,,0.0,624445.6097560975
259039,0.3560635447502136,,624465.5853658536
259040,,0.0,624467.8048780488
259048,0.3560635447502136,,624485.5609756098
259049,,0.0,624487.7804878049
259064,0.3560735583305359,,624511.8666666667
259065,,1.0,624513.6888888889
259073,0.35608357191085815,,624528.2666666667
259074,,1.0,624530.088888889
259085,0.3560935854911804,,624550.1333333333
259086,,1.0,624551.9555555555
259095,0.3561035990715027,,624568.3555555556
259096,,1.0,624570.1777777778
259111,0.3561035990715027,,624592.6511627907
259112,,0.0,624594.3720930233
259120,0.3561035990715027,,624608.1395348837
259121,,0.0,624609.8604651163
259132,0.3561035990715027,,624628.7906976744
259133,,0.0,624630.5116279069
259140,0.3561035990715027,,624642.5581395349
259141,,0.0,624644.2790697674
259155,0.3561035990715027,,624664.088888889
259156,,0.0,624665.7333333333
259165,0.3561035990715027,,624680.5333333333
259166,,0.0,624682.1777777778
259174,0.3561035990715027,,624695.3333333334
259175,,0.0,624696.9777777778
259187,0.3561035990715027,,624716.7111111111
259188,,0.0,624718.3555555556
259200,0.3561035990715027,,624738.0
259201,,0.0,624740.0
259211,0.3561035990715027,,624760.0
259212,,0.0,624762.0
259219,0.3561035990715027,,624776.0
259220,,0.0,624778.0
259228,0.3561035990715027,,624794.0
259229,,0.0,624796.0
259243,0.35611361265182495,,624828.3243243244
259244,,1.0,624831.0810810811
259250,0.3561236262321472,,624847.6216216217
259251,,1.0,624850.3783783783
259257,0.3561336398124695,,624866.9189189189
259258,,1.0,624869.6756756756
259267,0.35614365339279175,,624894.4864864865
259268,,1.0,624897.2432432432
259283,0.35614365339279175,,624921.7674418605
259284,,0.0,624923.5813953489
259293,0.35614365339279175,,624939.9069767442
259294,,0.0,624941.7209302326
259300,0.35614365339279175,,624952.6046511628
259301,,0.0,624954.4186046511
259312,0.35614365339279175,,624974.3720930233
259313,,0.0,624976.1860465116
259325,0.35614365339279175,,624996.0
259326,,0.0,624998.0
259333,0.35614365339279175,,625012.0
259334,,0.0,625014.0
259341,0.35614365339279175,,625028.0
259342,,0.0,625030.0
259351,0.35614365339279175,,625048.0
259352,,0.0,625050.0
259365,0.35614365339279175,,625067.7446808511
259366,,0.0,625069.3191489362
259377,0.35614365339279175,,625086.6382978724
259378,,0.0,625088.2127659575
259389,0.35614365339279175,,625105.5319148937
259390,,0.0,625107.1063829787
259400,0.35614365339279175,,625122.8510638297
259401,,0.0,625124.4255319149
259416,0.35614365339279175,,625148.2
259417,,0.0,625150.05
259425,0.35614365339279175,,625164.85
259426,,0.0,625166.7
259433,0.35614365339279175,,625179.65
259434,,0.0,625181.5
259442,0.35614365339279175,,625196.3
259443,,0.0,625198.15
259455,0.35614365339279175,,625214.4782608695
259456,,0.0,625216.0869565217
259465,0.35614365339279175,,625230.5652173914
259466,,0.0,625232.1739130435
259475,0.35614365339279175,,625246.6521739131
259476,,0.0,625248.2608695652
259490,0.35614365339279175,,625270.7826086957
259491,,0.0,625272.3913043478
259501,0.356153666973114,,625288.3255813953
259502,,1.0,625290.3720930233
259516,0.3561636805534363,,625319.023255814
259517,,1.0,625321.0697674418
259527,0.35617369413375854,,625341.5348837209
259528,,1.0,625343.5813953489
259535,0.3561837077140808,,625357.9069767442
259536,,1.0,625359.9534883721
259554,0.3561837077140808,,625386.6875
259555,,0.0,625388.3333333334
259561,0.3561837077140808,,625398.2083333334
259562,,0.0,625399.8541666666
259575,0.3561837077140808,,625421.25
259576,,0.0,625422.8958333334
259585,0.3561837077140808,,625437.7083333334
259586,,0.0,625439.3541666666
259606,0.3561837077140808,,625469.8260869565
259607,,0.0,625471.5217391305
259617,0.3561837077140808,,625488.4782608695
259618,,0.0,625490.1739130435
259625,0.3561837077140808,,625502.0434782609
259626,,0.0,625503.7391304348
259633,0.3561837077140808,,625515.6086956522
259634,,0.0,625517.304347826
259649,0.3561937212944031,,625549.6976744186
259650,,1.0,625552.2558139535
259659,0.35620373487472534,,625575.2790697674
259660,,1.0,625577.8372093023
259670,0.3562137484550476,,625603.4186046511
259671,,1.0,625605.976744186
259678,0.3562237620353699,,625623.8837209302
259679,,1.0,625626.4418604651
259691,0.3562237620353699,,625645.3255813953
259692,,0.0,625647.1395348837
259700,0.3562237620353699,,625661.6511627907
259701,,0.0,625663.4651162791
259710,0.3562237620353699,,625679.7906976744
259711,,0.0,625681.6046511628
259723,0.3562237620353699,,625703.3720930233
259724,,0.0,625705.1860465116
259746,0.35623377561569214,,625737.3269230769
259747,,1.0,625738.9230769231
259758,0.3562437891960144,,625756.4807692308
259759,,1.0,625758.0769230769
259768,0.35625380277633667,,625772.4423076923
259769,,1.0,625774.0384615385
259777,0.35626381635665894,,625786.8076923077
259778,,1.0,625788.4038461539
259793,0.35626381635665894,,625812.9333333333
259794,,0.0,625814.8444444444
259808,0.35626381635665894,,625841.6
259809,,0.0,625843.5111111111
259818,0.35626381635665894,,625860.7111111111
259819,,0.0,625862.6222222223
259824,0.35626381635665894,,625872.1777777778
259825,,0.0,625874.088888889
259843,0.3562738299369812,,625901.625
259844,,1.0,625903.3333333334
259854,0.35628384351730347,,625920.4166666666
259855,,1.0,625922.125
259862,0.35629385709762573,,625934.0833333334
259863,,1.0,625935.7916666666
259874,0.356303870677948,,625954.5833333334
259875,,1.0,625956.2916666666
259892,0.35631388425827026,,625984.1739130435
259893,,1.0,625986.0434782609
259901,0.35632389783859253,,626001.0
259902,,1.0,626002.8695652174
259912,0.3563339114189148,,626021.5652173914
259913,,1.0,626023.4347826086
259922,0.35634392499923706,,626040.2608695652
259923,,1.0,626042.1304347826
259942,0.35634392499923706,,626071.5348837209
259943,,0.0,626073.2558139535
259952,0.35634392499923706,,626088.7441860465
259953,,0.0,626090.4651162791
259959,0.35634392499923706,,626100.7906976744
259960,,0.0,626102.5116279069
259967,0.35634392499923706,,626114.5581395349
259968,,0.0,626116.2790697674
259983,0.3563539385795593,,626139.8666666667
259984,,1.0,626141.6888888889
259991,0.3563639521598816,,626154.4444444445
259992,,1.0,626156.2666666667
260003,0.35637396574020386,,626176.3111111111
260004,,1.0,626178.1333333333
260014,0.3563839793205261,,626196.3555555556
260015,,1.0,626198.1777777778
260030,0.3563839793205261,,626218.1224489796
260031,,0.0,626219.6326530612
260040,0.3563839793205261,,626233.224489796
260041,,0.0,626234.7346938775
260051,0.3563839793205261,,626249.8367346938
260052,,0.0,626251.3469387755
260065,0.3563839793205261,,626270.9795918367
260066,,0.0,626272.4897959183
260081,0.3563839793205261,,626293.4666666667
260082,,0.0,626295.088888889
260093,0.3563839793205261,,626312.9333333333
260094,,0.0,626314.5555555555
260102,0.3563839793205261,,626327.5333333333
260103,,0.0,626329.1555555556
260112,0.3563839793205261,,626343.7555555556
260113,,0.0,626345.3777777777
260126,0.3563839793205261,,626364.2093023256
260127,,0.0,626365.9302325582
260136,0.3563839793205261,,626381.4186046511
260137,,0.0,626383.1395348837
260145,0.3563839793205261,,626396.9069767442
260146,,0.0,626398.6279069767
260157,0.3563839793205261,,626417.5581395349
260158,,0.0,626419.2790697674
260174,0.3563939929008484,,626442.58
260175,,1.0,626444.24
260183,0.35640400648117065,,626457.52
260184,,1.0,626459.18
260195,0.3564140200614929,,626477.44
260196,,1.0,626479.1
260209,0.3564240336418152,,626500.68
260210,,1.0,626502.34
260227,0.3564240336418152,,626528.0930232558
260228,,0.0,626529.8139534884
260240,0.3564240336418152,,626550.4651162791
260241,,0.0,626552.1860465116
260248,0.3564240336418152,,626564.2325581395
260249,,0.0,626565.9534883721
260254,0.3564240336418152,,626574.5581395349
260255,,0.0,626576.2790697674
260271,0.35644403100013733,,626616.0
260272,,2.0,626618.9230769231
260279,0.3564640283584595,,626639.3846153846
260280,,2.0,626642.3076923077
260288,0.3564840257167816,,626665.6923076923
260289,,2.0,626668.6153846154
260295,0.35650402307510376,,626686.1538461539
260296,,2.0,626689.0769230769
260304,0.35650402307510376,,626700.9024390244
260305,,0.0,626702.6829268293
260317,0.35650402307510376,,626724.0487804879
260318,,0.0,626725.8292682926
260325,0.35650402307510376,,626738.2926829269
260326,,0.0,626740.0731707317
260338,0.35650402307510376,,626761.4390243902
260339,,0.0,626763.2195121951
260353,0.35650402307510376,,626783.6521739131
260354,,0.0,626785.3478260869
260362,0.35650402307510376,,626798.9130434783
260363,,0.0,626800.6086956522
260377,0.35650402307510376,,626824.3478260869
260378,,0.0,626826.0434782609
260386,0.35650402307510376,,626839.6086956522
260387,,0.0,626841.304347826
260400,0.356514036655426,,626863.4761904762
260401,,1.0,626865.5238095238
260411,0.3565240502357483,,626886.0
260412,,1.0,626888.0476190476
260419,0.35653406381607056,,626902.380952381
260420,,1.0,626904.4285714285
260430,0.3565440773963928,,626924.9047619047
260431,,1.0,626926.9523809524
260447,0.3565440773963928,,626955.0
260448,,0.0,626957.0
260453,0.3565440773963928,,626967.0
260454,,0.0,626969.0
260463,0.3565440773963928,,626987.0
260464,,0.0,626989.0
260471,0.3565440773963928,,627003.0
260472,,0.0,627005.0
260492,0.3565440773963928,,627033.7659574468
260493,,0.0,627035.340425532
260501,0.3565440773963928,,627047.9361702128
260502,,0.0,627049.5106382979
260510,0.3565440773963928,,627062.1063829787
260511,,0.0,627063.6808510638
260520,0.3565440773963928,,627077.8510638297
260521,,0.0,627079.4255319149
260538,0.3565440773963928,,627102.1428571428
260539,,0.0,627103.6530612245
260550,0.3565440773963928,,627120.2653061225
260551,,0.0,627121.775510204
260560,0.3565440773963928,,627135.3673469388
260561,,0.0,627136.8775510204
260571,0.3565440773963928,,627151.9795918367
260572,,0.0,627153.4897959183
260585,0.3565540909767151,,627172.5510204082
260586,,1.0,627174.306122449
260598,0.35656410455703735,,627195.3673469388
260599,,1.0,627197.1224489796
260609,0.3565741181373596,,627214.6734693878
260610,,1.0,627216.4285714285
260622,0.3565841317176819,,627237.4897959183
260623,,1.0,627239.2448979592
260638,0.35659414529800415,,627263.2857142857
260639,,1.0,627265.1428571428
260651,0.3566041588783264,,627287.4285714285
260652,,1.0,627289.2857142857
260659,0.3566141724586487,,627302.2857142857
260660,,1.0,627304.1428571428
260666,0.35662418603897095,,627315.2857142857
260667,,1.0,627317.1428571428
260685,0.35662418603897095,,627341.2
260686,,0.0,627342.68
260697,0.35662418603897095,,627358.96
260698,,0.0,627360.44
260709,0.35662418603897095,,627376.72
260710,,0.0,627378.2
260718,0.35662418603897095,,627390.04
260719,,0.0,627391.52
260729,0.35662418603897095,,627407.0
260730,,0.0,627409.0
260737,0.35662418603897095,,627423.0
260738,,0.0,627425.0
260745,0.35662418603897095,,627439.0
260746,,0.0,627441.0
260757,0.35662418603897095,,627463.0
260758,,0.0,627465.0
260777,0.35662418603897095,,627493.5531914893
260778,,0.0,627495.2127659575
260786,0.35662418603897095,,627508.4893617021
260787,,0.0,627510.1489361703
260798,0.35662418603897095,,627528.4042553192
260799,,0.0,627530.0638297872
260806,0.35662418603897095,,627541.6808510638
260807,,0.0,627543.340425532
260827,0.35662418603897095,,627568.6785714285
260828,,0.0,627570.0714285715
260840,0.35662418603897095,,627586.7857142857
260841,,0.0,627588.1785714285
260853,0.35662418603897095,,627604.8928571428
260854,,0.0,627606.2857142857
260864,0.35662418603897095,,627620.2142857143
260865,,0.0,627621.6071428572
260881,0.35662418603897095,,627643.0416666666
260882,,0.0,627644.5833333334
260891,0.35662418603897095,,627658.4583333334
260892,,0.0,627660.0
260902,0.35662418603897095,,627675.4166666666
260903,,0.0,627676.9583333334
260914,0.35662418603897095,,627693.9166666666
260915,,0.0,627695.4583333334
260927,0.35662418603897095,,627713.3255813953
260928,,0.0,627715.1395348837
260938,0.35662418603897095,,627733.2790697674
260939,,0.0,627735.0930232558
260947,0.35662418603897095,,627749.6046511628
260948,,0.0,627751.4186046511
260959,0.35662418603897095,,627771.3720930233
260960,,0.0,627773.1860465116
260976,0.35662418603897095,,627795.1372549019
260977,,0.0,627796.6862745098
260990,0.35662418603897095,,627816.8235294118
260991,,0.0,627818.3725490196
260999,0.35662418603897095,,627830.7647058824
261000,,0.0,627832.3137254902
261012,0.35662418603897095,,627850.9019607843
261013,,0.0,627852.4509803922
261026,0.35662418603897095,,627877.6585365854
261027,,0.0,627880.0243902439
261033,0.35662418603897095,,627894.2195121951
261034,,0.0,627896.5853658536
261042,0.35662418603897095,,627915.512195122
261043,,0.0,627917.8780487805
261055,0.35662418603897095,,627946.268292683
261056,,0.0,627948.6341463415
261073,0.3566341996192932,,627975.0434782609
261074,,1.0,627976.7608695652
261081,0.3566442131996155,,627988.7826086957
261082,,1.0,627990.5
261096,0.35665422677993774,,628014.5434782609
261097,,1.0,628016.2608695652
261103,0.35666424036026,,628026.5652173914
261104,,1.0,628028.2826086957
261117,0.35666424036026,,628048.1395348837
261118,,0.0,628049.9534883721
261125,0.35666424036026,,628062.6511627907
261126,,0.0,628064.4651162791
261136,0.35666424036026,,628082.6046511628
261137,,0.0,628084.4186046511
261148,0.35666424036026,,628104.3720930233
261149,,0.0,628106.1860465116
261162,0.35666424036026,,628127.0243902439
261163,,0.0,628128.9268292683
261174,0.35666424036026,,628149.8536585366
261175,,0.0,628151.756097561
261183,0.35666424036026,,628166.9756097561
261184,,0.0,628168.8780487805
261191,0.35666424036026,,628182.1951219512
261192,,0.0,628184.0975609756
261210,0.3566742539405823,,628216.6
261211,,1.0,628218.64
261220,0.35668426752090454,,628237.0
261221,,1.0,628239.04
261233,0.3566942811012268,,628263.52
261234,,1.0,628265.56
261243,0.3567042946815491,,628283.92
261244,,1.0,628285.96
261262,0.3567042946815491,,628310.2
261263,,0.0,628311.68
261272,0.3567042946815491,,628325.0
261273,,0.0,628326.48
261283,0.3567042946815491,,628341.28
261284,,0.0,628342.76
261295,0.3567042946815491,,628359.04
261296,,0.0,628360.52
261310,0.3567042946815491,,628379.3191489362
261311,,0.0,628380.8936170213
261323,0.3567042946815491,,628399.7872340425
261324,,0.0,628401.3617021276
261336,0.3567042946815491,,628420.2553191489
261337,,0.0,628421.8297872341
261344,0.3567042946815491,,628432.8510638297
261345,,0.0,628434.4255319149
261356,0.3567042946815491,,628451.5789473684
261357,,0.0,628453.5263157894
261366,0.3567042946815491,,628471.052631579
261367,,0.0,628473.0
261376,0.3567042946815491,,628490.5263157894
261377,,0.0,628492.4736842106
261384,0.3567042946815491,,628506.1052631579
261385,,0.0,628508.052631579
261405,0.35671430826187134,,628538.1153846154
261406,,1.0,628539.7692307692
261417,0.3567243218421936,,628557.9615384615
261418,,1.0,628559.6153846154
261426,0.35673433542251587,,628572.8461538461
261427,,1.0,628574.5
261438,0.35674434900283813,,628592.6923076923
261439,,1.0,628594.3461538461
261447,0.35674434900283813,,628608.0588235294
261448,,0.0,628610.4705882353
261458,0.35674434900283813,,628634.5882352941
261459,,0.0,628637.0
261466,0.35674434900283813,,628653.8823529412
261467,,0.0,628656.2941176471
261474,0.35674434900283813,,628673.1764705882
261475,,0.0,628675.5882352941
261490,0.35674434900283813,,628702.6666666666
261491,,0.0,628704.7222222222
261496,0.35674434900283813,,628715.0
261497,,0.0,628717.0555555555
261504,0.35674434900283813,,628731.4444444445
261505,,0.0,628733.5
261512,0.35674434900283813,,628747.8888888889
261513,,0.0,628749.9444444445
261531,0.35674434900283813,,628778.7391304348
261532,,0.0,628780.5217391305
261541,0.35674434900283813,,628796.5652173914
261542,,0.0,628798.3478260869
261547,0.35674434900283813,,628807.2608695652
261548,,0.0,628809.0434782609
261560,0.35674434900283813,,628830.4347826086
261561,,0.0,628832.2173913043
261577,0.3567543625831604,,628861.7727272727
261578,,1.0,628863.9090909091
261589,0.35676437616348267,,628887.4090909091
261590,,1.0,628889.5454545454
261598,0.35677438974380493,,628906.6363636364
261599,,1.0,628908.7727272727
261606,0.3567844033241272,,628923.7272727273
261607,,1.0,628925.8636363636
261620,0.35680440068244934,,628948.9523809524
261621,,2.0,628951.0476190476
261632,0.3568243980407715,,628974.0952380953
261633,,2.0,628976.1904761905
261642,0.35684439539909363,,628995.0476190476
261643,,2.0,628997.1428571428
261650,0.35686439275741577,,629011.8095238095
261651,,2.0,629013.9047619047
261665,0.35686439275741577,,629033.5102040817
261666,,0.0,629035.1020408163
261679,0.35686439275741577,,629055.7959183673
261680,,0.0,629057.387755102
261687,0.35686439275741577,,629068.5306122449
261688,,0.0,629070.1224489796
261701,0.35686439275741577,,629090.8163265307
261702,,0.0,629092.4081632653
261716,0.35687440633773804,,629115.5416666666
261717,,1.0,629117.5
261728,0.3568844199180603,,629139.0416666666
261729,,1.0,629141.0
261742,0.35689443349838257,,629166.4583333334
261743,,1.0,629168.4166666666
261751,0.35690444707870483,,629184.0833333334
261752,,1.0,629186.0416666666
261771,0.356924444437027,,629224.4651162791
261772,,2.0,629226.7441860465
261780,0.3569444417953491,,629244.976744186
261781,,2.0,629247.2558139535
261789,0.35696443915367126,,629265.4883720931
261790,,2.0,629267.7674418605
261796,0.3569844365119934,,629281.4418604651
261797,,2.0,629283.7209302326
261813,0.3569944500923157,,629307.224489796
261814,,1.0,629308.8571428572
261824,0.35700446367263794,,629325.1836734693
261825,,1.0,629326.8163265307
261835,0.3570144772529602,,629343.1428571428
261836,,1.0,629344.775510204
261847,0.35702449083328247,,629362.7346938775
261848,,1.0,629364.3673469388
261857,0.35702449083328247,,629378.3333333334
261858,,0.0,629380.3888888889
261865,0.35702449083328247,,629394.7777777778
261866,,0.0,629396.8333333334
261873,0.35702449083328247,,629411.2222222222
261874,,0.0,629413.2777777778
261885,0.35702449083328247,,629435.8888888889
261886,,0.0,629437.9444444445
261907,0.3570444881916046,,629473.1578947369
261908,,2.0,629475.0
261917,0.35706448554992676,,629491.5789473684
261918,,2.0,629493.4210526316
261936,0.3570844829082489,,629526.5789473684
261937,,2.0,629528.4210526316
261944,0.35710448026657104,,629541.3157894737
261945,,2.0,629543.1578947369
261956,0.35710448026657104,,629557.3333333334
261957,,0.0,629558.875
261971,0.35710448026657104,,629580.4583333334
261972,,0.0,629582.0
261982,0.35710448026657104,,629597.4166666666
261983,,0.0,629598.9583333334
261994,0.35710448026657104,,629615.9166666666
261995,,0.0,629617.4583333334
262011,0.35710448026657104,,629639.25
262012,,0.0,629640.8076923077
262022,0.35710448026657104,,629656.3846153846
262023,,0.0,629657.9423076923
262038,0.35710448026657104,,629681.3076923077
262039,,0.0,629682.8653846154
262048,0.35710448026657104,,629696.8846153846
262049,,0.0,629698.4423076923
262061,0.35710448026657104,,629718.972972973
262062,,0.0,629721.0810810811
262070,0.35710448026657104,,629737.9459459459
262071,,0.0,629740.0540540541
262077,0.35710448026657104,,629752.7027027027
262078,,0.0,629754.8108108108
262087,0.35710448026657104,,629773.7837837838
262088,,0.0,629775.8918918918
262103,0.35710448026657104,,629792.8
262104,,0.0,629794.0333333333
262122,0.35710448026657104,,629816.2333333333
262123,,0.0,629817.4666666667
262140,0.35710448026657104,,629838.4333333333
262141,,0.0,629839.6666666666
262149,0.35710448026657104,,629849.5333333333
262150,,0.0,629850.7666666667
262164,0.35710448026657104,,629871.9534883721
262165,,0.0,629873.7674418605
262175,0.35710448026657104,,629891.9069767442
262176,,0.0,629893.7209302326
262184,0.35710448026657104,,629908.2325581395
262185,,0.0,629910.0465116279
262194,0.35710448026657104,,629926.3720930233
262195,,0.0,629928.1860465116
262208,0.35710448026657104,,629953.4285714285
262209,,0.0,629955.7714285714
262217,0.35710448026657104,,629974.5142857142
262218,,0.0,629976.8571428572
262224,0.35710448026657104,,629990.9142857143
262225,,0.0,629993.2571428572
262231,0.35710448026657104,,630007.3142857143
262232,,0.0,630009.6571428571
262250,0.35710448026657104,,630039.5581395349
262251,,0.0,630041.3953488372
262258,0.35710448026657104,,630054.2558139535
262259,,0.0,630056.0930232558
262266,0.35710448026657104,,630068.9534883721
262267,,0.0,630070.7906976744
262276,0.35710448026657104,,630087.3255813953
262277,,0.0,630089.1627906977
262293,0.3571144938468933,,630115.8444444444
262294,,1.0,630117.7555555556
262303,0.3571245074272156,,630134.9555555555
262304,,1.0,630136.8666666667
262312,0.35713452100753784,,630152.1555555556
262313,,1.0,630154.0666666667
262323,0.3571445345878601,,630173.1777777778
262324,,1.0,630175.088888889
262337,0.3571445345878601,,630196.5238095238
262338,,0.0,630198.4761904762
262348,0.3571445345878601,,630218.0
262349,,0.0,630219.9523809524
262357,0.3571445345878601,,630235.5714285715
262358,,0.0,630237.5238095238
262367,0.3571445345878601,,630255.0952380953
262368,,0.0,630257.0476190476
262381,0.3571445345878601,,630279.0
262382,,0.0,630281.0
262394,0.3571445345878601,,630305.0
262395,,0.0,630307.0
262400,0.3571445345878601,,630317.0
262401,,0.0,630319.0
262408,0.3571445345878601,,630333.0
262409,,0.0,630335.0
262423,0.3571545481681824,,630356.7083333334
262424,,1.0,630358.5
262434,0.35716456174850464,,630376.4166666666
262435,,1.0,630378.2083333334
262447,0.3571745753288269,,630399.7083333334
262448,,1.0,630401.5
262458,0.35718458890914917,,630419.4166666666
262459,,1.0,630421.2083333334
262477,0.35718458890914917,,630447.6
262478,,0.0,630449.24
262489,0.35718458890914917,,630467.28
262490,,0.0,630468.92
262501,0.35718458890914917,,630486.96
262502,,0.0,630488.6
262510,0.35718458890914917,,630501.72
262511,,0.0,630503.36
262524,0.35718458890914917,,630524.25
262525,,0.0,630526.175
262535,0.35718458890914917,,630545.425
262536,,0.0,630547.35
262545,0.35718458890914917,,630564.675
262546,,0.0,630566.6
262552,0.35718458890914917,,630578.15
262553,,0.0,630580.075
262566,0.35718458890914917,,630602.0
262567,,0.0,630604.0
262576,0.35718458890914917,,630622.0
262577,,0.0,630624.0
262585,0.35718458890914917,,630640.0
262586,,0.0,630642.0
262593,0.35718458890914917,,630656.0
262594,,0.0,630658.0
262608,0.35718458890914917,,630679.8536585366
262609,,0.0,630681.6585365854
262620,0.35718458890914917,,630701.512195122
262621,,0.0,630703.3170731707
262625,0.35718458890914917,,630710.5365853659
262626,,0.0,630712.3414634146
262636,0.35718458890914917,,630730.3902439025
262637,,0.0,630732.1951219512
262653,0.35718458890914917,,630755.7551020408
262654,,0.0,630757.4285714285
262663,0.35718458890914917,,630772.4897959183
262664,,0.0,630774.1632653062
262676,0.35718458890914917,,630794.2448979592
262677,,0.0,630795.918367347
262687,0.35718458890914917,,630812.6530612245
262688,,0.0,630814.3265306122
262706,0.35718458890914917,,630839.4
262707,,0.0,630840.96
262716,0.35718458890914917,,630855.0
262717,,0.0,630856.56
262727,0.35718458890914917,,630872.16
262728,,0.0,630873.72
262739,0.35718458890914917,,630890.88
262740,,0.0,630892.44
262757,0.35718458890914917,,630915.875
262758,,0.0,630917.4375
262767,0.35718458890914917,,630931.5
262768,,0.0,630933.0625
262776,0.35718458890914917,,630945.5625
262777,,0.0,630947.125
262789,0.35718458890914917,,630965.875
262790,,0.0,630967.4375
262805,0.3572045862674713,,631007.4
262806,,2.0,631010.6
262815,0.35722458362579346,,631039.4
262816,,2.0,631042.6
262822,0.3572445809841156,,631061.8
262823,,2.0,631065.0
262831,0.35726457834243774,,631090.6
262832,,2.0,631093.8
262845,0.35726457834243774,,631117.5263157894
262846,,0.0,631119.5789473684
262855,0.35726457834243774,,631138.052631579
262856,,0.0,631140.1052631579
262860,0.35726457834243774,,631148.3157894737
262861,,0.0,631150.3684210526
262871,0.35726457834243774,,631170.8947368421
262872,,0.0,631172.947368421
262885,0.35727459192276,,631193.6363636364
262886,,1.0,631195.5
262898,0.3572846055030823,,631217.8636363636
262899,,1.0,631219.7272727273
262907,0.35729461908340454,,631234.6363636364
262908,,1.0,631236.5
262917,0.3573046326637268,,631253.2727272727
262918,,1.0,631255.1363636364
262931,0.3573046326637268,,631278.7391304348
262932,,0.0,631280.9130434783
262946,0.3573046326637268,,631311.3478260869
262947,,0.0,631313.5217391305
262956,0.3573046326637268,,631333.0869565217
262957,,0.0,631335.2608695652
262965,0.3573046326637268,,631352.6521739131
262966,,0.0,631354.8260869565
262979,0.3573146462440491,,631379.7906976744
262980,,1.0,631382.0697674418
262987,0.35732465982437134,,631398.023255814
262988,,1.0,631400.3023255814
262998,0.3573346734046936,,631423.0930232558
262999,,1.0,631425.3720930233
263010,0.35734468698501587,,631450.4418604651
263011,,1.0,631452.7209302326
263025,0.35734468698501587,,631477.5789473684
263026,,0.0,631479.6315789474
263034,0.35734468698501587,,631496.052631579
263035,,0.0,631498.1052631579
263040,0.35734468698501587,,631508.3684210526
263041,,0.0,631510.4210526316
263050,0.35734468698501587,,631528.8947368421
263051,,0.0,631530.947368421
263064,0.35734468698501587,,631552.512195122
263065,,0.0,631554.4634146341
263076,0.35734468698501587,,631575.9268292683
263077,,0.0,631577.8780487805
263084,0.35734468698501587,,631591.5365853659
263085,,0.0,631593.487804878
263093,0.35734468698501587,,631609.0975609756
263094,,0.0,631611.0487804879
263109,0.35734468698501587,,631635.8837209302
263110,,0.0,631637.7906976744
263120,0.35734468698501587,,631656.8604651163
263121,,0.0,631658.7674418605
263130,0.35734468698501587,,631675.9302325582
263131,,0.0,631677.8372093023
263138,0.35734468698501587,,631691.1860465116
263139,,0.0,631693.0930232558
263155,0.35734468698501587,,631718.4634146341
263156,,0.0,631720.268292683
263163,0.35734468698501587,,631732.9024390244
263164,,0.0,631734.7073170731
263170,0.35734468698501587,,631745.5365853659
263171,,0.0,631747.3414634146
263181,0.35734468698501587,,631765.3902439025
263182,,0.0,631767.1951219512
263197,0.35734468698501587,,631791.7234042553
263198,,0.0,631793.6170212766
263209,0.35734468698501587,,631814.4468085107
263210,,0.0,631816.340425532
263220,0.35734468698501587,,631835.2765957447
263221,,0.0,631837.1702127659
263230,0.35734468698501587,,631854.2127659575
263231,,0.0,631856.1063829787
263245,0.35734468698501587,,631876.2553191489
263246,,0.0,631877.914893617
263258,0.35734468698501587,,631897.8297872341
263259,,0.0,631899.4893617021
263267,0.35734468698501587,,631912.7659574468
263268,,0.0,631914.4255319149
263279,0.35734468698501587,,631932.6808510638
263280,,0.0,631934.340425532
263293,0.35735470056533813,,631956.8888888889
263294,,1.0,631958.9777777778
263302,0.3573647141456604,,631975.6888888889
263303,,1.0,631977.7777777778
263317,0.35737472772598267,,632007.0222222222
263318,,1.0,632009.1111111111
263326,0.35738474130630493,,632025.8222222222
263327,,1.0,632027.911111111
263336,0.3573947548866272,,632044.5945945946
263337,,1.0,632047.027027027
263344,0.35740476846694946,,632064.0540540541
263345,,1.0,632066.4864864865
263355,0.35741478204727173,,632090.8108108108
263356,,1.0,632093.2432432432
263365,0.357424795627594,,632115.1351351351
263366,,1.0,632117.5675675676
263377,0.357424795627594,,632138.3529411765
263378,,0.0,632140.6470588235
263384,0.357424795627594,,632154.4117647059
263385,,0.0,632156.7058823529
263392,0.357424795627594,,632172.7647058824
263393,,0.0,632175.0588235294
263401,0.357424795627594,,632193.4117647059
263402,,0.0,632195.7058823529
263420,0.357424795627594,,632224.4285714285
263421,,0.0,632226.1904761905
263428,0.357424795627594,,632238.5238095238
263429,,0.0,632240.2857142857
263434,0.357424795627594,,632249.0952380953
263435,,0.0,632250.8571428572
263445,0.357424795627594,,632268.4761904762
263446,,0.0,632270.2380952381
263457,0.357424795627594,,632287.5789473684
263458,,0.0,632289.5263157894
263467,0.357424795627594,,632307.052631579
263468,,0.0,632309.0
263476,0.357424795627594,,632324.5789473684
263477,,0.0,632326.5263157894
263485,0.357424795627594,,632342.1052631579
263486,,0.0,632344.052631579
263497,0.357424795627594,,632362.4210526316
263498,,0.0,632364.4736842106
263507,0.357424795627594,,632382.947368421
263508,,0.0,632385.0
263517,0.357424795627594,,632403.4736842106
263518,,0.0,632405.5263157894
263525,0.357424795627594,,632419.8947368421
263526,,0.0,632421.947368421
263540,0.357424795627594,,632443.0666666667
263541,,0.0,632444.8
263554,0.357424795627594,,632467.3333333334
263555,,0.0,632469.0666666667
263562,0.357424795627594,,632481.2
263563,,0.0,632482.9333333333
263572,0.357424795627594,,632498.5333333333
263573,,0.0,632500.2666666667
263590,0.357424795627594,,632524.75
263591,,0.0,632526.375
263602,0.357424795627594,,632544.25
263603,,0.0,632545.875
263611,0.357424795627594,,632558.875
263612,,0.0,632560.5
263622,0.357424795627594,,632576.75
263623,,0.0,632578.375
263637,0.357424795627594,,632602.0
263638,,0.0,632604.0
263646,0.357424795627594,,632620.0
263647,,0.0,632622.0
263655,0.357424795627594,,632638.0
263656,,0.0,632640.0
263661,0.357424795627594,,632650.0
263662,,0.0,632652.0
263673,0.357424795627594,,632672.2222222222
263674,,0.0,632674.5
263680,0.357424795627594,,632688.1666666666
263681,,0.0,632690.4444444445
263691,0.357424795627594,,632713.2222222222
263692,,0.0,632715.5
263699,0.357424795627594,,632731.4444444445
263700,,0.0,632733.7222222222
263713,0.357424795627594,,632754.7804878049
263714,,0.0,632756.6585365854
263723,0.357424795627594,,632773.5609756098
263724,,0.0,632775.4390243902
263733,0.357424795627594,,632792.3414634146
263734,,0.0,632794.2195121951
263742,0.357424795627594,,632809.243902439
263743,,0.0,632811.1219512195
263754,0.35743480920791626,,632832.1219512195
263755,,1.0,632834.512195122
263764,0.3574448227882385,,632856.0243902439
263765,,1.0,632858.4146341464
263776,0.3574548363685608,,632884.7073170731
263777,,1.0,632887.0975609756
263785,0.35746484994888306,,632906.2195121951
263786,,1.0,632908.6097560975
263809,0.3574748635292053,,632943.8301886793
263810,,1.0,632945.4716981133
263820,0.3574848771095276,,632961.8867924528
263821,,1.0,632963.5283018867
263832,0.35749489068984985,,632981.5849056604
263833,,1.0,632983.2264150943
263840,0.3575049042701721,,632994.716981132
263841,,1.0,632996.358490566
263854,0.3575049042701721,,633016.0487804879
263855,,0.0,633017.8536585366
263866,0.3575049042701721,,633037.7073170731
263867,,0.0,633039.512195122
263874,0.3575049042701721,,633052.1463414634
263875,,0.0,633053.9512195121
263883,0.3575049042701721,,633068.3902439025
263884,,0.0,633070.1951219512
263897,0.3575049042701721,,633088.0869565217
263898,,0.0,633089.695652174
263909,0.3575049042701721,,633107.3913043478
263910,,0.0,633109.0
263920,0.3575049042701721,,633125.0869565217
263921,,0.0,633126.695652174
263931,0.3575049042701721,,633142.7826086957
263932,,0.0,633144.3913043478
263947,0.3575049042701721,,633169.3684210526
263948,,0.0,633171.3157894737
263952,0.3575049042701721,,633179.1052631579
263953,,0.0,633181.052631579
263960,0.3575049042701721,,633194.6842105263
263961,,0.0,633196.6315789474
263971,0.3575049042701721,,633216.1052631579
263972,,0.0,633218.052631579
263985,0.3575049042701721,,633243.125
263986,,0.0,633245.4375
263994,0.3575049042701721,,633263.9375
263995,,0.0,633266.25
263998,0.3575049042701721,,633273.1875
263999,,0.0,633275.5
264005,0.3575049042701721,,633289.375
264006,,0.0,633291.6875
264019,0.3575149178504944,,633314.6818181818
264020,,1.0,633316.75
264030,0.35752493143081665,,633337.4318181818
264031,,1.0,633339.5
264042,0.3575349450111389,,633362.25
264043,,1.0,633364.3181818182
264051,0.3575449585914612,,633380.8636363636
264052,,1.0,633382.9318181818
264071,0.3575449585914612,,633409.1632653062
264072,,0.0,633410.6734693878
264081,0.3575449585914612,,633424.2653061225
264082,,0.0,633425.775510204
264092,0.3575449585914612,,633440.8775510204
264093,,0.0,633442.387755102
264102,0.3575449585914612,,633455.9795918367
264103,,0.0,633457.4897959183
264113,0.3575449585914612,,633473.0
264114,,0.0,633475.0
264122,0.3575449585914612,,633491.0
264123,,0.0,633493.0
264132,0.3575449585914612,,633511.0
264133,,0.0,633513.0
264143,0.3575449585914612,,633533.0
264144,,0.0,633535.0
264154,0.3575449585914612,,633553.9354838709
264155,,0.0,633556.3548387097
264161,0.3575449585914612,,633570.8709677419
264162,,0.0,633573.2903225806
264169,0.3575449585914612,,633590.2258064516
264170,,0.0,633592.6451612903
264176,0.3575449585914612,,633607.1612903225
264177,,0.0,633609.5806451613
264193,0.3575449585914612,,633635.0454545454
264194,,0.0,633636.8181818182
264200,0.3575449585914612,,633647.4545454546
264201,,0.0,633649.2272727273
264215,0.3575449585914612,,633674.0454545454
264216,,0.0,633675.8181818182
264222,0.3575449585914612,,633686.4545454546
264223,,0.0,633688.2272727273
264239,0.3575449585914612,,633717.4054054054
264240,,0.0,633719.5135135135
264248,0.3575449585914612,,633736.3783783783
264249,,0.0,633738.4864864865
264253,0.3575449585914612,,633746.9189189189
264254,,0.0,633749.027027027
264261,0.3575449585914612,,633763.7837837838
264262,,0.0,633765.8918918918
264278,0.3575449585914612,,633786.8627450981
264279,,0.0,633788.3137254902
264291,0.3575449585914612,,633805.725490196
264292,,0.0,633807.1764705882
264300,0.3575449585914612,,633818.7843137255
264301,,0.0,633820.2352941176
264314,0.3575449585914612,,633839.0980392157
264315,,0.0,633840.5490196078
264332,0.3575449585914612,,633866.9565217391
264333,,0.0,633868.7391304348
264340,0.3575449585914612,,633881.2173913043
264341,,0.0,633883.0
264353,0.3575449585914612,,633904.3913043478
264354,,0.0,633906.1739130435
264362,0.3575449585914612,,633920.4347826086
264363,,0.0,633922.2173913043
264378,0.3575449585914612,,633945.7674418605
264379,,0.0,633947.5813953489
264387,0.3575449585914612,,633962.0930232558
264388,,0.0,633963.9069767442
264398,0.3575449585914612,,633982.0465116279
264399,,0.0,633983.8604651163
264407,0.3575449585914612,,633998.3720930233
264408,,0.0,634000.1860465116
264422,0.3575449585914612,,634021.6086956522
264423,,0.0,634023.3913043478
264436,0.3575449585914612,,634046.5652173914
264437,,0.0,634048.3478260869
264444,0.3575449585914612,,634060.8260869565
264445,,0.0,634062.6086956522
264455,0.3575449585914612,,634080.4347826086
264456,,0.0,634082.2173913043
264468,0.3575449585914612,,634102.4736842106
264469,,0.0,634104.5263157894
264476,0.3575449585914612,,634118.8947368421
264477,,0.0,634120.947368421
264487,0.3575449585914612,,634141.4736842106
264488,,0.0,634143.5263157894
264495,0.3575449585914612,,634157.8947368421
264496,,0.0,634159.947368421
264508,0.3575449585914612,,634179.1219512195
264509,,0.0,634181.0243902439
264521,0.3575449585914612,,634203.8536585366
264522,,0.0,634205.756097561
264530,0.3575449585914612,,634220.9756097561
264531,,0.0,634222.8780487805
264538,0.3575449585914612,,634236.1951219512
264539,,0.0,634238.0975609756
264557,0.3575449585914612,,634263.3035714285
264558,,0.0,634264.8571428572
264573,0.3575449585914612,,634288.1607142857
264574,,0.0,634289.7142857143
264586,0.3575449585914612,,634308.3571428572
264587,,0.0,634309.9107142857
264596,0.3575449585914612,,634323.8928571428
264597,,0.0,634325.4464285715
264608,0.35755497217178345,,634343.380952381
264609,,1.0,634345.4285714285
264619,0.3575649857521057,,634365.9047619047
264620,,1.0,634367.9523809524
264630,0.357574999332428,,634388.4285714285
264631,,1.0,634390.4761904762
264640,0.35758501291275024,,634408.9047619047
264641,,1.0,634410.9523809524
264653,0.35758501291275024,,634433.1818181818
264654,,0.0,634435.4242424242
264657,0.35758501291275024,,634442.1515151515
264658,,0.0,634444.3939393939
264663,0.35758501291275024,,634455.6060606061
264664,,0.0,634457.8484848485
264675,0.35758501291275024,,634482.5151515151
264676,,0.0,634484.7575757576
264693,0.35758501291275024,,634516.5135135135
264694,,0.0,634518.6216216217
264699,0.35758501291275024,,634529.1621621621
264700,,0.0,634531.2702702703
264707,0.35758501291275024,,634546.027027027
264708,,0.0,634548.1351351351
264714,0.35758501291275024,,634560.7837837838
264715,,0.0,634562.8918918918
264728,0.35758501291275024,,634585.0
264729,,0.0,634587.0
264737,0.35758501291275024,,634603.0
264738,,0.0,634605.0
264746,0.35758501291275024,,634621.0
264747,,0.0,634623.0
264755,0.35758501291275024,,634639.0
264756,,0.0,634641.0
264774,0.35758501291275024,,634670.2093023256
264775,,0.0,634672.023255814
264784,0.35758501291275024,,634688.3488372093
264785,,0.0,634690.1627906977
264793,0.35758501291275024,,634704.6744186047
264794,,0.0,634706.4883720931
264800,0.35758501291275024,,634717.3720930233
264801,,0.0,634719.1860465116
264813,0.35758501291275024,,634738.5263157894
264814,,0.0,634740.4736842106
264823,0.35758501291275024,,634758.0
264824,,0.0,634759.947368421
264832,0.35758501291275024,,634775.5263157894
264833,,0.0,634777.4736842106
264840,0.35758501291275024,,634791.1052631579
264841,,0.0,634793.052631579
264853,0.3575950264930725,,634816.3157894737
264854,,1.0,634818.6842105263
264864,0.3576050400733948,,634842.3684210526
264865,,1.0,634844.7368421053
264873,0.35761505365371704,,634863.6842105263
264874,,1.0,634866.052631579
264880,0.3576250672340393,,634880.2631578947
264881,,1.0,634882.6315789474
264903,0.3576250672340393,,634912.962264151
264904,,0.0,634914.4339622641
264915,0.3576250672340393,,634930.6226415094
264916,,0.0,634932.0943396227
264924,0.3576250672340393,,634943.8679245283
264925,,0.0,634945.3396226416
264935,0.3576250672340393,,634960.0566037736
264936,,0.0,634961.5283018867
264949,0.3576250672340393,,634982.4736842106
264950,,0.0,634984.4210526316
264957,0.3576250672340393,,634998.052631579
264958,,0.0,635000.0
264965,0.3576250672340393,,635013.6315789474
264966,,0.0,635015.5789473684
264975,0.3576250672340393,,635033.1052631579
264976,,0.0,635035.052631579
264993,0.3576250672340393,,635061.2666666667
264994,,0.0,635063.0
265002,0.3576250672340393,,635076.8666666667
265003,,0.0,635078.6
265012,0.3576250672340393,,635094.2
265013,,0.0,635095.9333333333
265022,0.3576250672340393,,635111.5333333333
265023,,0.0,635113.2666666667
265042,0.3576250672340393,,635147.0
265043,,0.0,635149.0
265051,0.3576250672340393,,635165.0
265052,,0.0,635167.0
265058,0.3576250672340393,,635179.0
265059,,0.0,635181.0
265065,0.3576250672340393,,635193.0
265066,,0.0,635195.0
265076,0.3576350808143616,,635214.6944444445
265077,,1.0,635217.2222222222
265084,0.35764509439468384,,635234.9166666666
265085,,1.0,635237.4444444445
265090,0.3576551079750061,,635250.0833333334
265091,,1.0,635252.6111111111
265103,0.35766512155532837,,635282.9444444445
265104,,1.0,635285.4722222222
265115,0.35766512155532837,,635304.0
265116,,0.0,635306.0
265126,0.35766512155532837,,635326.0
265127,,0.0,635328.0
265133,0.35766512155532837,,635340.0
265134,,0.0,635342.0
265144,0.35766512155532837,,635362.0
265145,,0.0,635364.0
265160,0.35766512155532837,,635385.1020408163
265161,,0.0,635386.693877551
265172,0.35766512155532837,,635404.2040816327
265173,,0.0,635405.7959183673
265184,0.35766512155532837,,635423.306122449
265185,,0.0,635424.8979591837
265195,0.35766512155532837,,635440.8163265307
265196,,0.0,635442.4081632653
265212,0.35766512155532837,,635462.8627450981
265213,,0.0,635464.3137254902
265224,0.35766512155532837,,635480.274509804
265225,,0.0,635481.725490196
265234,0.35766512155532837,,635494.7843137255
265235,,0.0,635496.2352941176
265248,0.35766512155532837,,635515.0980392157
265249,,0.0,635516.5490196078
265266,0.35767513513565063,,635546.9545454546
265267,,1.0,635549.0227272727
265276,0.3576851487159729,,635567.6363636364
265277,,1.0,635569.7045454546
265283,0.35769516229629517,,635582.1136363636
265284,,1.0,635584.1818181818
265294,0.35770517587661743,,635604.8636363636
265295,,1.0,635606.9318181818
265311,0.35770517587661743,,635628.1320754717
265312,,0.0,635629.6037735849
265321,0.35770517587661743,,635642.8490566037
265322,,0.0,635644.320754717
265336,0.35770517587661743,,635664.9245283019
265337,,0.0,635666.3962264151
265349,0.35770517587661743,,635684.0566037736
265350,,0.0,635685.5283018867
265369,0.35770517587661743,,635714.7333333333
265370,,0.0,635716.4666666667
265380,0.35770517587661743,,635733.8
265381,,0.0,635735.5333333333
265386,0.35770517587661743,,635744.2
265387,,0.0,635745.9333333333
265396,0.35770517587661743,,635761.5333333333
265397,,0.0,635763.2666666667
265413,0.35770517587661743,,635785.5
265414,,0.0,635787.0769230769
265425,0.35770517587661743,,635804.4230769231
265426,,0.0,635806.0
265437,0.35770517587661743,,635823.3461538461
265438,,0.0,635824.9230769231
265450,0.35770517587661743,,635843.8461538461
265451,,0.0,635845.4230769231
265463,0.35770517587661743,,635863.3255813953
265464,,0.0,635865.1395348837
265473,0.35770517587661743,,635881.4651162791
265474,,0.0,635883.2790697674
265484,0.35770517587661743,,635901.4186046511
265485,,0.0,635903.2325581395
265495,0.35770517587661743,,635921.3720930233
265496,,0.0,635923.1860465116
265513,0.35770517587661743,,635949.8181818182
265514,,0.0,635951.5909090909
265524,0.35770517587661743,,635969.3181818182
265525,,0.0,635971.0909090909
265533,0.35770517587661743,,635985.2727272727
265534,,0.0,635987.0454545454
265541,0.35770517587661743,,635999.4545454546
265542,,0.0,636001.2272727273
265556,0.35770517587661743,,636020.875
265557,,0.0,636022.5
265567,0.35770517587661743,,636038.75
265568,,0.0,636040.375
265578,0.35770517587661743,,636056.625
265579,,0.0,636058.25
265591,0.35770517587661743,,636077.75
265592,,0.0,636079.375
265609,0.3577151894569397,,636119.0
265610,,1.0,636121.7142857143
265617,0.35772520303726196,,636140.7142857143
265618,,1.0,636143.4285714285
265623,0.35773521661758423,,636157.0
265624,,1.0,636159.7142857143
265635,0.3577452301979065,,636189.5714285715
265636,,1.0,636192.2857142857
265652,0.3577452301979065,,636217.5333333333
265653,,0.0,636219.2666666667
265664,0.3577452301979065,,636238.3333333334
265665,,0.0,636240.0666666667
265673,0.3577452301979065,,636253.9333333333
265674,,0.0,636255.6666666666
265682,0.3577452301979065,,636269.5333333333
265683,,0.0,636271.2666666667
265701,0.35775524377822876,,636306.5714285715
265702,,1.0,636308.8095238095
265709,0.357765257358551,,636324.4761904762
265710,,1.0,636326.7142857143
265716,0.3577752709388733,,636340.1428571428
265717,,1.0,636342.380952381
265726,0.35778528451919556,,636362.5238095238
265727,,1.0,636364.7619047619
265737,0.3577952980995178,,636382.3658536585
265738,,1.0,636384.5609756098
265747,0.3578053116798401,,636404.3170731707
265748,,1.0,636406.512195122
265759,0.35781532526016235,,636430.6585365854
265760,,1.0,636432.8536585366
265769,0.3578253388404846,,636452.6097560975
265770,,1.0,636454.8048780488
265782,0.3578253388404846,,636476.5
265783,,0.0,636478.6666666666
265795,0.3578253388404846,,636504.6666666666
265796,,0.0,636506.8333333334
265800,0.3578253388404846,,636515.5
265801,,0.0,636517.6666666666
265807,0.3578253388404846,,636530.6666666666
265808,,0.0,636532.8333333334
265826,0.3578253388404846,,636562.9545454546
265827,,0.0,636564.8181818182
265832,0.3578253388404846,,636574.1363636364
265833,,0.0,636576.0
265842,0.3578253388404846,,636592.7727272727
265843,,0.0,636594.6363636364
265853,0.3578253388404846,,636613.2727272727
265854,,0.0,636615.1363636364
265867,0.3578253388404846,,636632.0
265868,,0.0,636633.5
265883,0.3578253388404846,,636656.0
265884,,0.0,636657.5
265899,0.3578253388404846,,636680.0
265900,,0.0,636681.5
265907,0.3578253388404846,,636692.0
265908,,0.0,636693.5
265921,0.3578253388404846,,636712.1739130435
265922,,0.0,636713.8913043478
265931,0.3578253388404846,,636729.3478260869
265932,,0.0,636731.0652173914
265943,0.3578253388404846,,636749.9565217391
265944,,0.0,636751.6739130435
265955,0.3578253388404846,,636770.5652173914
265956,,0.0,636772.2826086957
265971,0.3578253388404846,,636794.8
265972,,0.0,636796.5333333333
265981,0.3578253388404846,,636812.1333333333
265982,,0.0,636813.8666666667
265989,0.3578253388404846,,636826.0
265990,,0.0,636827.7333333333
266002,0.3578253388404846,,636848.5333333333
266003,,0.0,636850.2666666667
266021,0.3578353524208069,,636880.947368421
266022,,1.0,636882.8771929825
266031,0.35784536600112915,,636900.245614035
266032,,1.0,636902.1754385965
266047,0.3578553795814514,,636931.1228070175
266048,,1.0,636933.052631579
266061,0.3578653931617737,,636958.1403508772
266062,,1.0,636960.0701754387
266079,0.3578653931617737,,636983.1428571428
266080,,0.0,636984.6530612245
266091,0.3578653931617737,,637001.2653061225
266092,,0.0,637002.775510204
266103,0.3578653931617737,,637019.387755102
266104,,0.0,637020.8979591837
266112,0.3578653931617737,,637032.9795918367
266113,,0.0,637034.4897959183
266131,0.3578653931617737,,637059.125
266132,,0.0,637060.6666666666
266142,0.3578653931617737,,637076.0833333334
266143,,0.0,637077.625
266153,0.3578653931617737,,637093.0416666666
266154,,0.0,637094.5833333334
266162,0.3578653931617737,,637106.9166666666
266163,,0.0,637108.4583333334
266180,0.3578653931617737,,637132.0425531915
266181,,0.0,637133.6170212766
266191,0.3578653931617737,,637149.3617021276
266192,,0.0,637150.9361702128
266200,0.3578653931617737,,637163.5319148937
266201,,0.0,637165.1063829787
266211,0.3578653931617737,,637180.8510638297
266212,,0.0,637182.4255319149
266234,0.3578653931617737,,637211.962264151
266235,,0.0,637213.4339622641
266245,0.3578653931617737,,637228.1509433963
266246,,0.0,637229.6226415094
266256,0.3578653931617737,,637244.3396226416
266257,,0.0,637245.8113207547
266266,0.3578653931617737,,637259.0566037736
266267,,0.0,637260.5283018867
266283,0.3578653931617737,,637281.3773584906
266284,,0.0,637282.8679245283
266293,0.3578653931617737,,637296.283018868
266294,,0.0,637297.7735849057
266305,0.3578653931617737,,637314.1698113207
266306,,0.0,637315.6603773584
266321,0.3578653931617737,,637338.0188679246
266322,,0.0,637339.5094339623
266338,0.35787540674209595,,637366.4347826086
266339,,1.0,637368.3913043478
266351,0.3578854203224182,,637391.8695652174
266352,,1.0,637393.8260869565
266363,0.3578954339027405,,637415.3478260869
266364,,1.0,637417.304347826
266369,0.35790544748306274,,637427.0869565217
266370,,1.0,637429.0434782609
266385,0.357915461063385,,637457.7428571428
266386,,1.0,637459.9714285714
266390,0.3579254746437073,,637468.8857142857
266391,,1.0,637471.1142857143
266397,0.35793548822402954,,637484.4857142858
266398,,1.0,637486.7142857143
266406,0.3579455018043518,,637504.5428571429
266407,,1.0,637506.7714285714
266423,0.3579455018043518,,637528.8823529412
266424,,0.0,637530.4117647059
266435,0.3579455018043518,,637547.2352941176
266436,,0.0,637548.7647058824
266446,0.3579455018043518,,637564.0588235294
266447,,0.0,637565.5882352941
266459,0.3579455018043518,,637583.9411764706
266460,,0.0,637585.4705882353
266474,0.3579555153846741,,637608.5
266475,,1.0,637610.4545454546
266484,0.35796552896499634,,637628.0454545454
266485,,1.0,637630.0
266494,0.3579755425453186,,637647.5909090909
266495,,1.0,637649.5454545454
266505,0.35798555612564087,,637669.0909090909
266506,,1.0,637671.0454545454
266529,0.35798555612564087,,637705.6530612245
266530,,0.0,637707.2857142857
266538,0.35798555612564087,,637720.3469387755
266539,,0.0,637721.9795918367
266547,0.35798555612564087,,637735.0408163265
266548,,0.0,637736.6734693878
266556,0.35798555612564087,,637749.7346938775
266557,,0.0,637751.3673469388
266570,0.35799556970596313,,637773.9756097561
266571,,1.0,637776.0731707317
266581,0.3580055832862854,,637797.0487804879
266582,,1.0,637799.1463414634
266590,0.35801559686660767,,637815.9268292683
266591,,1.0,637818.0243902439
266599,0.35802561044692993,,637834.8048780488
266600,,1.0,637836.9024390244
266617,0.35802561044692993,,637860.875
266618,,0.0,637862.4375
266628,0.35802561044692993,,637878.0625
266629,,0.0,637879.625
266636,0.35802561044692993,,637890.5625
266637,,0.0,637892.125
266649,0.35802561044692993,,637910.875
266650,,0.0,637912.4375
266664,0.3580456078052521,,637936.9777777778
266665,,2.0,637939.0666666667
266677,0.3580656051635742,,637964.1333333333
266678,,2.0,637966.2222222222
266685,0.35808560252189636,,637980.8444444444
266686,,2.0,637982.9333333333
266696,0.3581055998802185,,638003.8222222222
266697,,2.0,638005.911111111
266714,0.35811561346054077,,638033.2
266715,,1.0,638035.0
266724,0.35812562704086304,,638051.2
266725,,1.0,638053.0
266738,0.3581356406211853,,638076.4
266739,,1.0,638078.2
266748,0.35814565420150757,,638094.4
266749,,1.0,638096.2
266759,0.35814565420150757,,638114.0588235294
266760,,0.0,638116.3529411765
266768,0.35814565420150757,,638134.7058823529
266769,,0.0,638137.0
266776,0.35814565420150757,,638153.0588235294
266777,,0.0,638155.3529411765
266784,0.35814565420150757,,638171.4117647059
266785,,0.0,638173.7058823529
266797,0.35815566778182983,,638201.6363636364
266798,,1.0,638204.4848484849
266806,0.3581656813621521,,638227.2727272727
266807,,1.0,638230.1212121212
266813,0.35817569494247437,,638247.2121212122
266814,,1.0,638250.0606060605
266819,0.35818570852279663,,638264.303030303
266820,,1.0,638267.1515151515
266834,0.35818570852279663,,638289.8536585366
266835,,0.0,638291.6585365854
266842,0.35818570852279663,,638304.2926829269
266843,,0.0,638306.0975609756
266855,0.35818570852279663,,638327.756097561
266856,,0.0,638329.5609756098
266862,0.35818570852279663,,638340.3902439025
266863,,0.0,638342.1951219512
266877,0.35818570852279663,,638362.8913043478
266878,,0.0,638364.6086956522
266890,0.35818570852279663,,638385.2173913043
266891,,0.0,638386.9347826086
266900,0.35818570852279663,,638402.3913043478
266901,,0.0,638404.1086956522
266910,0.35818570852279663,,638419.5652173914
266911,,0.0,638421.2826086957
266930,0.35818570852279663,,638451.1904761905
266931,,0.0,638452.9523809524
266939,0.35818570852279663,,638467.0476190476
266940,,0.0,638468.8095238095
266946,0.35818570852279663,,638479.380952381
266947,,0.0,638481.1428571428
266954,0.35818570852279663,,638493.4761904762
266955,,0.0,638495.2380952381
266968,0.3581957221031189,,638518.4285714285
266969,,1.0,638520.5714285715
266980,0.35820573568344116,,638544.1428571428
266981,,1.0,638546.2857142857
266987,0.3582157492637634,,638559.1428571428
266988,,1.0,638561.2857142857
266998,0.3582257628440857,,638582.7142857143
266999,,1.0,638584.8571428572
267011,0.3582257628440857,,638601.4782608695
267012,,0.0,638603.0869565217
267022,0.3582257628440857,,638619.1739130435
267023,,0.0,638620.7826086957
267036,0.3582257628440857,,638641.695652174
267037,,0.0,638643.304347826
267046,0.3582257628440857,,638657.7826086957
267047,,0.0,638659.3913043478
267062,0.35823577642440796,,638685.0
267063,,1.0,638687.0
267068,0.3582457900047302,,638697.0
267069,,1.0,638699.0
267080,0.3582558035850525,,638721.0
267081,,1.0,638723.0
267091,0.35826581716537476,,638743.0
267092,,1.0,638745.0
267106,0.35826581716537476,,638769.8684210526
267107,,0.0,638771.947368421
267118,0.35826581716537476,,638794.8157894737
267119,,0.0,638796.8947368421
267123,0.35826581716537476,,638805.2105263158
267124,,0.0,638807.2894736842
267131,0.35826581716537476,,638821.8421052631
267132,,0.0,638823.9210526316
267144,0.35826581716537476,,638842.7142857143
267145,,0.0,638844.5714285715
267153,0.35826581716537476,,638859.4285714285
267154,,0.0,638861.2857142857
267166,0.35826581716537476,,638883.5714285715
267167,,0.0,638885.4285714285
267175,0.35826581716537476,,638900.2857142857
267176,,0.0,638902.1428571428
267192,0.35826581716537476,,638927.3409090909
267193,,0.0,638929.1363636364
267200,0.35826581716537476,,638941.7045454546
267201,,0.0,638943.5
267207,0.35826581716537476,,638954.2727272727
267208,,0.0,638956.0681818182
267221,0.35826581716537476,,638979.4090909091
267222,,0.0,638981.2045454546
267234,0.35826581716537476,,638998.9545454546
267235,,0.0,639000.7272727273
267243,0.35826581716537476,,639014.9090909091
267244,,0.0,639016.6818181818
267254,0.35826581716537476,,639034.4090909091
267255,,0.0,639036.1818181818
267267,0.35826581716537476,,639057.4545454546
267268,,0.0,639059.2272727273
267286,0.358275830745697,,639086.6363636364
267287,,1.0,639088.3454545455
267298,0.3582858443260193,,639107.1454545455
267299,,1.0,639108.8545454545
267314,0.35829585790634155,,639134.490909091
267315,,1.0,639136.2
267324,0.3583058714866638,,639151.5818181818
267325,,1.0,639153.2909090909
267335,0.3583058714866638,,639168.65
267336,,0.0,639170.6
267343,0.3583058714866638,,639184.25
267344,,0.0,639186.2
267353,0.3583058714866638,,639203.75
267354,,0.0,639205.7
267366,0.3583058714866638,,639229.1
267367,,0.0,639231.05
267383,0.3583058714866638,,639256.5813953489
267384,,0.0,639258.3953488372
267391,0.3583058714866638,,639271.0930232558
267392,,0.0,639272.9069767442
267399,0.3583058714866638,,639285.6046511628
267400,,0.0,639287.4186046511
267411,0.3583058714866638,,639307.3720930233
267412,,0.0,639309.1860465116
267431,0.3583158850669861,,639339.0
267432,,1.0,639340.75
267442,0.35832589864730835,,639358.25
267443,,1.0,639360.0
267454,0.3583359122276306,,639379.25
267455,,1.0,639381.0
267465,0.3583459258079529,,639398.5
267466,,1.0,639400.25
267478,0.35835593938827515,,639424.5
267479,,1.0,639427.0
267489,0.3583659529685974,,639452.0
267490,,1.0,639454.5
267494,0.3583759665489197,,639464.5
267495,,1.0,639467.0
267503,0.35838598012924194,,639487.0
267504,,1.0,639489.5
267521,0.35838598012924194,,639514.5098039216
267522,,0.0,639516.1176470588
267537,0.35838598012924194,,639540.2352941176
267538,,0.0,639541.8431372549
267544,0.35838598012924194,,639551.4901960784
267545,,0.0,639553.0980392157
267556,0.35838598012924194,,639570.7843137255
267557,,0.0,639572.3921568628
267566,0.35838598012924194,,639586.3
267567,,0.0,639588.35
267573,0.35838598012924194,,639600.65
267574,,0.0,639602.7
267583,0.35838598012924194,,639621.15
267584,,0.0,639623.2
267598,0.35838598012924194,,639651.9
267599,,0.0,639653.95
267618,0.35838598012924194,,639681.725490196
267619,,0.0,639683.3333333334
267627,0.35838598012924194,,639696.1960784313
267628,,0.0,639697.8039215687
267640,0.35838598012924194,,639717.0980392157
267641,,0.0,639718.7058823529
267651,0.35838598012924194,,639734.7843137255
267652,,0.0,639736.3921568628
267665,0.3583959937095642,,639758.6666666666
267666,,1.0,639760.7333333333
267678,0.3584060072898865,,639785.5333333333
267679,,1.0,639787.6
267688,0.35841602087020874,,639806.2
267689,,1.0,639808.2666666667
267698,0.358426034450531,,639826.8666666667
267699,,1.0,639828.9333333333
267715,0.358426034450531,,639852.5744680851
267716,,0.0,639854.2340425532
267725,0.358426034450531,,639869.1702127659
267726,,0.0,639870.8297872341
267735,0.358426034450531,,639885.7659574468
267736,,0.0,639887.4255319149
267747,0.358426034450531,,639905.6808510638
267748,,0.0,639907.340425532
267762,0.358426034450531,,639929.9268292683
267763,,0.0,639931.8292682926
267771,0.358426034450531,,639947.0487804879
267772,,0.0,639948.9512195121
267781,0.358426034450531,,639966.0731707317
267782,,0.0,639967.9756097561
267790,0.358426034450531,,639983.1951219512
267791,,0.0,639985.0975609756
267803,0.358426034450531,,640004.55
267804,,0.0,640006.5
267813,0.358426034450531,,640024.05
267814,,0.0,640026.0
267825,0.358426034450531,,640047.45
267826,,0.0,640049.4
267832,0.358426034450531,,640061.1
267833,,0.0,640063.05
267851,0.358426034450531,,640087.0754716981
267852,,0.0,640088.5471698113
267860,0.358426034450531,,640100.320754717
267861,,0.0,640101.7924528302
267875,0.358426034450531,,640122.3962264151
267876,,0.0,640123.8679245283
267887,0.358426034450531,,640140.0566037736
267888,,0.0,640141.5283018867
267902,0.358426034450531,,640164.45
267903,,0.0,640166.4
267911,0.358426034450531,,640182.0
267912,,0.0,640183.95
267920,0.358426034450531,,640199.55
267921,,0.0,640201.5
267929,0.358426034450531,,640217.1
267930,,0.0,640219.05
267941,0.35844603180885315,,640249.8421052631
267942,,2.0,640253.447368421
267948,0.3584660291671753,,640275.0789473684
267949,,2.0,640278.6842105263
267956,0.35848602652549744,,640303.9210526316
267957,,2.0,640307.5263157894
267969,0.3585060238838196,,640350.7894736842
267970,,2.0,640354.3947368421
267989,0.3585060238838196,,640382.1632653062
267990,,0.0,640383.6734693878
267996,0.3585060238838196,,640392.7346938775
267997,,0.0,640394.2448979592
268009,0.3585060238838196,,640412.3673469388
268010,,0.0,640413.8775510204
268020,0.3585060238838196,,640428.9795918367
268021,,0.0,640430.4897959183
268039,0.3585060238838196,,640456.6875
268040,,0.0,640458.3333333334
268049,0.3585060238838196,,640473.1458333334
268050,,0.0,640474.7916666666
268058,0.3585060238838196,,640487.9583333334
268059,,0.0,640489.6041666666
268070,0.3585060238838196,,640507.7083333334
268071,,0.0,640509.3541666666
268090,0.3585060238838196,,640538.7551020408
268091,,0.0,640540.4897959183
268101,0.3585060238838196,,640557.8367346938
268102,,0.0,640559.5714285715
268110,0.3585060238838196,,640573.4489795918
268111,,0.0,640575.1836734693
268121,0.3585060238838196,,640592.5306122449
268122,,0.0,640594.2653061225
268138,0.35851603746414185,,640622.619047619
268139,,1.0,640624.6666666666
268147,0.3585260510444641,,640641.0476190476
268148,,1.0,640643.0952380953
268159,0.3585360646247864,,640665.619047619
268160,,1.0,640667.6666666666
268165,0.35854607820510864,,640677.9047619047
268166,,1.0,640679.9523809524
268180,0.3585560917854309,,640706.1463414634
268181,,1.0,640708.3414634146
268189,0.3585661053657532,,640725.9024390244
268190,,1.0,640728.0975609756
268197,0.35857611894607544,,640743.4634146341
268198,,1.0,640745.6585365854
268208,0.3585861325263977,,640767.6097560975
268209,,1.0,640769.8048780488
268221,0.35859614610671997,,640792.3684210526
268222,,1.0,640794.6315789474
268227,0.35860615968704224,,640805.947368421
268228,,1.0,640808.2105263158
268238,0.3586161732673645,,640830.8421052631
268239,,1.0,640833.1052631579
268248,0.35862618684768677,,640853.4736842106
268249,,1.0,640855.7368421053
268262,0.35863620042800903,,640879.9512195121
268263,,1.0,640882.1463414634
268272,0.3586462140083313,,640901.9024390244
268273,,1.0,640904.0975609756
268282,0.35865622758865356,,640923.8536585366
268283,,1.0,640926.0487804879
268291,0.35866624116897583,,640943.6097560975
268292,,1.0,640945.8048780488
268305,0.35866624116897583,,640968.0
268306,,0.0,640970.0
268315,0.35866624116897583,,640988.0
268316,,0.0,640990.0
268327,0.35866624116897583,,641012.0
268328,,0.0,641014.0
268334,0.35866624116897583,,641026.0
268335,,0.0,641028.0
268349,0.3586762547492981,,641053.0731707317
268350,,1.0,641055.1707317074
268358,0.35868626832962036,,641071.9512195121
268359,,1.0,641074.0487804879
268369,0.3586962819099426,,641095.0243902439
268370,,1.0,641097.1219512195
268377,0.3587062954902649,,641111.8048780488
268378,,1.0,641113.9024390244
268389,0.35871630907058716,,641132.380952381
268390,,1.0,641134.4285714285
268401,0.3587263226509094,,641156.9523809524
268402,,1.0,641159.0
268412,0.3587363362312317,,641179.4761904762
268413,,1.0,641181.5238095238
268421,0.35874634981155396,,641197.9047619047
268422,,1.0,641199.9523809524
268435,0.35874634981155396,,641219.7272727273
268436,,0.0,641221.5
268446,0.35874634981155396,,641239.2272727273
268447,,0.0,641241.0
268455,0.35874634981155396,,641255.1818181818
268456,,0.0,641256.9545454546
268467,0.35874634981155396,,641276.4545454546
268468,,0.0,641278.2272727273
268480,0.35874634981155396,,641296.5
268481,,0.0,641298.3333333334
268492,0.35874634981155396,,641318.5
268493,,0.0,641320.3333333334
268500,0.35874634981155396,,641333.1666666666
268501,,0.0,641335.0
268511,0.35874634981155396,,641353.3333333334
268512,,0.0,641355.1666666666
268528,0.3587663471698761,,641398.925
268529,,2.0,641402.15
268538,0.35878634452819824,,641431.175
268539,,2.0,641434.4
268546,0.3588063418865204,,641456.975
268547,,2.0,641460.2
268553,0.35882633924484253,,641479.55
268554,,2.0,641482.775
268567,0.35882633924484253,,641506.0
268568,,0.0,641508.0
268578,0.35882633924484253,,641528.0
268579,,0.0,641530.0
268584,0.35882633924484253,,641540.0
268585,,0.0,641542.0
268594,0.35882633924484253,,641560.0
268595,,0.0,641562.0
268608,0.35882633924484253,,641582.1395348837
268609,,0.0,641583.9534883721
268620,0.35882633924484253,,641603.9069767442
268621,,0.0,641605.7209302326
268631,0.35882633924484253,,641623.8604651163
268632,,0.0,641625.6744186047
268639,0.35882633924484253,,641638.3720930233
268640,,0.0,641640.1860465116
268658,0.3588463366031647,,641670.3333333334
268659,,2.0,641672.2222222222
268669,0.3588663339614868,,641691.1111111111
268670,,2.0,641693.0
268683,0.35888633131980896,,641717.5555555555
268684,,2.0,641719.4444444445
268695,0.3589063286781311,,641740.2222222222
268696,,2.0,641742.1111111111
268713,0.3589063286781311,,641769.3953488372
268714,,0.0,641771.2093023256
268720,0.3589063286781311,,641782.0930232558
268721,,0.0,641783.9069767442
268730,0.3589063286781311,,641800.2325581395
268731,,0.0,641802.0465116279
268740,0.3589063286781311,,641818.3720930233
268741,,0.0,641820.1860465116
268756,0.35891634225845337,,641841.5
268757,,1.0,641843.125
268767,0.35892635583877563,,641859.375
268768,,1.0,641861.0
268781,0.3589363694190979,,641882.125
268782,,1.0,641883.75
268790,0.35894638299942017,,641896.75
268791,,1.0,641898.375
268808,0.35894638299942017,,641923.7391304348
268809,,0.0,641925.4347826086
268817,0.35894638299942017,,641939.0
268818,,0.0,641940.695652174
268824,0.35894638299942017,,641950.8695652174
268825,,0.0,641952.5652173914
268838,0.35894638299942017,,641974.6086956522
268839,,0.0,641976.304347826
268853,0.35894638299942017,,641995.875
268854,,0.0,641997.5
268867,0.35894638299942017,,642018.625
268868,,0.0,642020.25
268877,0.35894638299942017,,642034.875
268878,,0.0,642036.5
268888,0.35894638299942017,,642052.75
268889,,0.0,642054.375
268906,0.35894638299942017,,642077.4285714285
268907,,0.0,642078.9591836735
268918,0.35894638299942017,,642095.7959183673
268919,,0.0,642097.3265306122
268927,0.35894638299942017,,642109.5714285715
268928,,0.0,642111.1020408163
268939,0.35894638299942017,,642127.9387755102
268940,,0.0,642129.4693877551
268956,0.35895639657974243,,642155.8444444444
268957,,1.0,642157.7555555556
268964,0.3589664101600647,,642171.1333333333
268965,,1.0,642173.0444444445
268973,0.35897642374038696,,642188.3333333334
268974,,1.0,642190.2444444444
268986,0.35898643732070923,,642213.1777777778
268987,,1.0,642215.088888889
269004,0.3589964509010315,,642243.8085106383
269005,,1.0,642245.7234042553
269016,0.35900646448135376,,642266.7872340425
269017,,1.0,642268.7021276596
269025,0.359016478061676,,642284.0212765958
269026,,1.0,642285.9361702128
269035,0.3590264916419983,,642303.1702127659
269036,,1.0,642305.085106383
269048,0.3590264916419983,,642324.55
269049,,0.0,642326.5
269059,0.3590264916419983,,642346.0
269060,,0.0,642347.95
269068,0.3590264916419983,,642363.55
269069,,0.0,642365.5
269077,0.3590264916419983,,642381.1
269078,,0.0,642383.05
269094,0.3590264916419983,,642407.5333333333
269095,,0.0,642409.2666666667
269103,0.3590264916419983,,642423.1333333333
269104,,0.0,642424.8666666667
269115,0.3590264916419983,,642443.9333333333
269116,,0.0,642445.6666666666
269124,0.3590264916419983,,642459.5333333333
269125,,0.0,642461.2666666667
269136,0.3590264916419983,,642476.1555555556
269137,,0.0,642477.8
269146,0.3590264916419983,,642492.6
269147,,0.0,642494.2444444444
269159,0.3590264916419983,,642513.9777777778
269160,,0.0,642515.6222222223
269171,0.3590264916419983,,642533.7111111111
269172,,0.0,642535.3555555556
269184,0.3590264916419983,,642555.2195121951
269185,,0.0,642557.243902439
269193,0.3590264916419983,,642573.4390243902
269194,,0.0,642575.4634146341
269204,0.3590264916419983,,642595.7073170731
269205,,0.0,642597.731707317
269214,0.3590264916419983,,642615.9512195121
269215,,0.0,642617.9756097561
269234,0.35903650522232056,,642649.9130434783
269235,,1.0,642651.7826086957
269245,0.3590465188026428,,642670.4782608695
269246,,1.0,642672.3478260869
269251,0.3590565323829651,,642681.695652174
269252,,1.0,642683.5652173914
269262,0.35906654596328735,,642702.2608695652
269263,,1.0,642704.1304347826
269278,0.35906654596328735,,642726.6511627907
269279,,0.0,642728.3720930233
269285,0.35906654596328735,,642738.6976744186
269286,,0.0,642740.4186046511
269299,0.35906654596328735,,642762.7906976744
269300,,0.0,642764.5116279069
269307,0.35906654596328735,,642776.5581395349
269308,,0.0,642778.2790697674
269321,0.35906654596328735,,642797.7272727273
269322,,0.0,642799.5
269329,0.35906654596328735,,642811.9090909091
269330,,0.0,642813.6818181818
269340,0.35906654596328735,,642831.4090909091
269341,,0.0,642833.1818181818
269353,0.35906654596328735,,642854.4545454546
269354,,0.0,642856.2272727273
269368,0.3590765595436096,,642878.5957446808
269369,,1.0,642880.4680851063
269375,0.3590865731239319,,642891.7021276596
269376,,1.0,642893.5744680851
269386,0.35909658670425415,,642912.2978723404
269387,,1.0,642914.1702127659
269402,0.3591066002845764,,642942.2553191489
269403,,1.0,642944.1276595745
269416,0.3591166138648987,,642967.2195121951
269417,,1.0,642969.3414634146
269425,0.35912662744522095,,642986.3170731707
269426,,1.0,642988.4390243902
269437,0.3591366410255432,,643011.7804878049
269438,,1.0,643013.9024390244
269445,0.3591466546058655,,643028.756097561
269446,,1.0,643030.8780487805
269460,0.3591466546058655,,643049.612244898
269461,,0.0,643051.1224489796
269474,0.3591466546058655,,643070.7551020408
269475,,0.0,643072.2653061225
269483,0.3591466546058655,,643084.3469387755
269484,,0.0,643085.8571428572
269496,0.3591466546058655,,643103.9795918367
269497,,0.0,643105.4897959183
269511,0.35915666818618774,,643127.5
269512,,1.0,643129.3636363636
269521,0.35916668176651,,643146.1363636364
269522,,1.0,643148.0
269532,0.3591766953468323,,643166.6363636364
269533,,1.0,643168.5
269542,0.35918670892715454,,643185.2727272727
269543,,1.0,643187.1363636364
269555,0.35918670892715454,,643203.4782608695
269556,,0.0,643205.0869565217
269562,0.35918670892715454,,643214.7391304348
269563,,0.0,643216.3478260869
269575,0.35918670892715454,,643235.6521739131
269576,,0.0,643237.2608695652
269590,0.35918670892715454,,643259.7826086957
269591,,0.0,643261.3913043478
269605,0.3591967225074768,,643284.0222222222
269606,,1.0,643285.9333333333
269614,0.3592067360877991,,643301.2222222222
269615,,1.0,643303.1333333333
269626,0.35921674966812134,,643324.1555555556
269627,,1.0,643326.0666666667
269637,0.3592267632484436,,643345.1777777778
269638,,1.0,643347.088888889
269654,0.3592267632484436,,643373.1860465116
269655,,0.0,643375.0465116279
269663,0.3592267632484436,,643389.9302325582
269664,,0.0,643391.7906976744
269674,0.3592267632484436,,643410.3953488372
269675,,0.0,643412.2558139535
269682,0.3592267632484436,,643425.2790697674
269683,,0.0,643427.1395348837
269698,0.3592267632484436,,643448.7333333333
269699,,0.0,643450.3777777777
269709,0.3592267632484436,,643466.8222222222
269710,,0.0,643468.4666666667
269716,0.3592267632484436,,643478.3333333334
269717,,0.0,643479.9777777778
269729,0.3592267632484436,,643499.7111111111
269730,,0.0,643501.3555555556
269740,0.3592267632484436,,643517.0
269741,,0.0,643519.0
269749,0.3592267632484436,,643535.0
269750,,0.0,643537.0
269758,0.3592267632484436,,643553.0
269759,,0.0,643555.0
269768,0.3592267632484436,,643573.0
269769,,0.0,643575.0
269782,0.3592267632484436,,643595.1395348837
269783,,0.0,643596.9534883721
269794,0.3592267632484436,,643616.9069767442
269795,,0.0,643618.7209302326
269802,0.3592267632484436,,643631.4186046511
269803,,0.0,643633.2325581395
269813,0.3592267632484436,,643651.3720930233
269814,,0.0,643653.1860465116
269834,0.35923677682876587,,643680.5
269835,,1.0,643682.0
269846,0.35924679040908813,,643698.5
269847,,1.0,643700.0
269857,0.3592568039894104,,643715.0
269858,,1.0,643716.5
269867,0.35926681756973267,,643730.0
269868,,1.0,643731.5
269881,0.35926681756973267,,643751.0487804879
269882,,0.0,643752.8536585366
269892,0.35926681756973267,,643770.9024390244
269893,,0.0,643772.7073170731
269905,0.35926681756973267,,643794.3658536585
269906,,0.0,643796.1707317074
269910,0.35926681756973267,,643803.3902439025
269911,,0.0,643805.1951219512
269928,0.35926681756973267,,643832.3953488372
269929,,0.0,643834.2093023256
269937,0.35926681756973267,,643848.7209302326
269938,,0.0,643850.5348837209
269946,0.35926681756973267,,643865.0465116279
269947,,0.0,643866.8604651163
269955,0.35926681756973267,,643881.3720930233
269956,,0.0,643883.1860465116
269976,0.35926681756973267,,643910.8148148148
269977,,0.0,643912.3333333334
269988,0.35926681756973267,,643929.0370370371
269989,,0.0,643930.5555555555
269998,0.35926681756973267,,643944.2222222222
269999,,0.0,643945.7407407408
270011,0.35926681756973267,,643963.9629629629
270012,,0.0,643965.4814814815
270029,0.35926681756973267,,643992.268292683
270030,,0.0,643994.0731707317
270037,0.35926681756973267,,644006.7073170731
270038,,0.0,644008.512195122
270049,0.35926681756973267,,644028.3658536585
270050,,0.0,644030.1707317074
270054,0.35926681756973267,,644037.3902439025
270055,,0.0,644039.1951219512
270071,0.35927683115005493,,644064.1739130435
270072,,1.0,644065.9565217391
270081,0.3592868447303772,,644082.0
270082,,1.0,644083.7826086957
270089,0.35929685831069946,,644096.2608695652
270090,,1.0,644098.0434782609
270102,0.35930687189102173,,644119.4347826086
270103,,1.0,644121.2173913043
270113,0.359316885471344,,644140.7692307692
270114,,1.0,644143.3076923077
270121,0.35932689905166626,,644161.0769230769
270122,,1.0,644163.6153846154
270131,0.3593369126319885,,644186.4615384615
270132,,1.0,644189.0
270143,0.3593469262123108,,644216.9230769231
270144,,1.0,644219.4615384615
270158,0.3593469262123108,,644240.088888889
270159,,0.0,644241.7333333333
270168,0.3593469262123108,,644256.5333333333
270169,,0.0,644258.1777777778
270179,0.3593469262123108,,644274.6222222223
270180,,0.0,644276.2666666667
270190,0.3593469262123108,,644292.7111111111
270191,,0.0,644294.3555555556
270206,0.3593469262123108,,644315.1020408163
270207,,0.0,644316.693877551
270221,0.3593469262123108,,644338.9795918367
270222,,0.0,644340.5714285715
270230,0.3593469262123108,,644353.306122449
270231,,0.0,644354.8979591837
270241,0.3593469262123108,,644370.8163265307
270242,,0.0,644372.4081632653
270257,0.3593469262123108,,644392.5
270258,,0.0,644394.0416666666
270268,0.3593469262123108,,644409.4583333334
270269,,0.0,644411.0
270281,0.3593469262123108,,644429.5
270282,,0.0,644431.0416666666
270291,0.3593469262123108,,644444.9166666666
270292,,0.0,644446.4583333334
270308,0.35935693979263306,,644474.8863636364
270309,,1.0,644476.9545454546
270314,0.3593669533729553,,644487.2954545454
270315,,1.0,644489.3636363636
270325,0.3593769669532776,,644510.0454545454
270326,,1.0,644512.1136363636
270337,0.35938698053359985,,644534.8636363636
270338,,1.0,644536.9318181818
270355,0.35938698053359985,,644561.5217391305
270356,,0.0,644563.1304347826
270364,0.35938698053359985,,644576.0
270365,,0.0,644577.6086956522
270370,0.35938698053359985,,644585.6521739131
270371,,0.0,644587.2608695652
270385,0.35938698053359985,,644609.7826086957
270386,,0.0,644611.3913043478
270399,0.35938698053359985,,644630.3333333334
270400,,0.0,644632.0666666667
270410,0.35938698053359985,,644649.4
270411,,0.0,644651.1333333333
270422,0.35938698053359985,,644670.2
270423,,0.0,644671.9333333333
270432,0.35938698053359985,,644687.5333333333
270433,,0.0,644689.2666666667
270451,0.359406977891922,,644734.3695652174
270452,,2.0,644737.2608695652
270458,0.35942697525024414,,644754.6086956522
270459,,2.0,644757.5
270466,0.3594469726085663,,644777.7391304348
270467,,2.0,644780.6304347826
270480,0.3594669699668884,,644818.2173913043
270481,,2.0,644821.1086956522
270497,0.3594669699668884,,644847.4634146341
270498,,0.0,644849.268292683
270507,0.3594669699668884,,644865.512195122
270508,,0.0,644867.3170731707
270517,0.3594669699668884,,644883.5609756098
270518,,0.0,644885.3658536585
270523,0.3594669699668884,,644894.3902439025
270524,,0.0,644896.1951219512
270539,0.3594669699668884,,644917.304347826
270540,,0.0,644918.9130434783
270552,0.3594669699668884,,644938.2173913043
270553,,0.0,644939.8260869565
270564,0.3594669699668884,,644957.5217391305
270565,,0.0,644959.1304347826
270571,0.3594669699668884,,644968.7826086957
270572,,0.0,644970.3913043478
270589,0.3594669699668884,,644994.75
270590,,0.0,644996.375
270601,0.3594669699668884,,645014.25
270602,,0.0,645015.875
270609,0.3594669699668884,,645027.25
270610,,0.0,645028.875
270621,0.3594669699668884,,645046.75
270622,,0.0,645048.375
270638,0.35948696732521057,,645084.3958333334
270639,,2.0,645087.0416666666
270648,0.3595069646835327,,645110.8541666666
270649,,2.0,645113.5
270658,0.35952696204185486,,645137.3125
270659,,2.0,645139.9583333334
270671,0.359546959400177,,645171.7083333334
270672,,2.0,645174.3541666666
270685,0.35955697298049927,,645196.0243902439
270686,,1.0,645197.9268292683
270695,0.35956698656082153,,645215.0487804879
270696,,1.0,645216.9512195121
270701,0.3595770001411438,,645226.4634146341
270702,,1.0,645228.3658536585
270714,0.35958701372146606,,645251.1951219512
270715,,1.0,645253.0975609756
270724,0.3596170246601105,,645264.3529411765
270725,,3.0,645265.9117647059
270735,0.3596470355987549,,645281.5
270736,,3.0,645283.0588235294
270742,0.3596770465373993,,645292.4117647059
270743,,3.0,645293.9705882353
270750,0.3597070574760437,,645304.8823529412
270751,,3.0,645306.4411764706
270766,0.3597070574760437,,645326.96
270767,,0.0,645328.54
270777,0.3597070574760437,,645344.34
270778,,0.0,645345.92
270786,0.3597070574760437,,645358.56
270787,,0.0,645360.14
270802,0.3597070574760437,,645383.84
270803,,0.0,645385.42
270819,0.3597070574760437,,645407.28
270820,,0.0,645408.84
270830,0.3597070574760437,,645424.44
270831,,0.0,645426.0
270843,0.3597070574760437,,645444.72
270844,,0.0,645446.28
270854,0.3597070574760437,,645461.88
270855,,0.0,645463.44
270871,0.3597070574760437,,645488.0454545454
270872,,0.0,645489.8181818182
270883,0.3597070574760437,,645509.3181818182
270884,,0.0,645511.0909090909
270889,0.3597070574760437,,645519.9545454546
270890,,0.0,645521.7272727273
270900,0.3597070574760437,,645539.4545454546
270901,,0.0,645541.2272727273
270916,0.3597070574760437,,645563.1818181818
270917,,0.0,645564.8636363636
270925,0.3597070574760437,,645578.3181818182
270926,,0.0,645580.0
270934,0.3597070574760437,,645593.4545454546
270935,,0.0,645595.1363636364
270946,0.3597070574760437,,645613.6363636364
270947,,0.0,645615.3181818182
270957,0.3597070574760437,,645629.0465116279
270958,,0.0,645630.7674418605
270969,0.3597070574760437,,645649.6976744186
270970,,0.0,645651.4186046511
270980,0.3597070574760437,,645668.6279069767
270981,,0.0,645670.3488372093
270991,0.3597070574760437,,645687.5581395349
270992,,0.0,645689.2790697674
271005,0.35972705483436584,,645724.5
271006,,2.0,645727.85
271013,0.359747052192688,,645751.3
271014,,2.0,645754.65
271022,0.35976704955101013,,645781.45
271023,,2.0,645784.8
271033,0.3597870469093323,,645818.3
271034,,2.0,645821.65
271046,0.3597870469093323,,645843.0
271047,,0.0,645845.0
271057,0.3597870469093323,,645865.0
271058,,0.0,645867.0
271066,0.3597870469093323,,645883.0
271067,,0.0,645885.0
271072,0.3597870469093323,,645895.0
271073,,0.0,645897.0
271082,0.35979706048965454,,645914.0
271083,,1.0,645916.5
271092,0.3598070740699768,,645939.0
271093,,1.0,645941.5
271100,0.3598170876502991,,645959.0
271101,,1.0,645961.5
271110,0.35982710123062134,,645984.0
271111,,1.0,645986.5
271129,0.35982710123062134,,646014.625
271130,,0.0,646016.3333333334
271140,0.35982710123062134,,646033.4166666666
271141,,0.0,646035.125
271151,0.35982710123062134,,646052.2083333334
271152,,0.0,646053.9166666666
271160,0.35982710123062134,,646067.5833333334
271161,,0.0,646069.2916666666
271180,0.35982710123062134,,646095.7843137255
271181,,0.0,646097.3333333334
271193,0.35982710123062134,,646115.9215686275
271194,,0.0,646117.4705882353
271204,0.35982710123062134,,646132.9607843137
271205,,0.0,646134.5098039216
271213,0.35982710123062134,,646146.9019607843
271214,,0.0,646148.4509803922
271229,0.35982710123062134,,646170.1818181818
271230,,0.0,646171.8636363636
271240,0.35982710123062134,,646188.6818181818
271241,,0.0,646190.3636363636
271247,0.35982710123062134,,646200.4545454546
271248,,0.0,646202.1363636364
271259,0.35982710123062134,,646220.6363636364
271260,,0.0,646222.3181818182
271272,0.3598371148109436,,646242.0
271273,,1.0,646244.0
271281,0.35984712839126587,,646260.0
271282,,1.0,646262.0
271295,0.35985714197158813,,646288.0
271296,,1.0,646290.0
271304,0.3598671555519104,,646306.0
271305,,1.0,646308.0
271323,0.3598671555519104,,646331.6666666666
271324,,0.0,646333.1111111111
271335,0.3598671555519104,,646349.0
271336,,0.0,646350.4444444445
271348,0.3598671555519104,,646367.7777777778
271349,,0.0,646369.2222222222
271360,0.3598671555519104,,646385.1111111111
271361,,0.0,646386.5555555555
271373,0.35987716913223267,,646409.9375
271374,,1.0,646412.375
271379,0.35988718271255493,,646424.5625
271380,,1.0,646427.0
271385,0.3598971962928772,,646439.1875
271386,,1.0,646441.625
271394,0.35990720987319946,,646461.125
271395,,1.0,646463.5625
271416,0.35991722345352173,,646498.1176470588
271417,,1.0,646499.9019607843
271425,0.359927237033844,,646514.1764705882
271426,,1.0,646515.9607843137
271437,0.35993725061416626,,646535.5882352941
271438,,1.0,646537.3725490196
271447,0.3599472641944885,,646553.431372549
271448,,1.0,646555.2156862745
271467,0.35997727513313293,,646577.3333333334
271468,,3.0,646578.6041666666
271478,0.36000728607177734,,646591.3125
271479,,3.0,646592.5833333334
271489,0.36003729701042175,,646605.2916666666
271490,,3.0,646606.5625
271497,0.36006730794906616,,646615.4583333334
271498,,3.0,646616.7291666666
271517,0.36006730794906616,,646643.1914893617
271518,,0.0,646644.7659574468
271528,0.36006730794906616,,646660.5106382979
271529,,0.0,646662.085106383
271540,0.36006730794906616,,646679.4042553192
271541,,0.0,646680.9787234042
271546,0.36006730794906616,,646688.8510638297
271547,,0.0,646690.4255319149
271561,0.36006730794906616,,646710.9302325582
271562,,0.0,646712.6511627907
271570,0.36006730794906616,,646726.4186046511
271571,,0.0,646728.1395348837
271581,0.36006730794906616,,646745.3488372093
271582,,0.0,646747.0697674418
271591,0.36006730794906616,,646762.5581395349
271592,,0.0,646764.2790697674
271611,0.36006730794906616,,646791.7391304348
271612,,0.0,646793.3478260869
271618,0.36006730794906616,,646803.0
271619,,0.0,646804.6086956522
271628,0.36006730794906616,,646819.0869565217
271629,,0.0,646820.695652174
271639,0.36006730794906616,,646836.7826086957
271640,,0.0,646838.3913043478
271659,0.36009731888771057,,646868.9122807018
271660,,3.0,646870.7192982456
271668,0.360127329826355,,646885.1754385965
271669,,3.0,646886.9824561403
271684,0.3601573407649994,,646914.0877192982
271685,,3.0,646915.8947368421
271698,0.3601873517036438,,646939.3859649122
271699,,3.0,646941.1929824562
271720,0.3601873517036438,,646971.3846153846
271721,,0.0,646972.9615384615
271730,0.3601873517036438,,646987.1538461539
271731,,0.0,646988.7307692308
271739,0.3601873517036438,,647001.3461538461
271740,,0.0,647002.9230769231
271752,0.3601873517036438,,647021.8461538461
271753,,0.0,647023.4230769231
271766,0.36020734906196594,,647043.75
271767,,2.0,647045.625
271781,0.3602273464202881,,647071.875
271782,,2.0,647073.75
271793,0.36024734377861023,,647094.375
271794,,2.0,647096.25
271802,0.3602673411369324,,647111.25
271803,,2.0,647113.125
271819,0.3602873384952545,,647164.7804878049
271820,,2.0,647168.6097560975
271830,0.36030733585357666,,647206.9024390244
271831,,2.0,647210.731707317
271838,0.3603273332118988,,647237.5365853659
271839,,2.0,647241.3658536585
271845,0.36034733057022095,,647264.3414634146
271846,,2.0,647268.1707317074
271863,0.3603673279285431,,647317.7333333333
271864,,2.0,647321.0
271875,0.36038732528686523,,647356.9333333333
271876,,2.0,647360.2
271883,0.3604073226451874,,647383.0666666667
271884,,2.0,647386.3333333334
271892,0.3604273200035095,,647412.4666666667
271893,,2.0,647415.7333333333
271909,0.3604273200035095,,647441.0434782609
271910,,0.0,647442.7391304348
271921,0.3604273200035095,,647461.3913043478
271922,,0.0,647463.0869565217
271928,0.3604273200035095,,647473.2608695652
271929,,0.0,647474.9565217391
271940,0.3604273200035095,,647493.6086956522
271941,,0.0,647495.304347826
271954,0.3604273200035095,,647515.0487804879
271955,,0.0,647516.8536585366
271965,0.3604273200035095,,647534.9024390244
271966,,0.0,647536.7073170731
271974,0.3604273200035095,,647551.1463414634
271975,,0.0,647552.9512195121
271983,0.3604273200035095,,647567.3902439025
271984,,0.0,647569.1951219512
272002,0.3604273200035095,,647595.1304347826
272003,,0.0,647596.7391304348
272010,0.3604273200035095,,647608.0
272011,,0.0,647609.6086956522
272021,0.3604273200035095,,647625.695652174
272022,,0.0,647627.304347826
272031,0.3604273200035095,,647641.7826086957
272032,,0.0,647643.3913043478
272045,0.3604273200035095,,647665.0
272046,,0.0,647667.0
272053,0.3604273200035095,,647681.0
272054,,0.0,647683.0
272064,0.3604273200035095,,647703.0
272065,,0.0,647705.0
272074,0.3604273200035095,,647723.0
272075,,0.0,647725.0
272090,0.3604373335838318,,647751.5853658536
272091,,1.0,647753.6341463415
272095,0.36044734716415405,,647761.8292682926
272096,,1.0,647763.8780487805
272102,0.3604573607444763,,647776.1707317074
272103,,1.0,647778.2195121951
272117,0.3604673743247986,,647806.9024390244
272118,,1.0,647808.9512195121
272137,0.3604673743247986,,647836.1914893617
272138,,0.0,647837.7659574468
272144,0.3604673743247986,,647847.2127659575
272145,,0.0,647848.7872340425
272153,0.3604673743247986,,647861.3829787234
272154,,0.0,647862.9574468085
272166,0.3604673743247986,,647881.8510638297
272167,,0.0,647883.4255319149
272178,0.36047738790512085,,647899.2608695652
272179,,1.0,647901.0434782609
272191,0.3604874014854431,,647922.4347826086
272192,,1.0,647924.2173913043
272202,0.3604974150657654,,647942.0434782609
272203,,1.0,647943.8260869565
272214,0.36050742864608765,,647963.4347826086
272215,,1.0,647965.2173913043
272230,0.3605274260044098,,647999.2666666667
272231,,2.0,648001.9555555555
272242,0.36054742336273193,,648031.5333333333
272243,,2.0,648034.2222222222
272252,0.3605674207210541,,648058.4222222222
272253,,2.0,648061.1111111111
272261,0.3605874180793762,,648082.6222222223
272262,,2.0,648085.3111111111
272277,0.3605974316596985,,648113.1707317074
272278,,1.0,648115.268292683
272288,0.36060744524002075,,648136.243902439
272289,,1.0,648138.3414634146
272298,0.360617458820343,,648157.2195121951
272299,,1.0,648159.3170731707
272304,0.3606274724006653,,648169.8048780488
272305,,1.0,648171.9024390244
272320,0.3606274724006653,,648195.9
272321,,0.0,648197.725
272328,0.3606274724006653,,648210.5
272329,,0.0,648212.325
272337,0.3606274724006653,,648226.925
272338,,0.0,648228.75
272346,0.3606274724006653,,648243.35
272347,,0.0,648245.175
272364,0.3606274724006653,,648268.0
272365,,0.0,648269.5
272377,0.3606274724006653,,648287.5
272378,,0.0,648289.0
272389,0.3606274724006653,,648305.5
272390,,0.0,648307.0
272400,0.3606274724006653,,648322.0
272401,,0.0,648323.5
272423,0.3606274724006653,,648352.962264151
272424,,0.0,648354.4339622641
272433,0.3606274724006653,,648367.679245283
272434,,0.0,648369.1509433963
272447,0.3606274724006653,,648388.283018868
272448,,0.0,648389.7547169811
272455,0.3606274724006653,,648400.0566037736
272456,,0.0,648401.5283018867
272474,0.3606274724006653,,648425.6530612245
272475,,0.0,648427.1632653062
272488,0.3606274724006653,,648446.7959183673
272489,,0.0,648448.306122449
272497,0.3606274724006653,,648460.387755102
272498,,0.0,648461.8979591837
272506,0.3606274724006653,,648473.9795918367
272507,,0.0,648475.4897959183
272517,0.3606274724006653,,648491.6
272518,,0.0,648493.6857142857
272524,0.3606274724006653,,648506.2
272525,,0.0,648508.2857142857
272532,0.3606274724006653,,648522.8857142857
272533,,0.0,648524.9714285714
272543,0.3606274724006653,,648545.8285714285
272544,,0.0,648547.9142857143
272562,0.3606274724006653,,648577.9545454546
272563,,0.0,648579.8181818182
272572,0.3606274724006653,,648596.5909090909
272573,,0.0,648598.4545454546
272583,0.3606274724006653,,648617.0909090909
272584,,0.0,648618.9545454546
272589,0.3606274724006653,,648628.2727272727
272590,,0.0,648630.1363636364
272606,0.3606274724006653,,648653.8636363636
272607,,0.0,648655.5454545454
272614,0.3606274724006653,,648667.3181818182
272615,,0.0,648669.0
272625,0.3606274724006653,,648685.8181818182
272626,,0.0,648687.5
272635,0.3606274724006653,,648702.6363636364
272636,,0.0,648704.3181818182
272648,0.3606274724006653,,648722.65
272649,,0.0,648724.5
272662,0.3606274724006653,,648748.55
272663,,0.0,648750.4
272670,0.3606274724006653,,648763.35
272671,,0.0,648765.2
272677,0.3606274724006653,,648776.3
272678,,0.0,648778.15
272691,0.3606274724006653,,648801.0810810811
272692,,0.0,648803.1891891892
272698,0.3606274724006653,,648815.8378378379
272699,,0.0,648817.9459459459
272704,0.3606274724006653,,648828.4864864865
272705,,0.0,648830.5945945946
272716,0.3606274724006653,,648853.7837837838
272717,,0.0,648855.8918918918
272733,0.3606274724006653,,648880.0434782609
272734,,0.0,648881.7391304348
272740,0.3606274724006653,,648891.9130434783
272741,,0.0,648893.6086956522
272754,0.3606274724006653,,648915.6521739131
272755,,0.0,648917.3478260869
272764,0.3606274724006653,,648932.6086956522
272765,,0.0,648934.304347826
272779,0.3606274724006653,,648956.976744186
272780,,0.0,648958.8837209302
272790,0.3606274724006653,,648977.9534883721
272791,,0.0,648979.8604651163
272799,0.3606274724006653,,648995.1162790698
272800,,0.0,648997.023255814
272809,0.3606274724006653,,649014.1860465116
272810,,0.0,649016.0930232558
272827,0.3606274724006653,,649042.4255319149
272828,,0.0,649044.1702127659
272838,0.3606274724006653,,649061.6170212766
272839,,0.0,649063.3617021276
272847,0.3606274724006653,,649077.3191489362
272848,,0.0,649079.0638297872
272858,0.3606274724006653,,649096.5106382979
272859,,0.0,649098.2553191489
272870,0.3606274724006653,,649115.1794871795
272871,,0.0,649117.0769230769
272880,0.3606274724006653,,649134.1538461539
272881,,0.0,649136.0512820513
272886,0.3606274724006653,,649145.5384615385
272887,,0.0,649147.4358974359
272899,0.3606274724006653,,649170.2051282051
272900,,0.0,649172.1025641026
272914,0.3606274724006653,,649191.875
272915,,0.0,649193.5
272927,0.3606274724006653,,649213.0
272928,,0.0,649214.625
272937,0.3606274724006653,,649229.25
272938,,0.0,649230.875
272949,0.3606274724006653,,649248.75
272950,,0.0,649250.375
272965,0.3606274724006653,,649276.0
272966,,0.0,649278.0
272976,0.3606274724006653,,649298.0
272977,,0.0,649300.0
272982,0.3606274724006653,,649310.0
272983,,0.0,649312.0
272990,0.3606274724006653,,649326.0
272991,,0.0,649328.0
273008,0.3606574833393097,,649358.0
273009,,3.0,649360.0
273018,0.3606874942779541,,649378.0
273019,,3.0,649380.0
273030,0.3607175052165985,,649402.0
273031,,3.0,649404.0
273039,0.3607475161552429,,649420.0
273040,,3.0,649422.0
273054,0.3607475161552429,,649445.2142857143
273055,,0.0,649447.1428571428
273061,0.3607475161552429,,649458.7142857143
273062,,0.0,649460.6428571428
273074,0.3607475161552429,,649483.7857142857
273075,,0.0,649485.7142857143
273083,0.3607475161552429,,649501.1428571428
273084,,0.0,649503.0714285715
273097,0.36077752709388733,,649528.9130434783
273098,,3.0,649531.304347826
273108,0.36080753803253174,,649555.2173913043
273109,,3.0,649557.6086956522
273120,0.36083754897117615,,649583.9130434783
273121,,3.0,649586.304347826
273131,0.36086755990982056,,649610.2173913043
273132,,3.0,649612.6086956522
273147,0.3608775734901428,,649637.1739130435
273148,,1.0,649639.0217391305
273158,0.3608875870704651,,649657.5
273159,,1.0,649659.3478260869
273166,0.36089760065078735,,649672.2826086957
273167,,1.0,649674.1304347826
273179,0.3609076142311096,,649696.304347826
273180,,1.0,649698.1521739131
273193,0.3609076142311096,,649716.25
273194,,0.0,649717.875
273205,0.3609076142311096,,649735.75
273206,,0.0,649737.375
273217,0.3609076142311096,,649755.25
273218,,0.0,649756.875
273229,0.3609076142311096,,649774.75
273230,,0.0,649776.375
273242,0.3609076142311096,,649800.25
273243,,0.0,649802.7222222222
273251,0.3609076142311096,,649822.5
273252,,0.0,649824.9722222222
273256,0.3609076142311096,,649834.8611111111
273257,,0.0,649837.3333333334
273267,0.3609076142311096,,649862.0555555555
273268,,0.0,649864.5277777778
273286,0.3609076142311096,,649891.8936170213
273287,,0.0,649893.5531914893
273296,0.3609076142311096,,649908.4893617021
273297,,0.0,649910.1489361703
273309,0.3609076142311096,,649930.0638297872
273310,,0.0,649931.7234042553
273316,0.3609076142311096,,649941.6808510638
273317,,0.0,649943.340425532
273328,0.3609076142311096,,649963.7428571428
273329,,0.0,649966.0857142857
273337,0.3609076142311096,,649984.8285714285
273338,,0.0,649987.1714285715
273344,0.3609076142311096,,650001.2285714286
273345,,0.0,650003.5714285715
273353,0.3609076142311096,,650022.3142857143
273354,,0.0,650024.6571428571
273369,0.3609076142311096,,650049.7692307692
273370,,0.0,650051.6666666666
273377,0.3609076142311096,,650064.9487179487
273378,,0.0,650066.8461538461
273382,0.3609076142311096,,650074.4358974359
273383,,0.0,650076.3333333334
273394,0.3609076142311096,,650097.2051282051
273395,,0.0,650099.1025641026
273411,0.3609076142311096,,650127.975
273412,,0.0,650130.05
273422,0.3609076142311096,,650150.8
273423,,0.0,650152.875
273430,0.3609076142311096,,650167.4
273431,,0.0,650169.475
273436,0.3609076142311096,,650179.85
273437,,0.0,650181.925
273455,0.3609176278114319,,650217.5714285715
273456,,1.0,650219.8095238095
273463,0.36092764139175415,,650235.4761904762
273464,,1.0,650237.7142857143
273473,0.3609376549720764,,650257.8571428572
273474,,1.0,650260.0952380953
273480,0.3609476685523987,,650273.5238095238
273481,,1.0,650275.7619047619
273498,0.3609776794910431,,650293.9090909091
273499,,3.0,650295.0454545454
273508,0.3610076904296875,,650305.2727272727
273509,,3.0,650306.4090909091
273516,0.3610377013683319,,650314.3636363636
273517,,3.0,650315.5
273526,0.3610677123069763,,650325.7272727273
273527,,3.0,650326.8636363636
273541,0.3610677123069763,,650348.0444444445
273542,,0.0,650349.8666666667
273549,0.3610677123069763,,650362.6222222223
273550,,0.0,650364.4444444445
273561,0.3610677123069763,,650384.4888888889
273562,,0.0,650386.3111111111
273573,0.3610677123069763,,650406.3555555556
273574,,0.0,650408.1777777778
273591,0.3610677123069763,,650432.75
273592,,0.0,650434.375
273602,0.3610677123069763,,650450.625
273603,,0.0,650452.25
273611,0.3610677123069763,,650465.25
273612,,0.0,650466.875
273623,0.3610677123069763,,650484.75
273624,,0.0,650486.375
273640,0.3610777258872986,,650512.731707317
273641,,1.0,650514.6341463415
273650,0.36108773946762085,,650531.756097561
273651,,1.0,650533.6585365854
273659,0.3610977530479431,,650548.8780487805
273660,,1.0,650550.7804878049
273666,0.3611077666282654,,650562.1951219512
273667,,1.0,650564.0975609756
273681,0.36111778020858765,,650587.2978723404
273682,,1.0,650589.2340425532
273696,0.3611277937889099,,650616.340425532
273697,,1.0,650618.2765957447
273705,0.3611378073692322,,650633.7659574468
273706,,1.0,650635.7021276596
273715,0.36114782094955444,,650653.1276595745
273716,,1.0,650655.0638297872
273737,0.36114782094955444,,650685.08
273738,,0.0,650686.64
273747,0.36114782094955444,,650700.68
273748,,0.0,650702.24
273756,0.36114782094955444,,650714.72
273757,,0.0,650716.28
273767,0.36114782094955444,,650731.88
273768,,0.0,650733.44
273781,0.3611578345298767,,650754.0243902439
273782,,1.0,650755.9268292683
273792,0.361167848110199,,650774.9512195121
273793,,1.0,650776.8536585366
273801,0.36117786169052124,,650792.0731707317
273802,,1.0,650793.9756097561
273810,0.3611878752708435,,650809.1951219512
273811,,1.0,650811.0975609756
273832,0.3611878752708435,,650840.75
273833,,0.0,650842.2916666666
273840,0.3611878752708435,,650853.0833333334
273841,,0.0,650854.625
273850,0.3611878752708435,,650868.5
273851,,0.0,650870.0416666666
273860,0.3611878752708435,,650883.9166666666
273861,,0.0,650885.4583333334
273876,0.3611878752708435,,650911.6315789474
273877,,0.0,650913.6842105263
273885,0.3611878752708435,,650930.1052631579
273886,,0.0,650932.1578947369
273891,0.3611878752708435,,650942.4210526316
273892,,0.0,650944.4736842106
273900,0.3611878752708435,,650960.8947368421
273901,,0.0,650962.947368421
273915,0.3611878752708435,,650989.75
273916,,0.0,650992.0
273923,0.3611878752708435,,651007.75
273924,,0.0,651010.0
273933,0.3611878752708435,,651030.25
273934,,0.0,651032.5
273942,0.3611878752708435,,651050.5
273943,,0.0,651052.75
273958,0.36119788885116577,,651078.0204081633
273959,,1.0,651079.9387755102
273971,0.36120790243148804,,651102.9591836735
273972,,1.0,651104.8775510204
273982,0.3612179160118103,,651124.0612244898
273983,,1.0,651125.9795918367
273993,0.36122792959213257,,651145.1632653062
273994,,1.0,651147.081632653
274014,0.36123794317245483,,651174.7741935484
274015,,1.0,651176.2903225806
274032,0.3612479567527771,,651202.0645161291
274033,,1.0,651203.5806451613
274044,0.36125797033309937,,651220.2580645161
274045,,1.0,651221.7741935484
274057,0.36126798391342163,,651239.9677419355
274058,,1.0,651241.4838709678
274071,0.36126798391342163,,651261.0487804879
274072,,0.0,651262.8536585366
274081,0.36126798391342163,,651279.0975609756
274082,,0.0,651280.9024390244
274091,0.36126798391342163,,651297.1463414634
274092,,0.0,651298.9512195121
274100,0.36126798391342163,,651313.3902439025
274101,,0.0,651315.1951219512
274114,0.36126798391342163,,651332.4166666666
274115,,0.0,651333.9583333334
274124,0.36126798391342163,,651347.8333333334
274125,,0.0,651349.375
274138,0.36126798391342163,,651369.4166666666
274139,,0.0,651370.9583333334
274150,0.36126798391342163,,651387.9166666666
274151,,0.0,651389.4583333334
274171,0.36126798391342163,,651411.6229508197
274172,,0.0,651412.8360655737
274182,0.36126798391342163,,651424.9672131147
274183,,0.0,651426.1803278689
274200,0.36126798391342163,,651446.8032786886
274201,,0.0,651448.0163934426
274213,0.36126798391342163,,651462.5737704918
274214,,0.0,651463.7868852459
274229,0.36126798391342163,,651484.5
274230,,0.0,651486.125
274240,0.36126798391342163,,651502.375
274241,,0.0,651504.0
274254,0.36126798391342163,,651525.125
274255,,0.0,651526.75
274263,0.36126798391342163,,651539.75
274264,,0.0,651541.375
274279,0.36126798391342163,,651563.6511627907
274280,,0.0,651565.3720930233
274290,0.36126798391342163,,651582.5813953489
274291,,0.0,651584.3023255814
274300,0.36126798391342163,,651599.7906976744
274301,,0.0,651601.5116279069
274308,0.36126798391342163,,651613.5581395349
274309,,0.0,651615.2790697674
274326,0.3612779974937439,,651647.6046511628
274327,,1.0,651649.7906976744
274335,0.36128801107406616,,651667.2790697674
274336,,1.0,651669.4651162791
274341,0.3612980246543884,,651680.3953488372
274342,,1.0,651682.5813953489
274353,0.3613080382347107,,651706.6279069767
274354,,1.0,651708.8139534884
274367,0.3613080382347107,,651729.0487804879
274368,,0.0,651730.8536585366
274377,0.3613080382347107,,651747.0975609756
274378,,0.0,651748.9024390244
274387,0.3613080382347107,,651765.1463414634
274388,,0.0,651766.9512195121
274396,0.3613080382347107,,651781.3902439025
274397,,0.0,651783.1951219512
274412,0.3613080382347107,,651806.6585365854
274413,,0.0,651808.4634146341
274421,0.3613080382347107,,651822.9024390244
274422,,0.0,651824.7073170731
274429,0.3613080382347107,,651837.3414634146
274430,,0.0,651839.1463414634
274439,0.3613080382347107,,651855.3902439025
274440,,0.0,651857.1951219512
274453,0.36132803559303284,,651891.8205128205
274454,,2.0,651895.1025641026
274459,0.361348032951355,,651911.5128205129
274460,,2.0,651914.7948717949
274468,0.3613680303096771,,651941.0512820513
274469,,2.0,651944.3333333334
274480,0.36138802766799927,,651980.4358974359
274481,,2.0,651983.717948718
274496,0.3614080250263214,,652011.2553191489
274497,,2.0,652013.2765957447
274505,0.36142802238464355,,652029.4468085107
274506,,2.0,652031.4680851063
274519,0.3614480197429657,,652057.7446808511
274520,,2.0,652059.7659574468
274529,0.36146801710128784,,652077.9574468085
274530,,2.0,652079.9787234042
274544,0.36146801710128784,,652099.5102040817
274545,,0.0,652101.1020408163
274558,0.36146801710128784,,652121.7959183673
274559,,0.0,652123.387755102
274569,0.36146801710128784,,652139.306122449
274570,,0.0,652140.8979591837
274580,0.36146801710128784,,652156.8163265307
274581,,0.0,652158.4081632653
274596,0.3614780306816101,,652183.4285714285
274597,,1.0,652185.380952381
274604,0.3614880442619324,,652199.0476190476
274605,,1.0,652201.0
274616,0.36149805784225464,,652222.4761904762
274617,,1.0,652224.4285714285
274624,0.3615080714225769,,652238.0952380953
274625,,1.0,652240.0476190476
274639,0.3615380823612213,,652295.2631578947
274640,,3.0,652300.1052631579
274648,0.3615680932998657,,652338.8421052631
274649,,3.0,652343.6842105263
274655,0.36159810423851013,,652372.7368421053
274656,,3.0,652377.5789473684
274664,0.36162811517715454,,652416.3157894737
274665,,3.0,652421.1578947369
274679,0.36162811517715454,,652445.5
274680,,0.0,652447.2727272727
274688,0.36162811517715454,,652461.4545454546
274689,,0.0,652463.2272727273
274699,0.36162811517715454,,652480.9545454546
274700,,0.0,652482.7272727273
274710,0.36162811517715454,,652500.4545454546
274711,,0.0,652502.2272727273
274733,0.3616381287574768,,652544.4255319149
274734,,1.0,652546.5531914893
274740,0.3616481423377991,,652559.3191489362
274741,,1.0,652561.4468085107
274746,0.36165815591812134,,652572.085106383
274747,,1.0,652574.2127659575
274759,0.3616681694984436,,652599.7446808511
274760,,1.0,652601.8723404255
274776,0.3616681694984436,,652626.5333333333
274777,,0.0,652628.2666666667
274787,0.3616681694984436,,652645.6
274788,,0.0,652647.3333333334
274795,0.3616681694984436,,652659.4666666667
274796,,0.0,652661.2
274806,0.3616681694984436,,652678.5333333333
274807,,0.0,652680.2666666667
274821,0.36168816685676575,,652716.925
274822,,2.0,652720.1
274830,0.3617081642150879,,652745.5
274831,,2.0,652748.675
274837,0.36172816157341003,,652767.725
274838,,2.0,652770.9
274848,0.3617481589317322,,652802.65
274849,,2.0,652805.825
274861,0.36175817251205444,,652826.3571428572
274862,,1.0,652828.2857142857
274870,0.3617681860923767,,652843.7142857143
274871,,1.0,652845.6428571428
274880,0.361778199672699,,652863.0
274881,,1.0,652864.9285714285
274892,0.36178821325302124,,652886.1428571428
274893,,1.0,652888.0714285715
274906,0.3617982268333435,,652909.5652173914
274907,,1.0,652911.5217391305
274914,0.36180824041366577,,652925.2173913043
274915,,1.0,652927.1739130435
274927,0.36181825399398804,,652950.6521739131
274928,,1.0,652952.6086956522
274940,0.3618282675743103,,652976.0869565217
274941,,1.0,652978.0434782609
274953,0.36184826493263245,,653013.5454545454
274954,,2.0,653017.2727272727
274963,0.3618682622909546,,653050.8181818182
274964,,2.0,653054.5454545454
274972,0.36188825964927673,,653084.3636363636
274973,,2.0,653088.0909090909
274986,0.3619082570075989,,653136.5454545454
274987,,2.0,653140.2727272727
275001,0.36191827058792114,,653165.5416666666
275002,,1.0,653167.5
275010,0.3619282841682434,,653183.1666666666
275011,,1.0,653185.125
275026,0.3619382977485657,,653214.5
275027,,1.0,653216.4583333334
275036,0.36194831132888794,,653234.0833333334
275037,,1.0,653236.0416666666
275054,0.3619583249092102,,653263.3953488372
275055,,1.0,653265.2093023256
275063,0.36196833848953247,,653279.7209302326
275064,,1.0,653281.5348837209
275070,0.36197835206985474,,653292.4186046511
275071,,1.0,653294.2325581395
275081,0.361988365650177,,653312.3720930233
275082,,1.0,653314.1860465116
275100,0.36200836300849915,,653373.3333333334
275101,,2.0,653377.1555555556
275108,0.3620283603668213,,653403.911111111
275109,,2.0,653407.7333333333
275117,0.36204835772514343,,653438.3111111111
275118,,2.0,653442.1333333333
275128,0.3620683550834656,,653480.3555555556
275129,,2.0,653484.1777777778
275142,0.36207836866378784,,653511.5
275143,,1.0,653513.85
275152,0.3620883822441101,,653535.0
275153,,1.0,653537.35
275161,0.3620983958244324,,653556.15
275162,,1.0,653558.5
275170,0.36210840940475464,,653577.3
275171,,1.0,653579.65
275185,0.3621184229850769,,653604.0
275186,,1.0,653606.0
275192,0.36212843656539917,,653618.0
275193,,1.0,653620.0
275206,0.36213845014572144,,653646.0
275207,,1.0,653648.0
275217,0.3621484637260437,,653668.0
275218,,1.0,653670.0
275228,0.3621484637260437,,653683.5111111111
275229,,0.0,653685.1555555556
275245,0.3621484637260437,,653711.4666666667
275246,,0.0,653713.1111111111
275255,0.3621484637260437,,653727.911111111
275256,,0.0,653729.5555555555
275264,0.3621484637260437,,653742.7111111111
275265,,0.0,653744.3555555556
275283,0.3621484637260437,,653772.4285714285
275284,,0.0,653774.1904761905
275291,0.3621484637260437,,653786.5238095238
275292,,0.0,653788.2857142857
275296,0.3621484637260437,,653795.3333333334
275297,,0.0,653797.0952380953
275308,0.3621484637260437,,653816.4761904762
275309,,0.0,653818.2380952381
275326,0.3621484637260437,,653846.6976744186
275327,,0.0,653848.6046511628
275333,0.3621484637260437,,653860.0465116279
275334,,0.0,653861.9534883721
275346,0.3621484637260437,,653884.8372093023
275347,,0.0,653886.7441860465
275353,0.3621484637260437,,653898.1860465116
275354,,0.0,653900.0930232558
275369,0.36215847730636597,,653923.7674418605
275370,,1.0,653925.5813953489
275378,0.36216849088668823,,653940.0930232558
275379,,1.0,653941.9069767442
275388,0.3621785044670105,,653958.2325581395
275389,,1.0,653960.0465116279
275398,0.36218851804733276,,653976.3720930233
275399,,1.0,653978.1860465116
275420,0.36218851804733276,,654008.6530612245
275421,,0.0,654010.2448979592
275427,0.36218851804733276,,654019.7959183673
275428,,0.0,654021.387755102
275437,0.36218851804733276,,654035.7142857143
275438,,0.0,654037.306122449
275449,0.36218851804733276,,654054.8163265307
275450,,0.0,654056.4081632653
275465,0.36219853162765503,,654082.8780487805
275466,,1.0,654084.9512195121
275472,0.3622085452079773,,654097.3902439025
275473,,1.0,654099.4634146341
275480,0.36221855878829956,,654113.9756097561
275481,,1.0,654116.0487804879
275492,0.3622285723686218,,654138.8536585366
275493,,1.0,654140.9268292683
275509,0.3622285723686218,,654168.35
275510,,0.0,654170.3
275515,0.3622285723686218,,654180.05
275516,,0.0,654182.0
275526,0.3622285723686218,,654201.5
275527,,0.0,654203.45
275534,0.3622285723686218,,654217.1
275535,,0.0,654219.05
275551,0.3622385859489441,,654244.6888888889
275552,,1.0,654246.5111111111
275561,0.36224859952926636,,654262.911111111
275562,,1.0,654264.7333333333
275569,0.3622586131095886,,654277.4888888889
275570,,1.0,654279.3111111111
275581,0.3622686266899109,,654299.3555555556
275582,,1.0,654301.1777777778
275598,0.36227864027023315,,654324.9215686275
275599,,1.0,654326.6078431372
275615,0.3622886538505554,,654353.5882352941
275616,,1.0,654355.274509804
275624,0.3622986674308777,,654368.7647058824
275625,,1.0,654370.4509803922
275634,0.36230868101119995,,654385.6274509804
275635,,1.0,654387.3137254902
275648,0.36230868101119995,,654405.5957446808
275649,,0.0,654407.2553191489
275660,0.36230868101119995,,654425.5106382979
275661,,0.0,654427.1702127659
275670,0.36230868101119995,,654442.1063829787
275671,,0.0,654443.7659574468
275683,0.36230868101119995,,654463.6808510638
275684,,0.0,654465.340425532
275702,0.36230868101119995,,654490.125
275703,,0.0,654491.6666666666
275710,0.36230868101119995,,654502.4583333334
275711,,0.0,654504.0
275721,0.36230868101119995,,654519.4166666666
275722,,0.0,654520.9583333334
275733,0.36230868101119995,,654537.9166666666
275734,,0.0,654539.4583333334
275748,0.3623186945915222,,654575.9743589744
275749,,1.0,654579.1538461539
275758,0.3623287081718445,,654607.7692307692
275759,,1.0,654610.9487179487
275765,0.36233872175216675,,654630.0256410256
275766,,1.0,654633.2051282051
275774,0.362348735332489,,654658.641025641
275775,,1.0,654661.8205128205
275791,0.362348735332489,,654688.5813953489
275792,,0.0,654690.3953488372
275799,0.362348735332489,,654703.0930232558
275800,,0.0,654704.9069767442
275809,0.362348735332489,,654721.2325581395
275810,,0.0,654723.0465116279
275819,0.362348735332489,,654739.3720930233
275820,,0.0,654741.1860465116
275837,0.362348735332489,,654764.0
275838,,0.0,654765.5
275848,0.362348735332489,,654780.5
275849,,0.0,654782.0
275860,0.362348735332489,,654798.5
275861,,0.0,654800.0
275873,0.362348735332489,,654818.0
275874,,0.0,654819.5
275887,0.3623787462711334,,654866.4545454546
275888,,3.0,654871.0
275900,0.36240875720977783,,654925.5454545454
275901,,3.0,654930.0909090909
275910,0.36243876814842224,,654971.0
275911,,3.0,654975.5454545454
275919,0.36246877908706665,,655011.9090909091
275920,,3.0,655016.4545454546
275934,0.36246877908706665,,655040.8536585366
275935,,0.0,655042.6585365854
275943,0.36246877908706665,,655057.0975609756
275944,,0.0,655058.9024390244
275953,0.36246877908706665,,655075.1463414634
275954,,0.0,655076.9512195121
275962,0.36246877908706665,,655091.3902439025
275963,,0.0,655093.1951219512
275972,0.36246877908706665,,655108.3714285714
275973,,0.0,655110.6
275979,0.36246877908706665,,655123.9714285714
275980,,0.0,655126.2
275991,0.36246877908706665,,655150.7142857143
275992,,0.0,655152.9428571429
275999,0.36246877908706665,,655168.5428571429
276000,,0.0,655170.7714285714
276015,0.36246877908706665,,655195.4347826086
276016,,0.0,655197.304347826
276027,0.36246877908706665,,655217.8695652174
276028,,0.0,655219.7391304348
276037,0.36246877908706665,,655236.5652173914
276038,,0.0,655238.4347826086
276047,0.36246877908706665,,655255.2608695652
276048,,0.0,655257.1304347826
276063,0.36246877908706665,,655278.8367346938
276064,,0.0,655280.4897959183
276076,0.36246877908706665,,655300.3265306122
276077,,0.0,655301.9795918367
276088,0.36246877908706665,,655320.1632653062
276089,,0.0,655321.8163265307
276098,0.36246877908706665,,655336.693877551
276099,,0.0,655338.3469387755
276116,0.36246877908706665,,655365.6170212766
276117,,0.0,655367.4468085107
276125,0.36246877908706665,,655382.085106383
276126,,0.0,655383.914893617
276137,0.36246877908706665,,655404.0425531915
276138,,0.0,655405.8723404255
276147,0.36246877908706665,,655422.340425532
276148,,0.0,655424.1702127659
276161,0.3624787926673889,,655446.0
276162,,1.0,655448.0
276169,0.3624888062477112,,655462.0
276170,,1.0,655464.0
276177,0.36249881982803345,,655478.0
276178,,1.0,655480.0
276188,0.3625088334083557,,655500.0
276189,,1.0,655502.0
276205,0.362518846988678,,655533.25
276206,,1.0,655535.5
276214,0.36252886056900024,,655553.5
276215,,1.0,655555.75
276222,0.3625388741493225,,655571.5
276223,,1.0,655573.75
276230,0.3625488877296448,,655589.5
276231,,1.0,655591.75
276246,0.36255890130996704,,655616.56
276247,,1.0,655618.44
276256,0.3625689148902893,,655635.36
276257,,1.0,655637.24
276269,0.3625789284706116,,655659.8
276270,,1.0,655661.68
276282,0.36258894205093384,,655684.24
276283,,1.0,655686.12
276296,0.36258894205093384,,655705.7272727273
276297,,0.0,655707.5
276307,0.36258894205093384,,655725.2272727273
276308,,0.0,655727.0
276316,0.36258894205093384,,655741.1818181818
276317,,0.0,655742.9545454546
276328,0.36258894205093384,,655762.4545454546
276329,,0.0,655764.2272727273
276352,0.36258894205093384,,655796.3703703703
276353,,0.0,655797.8888888889
276360,0.36258894205093384,,655808.5185185185
276361,,0.0,655810.0370370371
276375,0.36258894205093384,,655831.2962962963
276376,,0.0,655832.8148148148
276384,0.36258894205093384,,655844.9629629629
276385,,0.0,655846.4814814815
276401,0.3625989556312561,,655871.0454545454
276402,,1.0,655872.8181818182
276410,0.36260896921157837,,655887.0
276411,,1.0,655888.7727272727
276418,0.36261898279190063,,655901.1818181818
276419,,1.0,655902.9545454546
276430,0.3626289963722229,,655922.4545454546
276431,,1.0,655924.2272727273
276443,0.36263900995254517,,655943.4
276444,,1.0,655945.3333333334
276455,0.36264902353286743,,655966.6
276456,,1.0,655968.5333333333
276470,0.3626590371131897,,655995.6
276471,,1.0,655997.5333333333
276477,0.36266905069351196,,656009.1333333333
276478,,1.0,656011.0666666667
276493,0.36266905069351196,,656034.6585365854
276494,,0.0,656036.4634146341
276501,0.36266905069351196,,656049.0975609756
276502,,0.0,656050.9024390244
276511,0.36266905069351196,,656067.1463414634
276512,,0.0,656068.9512195121
276520,0.36266905069351196,,656083.3902439025
276521,,0.0,656085.1951219512
276537,0.3626890480518341,,656123.2790697674
276538,,2.0,656126.0697674418
276549,0.36270904541015625,,656156.7674418605
276550,,2.0,656159.5581395349
276556,0.3627290427684784,,656176.3023255814
276557,,2.0,656179.0930232558
276565,0.36274904012680054,,656201.4186046511
276566,,2.0,656204.2093023256
276585,0.36274904012680054,,656230.5471698113
276586,,0.0,656232.0188679246
276599,0.36274904012680054,,656251.1509433963
276600,,0.0,656252.6226415094
276612,0.36274904012680054,,656270.283018868
276613,,0.0,656271.7547169811
276620,0.36274904012680054,,656282.0566037736
276621,,0.0,656283.5283018867
276636,0.36274904012680054,,656304.7333333333
276637,,0.0,656306.3777777777
276644,0.36274904012680054,,656317.8888888889
276645,,0.0,656319.5333333333
276656,0.36274904012680054,,656337.6222222223
276657,,0.0,656339.2666666667
276667,0.36274904012680054,,656355.7111111111
276668,,0.0,656357.3555555556
276684,0.36274904012680054,,656378.6326530612
276685,,0.0,656380.1428571428
276694,0.36274904012680054,,656393.7346938775
276695,,0.0,656395.2448979592
276708,0.36274904012680054,,656414.8775510204
276709,,0.0,656416.387755102
276718,0.36274904012680054,,656429.9795918367
276719,,0.0,656431.4897959183
276731,0.36274904012680054,,656449.7142857143
276732,,0.0,656451.5714285715
276744,0.36274904012680054,,656473.8571428572
276745,,0.0,656475.7142857143
276755,0.36274904012680054,,656494.2857142857
276756,,0.0,656496.1428571428
276762,0.36274904012680054,,656507.2857142857
276763,,0.0,656509.1428571428
276781,0.36274904012680054,,656534.4
276782,,0.0,656535.96
276789,0.36274904012680054,,656546.88
276790,,0.0,656548.44
276802,0.36274904012680054,,656567.16
276803,,0.0,656568.72
276814,0.36274904012680054,,656585.88
276815,,0.0,656587.44
276831,0.3627590537071228,,656625.4
276832,,1.0,656628.2
276837,0.36276906728744507,,656642.2
276838,,1.0,656645.0
276844,0.36277908086776733,,656661.8
276845,,1.0,656664.6
276851,0.3627890944480896,,656681.4
276852,,1.0,656684.2
276862,0.36279910802841187,,656702.6666666666
276863,,1.0,656704.9047619047
276874,0.36280912160873413,,656729.5238095238
276875,,1.0,656731.7619047619
276885,0.3628191351890564,,656754.1428571428
276886,,1.0,656756.380952381
276895,0.36282914876937866,,656776.5238095238
276896,,1.0,656778.7619047619
276911,0.36282914876937866,,656800.914893617
276912,,0.0,656802.5744680851
276919,0.36282914876937866,,656814.1914893617
276920,,0.0,656815.8510638297
276930,0.36282914876937866,,656832.4468085107
276931,,0.0,656834.1063829787
276944,0.36282914876937866,,656855.6808510638
276945,,0.0,656857.340425532
276956,0.36282914876937866,,656875.4444444445
276957,,0.0,656877.5
276963,0.36282914876937866,,656889.8333333334
276964,,0.0,656891.8888888889
276975,0.36282914876937866,,656914.5
276976,,0.0,656916.5555555555
276982,0.36282914876937866,,656928.8888888889
276983,,0.0,656930.9444444445
276995,0.36282914876937866,,656949.3255813953
276996,,0.0,656951.1395348837
277006,0.36282914876937866,,656969.2790697674
277007,,0.0,656971.0930232558
277018,0.36282914876937866,,656991.0465116279
277019,,0.0,656992.8604651163
277027,0.36282914876937866,,657007.3720930233
277028,,0.0,657009.1860465116
277043,0.3628391623497009,,657034.4285714285
277044,,1.0,657036.380952381
277052,0.3628491759300232,,657052.0
277053,,1.0,657053.9523809524
277063,0.36285918951034546,,657073.4761904762
277064,,1.0,657075.4285714285
277071,0.3628692030906677,,657089.0952380953
277072,,1.0,657091.0476190476
277089,0.3628692030906677,,657117.8181818182
277090,,0.0,657119.5909090909
277098,0.3628692030906677,,657133.7727272727
277099,,0.0,657135.5454545454
277105,0.3628692030906677,,657146.1818181818
277106,,0.0,657147.9545454546
277117,0.3628692030906677,,657167.4545454546
277118,,0.0,657169.2272727273
277134,0.36287921667099,,657201.875
277135,,1.0,657204.25
277140,0.36288923025131226,,657216.125
277141,,1.0,657218.5
277150,0.3628992438316345,,657239.875
277151,,1.0,657242.25
277159,0.3629092574119568,,657261.25
277160,,1.0,657263.625
277173,0.3629092574119568,,657286.5555555555
277174,,0.0,657288.6111111111
277180,0.3629092574119568,,657300.9444444445
277181,,0.0,657303.0
277187,0.3629092574119568,,657315.3333333334
277188,,0.0,657317.3888888889
277197,0.3629092574119568,,657335.8888888889
277198,,0.0,657337.9444444445
277213,0.3629092574119568,,657361.2727272727
277214,,0.0,657363.0454545454
277221,0.3629092574119568,,657375.4545454546
277222,,0.0,657377.2272727273
277228,0.3629092574119568,,657387.8636363636
277229,,0.0,657389.6363636364
277243,0.3629092574119568,,657414.4545454546
277244,,0.0,657416.2272727273
277256,0.3629092574119568,,657436.45
277257,,0.0,657438.5
277269,0.3629092574119568,,657463.1
277270,,0.0,657465.15
277277,0.3629092574119568,,657479.5
277278,,0.0,657481.55
277285,0.3629092574119568,,657495.9
277286,,0.0,657497.95
277305,0.36291927099227905,,657534.612244898
277306,,1.0,657536.775510204
277315,0.3629292845726013,,657556.2448979592
277316,,1.0,657558.4081632653
277325,0.3629392981529236,,657577.8775510204
277326,,1.0,657580.0408163265
277336,0.36294931173324585,,657601.6734693878
277337,,1.0,657603.8367346938
277353,0.36294931173324585,,657632.65
277354,,0.0,657634.7
277361,0.36294931173324585,,657649.05
277362,,0.0,657651.1
277371,0.36294931173324585,,657669.55
277372,,0.0,657671.6
277378,0.36294931173324585,,657683.9
277379,,0.0,657685.95
277394,0.36294931173324585,,657710.8292682926
277395,,0.0,657712.731707317
277403,0.36294931173324585,,657727.9512195121
277404,,0.0,657729.8536585366
277412,0.36294931173324585,,657745.0731707317
277413,,0.0,657746.9756097561
277421,0.36294931173324585,,657762.1951219512
277422,,0.0,657764.0975609756
277437,0.36294931173324585,,657787.3913043478
277438,,0.0,657789.1739130435
277448,0.36294931173324585,,657807.0
277449,,0.0,657808.7826086957
277457,0.36294931173324585,,657823.0434782609
277458,,0.0,657824.8260869565
277469,0.36294931173324585,,657844.4347826086
277470,,0.0,657846.2173913043
277486,0.3629593253135681,,657873.6666666666
277487,,1.0,657875.641025641
277494,0.3629693388938904,,657889.4615384615
277495,,1.0,657891.4358974359
277502,0.36297935247421265,,657905.2564102564
277503,,1.0,657907.2307692308
277510,0.3629893660545349,,657921.0512820513
277511,,1.0,657923.0256410256
277530,0.3629893660545349,,657947.037735849
277531,,0.0,657948.4150943396
277540,0.3629893660545349,,657960.8113207547
277541,,0.0,657962.1886792453
277557,0.3629893660545349,,657984.2264150943
277558,,0.0,657985.6037735849
277565,0.3629893660545349,,657995.2452830189
277566,,0.0,657996.6226415094
277576,0.3629893660545349,,658012.3684210526
277577,,0.0,658014.4210526316
277585,0.3629893660545349,,658030.8421052631
277586,,0.0,658032.8947368421
277596,0.3629893660545349,,658053.4210526316
277597,,0.0,658055.4736842106
277605,0.3629893660545349,,658071.8947368421
277606,,0.0,658073.947368421
277620,0.36300936341285706,,658111.0465116279
277621,,2.0,658114.2325581395
277633,0.3630293607711792,,658152.4651162791
277634,,2.0,658155.6511627907
277640,0.36304935812950134,,658174.7674418605
277641,,2.0,658177.9534883721
277650,0.3630693554878235,,658206.6279069767
277651,,2.0,658209.8139534884
277666,0.3630693554878235,,658239.0
277667,,0.0,658241.1666666666
277674,0.3630693554878235,,658256.3333333334
277675,,0.0,658258.5
277680,0.3630693554878235,,658269.3333333334
277681,,0.0,658271.5
277688,0.3630693554878235,,658286.6666666666
277689,,0.0,658288.8333333334
277702,0.3630693554878235,,658309.0487804879
277703,,0.0,658310.8536585366
277712,0.3630693554878235,,658327.0975609756
277713,,0.0,658328.9024390244
277722,0.3630693554878235,,658345.1463414634
277723,,0.0,658346.9512195121
277731,0.3630693554878235,,658361.3902439025
277732,,0.0,658363.1951219512
277747,0.36307936906814575,,658390.7142857143
277748,,1.0,658392.8571428572
277758,0.363089382648468,,658414.2857142857
277759,,1.0,658416.4285714285
277766,0.3630993962287903,,658431.4285714285
277767,,1.0,658433.5714285715
277775,0.36310940980911255,,658450.7142857143
277776,,1.0,658452.8571428572
277792,0.36310940980911255,,658474.6326530612
277793,,0.0,658476.1428571428
277800,0.36310940980911255,,658486.7142857143
277801,,0.0,658488.224489796
277811,0.36310940980911255,,658503.3265306122
277812,,0.0,658504.8367346938
277826,0.36310940980911255,,658525.9795918367
277827,,0.0,658527.4897959183
277844,0.36310940980911255,,658550.0
277845,,0.0,658551.5
277852,0.36310940980911255,,658562.0
277853,,0.0,658563.5
277866,0.36310940980911255,,658583.0
277867,,0.0,658584.5
277880,0.36310940980911255,,658604.0
277881,,0.0,658605.5
277895,0.3631194233894348,,658628.0638297872
277896,,1.0,658629.9787234042
277906,0.3631294369697571,,658649.1276595745
277907,,1.0,658651.0425531915
277920,0.36313945055007935,,658675.9361702128
277921,,1.0,658677.8510638297
277929,0.3631494641304016,,658693.1702127659
277930,,1.0,658695.085106383
277953,0.3631494641304016,,658722.5172413794
277954,,0.0,658723.7931034482
277966,0.3631494641304016,,658739.1034482758
277967,,0.0,658740.3793103448
277973,0.3631494641304016,,658748.0344827586
277974,,0.0,658749.3103448276
277989,0.3631494641304016,,658768.448275862
277990,,0.0,658769.724137931
278003,0.3631494641304016,,658787.9387755102
278004,,0.0,658789.6326530612
278012,0.3631494641304016,,658803.1836734693
278013,,0.0,658804.8775510204
278026,0.3631494641304016,,658826.8979591837
278027,,0.0,658828.5918367347
278040,0.3631494641304016,,658850.612244898
278041,,0.0,658852.306122449
278055,0.3631494641304016,,658874.8717948718
278056,,0.0,658876.7692307692
278063,0.3631494641304016,,658890.0512820513
278064,,0.0,658891.9487179487
278072,0.3631494641304016,,658907.1282051282
278073,,0.0,658909.0256410256
278081,0.3631494641304016,,658924.2051282051
278082,,0.0,658926.1025641026
278099,0.3631494641304016,,658951.0222222222
278100,,0.0,658952.6666666666
278109,0.3631494641304016,,658967.4666666667
278110,,0.0,658969.1111111111
278119,0.3631494641304016,,658983.911111111
278120,,0.0,658985.5555555555
278128,0.3631494641304016,,658998.7111111111
278129,,0.0,659000.3555555556
278139,0.36316946148872375,,659022.695652174
278140,,2.0,659025.6521739131
278149,0.3631894588470459,,659052.2608695652
278150,,2.0,659055.2173913043
278163,0.36320945620536804,,659093.6521739131
278164,,2.0,659096.6086956522
278176,0.3632294535636902,,659132.0869565217
278177,,2.0,659135.0434782609
278196,0.3632294535636902,,659165.1304347826
278197,,0.0,659166.8260869565
278209,0.3632294535636902,,659187.1739130435
278210,,0.0,659188.8695652174
278216,0.3632294535636902,,659199.0434782609
278217,,0.0,659200.7391304348
278224,0.3632294535636902,,659212.6086956522
278225,,0.0,659214.304347826
278244,0.36323946714401245,,659253.3333333334
278245,,1.0,659255.6666666666
278254,0.3632494807243347,,659276.6666666666
278255,,1.0,659279.0
278262,0.363259494304657,,659295.3333333334
278263,,1.0,659297.6666666666
278268,0.36326950788497925,,659309.3333333334
278269,,1.0,659311.6666666666
278282,0.3632895052433014,,659340.0975609756
278283,,2.0,659342.7073170731
278291,0.36330950260162354,,659363.5853658536
278292,,2.0,659366.1951219512
278300,0.3633294999599457,,659387.0731707317
278301,,2.0,659389.6829268293
278311,0.3633494973182678,,659415.7804878049
278312,,2.0,659418.3902439025
278326,0.36336949467658997,,659453.6944444445
278327,,2.0,659456.6666666666
278333,0.3633894920349121,,659474.5
278334,,2.0,659477.4722222222
278342,0.36340948939323425,,659501.25
278343,,2.0,659504.2222222222
278349,0.3634294867515564,,659522.0555555555
278350,,2.0,659525.0277777778
278362,0.3634294867515564,,659544.9024390244
278363,,0.0,659546.7804878049
278369,0.3634294867515564,,659558.0487804879
278370,,0.0,659559.9268292683
278380,0.3634294867515564,,659578.7073170731
278381,,0.0,659580.5853658536
278392,0.3634294867515564,,659601.243902439
278393,,0.0,659603.1219512195
278408,0.3634294867515564,,659625.8
278409,,0.0,659627.5333333333
278418,0.3634294867515564,,659643.1333333333
278419,,0.0,659644.8666666667
278429,0.3634294867515564,,659662.2
278430,,0.0,659663.9333333333
278439,0.3634294867515564,,659679.5333333333
278440,,0.0,659681.2666666667
278456,0.3634294867515564,,659703.9130434783
278457,,0.0,659705.5217391305
278465,0.3634294867515564,,659718.3913043478
278466,,0.0,659720.0
278475,0.3634294867515564,,659734.4782608695
278476,,0.0,659736.0869565217
278487,0.3634294867515564,,659753.7826086957
278488,,0.0,659755.3913043478
278508,0.36343950033187866,,659791.6538461539
278509,,1.0,659793.6923076923
278518,0.3634495139122009,,659812.0384615385
278519,,1.0,659814.0769230769
278529,0.3634595274925232,,659834.4615384615
278530,,1.0,659836.5
278541,0.36346954107284546,,659858.9230769231
278542,,1.0,659860.9615384615
278560,0.3634795546531677,,659888.8333333334
278561,,1.0,659890.5555555555
278572,0.36348956823349,,659909.5
278573,,1.0,659911.2222222222
278583,0.36349958181381226,,659928.4444444445
278584,,1.0,659930.1666666666
278597,0.3635095953941345,,659952.5555555555
278598,,1.0,659954.2777777778
278609,0.36353960633277893,,659999.2432432432
278610,,3.0,660004.6486486486
278614,0.36356961727142334,,660026.2702702703
278615,,3.0,660031.6756756756
278625,0.36359962821006775,,660085.7297297297
278626,,3.0,660091.1351351351
278636,0.36362963914871216,,660145.1891891892
278637,,3.0,660150.5945945946
278653,0.36362963914871216,,660177.3777777777
278654,,0.0,660179.0222222222
278665,0.36362963914871216,,660197.1111111111
278666,,0.0,660198.7555555556
278676,0.36362963914871216,,660215.2
278677,,0.0,660216.8444444444
278683,0.36362963914871216,,660226.7111111111
278684,,0.0,660228.3555555556
278697,0.3636396527290344,,660257.6315789474
278698,,1.0,660260.3947368421
278706,0.3636496663093567,,660282.5
278707,,1.0,660285.2631578947
278712,0.36365967988967896,,660299.0789473684
278713,,1.0,660301.8421052631
278723,0.3636696934700012,,660329.4736842106
278724,,1.0,660332.2368421053
278738,0.3636696934700012,,660354.6976744186
278739,,0.0,660356.4883720931
278750,0.3636696934700012,,660376.1860465116
278751,,0.0,660377.976744186
278758,0.3636696934700012,,660390.5116279069
278759,,0.0,660392.3023255814
278768,0.3636696934700012,,660408.4186046511
278769,,0.0,660410.2093023256
278783,0.3636696934700012,,660429.16
278784,,0.0,660430.72
278797,0.3636696934700012,,660451.0
278798,,0.0,660452.56
278810,0.3636696934700012,,660471.28
278811,,0.0,660472.84
278820,0.3636696934700012,,660486.88
278821,,0.0,660488.44
278833,0.3636696934700012,,660507.7692307692
278834,,0.0,660509.7435897436
278842,0.3636696934700012,,660525.5384615385
278843,,0.0,660527.5128205129
278850,0.3636696934700012,,660541.3333333334
278851,,0.0,660543.3076923077
278861,0.3636696934700012,,660563.0512820513
278862,,0.0,660565.0256410256
278874,0.36368969082832336,,660598.8648648649
278875,,2.0,660602.4054054054
278883,0.3637096881866455,,660630.7297297297
278884,,2.0,660634.2702702703
278890,0.36372968554496765,,660655.5135135135
278891,,2.0,660659.0540540541
278900,0.3637496829032898,,660690.9189189189
278901,,2.0,660694.4594594594
278918,0.36375969648361206,,660727.3725490196
278919,,1.0,660729.4705882353
278927,0.3637697100639343,,660746.2549019608
278928,,1.0,660748.3529411765
278938,0.3637797236442566,,660769.3333333334
278939,,1.0,660771.431372549
278953,0.36378973722457886,,660800.8039215687
278954,,1.0,660802.9019607843
278965,0.36378973722457886,,660824.25
278966,,0.0,660826.65625
278972,0.36378973722457886,,660841.09375
278973,,0.0,660843.5
278979,0.36378973722457886,,660857.9375
278980,,0.0,660860.34375
278987,0.36378973722457886,,660877.1875
278988,,0.0,660879.59375
279000,0.36378973722457886,,660898.243902439
279001,,0.0,660900.0487804879
279009,0.36378973722457886,,660914.487804878
279010,,0.0,660916.2926829269
279020,0.36378973722457886,,660934.3414634146
279021,,0.0,660936.1463414634
279030,0.36378973722457886,,660952.3902439025
279031,,0.0,660954.1951219512
279050,0.36381974816322327,,660985.7142857143
279051,,3.0,660987.5714285715
279064,0.3638497591018677,,661011.7142857143
279065,,3.0,661013.5714285715
279077,0.3638797700405121,,661035.8571428572
279078,,3.0,661037.7142857143
279088,0.3639097809791565,,661056.2857142857
279089,,3.0,661058.1428571428
279101,0.3639097809791565,,661075.1363636364
279102,,0.0,661076.8181818182
279115,0.3639097809791565,,661098.6818181818
279116,,0.0,661100.3636363636
279123,0.3639097809791565,,661112.1363636364
279124,,0.0,661113.8181818182
279134,0.3639097809791565,,661130.6363636364
279135,,0.0,661132.3181818182
279151,0.36391979455947876,,661157.3469387755
279152,,1.0,661159.1428571428
279161,0.363929808139801,,661175.306122449
279162,,1.0,661177.1020408163
279174,0.3639398217201233,,661198.6530612245
279175,,1.0,661200.4489795918
279185,0.36394983530044556,,661218.4081632653
279186,,1.0,661220.2040816327
279203,0.3639598488807678,,661255.1578947369
279204,,1.0,661257.5263157894
279211,0.3639698624610901,,661274.1052631579
279212,,1.0,661276.4736842106
279219,0.36397987604141235,,661293.052631579
279220,,1.0,661295.4210526316
279225,0.3639898896217346,,661307.2631578947
279226,,1.0,661309.6315789474
279241,0.3639999032020569,,661344.5714285715
279242,,1.0,661347.2857142857
279252,0.36400991678237915,,661374.4285714285
279253,,1.0,661377.1428571428
279259,0.3640199303627014,,661393.4285714285
279260,,1.0,661396.1428571428
279269,0.3640299439430237,,661420.5714285715
279270,,1.0,661423.2857142857
279282,0.3640299439430237,,661442.5
279283,,0.0,661444.3333333334
279296,0.3640299439430237,,661468.1666666666
279297,,0.0,661470.0
279304,0.3640299439430237,,661482.8333333334
279305,,0.0,661484.6666666666
279313,0.3640299439430237,,661499.3333333334
279314,,0.0,661501.1666666666
279336,0.3640599548816681,,661525.4897959183
279337,,3.0,661526.6734693878
279343,0.3640899658203125,,661533.775510204
279344,,3.0,661534.9591836735
279354,0.3641199767589569,,661546.7959183673
279355,,3.0,661547.9795918367
279364,0.3641499876976013,,661558.6326530612
279365,,3.0,661559.8163265307
279377,0.36416998505592346,,661584.4375
279378,,2.0,661587.0416666666
279390,0.3641899824142456,,661618.2916666666
279391,,2.0,661620.8958333334
279398,0.36420997977256775,,661639.125
279399,,2.0,661641.7291666666
279414,0.3642299771308899,,661680.7916666666
279415,,2.0,661683.3958333334
279428,0.36423999071121216,,661708.380952381
279429,,1.0,661710.619047619
279434,0.3642500042915344,,661721.8095238095
279435,,1.0,661724.0476190476
279446,0.3642600178718567,,661748.6666666666
279447,,1.0,661750.9047619047
279458,0.36427003145217896,,661775.5238095238
279459,,1.0,661777.7619047619
279472,0.36427003145217896,,661799.268292683
279473,,0.0,661801.1951219512
279485,0.36427003145217896,,661824.3170731707
279486,,0.0,661826.243902439
279492,0.36427003145217896,,661837.8048780488
279493,,0.0,661839.731707317
279501,0.36427003145217896,,661855.1463414634
279502,,0.0,661857.0731707317
279524,0.36427003145217896,,661884.1071428572
279525,,0.0,661885.4285714285
279537,0.36427003145217896,,661901.2857142857
279538,,0.0,661902.6071428572
279544,0.36427003145217896,,661910.5357142857
279545,,0.0,661911.8571428572
279559,0.36427003145217896,,661930.3571428572
279560,,0.0,661931.6785714285
279570,0.36427003145217896,,661948.1666666666
279571,,0.0,661950.3333333334
279580,0.36427003145217896,,661969.8333333334
279581,,0.0,661972.0
279590,0.36427003145217896,,661991.5
279591,,0.0,661993.6666666666
279597,0.36427003145217896,,662006.6666666666
279598,,0.0,662008.8333333334
279614,0.3642800450325012,,662032.125
279615,,1.0,662033.75
279623,0.3642900586128235,,662046.75
279624,,1.0,662048.375
279632,0.36430007219314575,,662061.375
279633,,1.0,662063.0
279647,0.364310085773468,,662085.75
279648,,1.0,662087.375
279662,0.364310085773468,,662110.175
279663,,0.0,662112.1
279669,0.364310085773468,,662123.65
279670,,0.0,662125.575
279682,0.364310085773468,,662148.675
279683,,0.0,662150.6
279689,0.364310085773468,,662162.15
279690,,0.0,662164.075
279705,0.364310085773468,,662184.25
279706,,0.0,662185.7708333334
279715,0.364310085773468,,662199.4583333334
279716,,0.0,662200.9791666666
279726,0.364310085773468,,662216.1875
279727,,0.0,662217.7083333334
279739,0.364310085773468,,662235.9583333334
279740,,0.0,662237.4791666666
279754,0.3643200993537903,,662262.5714285715
279755,,1.0,662264.7142857143
279763,0.36433011293411255,,662281.8571428572
279764,,1.0,662284.0
279777,0.3643401265144348,,662311.8571428572
279778,,1.0,662314.0
279783,0.3643501400947571,,662324.7142857143
279784,,1.0,662326.8571428572
279793,0.3643501400947571,,662340.6842105263
279794,,0.0,662342.6315789474
279802,0.3643501400947571,,662358.2105263158
279803,,0.0,662360.1578947369
279813,0.3643501400947571,,662379.6315789474
279814,,0.0,662381.5789473684
279823,0.3643501400947571,,662399.1052631579
279824,,0.0,662401.052631579
279841,0.3643501400947571,,662425.2857142857
279842,,0.0,662426.8775510204
279850,0.3643501400947571,,662439.612244898
279851,,0.0,662441.2040816327
279860,0.3643501400947571,,662455.5306122449
279861,,0.0,662457.1224489796
279874,0.3643501400947571,,662477.8163265307
279875,,0.0,662479.4081632653
279891,0.3643501400947571,,662503.0434782609
279892,,0.0,662504.7391304348
279899,0.3643501400947571,,662516.6086956522
279900,,0.0,662518.304347826
279910,0.3643501400947571,,662535.2608695652
279911,,0.0,662536.9565217391
279922,0.3643501400947571,,662555.6086956522
279923,,0.0,662557.304347826
279938,0.3643501400947571,,662577.5
279939,,0.0,662579.0416666666
279949,0.3643501400947571,,662594.4583333334
279950,,0.0,662596.0
279961,0.3643501400947571,,662612.9583333334
279962,,0.0,662614.5
279972,0.3643501400947571,,662629.9166666666
279973,,0.0,662631.4583333334
279985,0.3643501400947571,,662649.3255813953
279986,,0.0,662651.1395348837
279997,0.3643501400947571,,662671.0930232558
279998,,0.0,662672.9069767442
280010,0.3643501400947571,,662694.6744186047
280011,,0.0,662696.4883720931
280017,0.3643501400947571,,662707.3720930233
280018,,0.0,662709.1860465116
280035,0.3643501400947571,,662734.7391304348
280036,,0.0,662736.4347826086
280044,0.3643501400947571,,662750.0
280045,,0.0,662751.695652174
280052,0.3643501400947571,,662763.5652173914
280053,,0.0,662765.2608695652
280065,0.3643501400947571,,662785.6086956522
280066,,0.0,662787.304347826
280082,0.3643501400947571,,662816.7105263158
280083,,0.0,662818.8421052631
280090,0.3643501400947571,,662833.7631578947
280091,,0.0,662835.8947368421
280095,0.3643501400947571,,662844.4210526316
280096,,0.0,662846.552631579
280105,0.3643501400947571,,662865.7368421053
280106,,0.0,662867.8684210526
280118,0.3643501400947571,,662887.0769230769
280119,,0.0,662888.9743589744
280129,0.3643501400947571,,662907.9487179487
280130,,0.0,662909.8461538461
280139,0.3643501400947571,,662926.9230769231
280140,,0.0,662928.8205128205
280146,0.3643501400947571,,662940.2051282051
280147,,0.0,662942.1025641026
280160,0.3643801510334015,,662962.1395348837
280161,,3.0,662963.9534883721
280169,0.3644101619720459,,662978.4651162791
280170,,3.0,662980.2790697674
280180,0.3644401729106903,,662998.4186046511
280181,,3.0,663000.2325581395
280191,0.3644701838493347,,663018.3720930233
280192,,3.0,663020.1860465116
280205,0.3644701838493347,,663041.5238095238
280206,,0.0,663043.4761904762
280216,0.3644701838493347,,663063.0
280217,,0.0,663064.9523809524
280226,0.3644701838493347,,663082.5238095238
280227,,0.0,663084.4761904762
280235,0.3644701838493347,,663100.0952380953
280236,,0.0,663102.0476190476
280251,0.36449018120765686,,663142.3414634146
280252,,2.0,663145.5365853659
280261,0.364510178565979,,663174.2926829269
280262,,2.0,663177.487804878
280270,0.36453017592430115,,663203.0487804879
280271,,2.0,663206.243902439
280278,0.3645501732826233,,663228.6097560975
280279,,2.0,663231.8048780488
280296,0.3645801842212677,,663291.0
280297,,3.0,663295.0
280309,0.3646101951599121,,663343.0
280310,,3.0,663347.0
280319,0.3646402060985565,,663383.0
280320,,3.0,663387.0
280330,0.3646702170372009,,663427.0
280331,,3.0,663431.0
280346,0.3646702170372009,,663454.304347826
280347,,0.0,663455.9130434783
280357,0.3646702170372009,,663472.0
280358,,0.0,663473.6086956522
280365,0.3646702170372009,,663484.8695652174
280366,,0.0,663486.4782608695
280378,0.3646702170372009,,663505.7826086957
280379,,0.0,663507.3913043478
280397,0.36470022797584534,,663570.9230769231
280398,,3.0,663575.0512820513
280404,0.36473023891448975,,663599.8205128205
280405,,3.0,663603.9487179487
280414,0.36476024985313416,,663641.1025641026
280415,,3.0,663645.2307692308
280419,0.36479026079177856,,663661.7435897436
280420,,3.0,663665.8717948718
280435,0.36480027437210083,,663691.7674418605
280436,,1.0,663693.5813953489
280445,0.3648102879524231,,663709.9069767442
280446,,1.0,663711.7209302326
280452,0.36482030153274536,,663722.6046511628
280453,,1.0,663724.4186046511
280464,0.3648303151130676,,663744.3720930233
280465,,1.0,663746.1860465116
280476,0.3648303151130676,,663762.8
280477,,0.0,663764.65
280483,0.3648303151130676,,663775.75
280484,,0.0,663777.6
280496,0.3648303151130676,,663799.8
280497,,0.0,663801.65
280506,0.3648303151130676,,663818.3
280507,,0.0,663820.15
280521,0.36485031247138977,,663868.6888888889
280522,,2.0,663872.9333333333
280529,0.3648703098297119,,663902.6444444444
280530,,2.0,663906.8888888889
280542,0.36489030718803406,,663957.8222222222
280543,,2.0,663962.0666666667
280553,0.3649103045463562,,664004.5111111111
280554,,2.0,664008.7555555556
280567,0.3649103045463562,,664036.3333333334
280568,,0.0,664038.6666666666
280574,0.3649103045463562,,664052.6666666666
280575,,0.0,664055.0
280579,0.3649103045463562,,664064.3333333334
280580,,0.0,664066.6666666666
280591,0.3649103045463562,,664092.3333333334
280592,,0.0,664094.6666666666
280606,0.3649103045463562,,664117.35
280607,,0.0,664119.2
280612,0.3649103045463562,,664128.45
280613,,0.0,664130.3
280625,0.3649103045463562,,664152.5
280626,,0.0,664154.35
280633,0.3649103045463562,,664167.3
280634,,0.0,664169.15
280645,0.3649103045463562,,664185.8
280646,,0.0,664187.65
280655,0.3649103045463562,,664204.3
280656,,0.0,664206.15
280665,0.3649103045463562,,664222.8
280666,,0.0,664224.65
280675,0.3649103045463562,,664241.3
280676,,0.0,664243.15
280693,0.3649103045463562,,664265.406779661
280694,,0.0,664266.8644067796
280704,0.3649103045463562,,664281.4406779661
280705,,0.0,664282.8983050848
280721,0.3649103045463562,,664306.220338983
280722,,0.0,664307.6779661017
280736,0.3649103045463562,,664328.0847457628
280737,,0.0,664329.5423728813
280756,0.3649103045463562,,664355.96
280757,,0.0,664357.52
280768,0.3649103045463562,,664374.68
280769,,0.0,664376.24
280778,0.3649103045463562,,664390.28
280779,,0.0,664391.84
280788,0.3649103045463562,,664405.88
280789,,0.0,664407.44
280804,0.3649103045463562,,664427.8936170213
280805,,0.0,664429.4680851063
280812,0.3649103045463562,,664440.4893617021
280813,,0.0,664442.0638297872
280826,0.3649103045463562,,664462.5319148937
280827,,0.0,664464.1063829787
280837,0.3649103045463562,,664479.8510638297
280838,,0.0,664481.4255319149
280851,0.36492031812667847,,664503.0
280852,,1.0,664505.0
280860,0.36493033170700073,,664521.0
280861,,1.0,664523.0
280870,0.364940345287323,,664541.0
280871,,1.0,664543.0
280880,0.36495035886764526,,664561.0
280881,,1.0,664563.0
280905,0.36496037244796753,,664598.4444444445
280906,,1.0,664600.0370370371
280913,0.3649703860282898,,664611.1851851852
280914,,1.0,664612.7777777778
280925,0.36498039960861206,,664630.2962962963
280926,,1.0,664631.8888888889
280936,0.3649904131889343,,664647.8148148148
280937,,1.0,664649.4074074074
280952,0.3649904131889343,,664675.0
280953,,0.0,664677.0
280961,0.3649904131889343,,664693.0
280962,,0.0,664695.0
280969,0.3649904131889343,,664709.0
280970,,0.0,664711.0
280975,0.3649904131889343,,664721.0
280976,,0.0,664723.0
280993,0.3649904131889343,,664754.3658536585
280994,,0.0,664756.4634146341
281002,0.3649904131889343,,664773.243902439
281003,,0.0,664775.3414634146
281010,0.3649904131889343,,664790.0243902439
281011,,0.0,664792.1219512195
281018,0.3649904131889343,,664806.8048780488
281019,,0.0,664808.9024390244
281032,0.3650004267692566,,664836.2941176471
281033,,1.0,664838.8235294118
281041,0.36501044034957886,,664859.0588235294
281042,,1.0,664861.5882352941
281048,0.3650204539299011,,664876.7647058824
281049,,1.0,664879.2941176471
281054,0.3650304675102234,,664891.9411764706
281055,,1.0,664894.4705882353
281072,0.3650304675102234,,664920.625
281073,,0.0,664922.3125
281083,0.3650304675102234,,664939.1875
281084,,0.0,664940.875
281091,0.3650304675102234,,664952.6875
281092,,0.0,664954.375
281104,0.3650304675102234,,664974.625
281105,,0.0,664976.3125
281121,0.36505046486854553,,665008.3333333334
281122,,2.0,665010.6666666666
281135,0.3650704622268677,,665041.0
281136,,2.0,665043.3333333334
281148,0.3650904595851898,,665071.3333333334
281149,,2.0,665073.6666666666
281157,0.36511045694351196,,665092.3333333334
281158,,2.0,665094.6666666666
281173,0.36511045694351196,,665121.6666666666
281174,,0.0,665123.7222222222
281180,0.36511045694351196,,665136.0555555555
281181,,0.0,665138.1111111111
281187,0.36511045694351196,,665150.4444444445
281188,,0.0,665152.5
281195,0.36511045694351196,,665166.8888888889
281196,,0.0,665168.9444444445
281211,0.36511045694351196,,665191.9361702128
281212,,0.0,665193.6808510638
281220,0.36511045694351196,,665207.6382978724
281221,,0.0,665209.3829787234
281233,0.36511045694351196,,665230.3191489362
281234,,0.0,665232.0638297872
281244,0.36511045694351196,,665249.5106382979
281245,,0.0,665251.2553191489
281259,0.36511045694351196,,665272.0666666667
281260,,0.0,665273.8
281273,0.36511045694351196,,665296.3333333334
281274,,0.0,665298.0666666667
281282,0.36511045694351196,,665311.9333333333
281283,,0.0,665313.6666666666
281291,0.36511045694351196,,665327.5333333333
281292,,0.0,665329.2666666667
281304,0.3651304543018341,,665364.1578947369
281305,,2.0,665367.8421052631
281313,0.36515045166015625,,665397.3157894737
281314,,2.0,665401.0
281322,0.3651704490184784,,665430.4736842106
281323,,2.0,665434.1578947369
281331,0.36519044637680054,,665463.6315789474
281332,,2.0,665467.3157894737
281347,0.36519044637680054,,665494.4
281348,,0.0,665496.35
281356,0.36519044637680054,,665511.95
281357,,0.0,665513.9
281363,0.36519044637680054,,665525.6
281364,,0.0,665527.55
281373,0.36519044637680054,,665545.1
281374,,0.0,665547.05
281388,0.3652104437351227,,665588.3953488372
281389,,2.0,665591.976744186
281397,0.3652304410934448,,665620.6279069767
281398,,2.0,665624.2093023256
281406,0.36525043845176697,,665652.8604651163
281407,,2.0,665656.4418604651
281418,0.3652704358100891,,665695.8372093023
281419,,2.0,665699.4186046511
281433,0.3653004467487335,,665728.0877192982
281434,,3.0,665730.3684210526
281451,0.36533045768737793,,665769.1403508772
281452,,3.0,665771.4210526316
281467,0.36536046862602234,,665805.6315789474
281468,,3.0,665807.9122807018
281477,0.36539047956466675,,665828.4385964912
281478,,3.0,665830.7192982456
281497,0.365400493144989,,665861.2553191489
281498,,1.0,665863.0212765958
281505,0.3654105067253113,,665875.3829787234
281506,,1.0,665877.1489361703
281515,0.36542052030563354,,665893.0425531915
281516,,1.0,665894.8085106383
281526,0.3654305338859558,,665912.4680851063
281527,,1.0,665914.2340425532
281545,0.3654405474662781,,665942.3265306122
281546,,1.0,665944.081632653
281558,0.36545056104660034,,665965.1428571428
281559,,1.0,665966.8979591837
281569,0.3654605746269226,,665984.4489795918
281570,,1.0,665986.2040816327
281577,0.3654705882072449,,665998.4897959183
281578,,1.0,666000.2448979592
281593,0.36548060178756714,,666021.4716981133
281594,,1.0,666023.0943396227
281605,0.3654906153678894,,666040.9433962264
281606,,1.0,666042.5660377359
281618,0.36550062894821167,,666062.037735849
281619,,1.0,666063.6603773584
281632,0.36551064252853394,,666084.7547169811
281633,,1.0,666086.3773584906
281648,0.36551064252853394,,666106.8571428572
281649,,0.0,666108.4285714285
281657,0.36551064252853394,,666121.0
281658,,0.0,666122.5714285715
281669,0.36551064252853394,,666139.8571428572
281670,,0.0,666141.4285714285
281683,0.36551064252853394,,666161.8571428572
281684,,0.0,666163.4285714285
281702,0.3655206561088562,,666207.75
281703,,1.0,666210.6
281710,0.36553066968917847,,666230.55
281711,,1.0,666233.4
281716,0.36554068326950073,,666247.65
281717,,1.0,666250.5
281725,0.365550696849823,,666273.3
281726,,1.0,666276.15
281744,0.365550696849823,,666304.7608695652
281745,,0.0,666306.4782608695
281753,0.365550696849823,,666320.2173913043
281754,,0.0,666321.9347826086
281761,0.365550696849823,,666333.9565217391
281762,,0.0,666335.6739130435
281773,0.365550696849823,,666354.5652173914
281774,,0.0,666356.2826086957
281786,0.365550696849823,,666371.5918367347
281787,,0.0,666373.1020408163
281801,0.365550696849823,,666394.2448979592
281802,,0.0,666395.7551020408
281813,0.365550696849823,,666412.3673469388
281814,,0.0,666413.8775510204
281824,0.365550696849823,,666428.9795918367
281825,,0.0,666430.4897959183
281839,0.365550696849823,,666452.8717948718
281840,,0.0,666454.7692307692
281847,0.365550696849823,,666468.0512820513
281848,,0.0,666469.9487179487
281858,0.365550696849823,,666488.9230769231
281859,,0.0,666490.8205128205
281865,0.365550696849823,,666502.2051282051
281866,,0.0,666504.1025641026
281879,0.36557069420814514,,666536.0
281880,,2.0,666539.0
281887,0.3655906915664673,,666560.0
281888,,2.0,666563.0
281892,0.36561068892478943,,666575.0
281893,,2.0,666578.0
281901,0.3656306862831116,,666602.0
281902,,2.0,666605.0
281916,0.36564069986343384,,666632.8947368421
281917,,1.0,666635.1578947369
281923,0.3656507134437561,,666648.7368421053
281924,,1.0,666651.0
281933,0.36566072702407837,,666671.3684210526
281934,,1.0,666673.6315789474
281941,0.36567074060440063,,666689.4736842106
281942,,1.0,666691.7368421053
281961,0.3656807541847229,,666728.7234042553
281962,,1.0,666730.8936170213
281971,0.36569076776504517,,666750.4255319149
281972,,1.0,666752.5957446808
281979,0.36570078134536743,,666767.7872340425
281980,,1.0,666769.9574468085
281990,0.3657107949256897,,666791.659574468
281991,,1.0,666793.8297872341
282008,0.36573079228401184,,666830.0869565217
282009,,2.0,666832.5217391305
282019,0.365750789642334,,666856.8695652174
282020,,2.0,666859.304347826
282028,0.36577078700065613,,666878.7826086957
282029,,2.0,666881.2173913043
282038,0.36579078435897827,,666903.1304347826
282039,,2.0,666905.5652173914
282051,0.36579078435897827,,666925.3414634146
282052,,0.0,666927.268292683
282063,0.36579078435897827,,666948.4634146341
282064,,0.0,666950.3902439025
282073,0.36579078435897827,,666967.731707317
282074,,0.0,666969.6585365854
282081,0.36579078435897827,,666983.1463414634
282082,,0.0,666985.0731707317
282096,0.36579078435897827,,667009.8461538461
282097,,0.0,667011.9230769231
282105,0.36579078435897827,,667028.5384615385
282106,,0.0,667030.6153846154
282110,0.36579078435897827,,667038.9230769231
282111,,0.0,667041.0
282122,0.36579078435897827,,667063.8461538461
282123,,0.0,667065.9230769231
282138,0.36579078435897827,,667088.081632653
282139,,0.0,667089.7551020408
282150,0.36579078435897827,,667108.1632653062
282151,,0.0,667109.8367346938
282162,0.36579078435897827,,667128.2448979592
282163,,0.0,667129.918367347
282173,0.36579078435897827,,667146.6530612245
282174,,0.0,667148.3265306122
282185,0.36580079793930054,,667168.7428571428
282186,,1.0,667171.0857142857
282192,0.3658108115196228,,667185.1428571428
282193,,1.0,667187.4857142858
282199,0.36582082509994507,,667201.5428571429
282200,,1.0,667203.8857142857
282210,0.36583083868026733,,667227.3142857143
282211,,1.0,667229.6571428571
282230,0.3658508360385895,,667265.6666666666
282231,,2.0,667267.7708333334
282242,0.3658708333969116,,667290.9166666666
282243,,2.0,667293.0208333334
282250,0.36589083075523376,,667307.75
282251,,2.0,667309.8541666666
282260,0.3659108281135559,,667328.7916666666
282261,,2.0,667330.8958333334
282279,0.3659108281135559,,667360.0
282280,,0.0,667361.8
282289,0.3659108281135559,,667378.0
282290,,0.0,667379.8
282298,0.3659108281135559,,667394.2
282299,,0.0,667396.0
282307,0.3659108281135559,,667410.4
282308,,0.0,667412.2
282326,0.36593082547187805,,667461.2340425532
282327,,2.0,667464.3829787234
282336,0.3659508228302002,,667492.7234042553
282337,,2.0,667495.8723404255
282344,0.36597082018852234,,667517.914893617
282345,,2.0,667521.0638297872
282356,0.3659908175468445,,667555.7021276596
282357,,2.0,667558.8510638297
282375,0.3659908175468445,,667585.125
282376,,0.0,667586.6666666666
282382,0.3659908175468445,,667595.9166666666
282383,,0.0,667597.4583333334
282396,0.3659908175468445,,667617.5
282397,,0.0,667619.0416666666
282406,0.3659908175468445,,667632.9166666666
282407,,0.0,667634.4583333334
282425,0.3659908175468445,,667658.6530612245
282426,,0.0,667660.1632653062
282436,0.3659908175468445,,667675.2653061225
282437,,0.0,667676.775510204
282443,0.3659908175468445,,667685.8367346938
282444,,0.0,667687.3469387755
282457,0.3659908175468445,,667706.9795918367
282458,,0.0,667708.4897959183
282472,0.3659908175468445,,667728.6521739131
282473,,0.0,667730.3478260869
282481,0.3659908175468445,,667743.9130434783
282482,,0.0,667745.6086956522
282494,0.3659908175468445,,667765.9565217391
282495,,0.0,667767.6521739131
282505,0.3659908175468445,,667784.6086956522
282506,,0.0,667786.304347826
282522,0.3660208284854889,,667819.5
282523,,3.0,667821.9230769231
282534,0.3660508394241333,,667848.5769230769
282535,,3.0,667851.0
282549,0.3660808503627777,,667884.9230769231
282550,,3.0,667887.3461538461
282559,0.3661108613014221,,667909.1538461539
282560,,3.0,667911.5769230769
282568,0.36613085865974426,,667937.75
282569,,2.0,667942.5
282580,0.3661508560180664,,667994.75
282581,,2.0,667999.5
282591,0.36617085337638855,,668047.0
282592,,2.0,668051.75
282597,0.3661908507347107,,668075.5
282598,,2.0,668080.25
282609,0.36620086431503296,,668103.1052631579
282610,,1.0,668105.3684210526
282620,0.3662108778953552,,668128.0
282621,,1.0,668130.2631578947
282630,0.3662208914756775,,668150.6315789474
282631,,1.0,668152.8947368421
282637,0.36623090505599976,,668166.4736842106
282638,,1.0,668168.7368421053
282650,0.36623090505599976,,668184.875
282651,,0.0,668186.4166666666
282661,0.36623090505599976,,668201.8333333334
282662,,0.0,668203.375
282675,0.36623090505599976,,668223.4166666666
282676,,0.0,668224.9583333334
282687,0.36623090505599976,,668241.9166666666
282688,,0.0,668243.4583333334
282703,0.36623090505599976,,668264.4666666667
282704,,0.0,668266.088888889
282711,0.36623090505599976,,668277.4444444445
282712,,0.0,668279.0666666667
282723,0.36623090505599976,,668296.911111111
282724,,0.0,668298.5333333333
282734,0.36623090505599976,,668314.7555555556
282735,,0.0,668316.3777777777
282748,0.36623090505599976,,668336.5714285715
282749,,0.0,668338.4285714285
282757,0.36623090505599976,,668353.2857142857
282758,,0.0,668355.1428571428
282767,0.36623090505599976,,668371.8571428572
282768,,0.0,668373.7142857143
282778,0.36623090505599976,,668392.2857142857
282779,,0.0,668394.1428571428
282796,0.366240918636322,,668427.0
282797,,1.0,668429.2142857143
282805,0.3662509322166443,,668446.9285714285
282806,,1.0,668449.1428571428
282813,0.36626094579696655,,668464.6428571428
282814,,1.0,668466.8571428572
282822,0.3662709593772888,,668484.5714285715
282823,,1.0,668486.7857142857
282837,0.3662709593772888,,668509.4285714285
282838,,0.0,668511.2857142857
282846,0.3662709593772888,,668526.1428571428
282847,,0.0,668528.0
282855,0.3662709593772888,,668542.8571428572
282856,,0.0,668544.7142857143
282866,0.3662709593772888,,668563.2857142857
282867,,0.0,668565.1428571428
282879,0.3662809729576111,,668581.8125
282880,,1.0,668583.4583333334
282893,0.36629098653793335,,668604.8541666666
282894,,1.0,668606.5
282902,0.3663010001182556,,668619.6666666666
282903,,1.0,668621.3125
282916,0.3663110136985779,,668642.7083333334
282917,,1.0,668644.3541666666
282935,0.3663110136985779,,668668.0754716981
282936,,0.0,668669.5471698113
282946,0.3663110136985779,,668684.2641509434
282947,,0.0,668685.7358490566
282959,0.3663110136985779,,668703.3962264151
282960,,0.0,668704.8679245283
282971,0.3663110136985779,,668721.0566037736
282972,,0.0,668722.5283018867
282988,0.3663310110569,,668763.6842105263
282989,,2.0,668766.7368421053
282999,0.36635100841522217,,668797.2631578947
283000,,2.0,668800.3157894737
283003,0.3663710057735443,,668809.4736842106
283004,,2.0,668812.5263157894
283011,0.36639100313186646,,668833.8947368421
283012,,2.0,668836.947368421
283029,0.3664110004901886,,668873.4634146341
283030,,2.0,668875.8536585366
283039,0.36643099784851074,,668897.3658536585
283040,,2.0,668899.756097561
283047,0.3664509952068329,,668916.487804878
283048,,2.0,668918.8780487805
283054,0.36647099256515503,,668933.2195121951
283055,,2.0,668935.6097560975
283073,0.3664810061454773,,668964.0
283074,,1.0,668965.7333333333
283082,0.36649101972579956,,668979.6
283083,,1.0,668981.3333333334
283091,0.3665010333061218,,668995.2
283092,,1.0,668996.9333333333
283101,0.3665110468864441,,669012.5333333333
283102,,1.0,669014.2666666667
283113,0.36652106046676636,,669031.3725490196
283114,,1.0,669033.2941176471
283127,0.3665310740470886,,669058.274509804
283128,,1.0,669060.1960784313
283144,0.3665410876274109,,669090.9411764706
283145,,1.0,669092.8627450981
283154,0.36655110120773315,,669110.1568627451
283155,,1.0,669112.0784313725
283170,0.36655110120773315,,669138.0
283171,,0.0,669140.0
283179,0.36655110120773315,,669156.0
283180,,0.0,669158.0
283189,0.36655110120773315,,669176.0
283190,,0.0,669178.0
283195,0.36655110120773315,,669188.0
283196,,0.0,669190.0
283210,0.36655110120773315,,669211.9534883721
283211,,0.0,669213.7674418605
283217,0.36655110120773315,,669224.6511627907
283218,,0.0,669226.4651162791
283230,0.36655110120773315,,669248.2325581395
283231,,0.0,669250.0465116279
283240,0.36655110120773315,,669266.3720930233
283241,,0.0,669268.1860465116
283258,0.36655110120773315,,669294.8181818182
283259,,0.0,669296.5909090909
283264,0.36655110120773315,,669305.4545454546
283265,,0.0,669307.2272727273
283275,0.36655110120773315,,669324.9545454546
283276,,0.0,669326.7272727273
283286,0.36655110120773315,,669344.4545454546
283287,,0.0,669346.2272727273
283305,0.36655110120773315,,669374.0
283306,,0.0,669375.7333333333
283313,0.36655110120773315,,669387.8666666667
283314,,0.0,669389.6
283321,0.36655110120773315,,669401.7333333333
283322,,0.0,669403.4666666667
283333,0.36655110120773315,,669422.5333333333
283334,,0.0,669424.2666666667
283351,0.36655110120773315,,669450.08
283352,,0.0,669451.8
283363,0.36655110120773315,,669470.72
283364,,0.0,669472.44
283375,0.36655110120773315,,669491.36
283376,,0.0,669493.08
283385,0.36655110120773315,,669508.56
283386,,0.0,669510.28
283403,0.36655110120773315,,669537.7209302326
283404,,0.0,669539.5581395349
283409,0.36655110120773315,,669548.7441860465
283410,,0.0,669550.5813953489
283420,0.36655110120773315,,669568.9534883721
283421,,0.0,669570.7906976744
283430,0.36655110120773315,,669587.3255813953
283431,,0.0,669589.1627906977
283446,0.36655110120773315,,669610.5
283447,,0.0,669612.125
283460,0.36655110120773315,,669633.25
283461,,0.0,669634.875
283469,0.36655110120773315,,669647.875
283470,,0.0,669649.5
283480,0.36655110120773315,,669665.75
283481,,0.0,669667.375
283494,0.36655110120773315,,669687.9743589744
283495,,0.0,669689.8717948718
283504,0.36655110120773315,,669706.9487179487
283505,,0.0,669708.8461538461
283510,0.36655110120773315,,669718.3333333334
283511,,0.0,669720.2307692308
283521,0.36655110120773315,,669739.2051282051
283522,,0.0,669741.1025641026
283540,0.3665611147880554,,669773.3191489362
283541,,1.0,669775.340425532
283551,0.3665711283683777,,669795.5531914893
283552,,1.0,669797.5744680851
283562,0.36658114194869995,,669817.7872340425
283563,,1.0,669819.8085106383
283570,0.3665911555290222,,669833.9574468085
283571,,1.0,669835.9787234042
283588,0.3666011691093445,,669866.0
283589,,1.0,669868.0
283598,0.36661118268966675,,669886.0
283599,,1.0,669888.0
283606,0.366621196269989,,669902.0
283607,,1.0,669904.0
283615,0.3666312098503113,,669920.0
283616,,1.0,669922.0
283630,0.3666312098503113,,669944.4651162791
283631,,0.0,669946.3255813953
283640,0.3666312098503113,,669963.0697674418
283641,,0.0,669964.9302325582
283651,0.3666312098503113,,669983.5348837209
283652,,0.0,669985.3953488372
283660,0.3666312098503113,,670000.2790697674
283661,,0.0,670002.1395348837
283673,0.3666312098503113,,670020.243902439
283674,,0.0,670022.0487804879
283683,0.3666312098503113,,670038.2926829269
283684,,0.0,670040.0975609756
283693,0.3666312098503113,,670056.3414634146
283694,,0.0,670058.1463414634
283703,0.3666312098503113,,670074.3902439025
283704,,0.0,670076.1951219512
283727,0.3666312098503113,,670106.3636363636
283728,,0.0,670107.7818181819
283739,0.3666312098503113,,670123.3818181818
283740,,0.0,670124.8
283749,0.3666312098503113,,670137.5636363636
283750,,0.0,670138.9818181818
283760,0.3666312098503113,,670153.1636363637
283761,,0.0,670154.5818181818
283780,0.36664122343063354,,670181.7142857143
283781,,1.0,670183.3214285715
283790,0.3666512370109558,,670197.7857142857
283791,,1.0,670199.3928571428
283800,0.3666612505912781,,670213.8571428572
283801,,1.0,670215.4642857143
283818,0.36667126417160034,,670242.7857142857
283819,,1.0,670244.3928571428
283840,0.36667126417160034,,670274.8679245283
283841,,0.0,670276.4716981133
283849,0.36667126417160034,,670289.3018867924
283850,,0.0,670290.9056603773
283861,0.36667126417160034,,670308.5471698113
283862,,0.0,670310.1509433963
283873,0.36667126417160034,,670327.7924528302
283874,,0.0,670329.3962264151
283894,0.36667126417160034,,670360.4666666667
283895,,0.0,670362.2
283905,0.36667126417160034,,670379.5333333333
283906,,0.0,670381.2666666667
283912,0.36667126417160034,,670391.6666666666
283913,,0.0,670393.4
283920,0.36667126417160034,,670405.5333333333
283921,,0.0,670407.2666666667
283941,0.36667126417160034,,670435.3333333334
283942,,0.0,670436.8823529412
283951,0.36667126417160034,,670450.8235294118
283952,,0.0,670452.3725490196
283962,0.36667126417160034,,670467.8627450981
283963,,0.0,670469.4117647059
283973,0.36667126417160034,,670484.9019607843
283974,,0.0,670486.4509803922
283988,0.36667126417160034,,670508.25
283989,,0.0,670510.0909090909
283996,0.36667126417160034,,670522.9772727273
283997,,0.0,670524.8181818182
284006,0.36667126417160034,,670541.3863636364
284007,,0.0,670543.2272727273
284019,0.36667126417160034,,670565.3181818182
284020,,0.0,670567.1590909091
284034,0.36667126417160034,,670588.9534883721
284035,,0.0,670590.7674418605
284048,0.36667126417160034,,670614.3488372093
284049,,0.0,670616.1627906977
284058,0.36667126417160034,,670632.4883720931
284059,,0.0,670634.3023255814
284064,0.36667126417160034,,670643.3720930233
284065,,0.0,670645.1860465116
284082,0.36667126417160034,,670667.72
284083,,0.0,670669.2
284098,0.36667126417160034,,670691.4
284099,,0.0,670692.88
284108,0.36667126417160034,,670706.2
284109,,0.0,670707.68
284116,0.36667126417160034,,670718.04
284117,,0.0,670719.52
284130,0.36667126417160034,,670741.5555555555
284131,,0.0,670743.6111111111
284137,0.36667126417160034,,670755.9444444445
284138,,0.0,670758.0
284145,0.36667126417160034,,670772.3888888889
284146,,0.0,670774.4444444445
284154,0.36667126417160034,,670790.8888888889
284155,,0.0,670792.9444444445
284175,0.36667126417160034,,670820.3396226416
284176,,0.0,670821.8301886793
284187,0.36667126417160034,,670838.2264150943
284188,,0.0,670839.716981132
284203,0.36667126417160034,,670862.0754716981
284204,,0.0,670863.5660377359
284209,0.36667126417160034,,670871.0188679246
284210,,0.0,670872.5094339623
284225,0.36667126417160034,,670893.68
284226,,0.0,670895.32
284240,0.36667126417160034,,670918.28
284241,,0.0,670919.92
284251,0.36667126417160034,,670936.32
284252,,0.0,670937.96
284261,0.36667126417160034,,670952.72
284262,,0.0,670954.36
284274,0.36667126417160034,,670972.5348837209
284275,,0.0,670974.3720930233
284285,0.36667126417160034,,670992.7441860465
284286,,0.0,670994.5813953489
284300,0.36667126417160034,,671020.3023255814
284301,,0.0,671022.1395348837
284306,0.36667126417160034,,671031.3255813953
284307,,0.0,671033.1627906977
284321,0.36667126417160034,,671054.5
284322,,0.0,671056.2727272727
284332,0.36667126417160034,,671074.0
284333,,0.0,671075.7727272727
284341,0.36667126417160034,,671089.9545454546
284342,,0.0,671091.7272727273
284352,0.36667126417160034,,671109.4545454546
284353,,0.0,671111.2272727273
284369,0.36667126417160034,,671135.3720930233
284370,,0.0,671137.0930232558
284377,0.36667126417160034,,671149.1395348837
284378,,0.0,671150.8604651163
284389,0.36667126417160034,,671169.7906976744
284390,,0.0,671171.5116279069
284397,0.36667126417160034,,671183.5581395349
284398,,0.0,671185.2790697674
284410,0.36667126417160034,,671203.3255813953
284411,,0.0,671205.1395348837
284420,0.36667126417160034,,671221.4651162791
284421,,0.0,671223.2790697674
284429,0.36667126417160034,,671237.7906976744
284430,,0.0,671239.6046511628
284442,0.36667126417160034,,671261.3720930233
284443,,0.0,671263.1860465116
284458,0.36667126417160034,,671287.2857142857
284459,,0.0,671289.1428571428
284466,0.36667126417160034,,671302.1428571428
284467,,0.0,671304.0
284475,0.36667126417160034,,671318.8571428572
284476,,0.0,671320.7142857143
284486,0.36667126417160034,,671339.2857142857
284487,,0.0,671341.1428571428
284506,0.36670127511024475,,671376.7021276596
284507,,3.0,671378.8085106383
284518,0.36673128604888916,,671401.9787234042
284519,,3.0,671404.085106383
284525,0.36676129698753357,,671416.7234042553
284526,,3.0,671418.8297872341
284535,0.366791307926178,,671437.7872340425
284536,,3.0,671439.8936170213
284551,0.366791307926178,,671464.2
284552,,0.0,671466.05
284560,0.366791307926178,,671480.85
284561,,0.0,671482.7
284568,0.366791307926178,,671495.65
284569,,0.0,671497.5
284577,0.366791307926178,,671512.3
284578,,0.0,671514.15
284595,0.366791307926178,,671538.2857142857
284596,,0.0,671539.8775510204
284606,0.366791307926178,,671555.7959183673
284607,,0.0,671557.387755102
284617,0.366791307926178,,671573.306122449
284618,,0.0,671574.8979591837
284628,0.366791307926178,,671590.8163265307
284629,,0.0,671592.4081632653
284645,0.366791307926178,,671619.35
284646,,0.0,671621.3
284653,0.366791307926178,,671634.95
284654,,0.0,671636.9
284662,0.366791307926178,,671652.5
284663,,0.0,671654.45
284670,0.366791307926178,,671668.1
284671,,0.0,671670.05
284691,0.3668113052845001,,671714.6888888889
284692,,2.0,671717.2
284700,0.36683130264282227,,671737.2888888889
284701,,2.0,671739.8
284708,0.3668513000011444,,671757.3777777777
284709,,2.0,671759.8888888889
284717,0.36687129735946655,,671779.9777777778
284718,,2.0,671782.4888888889
284733,0.36687129735946655,,671808.3684210526
284734,,0.0,671810.3157894737
284741,0.36687129735946655,,671823.947368421
284742,,0.0,671825.8947368421
284750,0.36687129735946655,,671841.4736842106
284751,,0.0,671843.4210526316
284757,0.36687129735946655,,671855.1052631579
284758,,0.0,671857.052631579
284771,0.36687129735946655,,671877.5714285715
284772,,0.0,671879.4285714285
284781,0.36687129735946655,,671896.1428571428
284782,,0.0,671898.0
284794,0.36687129735946655,,671920.2857142857
284795,,0.0,671922.1428571428
284801,0.36687129735946655,,671933.2857142857
284802,,0.0,671935.1428571428
284814,0.36687129735946655,,671954.5714285715
284815,,0.0,671956.5238095238
284824,0.36687129735946655,,671974.0952380953
284825,,0.0,671976.0476190476
284835,0.36687129735946655,,671995.5714285715
284836,,0.0,671997.5238095238
284845,0.36687129735946655,,672015.0952380953
284846,,0.0,672017.0476190476
284862,0.3668912947177887,,672056.4883720931
284863,,2.0,672059.3720930233
284868,0.36691129207611084,,672073.7906976744
284869,,2.0,672076.6744186047
284880,0.366931289434433,,672108.3953488372
284881,,2.0,672111.2790697674
284890,0.3669512867927551,,672137.2325581395
284891,,2.0,672140.1162790698
284904,0.3669512867927551,,672161.5
284905,,0.0,672163.35
284912,0.3669512867927551,,672176.3
284913,,0.0,672178.15
284923,0.3669512867927551,,672196.65
284924,,0.0,672198.5
284932,0.3669512867927551,,672213.3
284933,,0.0,672215.15
284950,0.3669512867927551,,672243.0
284951,,0.0,672244.8571428572
284959,0.3669512867927551,,672259.7142857143
284960,,0.0,672261.5714285715
284969,0.3669512867927551,,672278.2857142857
284970,,0.0,672280.1428571428
284976,0.3669512867927551,,672291.2857142857
284977,,0.0,672293.1428571428
284996,0.3669512867927551,,672320.4693877551
284997,,0.0,672322.0612244898
285007,0.3669512867927551,,672337.9795918367
285008,,0.0,672339.5714285715
285016,0.3669512867927551,,672352.306122449
285017,,0.0,672353.8979591837
285027,0.3669512867927551,,672369.8163265307
285028,,0.0,672371.4081632653
285043,0.36697128415107727,,672407.0
285044,,2.0,672409.8333333334
285056,0.3669912815093994,,672443.8333333334
285057,,2.0,672446.6666666666
285064,0.36701127886772156,,672466.5
285065,,2.0,672469.3333333334
285077,0.3670312762260437,,672503.3333333334
285078,,2.0,672506.1666666666
285097,0.3670312762260437,,672537.6511627907
285098,,0.0,672539.4418604651
285104,0.3670312762260437,,672550.1860465116
285105,,0.0,672551.976744186
285114,0.3670312762260437,,672568.0930232558
285115,,0.0,672569.8837209302
285122,0.3670312762260437,,672582.4186046511
285123,,0.0,672584.2093023256
285144,0.36704128980636597,,672623.8
285145,,1.0,672625.9
285157,0.36705130338668823,,672651.1
285158,,1.0,672653.2
285164,0.3670613169670105,,672665.8
285165,,1.0,672667.9
285174,0.36707133054733276,,672686.8
285175,,1.0,672688.9
285191,0.36707133054733276,,672717.0
285192,,0.0,672719.0
285201,0.36707133054733276,,672737.0
285202,,0.0,672739.0
285208,0.36707133054733276,,672751.0
285209,,0.0,672753.0
285215,0.36707133054733276,,672765.0
285216,,0.0,672767.0
285232,0.36707133054733276,,672792.4634146341
285233,,0.0,672794.268292683
285243,0.36707133054733276,,672812.3170731707
285244,,0.0,672814.1219512195
285250,0.36707133054733276,,672824.9512195121
285251,,0.0,672826.756097561
285258,0.36707133054733276,,672839.3902439025
285259,,0.0,672841.1951219512
285277,0.36707133054733276,,672871.6666666666
285278,,0.0,672873.5777777778
285285,0.36707133054733276,,672886.9555555555
285286,,0.0,672888.8666666667
285293,0.36707133054733276,,672902.2444444444
285294,,0.0,672904.1555555556
285305,0.36707133054733276,,672925.1777777778
285306,,0.0,672927.088888889
285319,0.36707133054733276,,672947.5714285715
285320,,0.0,672949.4285714285
285328,0.36707133054733276,,672964.2857142857
285329,,0.0,672966.1428571428
285335,0.36707133054733276,,672977.2857142857
285336,,0.0,672979.1428571428
285349,0.36707133054733276,,673003.2857142857
285350,,0.0,673005.1428571428
285367,0.36707133054733276,,673039.0
285368,,0.0,673041.2857142857
285373,0.36707133054733276,,673052.7142857143
285374,,0.0,673055.0
285386,0.36707133054733276,,673082.4285714285
285387,,0.0,673084.7142857143
285393,0.36707133054733276,,673098.4285714285
285394,,0.0,673100.7142857143
285410,0.3671013414859772,,673138.4545454546
285411,,3.0,673141.1818181818
285418,0.3671313524246216,,673160.2727272727
285419,,3.0,673163.0
285429,0.367161363363266,,673190.2727272727
285430,,3.0,673193.0
285439,0.3671913743019104,,673217.5454545454
285440,,3.0,673220.2727272727
285458,0.36721137166023254,,673262.6875
285459,,2.0,673265.3333333334
285468,0.3672313690185547,,673289.1458333334
285469,,2.0,673291.7916666666
285480,0.36725136637687683,,673320.8958333334
285481,,2.0,673323.5416666666
285489,0.367271363735199,,673344.7083333334
285490,,2.0,673347.3541666666
285507,0.367271363735199,,673374.5777777778
285508,,0.0,673376.3333333334
285516,0.367271363735199,,673390.3777777777
285517,,0.0,673392.1333333333
285526,0.367271363735199,,673407.9333333333
285527,,0.0,673409.6888888889
285536,0.367271363735199,,673425.4888888889
285537,,0.0,673427.2444444444
285552,0.367271363735199,,673447.72
285553,,0.0,673449.28
285562,0.367271363735199,,673463.32
285563,,0.0,673464.88
285576,0.367271363735199,,673485.16
285577,,0.0,673486.72
285588,0.367271363735199,,673503.88
285589,,0.0,673505.44
285608,0.367271363735199,,673535.5957446808
285609,,0.0,673537.3829787234
285617,0.367271363735199,,673551.6808510638
285618,,0.0,673553.4680851063
285627,0.367271363735199,,673569.5531914893
285628,,0.0,673571.340425532
285637,0.367271363735199,,673587.4255319149
285638,,0.0,673589.2127659575
285653,0.36728137731552124,,673615.0
285654,,1.0,673617.0
285664,0.3672913908958435,,673637.0
285665,,1.0,673639.0
285674,0.36730140447616577,,673657.0
285675,,1.0,673659.0
285680,0.36731141805648804,,673669.0
285681,,1.0,673671.0
285695,0.36731141805648804,,673692.8536585366
285696,,0.0,673694.6585365854
285704,0.36731141805648804,,673709.0975609756
285705,,0.0,673710.9024390244
285715,0.36731141805648804,,673728.9512195121
285716,,0.0,673730.756097561
285723,0.36731141805648804,,673743.3902439025
285724,,0.0,673745.1951219512
285735,0.3673214316368103,,673762.619047619
285736,,1.0,673764.5714285715
285742,0.36733144521713257,,673776.2857142857
285743,,1.0,673778.2380952381
285754,0.36734145879745483,,673799.7142857143
285755,,1.0,673801.6666666666
285767,0.3673514723777771,,673825.0952380953
285768,,1.0,673827.0476190476
285784,0.3673814833164215,,673872.1363636364
285785,,3.0,673875.4545454546
285793,0.3674114942550659,,673902.0
285794,,3.0,673905.3181818182
285804,0.3674415051937103,,673938.5
285805,,3.0,673941.8181818182
285813,0.36747151613235474,,673968.3636363636
285814,,3.0,673971.6818181818
285827,0.367481529712677,,673995.7142857143
285828,,1.0,673997.7857142857
285836,0.36749154329299927,,674014.3571428572
285837,,1.0,674016.4285714285
285846,0.36750155687332153,,674035.0714285715
285847,,1.0,674037.1428571428
285857,0.3675115704536438,,674057.8571428572
285858,,1.0,674059.9285714285
285878,0.3675115704536438,,674088.52
285879,,0.0,674090.08
285888,0.3675115704536438,,674104.12
285889,,0.0,674105.68
285897,0.3675115704536438,,674118.16
285898,,0.0,674119.72
285909,0.3675115704536438,,674136.88
285910,,0.0,674138.44
285923,0.3675115704536438,,674160.7894736842
285924,,0.0,674162.8684210526
285931,0.3675115704536438,,674177.4210526316
285932,,0.0,674179.5
285941,0.3675115704536438,,674198.2105263158
285942,,0.0,674200.2894736842
285949,0.3675115704536438,,674214.8421052631
285950,,0.0,674216.9210526316
285969,0.3675415813922882,,674270.918367347
285970,,3.0,674274.1632653062
285982,0.3675715923309326,,674313.1020408163
285983,,3.0,674316.3469387755
285992,0.367601603269577,,674345.5510204082
285993,,3.0,674348.7959183673
286000,0.36763161420822144,,674371.5102040817
286001,,3.0,674374.7551020408
286013,0.36766162514686584,,674397.0
286014,,3.0,674399.1111111111
286023,0.36769163608551025,,674418.1111111111
286024,,3.0,674420.2222222222
286033,0.36772164702415466,,674439.2222222222
286034,,3.0,674441.3333333334
286047,0.3677516579627991,,674468.7777777778
286048,,3.0,674470.8888888889
286058,0.3677516579627991,,674486.65
286059,,0.0,674488.6
286068,0.3677516579627991,,674506.15
286069,,0.0,674508.1
286077,0.3677516579627991,,674523.7
286078,,0.0,674525.65
286089,0.3677516579627991,,674547.1
286090,,0.0,674549.05
286103,0.36776167154312134,,674574.0769230769
286104,,1.0,674576.3846153846
286111,0.3677716851234436,,674592.5384615385
286112,,1.0,674594.8461538461
286119,0.36778169870376587,,674611.0
286120,,1.0,674613.3076923077
286130,0.36779171228408813,,674636.3846153846
286131,,1.0,674638.6923076923
286145,0.36779171228408813,,674659.088888889
286146,,0.0,674660.7333333333
286153,0.36779171228408813,,674672.2444444444
286154,,0.0,674673.8888888889
286166,0.36779171228408813,,674693.6222222223
286167,,0.0,674695.2666666667
286177,0.36779171228408813,,674711.7111111111
286178,,0.0,674713.3555555556
286195,0.36779171228408813,,674738.8
286196,,0.0,674740.5
286208,0.36779171228408813,,674760.9
286209,,0.0,674762.6
286218,0.36779171228408813,,674777.9
286219,,0.0,674779.6
286229,0.36779171228408813,,674796.6
286230,,0.0,674798.3
286247,0.36782172322273254,,674838.85
286248,,3.0,674841.625
286252,0.36785173416137695,,674852.725
286253,,3.0,674855.5
286263,0.36788174510002136,,674883.25
286264,,3.0,674886.025
286271,0.36791175603866577,,674905.45
286272,,3.0,674908.225
286284,0.3679417669773102,,674927.7727272727
286285,,3.0,674929.6363636364
286298,0.3679717779159546,,674953.8636363636
286299,,3.0,674955.7272727273
286309,0.368001788854599,,674974.3636363636
286310,,3.0,674976.2272727273
286317,0.3680317997932434,,674989.2727272727
286318,,3.0,674991.1363636364
286331,0.3680317997932434,,675010.8431372549
286332,,0.0,675012.6274509804
286347,0.3680317997932434,,675039.3921568628
286348,,0.0,675041.1764705882
286358,0.3680317997932434,,675059.0196078431
286359,,0.0,675060.8039215687
286370,0.3680317997932434,,675080.431372549
286371,,0.0,675082.2156862745
286385,0.3680317997932434,,675103.25
286386,,0.0,675105.0
286395,0.3680317997932434,,675120.75
286396,,0.0,675122.5
286405,0.3680317997932434,,675138.25
286406,,0.0,675140.0
286416,0.3680317997932434,,675157.5
286417,,0.0,675159.25
286430,0.3680317997932434,,675177.8181818182
286431,,0.0,675179.5
286442,0.3680317997932434,,675198.0
286443,,0.0,675199.6818181818
286452,0.3680317997932434,,675214.8181818182
286453,,0.0,675216.5
286462,0.3680317997932434,,675231.6363636364
286463,,0.0,675233.3181818182
286480,0.3680317997932434,,675255.72
286481,,0.0,675257.2
286493,0.3680317997932434,,675274.96
286494,,0.0,675276.44
286504,0.3680317997932434,,675291.24
286505,,0.0,675292.72
286514,0.3680317997932434,,675306.04
286515,,0.0,675307.52
286529,0.3680317997932434,,675331.0
286530,,0.0,675333.0
286540,0.3680317997932434,,675353.0
286541,,0.0,675355.0
286547,0.3680317997932434,,675367.0
286548,,0.0,675369.0
286557,0.3680317997932434,,675387.0
286558,,0.0,675389.0
286579,0.3680317997932434,,675419.1454545455
286580,,0.0,675420.7090909091
286593,0.3680317997932434,,675441.0363636364
286594,,0.0,675442.6
286601,0.3680317997932434,,675453.5454545454
286602,,0.0,675455.1090909091
286614,0.3680317997932434,,675473.8727272727
286615,,0.0,675475.4363636364
286631,0.3680317997932434,,675502.380952381
286632,,0.0,675504.3333333334
286641,0.3680317997932434,,675521.9047619047
286642,,0.0,675523.8571428572
286649,0.3680317997932434,,675537.5238095238
286650,,0.0,675539.4761904762
286658,0.3680317997932434,,675555.0952380953
286659,,0.0,675557.0476190476
286673,0.36805179715156555,,675586.72
286674,,2.0,675589.24
286684,0.3680717945098877,,675614.44
286685,,2.0,675616.96
286697,0.36809179186820984,,675647.2
286698,,2.0,675649.72
286710,0.368111789226532,,675679.96
286711,,2.0,675682.48
286730,0.368111789226532,,675709.96
286731,,0.0,675711.52
286740,0.368111789226532,,675725.56
286741,,0.0,675727.12
286751,0.368111789226532,,675742.72
286752,,0.0,675744.28
286762,0.368111789226532,,675759.88
286763,,0.0,675761.44
286781,0.368111789226532,,675785.5
286782,,0.0,675787.0
286791,0.368111789226532,,675800.5
286792,,0.0,675802.0
286802,0.368111789226532,,675817.0
286803,,0.0,675818.5
286816,0.368111789226532,,675838.0
286817,,0.0,675839.5
286830,0.36812180280685425,,675868.2222222222
286831,,1.0,675870.9444444445
286838,0.3681318163871765,,675890.0
286839,,1.0,675892.7222222222
286843,0.3681418299674988,,675903.6111111111
286844,,1.0,675906.3333333334
286854,0.36815184354782104,,675933.5555555555
286855,,1.0,675936.2777777778
286869,0.3681618571281433,,675965.5128205129
286870,,1.0,675967.9230769231
286875,0.3681718707084656,,675979.9743589744
286876,,1.0,675982.3846153846
286885,0.36818188428878784,,676004.0769230769
286886,,1.0,676006.4871794871
286895,0.3681918978691101,,676028.1794871795
286896,,1.0,676030.5897435897
286914,0.3682219088077545,,676095.5
286915,,3.0,676099.6666666666
286922,0.3682519197463989,,676128.8333333334
286923,,3.0,676133.0
286933,0.36828193068504333,,676174.6666666666
286934,,3.0,676178.8333333334
286945,0.36831194162368774,,676224.6666666666
286946,,3.0,676228.8333333334
286965,0.36831194162368774,,676258.4693877551
286966,,0.0,676260.0612244898
286977,0.36831194162368774,,676277.5714285715
286978,,0.0,676279.1632653062
286986,0.36831194162368774,,676291.8979591837
286987,,0.0,676293.4897959183
286996,0.36831194162368774,,676307.8163265307
286997,,0.0,676309.4081632653
287018,0.36832195520401,,676339.9285714285
287019,,1.0,676341.5357142857
287029,0.3683319687843323,,676357.6071428572
287030,,1.0,676359.2142857143
287043,0.36834198236465454,,676380.1071428572
287044,,1.0,676381.7142857143
287054,0.3683519959449768,,676397.7857142857
287055,,1.0,676399.3928571428
287070,0.3683620095252991,,676429.2
287071,,1.0,676431.55
287077,0.36837202310562134,,676445.65
287078,,1.0,676448.0
287089,0.3683820366859436,,676473.85
287090,,1.0,676476.2
287096,0.36839205026626587,,676490.3
287097,,1.0,676492.65
287112,0.368412047624588,,676551.7804878049
287113,,2.0,676556.512195122
287122,0.36843204498291016,,676599.0975609756
287123,,2.0,676603.8292682926
287130,0.3684520423412323,,676636.9512195121
287131,,2.0,676641.6829268293
287139,0.36847203969955444,,676679.5365853659
287140,,2.0,676684.268292683
287152,0.36847203969955444,,676704.2608695652
287153,,0.0,676705.9565217391
287164,0.36847203969955444,,676724.6086956522
287165,,0.0,676726.304347826
287175,0.36847203969955444,,676743.2608695652
287176,,0.0,676744.9565217391
287187,0.36847203969955444,,676763.6086956522
287188,,0.0,676765.304347826
287200,0.36847203969955444,,676781.7446808511
287201,,0.0,676783.3829787234
287211,0.36847203969955444,,676799.7659574468
287212,,0.0,676801.4042553192
287225,0.36847203969955444,,676822.7021276596
287226,,0.0,676824.340425532
287236,0.36847203969955444,,676840.7234042553
287237,,0.0,676842.3617021276
287256,0.36847203969955444,,676869.4693877551
287257,,0.0,676871.0612244898
287269,0.36847203969955444,,676890.1632653062
287270,,0.0,676891.7551020408
287278,0.36847203969955444,,676904.4897959183
287279,,0.0,676906.081632653
287287,0.36847203969955444,,676918.8163265307
287288,,0.0,676920.4081632653
287300,0.36847203969955444,,676939.325
287301,,0.0,676941.25
287307,0.36847203969955444,,676952.8
287308,,0.0,676954.725
287317,0.36847203969955444,,676972.05
287318,,0.0,676973.975
287329,0.36847203969955444,,676995.15
287330,,0.0,676997.075
287347,0.3684820532798767,,677023.8181818182
287348,,1.0,677025.5909090909
287356,0.368492066860199,,677039.7727272727
287357,,1.0,677041.5454545454
287365,0.36850208044052124,,677055.7272727273
287366,,1.0,677057.5
287375,0.3685120940208435,,677073.4545454546
287376,,1.0,677075.2272727273
287386,0.3685421049594879,,677110.25
287387,,3.0,677115.0
287397,0.3685721158981323,,677162.5
287398,,3.0,677167.25
287408,0.36860212683677673,,677214.75
287409,,3.0,677219.5
287417,0.36863213777542114,,677257.5
287418,,3.0,677262.25
287437,0.36863213777542114,,677295.8780487805
287438,,0.0,677297.6829268293
287445,0.36863213777542114,,677310.3170731707
287446,,0.0,677312.1219512195
287453,0.36863213777542114,,677324.756097561
287454,,0.0,677326.5609756098
287460,0.36863213777542114,,677337.3902439025
287461,,0.0,677339.1951219512
287478,0.3686521351337433,,677369.6222222223
287479,,2.0,677371.6666666666
287488,0.36867213249206543,,677390.0666666667
287489,,2.0,677392.1111111111
287496,0.3686921298503876,,677406.4222222222
287497,,2.0,677408.4666666667
287507,0.3687121272087097,,677428.911111111
287508,,2.0,677430.9555555555
287520,0.368722140789032,,677451.45
287521,,1.0,677453.5
287530,0.36873215436935425,,677471.95
287531,,1.0,677474.0
287540,0.3687421679496765,,677492.45
287541,,1.0,677494.5
287549,0.3687521815299988,,677510.9
287550,,1.0,677512.95
287564,0.3687521815299988,,677538.2571428572
287565,,0.0,677540.3714285714
287572,0.3687521815299988,,677555.1714285715
287573,,0.0,677557.2857142857
287580,0.3687521815299988,,677572.0857142857
287581,,0.0,677574.2
287586,0.3687521815299988,,677584.7714285714
287587,,0.0,677586.8857142857
287601,0.3687521815299988,,677607.6521739131
287602,,0.0,677609.3478260869
287613,0.3687521815299988,,677628.0
287614,,0.0,677629.695652174
287626,0.3687521815299988,,677650.0434782609
287627,,0.0,677651.7391304348
287634,0.3687521815299988,,677663.6086956522
287635,,0.0,677665.304347826
287654,0.3687521815299988,,677691.4705882353
287655,,0.0,677693.0
287663,0.3687521815299988,,677705.2352941176
287664,,0.0,677706.7647058824
287673,0.3687521815299988,,677720.5294117647
287674,,0.0,677722.0588235294
287687,0.3687521815299988,,677741.9411764706
287688,,0.0,677743.4705882353
287704,0.3687521815299988,,677769.7906976744
287705,,0.0,677771.6976744186
287716,0.3687521815299988,,677792.6744186047
287717,,0.0,677794.5813953489
287725,0.3687521815299988,,677809.8372093023
287726,,0.0,677811.7441860465
287732,0.3687521815299988,,677823.1860465116
287733,,0.0,677825.0930232558
287750,0.3687721788883209,,677856.75
287751,,2.0,677858.875
287763,0.36879217624664307,,677884.375
287764,,2.0,677886.5
287773,0.3688121736049652,,677905.625
287774,,2.0,677907.75
287782,0.36883217096328735,,677924.75
287783,,2.0,677926.875
287801,0.36883217096328735,,677948.5
287802,,0.0,677949.8
287816,0.36883217096328735,,677968.0
287817,,0.0,677969.3
287828,0.36883217096328735,,677983.6
287829,,0.0,677984.9
287844,0.36883217096328735,,678004.4
287845,,0.0,678005.7
287859,0.36883217096328735,,678026.9534883721
287860,,0.0,678028.7674418605
287873,0.36883217096328735,,678052.3488372093
287874,,0.0,678054.1627906977
287882,0.36883217096328735,,678068.6744186047
287883,,0.0,678070.4883720931
287889,0.36883217096328735,,678081.3720930233
287890,,0.0,678083.1860465116
287906,0.3688421845436096,,678107.9411764706
287907,,1.0,678109.7058823529
287920,0.3688521981239319,,678132.6470588235
287921,,1.0,678134.4117647059
287934,0.36886221170425415,,678157.3529411765
287935,,1.0,678159.1176470588
287942,0.3688722252845764,,678171.4705882353
287943,,1.0,678173.2352941176
287960,0.3688822388648987,,678198.6923076923
287961,,1.0,678200.3846153846
287972,0.36889225244522095,,678219.0
287973,,1.0,678220.6923076923
287984,0.3689022660255432,,678239.3076923077
287985,,1.0,678241.0
287996,0.3689122796058655,,678259.6153846154
287997,,1.0,678261.3076923077
288015,0.3689122796058655,,678289.1702127659
288016,,0.0,678290.914893617
288024,0.3689122796058655,,678304.8723404255
288025,,0.0,678306.6170212766
288036,0.3689122796058655,,678325.8085106383
288037,,0.0,678327.5531914893
288045,0.3689122796058655,,678341.5106382979
288046,,0.0,678343.2553191489
288059,0.3689122796058655,,678365.0
288060,,0.0,678367.0
288070,0.3689122796058655,,678387.0
288071,,0.0,678389.0
288080,0.3689122796058655,,678407.0
288081,,0.0,678409.0
288088,0.3689122796058655,,678423.0
288089,,0.0,678425.0
288104,0.36892229318618774,,678453.1818181818
288105,,1.0,678455.3636363636
288113,0.36893230676651,,678472.8181818182
288114,,1.0,678475.0
288123,0.3689423203468323,,678494.6363636364
288124,,1.0,678496.8181818182
288134,0.36895233392715454,,678518.6363636364
288135,,1.0,678520.8181818182
288147,0.36895233392715454,,678541.972972973
288148,,0.0,678544.0810810811
288159,0.36895233392715454,,678567.2702702703
288160,,0.0,678569.3783783783
288167,0.36895233392715454,,678584.1351351351
288168,,0.0,678586.2432432432
288173,0.36895233392715454,,678596.7837837838
288174,,0.0,678598.8918918918
288191,0.3689623475074768,,678629.0
288192,,1.0,678631.0
288198,0.3689723610877991,,678643.0
288199,,1.0,678645.0
288209,0.36898237466812134,,678665.0
288210,,1.0,678667.0
288224,0.3689923882484436,,678695.0
288225,,1.0,678697.0
288240,0.36901238560676575,,678748.4285714285
288241,,2.0,678752.5476190476
288247,0.3690323829650879,,678777.2619047619
288248,,2.0,678781.380952381
288257,0.36905238032341003,,678818.4523809524
288258,,2.0,678822.5714285715
288268,0.3690723776817322,,678863.7619047619
288269,,2.0,678867.880952381
288283,0.36908239126205444,,678899.0285714286
288284,,1.0,678901.4857142858
288288,0.3690924048423767,,678911.3142857143
288289,,1.0,678913.7714285714
288297,0.369102418422699,,678933.4285714285
288298,,1.0,678935.8857142857
288305,0.36911243200302124,,678953.0857142857
288306,,1.0,678955.5428571429
288319,0.36911243200302124,,678976.1395348837
288320,,0.0,678977.9534883721
288331,0.36911243200302124,,678997.9069767442
288332,,0.0,678999.7209302326
288341,0.36911243200302124,,679016.0465116279
288342,,0.0,679017.8604651163
288350,0.36911243200302124,,679032.3720930233
288351,,0.0,679034.1860465116
288363,0.3691324293613434,,679066.8918918918
288364,,2.0,679070.3243243244
288370,0.3691524267196655,,679090.9189189189
288371,,2.0,679094.3513513514
288379,0.36917242407798767,,679121.8108108108
288380,,2.0,679125.2432432432
288389,0.3691924214363098,,679156.1351351351
288390,,2.0,679159.5675675676
288405,0.3692024350166321,,679183.2352941176
288406,,1.0,679184.9215686275
288417,0.36921244859695435,,679203.4705882353
288418,,1.0,679205.1568627451
288429,0.3692224621772766,,679223.7058823529
288430,,1.0,679225.3921568628
288442,0.3692324757575989,,679245.6274509804
288443,,1.0,679247.3137254902
288462,0.369252473115921,,679281.0
288463,,2.0,679283.0
288476,0.36927247047424316,,679309.0
288477,,2.0,679311.0
288486,0.3692924678325653,,679329.0
288487,,2.0,679331.0
288493,0.36931246519088745,,679343.0
288494,,2.0,679345.0
288508,0.36931246519088745,,679363.28
288509,,0.0,679364.76
288520,0.36931246519088745,,679381.04
288521,,0.0,679382.52
288534,0.36931246519088745,,679401.76
288535,,0.0,679403.24
288545,0.36931246519088745,,679418.04
288546,,0.0,679419.52
288562,0.36931246519088745,,679444.5813953489
288563,,0.0,679446.3953488372
288568,0.36931246519088745,,679455.4651162791
288569,,0.0,679457.2790697674
288580,0.36931246519088745,,679477.2325581395
288581,,0.0,679479.0465116279
288590,0.36931246519088745,,679495.3720930233
288591,,0.0,679497.1860465116
288607,0.3693224787712097,,679522.5625
288608,,1.0,679524.375
288620,0.369332492351532,,679546.125
288621,,1.0,679547.9375
288629,0.36934250593185425,,679562.4375
288630,,1.0,679564.25
288640,0.3693525195121765,,679582.375
288641,,1.0,679584.1875
288656,0.3693625330924988,,679606.8163265307
288657,,1.0,679608.5510204082
288666,0.36937254667282104,,679624.1632653062
288667,,1.0,679625.8979591837
288680,0.3693825602531433,,679648.4489795918
288681,,1.0,679650.1836734693
288691,0.3693925738334656,,679667.5306122449
288692,,1.0,679669.2653061225
288707,0.3693925738334656,,679691.0869565217
288708,,0.0,679692.7608695652
288718,0.3693925738334656,,679709.5
288719,,0.0,679711.1739130435
288726,0.3693925738334656,,679722.8913043478
288727,,0.0,679724.5652173914
288739,0.3693925738334656,,679744.6521739131
288740,,0.0,679746.3260869565
288760,0.3693925738334656,,679770.4642857143
288761,,0.0,679771.7857142857
288769,0.3693925738334656,,679782.3571428572
288770,,0.0,679783.6785714285
288785,0.3693925738334656,,679803.5
288786,,0.0,679804.8214285715
288797,0.3693925738334656,,679819.3571428572
288798,,0.0,679820.6785714285
288811,0.3693925738334656,,679837.1020408163
288812,,0.0,679838.612244898
288825,0.3693925738334656,,679858.2448979592
288826,,0.0,679859.7551020408
288835,0.3693925738334656,,679873.3469387755
288836,,0.0,679874.8571428572
288848,0.3693925738334656,,679892.9795918367
288849,,0.0,679894.4897959183
288863,0.3693925738334656,,679915.9534883721
288864,,0.0,679917.7674418605
288870,0.3693925738334656,,679928.6511627907
288871,,0.0,679930.4651162791
288880,0.3693925738334656,,679946.7906976744
288881,,0.0,679948.6046511628
288893,0.3693925738334656,,679970.3720930233
288894,,0.0,679972.1860465116
288910,0.36940258741378784,,679993.6140350878
288911,,1.0,679995.1228070175
288923,0.3694126009941101,,680013.2280701754
288924,,1.0,680014.7368421053
288932,0.3694226145744324,,680026.8070175438
288933,,1.0,680028.3157894737
288952,0.36943262815475464,,680056.9824561403
288953,,1.0,680058.4912280702
288967,0.3694426417350769,,680084.3913043478
288968,,1.0,680086.6086956522
288978,0.36945265531539917,,680108.7826086957
288979,,1.0,680111.0
288989,0.36946266889572144,,680133.1739130435
288990,,1.0,680135.3913043478
289000,0.3694726824760437,,680157.5652173914
289001,,1.0,680159.7826086957
289014,0.36949267983436584,,680187.9090909091
289015,,2.0,680190.5
289027,0.369512677192688,,680221.5909090909
289028,,2.0,680224.1818181818
289033,0.36953267455101013,,680237.1363636364
289034,,2.0,680239.7272727273
289046,0.3695526719093323,,680270.8181818182
289047,,2.0,680273.4090909091
289064,0.3695526719093323,,680302.0
289065,,0.0,680303.8571428572
289073,0.3695526719093323,,680318.7142857143
289074,,0.0,680320.5714285715
289082,0.3695526719093323,,680335.4285714285
289083,,0.0,680337.2857142857
289090,0.3695526719093323,,680350.2857142857
289091,,0.0,680352.1428571428
289109,0.3695526719093323,,680375.3461538461
289110,,0.0,680376.7692307692
289125,0.3695526719093323,,680398.1153846154
289126,,0.0,680399.5384615385
289133,0.3695526719093323,,680409.5
289134,,0.0,680410.9230769231
289144,0.3695526719093323,,680425.1538461539
289145,,0.0,680426.5769230769
289159,0.3695526719093323,,680447.0666666667
289160,,0.0,680448.8
289172,0.3695526719093323,,680469.6
289173,,0.0,680471.3333333334
289181,0.3695526719093323,,680485.2
289182,,0.0,680486.9333333333
289191,0.3695526719093323,,680502.5333333333
289192,,0.0,680504.2666666667
289207,0.3695726692676544,,680537.5294117647
289208,,2.0,680540.1568627451
289222,0.36959266662597656,,680576.9411764706
289223,,2.0,680579.568627451
289231,0.3696126639842987,,680600.5882352941
289232,,2.0,680603.2156862745
289244,0.36963266134262085,,680634.7450980392
289245,,2.0,680637.3725490196
289264,0.3696426749229431,,680668.5217391305
289265,,1.0,680670.304347826
289273,0.3696526885032654,,680684.5652173914
289274,,1.0,680686.3478260869
289282,0.36966270208358765,,680700.6086956522
289283,,1.0,680702.3913043478
289292,0.3696727156639099,,680718.4347826086
289293,,1.0,680720.2173913043
289310,0.3696727156639099,,680744.75
289311,,0.0,680746.375
289318,0.3696727156639099,,680757.75
289319,,0.0,680759.375
289329,0.3696727156639099,,680775.625
289330,,0.0,680777.25
289342,0.3696727156639099,,680796.75
289343,,0.0,680798.375
289357,0.3696827292442322,,680827.387755102
289358,,1.0,680829.8775510204
289368,0.36969274282455444,,680854.775510204
289369,,1.0,680857.2653061225
289382,0.3697027564048767,,680889.6326530612
289383,,1.0,680892.1224489796
289393,0.369712769985199,,680917.0204081633
289394,,1.0,680919.5102040817
289409,0.36972278356552124,,680949.7142857143
289410,,1.0,680952.0238095238
289416,0.3697327971458435,,680965.880952381
289417,,1.0,680968.1904761905
289426,0.36974281072616577,,680988.9761904762
289427,,1.0,680991.2857142857
289437,0.36975282430648804,,681014.380952381
289438,,1.0,681016.6904761905
289455,0.36978283524513245,,681045.0784313725
289456,,3.0,681046.9411764706
289468,0.36981284618377686,,681069.2941176471
289469,,3.0,681071.1568627451
289479,0.36984285712242126,,681089.7843137255
289480,,3.0,681091.6470588235
289490,0.3698728680610657,,681110.274509804
289491,,3.0,681112.1372549019
289507,0.3698728680610657,,681135.3777777777
289508,,0.0,681137.0222222222
289517,0.3698728680610657,,681151.8222222222
289518,,0.0,681153.4666666667
289526,0.3698728680610657,,681166.6222222223
289527,,0.0,681168.2666666667
289537,0.3698728680610657,,681184.7111111111
289538,,0.0,681186.3555555556
289552,0.36988288164138794,,681212.75
289553,,1.0,681215.0
289562,0.3698928952217102,,681235.25
289563,,1.0,681237.5
289571,0.36990290880203247,,681255.5
289572,,1.0,681257.75
289579,0.36991292238235474,,681273.5
289580,,1.0,681275.75
289590,0.36991292238235474,,681291.475
289591,,0.0,681293.4
289600,0.36991292238235474,,681310.725
289601,,0.0,681312.65
289611,0.36991292238235474,,681331.9
289612,,0.0,681333.825
289621,0.36991292238235474,,681351.15
289622,,0.0,681353.075
289634,0.3699329197406769,,681389.5681818182
289635,,2.0,681393.4090909091
289643,0.369952917098999,,681424.1363636364
289644,,2.0,681427.9772727273
289657,0.36997291445732117,,681477.9090909091
289658,,2.0,681481.75
289667,0.3699929118156433,,681516.3181818182
289668,,2.0,681520.1590909091
289682,0.3699929118156433,,681544.35
289683,,0.0,681546.2
289689,0.3699929118156433,,681557.3
289690,,0.0,681559.15
289699,0.3699929118156433,,681575.8
289700,,0.0,681577.65
289709,0.3699929118156433,,681594.3
289710,,0.0,681596.15
289723,0.37001290917396545,,681620.2916666666
289724,,2.0,681622.5208333334
289733,0.3700329065322876,,681642.5833333334
289734,,2.0,681644.8125
289746,0.37005290389060974,,681671.5625
289747,,2.0,681673.7916666666
289759,0.3700729012489319,,681700.5416666666
289760,,2.0,681702.7708333334
289772,0.37008291482925415,,681724.35
289773,,1.0,681726.5
289785,0.3700929284095764,,681752.3
289786,,1.0,681754.45
289792,0.3701029419898987,,681767.35
289793,,1.0,681769.5
289801,0.37011295557022095,,681786.7
289802,,1.0,681788.85
289817,0.37014296650886536,,681820.7391304348
289818,,3.0,681823.2173913043
289830,0.37017297744750977,,681852.9565217391
289831,,3.0,681855.4347826086
289838,0.3702029883861542,,681872.7826086957
289839,,3.0,681875.2608695652
289849,0.3702329993247986,,681900.0434782609
289850,,3.0,681902.5217391305
289865,0.3702329993247986,,681923.1224489796
289866,,0.0,681924.6326530612
289877,0.3702329993247986,,681941.2448979592
289878,,0.0,681942.7551020408
289888,0.3702329993247986,,681957.8571428572
289889,,0.0,681959.3673469388
289900,0.3702329993247986,,681975.9795918367
289901,,0.0,681977.4897959183
289913,0.3702329993247986,,681995.65
289914,,0.0,681997.5
289919,0.3702329993247986,,682006.75
289920,,0.0,682008.6
289931,0.3702329993247986,,682028.95
289932,,0.0,682030.8
289942,0.3702329993247986,,682049.3
289943,,0.0,682051.15
289968,0.37024301290512085,,682090.84
289969,,1.0,682092.56
289975,0.3702530264854431,,682102.88
289976,,1.0,682104.6
289988,0.3702630400657654,,682125.24
289989,,1.0,682126.96
289994,0.37027305364608765,,682135.56
289995,,1.0,682137.28
290004,0.37027305364608765,,682150.6842105263
290005,,0.0,682152.6315789474
290014,0.37027305364608765,,682170.1578947369
290015,,0.0,682172.1052631579
290027,0.37027305364608765,,682195.4736842106
290028,,0.0,682197.4210526316
290034,0.37027305364608765,,682209.1052631579
290035,,0.0,682211.052631579
290050,0.3702830672264099,,682235.2857142857
290051,,1.0,682237.1428571428
290058,0.3702930808067322,,682250.1428571428
290059,,1.0,682252.0
290067,0.37030309438705444,,682266.8571428572
290068,,1.0,682268.7142857143
290078,0.3703131079673767,,682287.2857142857
290079,,1.0,682289.1428571428
290094,0.3703131079673767,,682312.0
290095,,0.0,682313.75
290107,0.3703131079673767,,682334.75
290108,,0.0,682336.5
290114,0.3703131079673767,,682347.0
290115,,0.0,682348.75
290124,0.3703131079673767,,682364.5
290125,,0.0,682366.25
290137,0.37033310532569885,,682401.6
290138,,2.0,682405.3333333334
290149,0.370353102684021,,682446.4
290150,,2.0,682450.1333333333
290161,0.37037310004234314,,682491.2
290162,,2.0,682494.9333333333
290171,0.3703930974006653,,682528.5333333333
290172,,2.0,682532.2666666667
290189,0.37040311098098755,,682568.8461538461
290190,,1.0,682571.1923076923
290197,0.3704131245613098,,682587.6153846154
290198,,1.0,682589.9615384615
290209,0.3704231381416321,,682615.7692307692
290210,,1.0,682618.1153846154
290225,0.37043315172195435,,682653.3076923077
290226,,1.0,682655.6538461539
290244,0.37043315172195435,,682684.9318181818
290245,,0.0,682686.7272727273
290252,0.37043315172195435,,682699.2954545454
290253,,0.0,682701.0909090909
290262,0.37043315172195435,,682717.25
290263,,0.0,682719.0454545454
290271,0.37043315172195435,,682733.4090909091
290272,,0.0,682735.2045454546
290284,0.37043315172195435,,682753.0434782609
290285,,0.0,682754.8260869565
290294,0.37043315172195435,,682770.8695652174
290295,,0.0,682772.6521739131
290307,0.37043315172195435,,682794.0434782609
290308,,0.0,682795.8260869565
290319,0.37043315172195435,,682815.4347826086
290320,,0.0,682817.2173913043
290333,0.37043315172195435,,682834.918367347
290334,,0.0,682836.5102040817
290345,0.37043315172195435,,682854.0204081633
290346,,0.0,682855.612244898
290356,0.37043315172195435,,682871.5306122449
290357,,0.0,682873.1224489796
290370,0.37043315172195435,,682893.8163265307
290371,,0.0,682895.4081632653
290386,0.37043315172195435,,682918.9512195121
290387,,0.0,682920.7804878049
290397,0.37043315172195435,,682939.0731707317
290398,,0.0,682940.9024390244
290408,0.37043315172195435,,682959.1951219512
290409,,0.0,682961.0243902439
290413,0.37043315172195435,,682968.3414634146
290414,,0.0,682970.1707317074
290430,0.37043315172195435,,682993.5744680851
290431,,0.0,682995.2340425532
290442,0.37043315172195435,,683013.4893617021
290443,,0.0,683015.1489361703
290454,0.37043315172195435,,683033.4042553192
290455,,0.0,683035.0638297872
290462,0.37043315172195435,,683046.6808510638
290463,,0.0,683048.340425532
290477,0.3704531490802765,,683073.9130434783
290478,,2.0,683076.0869565217
290493,0.37047314643859863,,683108.695652174
290494,,2.0,683110.8695652174
290500,0.3704931437969208,,683123.9130434783
290501,,2.0,683126.0869565217
290510,0.3705131411552429,,683145.6521739131
290511,,2.0,683147.8260869565
290525,0.3705131411552429,,683173.1891891892
290526,,0.0,683175.2972972973
290534,0.3705131411552429,,683192.1621621621
290535,,0.0,683194.2702702703
290544,0.3705131411552429,,683213.2432432432
290545,,0.0,683215.3513513514
290549,0.3705131411552429,,683223.7837837838
290550,,0.0,683225.8918918918
290562,0.37054315209388733,,683270.8823529412
290563,,3.0,683275.6470588235
290568,0.37057316303253174,,683299.4705882353
290569,,3.0,683304.2352941176
290577,0.37060317397117615,,683342.3529411765
290578,,3.0,683347.1176470588
290585,0.37063318490982056,,683380.4705882353
290586,,3.0,683385.2352941176
290605,0.37063318490982056,,683420.5777777778
290606,,0.0,683422.4888888889
290613,0.37063318490982056,,683435.8666666667
290614,,0.0,683437.7777777778
290622,0.37063318490982056,,683453.0666666667
290623,,0.0,683454.9777777778
290632,0.37063318490982056,,683472.1777777778
290633,,0.0,683474.088888889
290652,0.3706431984901428,,683506.1538461539
290653,,1.0,683508.0384615385
290665,0.3706532120704651,,683530.6538461539
290666,,1.0,683532.5384615385
290679,0.37066322565078735,,683557.0384615385
290680,,1.0,683558.9230769231
290686,0.3706732392311096,,683570.2307692308
290687,,1.0,683572.1153846154
290702,0.3706732392311096,,683593.7333333333
290703,,0.0,683595.3777777777
290710,0.3706732392311096,,683606.8888888889
290711,,0.0,683608.5333333333
290719,0.3706732392311096,,683621.6888888889
290720,,0.0,683623.3333333334
290733,0.3706732392311096,,683644.7111111111
290734,,0.0,683646.3555555556
290752,0.37069323658943176,,683681.679245283
290753,,2.0,683683.9245283019
290769,0.3707132339477539,,683719.8490566037
290770,,2.0,683722.0943396227
290777,0.37073323130607605,,683737.8113207547
290778,,2.0,683740.0566037736
290788,0.3707532286643982,,683762.5094339623
290789,,2.0,683764.7547169811
290803,0.37077322602272034,,683794.7619047619
290804,,2.0,683797.2857142857
290814,0.3707932233810425,,683822.5238095238
290815,,2.0,683825.0476190476
290823,0.3708132207393646,,683845.2380952381
290824,,2.0,683847.7619047619
290832,0.37083321809768677,,683867.9523809524
290833,,2.0,683870.4761904762
290844,0.37083321809768677,,683887.1818181818
290845,,0.0,683888.9545454546
290857,0.37083321809768677,,683910.2272727273
290858,,0.0,683912.0
290869,0.37083321809768677,,683931.5
290870,,0.0,683933.2727272727
290878,0.37083321809768677,,683947.4545454546
290879,,0.0,683949.2272727273
290895,0.37083321809768677,,683974.5
290896,,0.0,683976.3076923077
290906,0.37083321809768677,,683994.3846153846
290907,,0.0,683996.1923076923
290918,0.37083321809768677,,684016.0769230769
290919,,0.0,684017.8846153846
290932,0.37083321809768677,,684041.3846153846
290933,,0.0,684043.1923076923
290952,0.37083321809768677,,684072.5348837209
290953,,0.0,684074.2558139535
290961,0.37083321809768677,,684088.023255814
290962,,0.0,684089.7441860465
290969,0.37083321809768677,,684101.7906976744
290970,,0.0,684103.5116279069
290977,0.37083321809768677,,684115.5581395349
290978,,0.0,684117.2790697674
290993,0.37084323167800903,,684143.5454545454
290994,,1.0,684145.5909090909
291006,0.3708532452583313,,684170.1363636364
291007,,1.0,684172.1818181818
291016,0.37086325883865356,,684190.5909090909
291017,,1.0,684192.6363636364
291023,0.37087327241897583,,684204.9090909091
291024,,1.0,684206.9545454546
291039,0.37087327241897583,,684230.1428571428
291040,,0.0,684231.9047619047
291047,0.37087327241897583,,684244.2380952381
291048,,0.0,684246.0
291057,0.37087327241897583,,684261.8571428572
291058,,0.0,684263.619047619
291067,0.37087327241897583,,684279.4761904762
291068,,0.0,684281.2380952381
291084,0.37087327241897583,,684302.8823529412
291085,,0.0,684304.4117647059
291099,0.37087327241897583,,684325.8235294118
291100,,0.0,684327.3529411765
291110,0.37087327241897583,,684342.6470588235
291111,,0.0,684344.1764705882
291120,0.37087327241897583,,684357.9411764706
291121,,0.0,684359.4705882353
291144,0.3708832859992981,,684393.6923076923
291145,,1.0,684395.3269230769
291151,0.37089329957962036,,684405.1346153846
291152,,1.0,684406.7692307692
291163,0.3709033131599426,,684424.75
291164,,1.0,684426.3846153846
291174,0.3709133267402649,,684442.7307692308
291175,,1.0,684444.3653846154
291191,0.37092334032058716,,684479.8
291192,,1.0,684482.4
291200,0.3709333539009094,,684503.2
291201,,1.0,684505.8
291209,0.3709433674812317,,684526.6
291210,,1.0,684529.2
291221,0.37095338106155396,,684557.8
291222,,1.0,684560.4
291243,0.3709733784198761,,684593.5660377359
291244,,2.0,684595.2641509434
291253,0.37099337577819824,,684610.5471698113
291254,,2.0,684612.2452830189
291266,0.3710133731365204,,684632.6226415094
291267,,2.0,684634.320754717
291276,0.37103337049484253,,684649.6037735849
291277,,2.0,684651.3018867924
291290,0.37103337049484253,,684673.5555555555
291291,,0.0,684675.6111111111
291297,0.37103337049484253,,684687.9444444445
291298,,0.0,684690.0
291304,0.37103337049484253,,684702.3333333334
291305,,0.0,684704.3888888889
291314,0.37103337049484253,,684722.8888888889
291315,,0.0,684724.9444444445
291331,0.3710433840751648,,684754.268292683
291332,,1.0,684756.3658536585
291338,0.37105339765548706,,684768.9512195121
291339,,1.0,684771.0487804879
291346,0.3710634112358093,,684785.731707317
291347,,1.0,684787.8292682926
291357,0.3710734248161316,,684808.8048780488
291358,,1.0,684810.9024390244
291376,0.3710734248161316,,684836.804347826
291377,,0.0,684838.3913043478
291383,0.3710734248161316,,684847.9130434783
291384,,0.0,684849.5
291392,0.3710734248161316,,684862.195652174
291393,,0.0,684863.7826086957
291405,0.3710734248161316,,684882.8260869565
291406,,0.0,684884.4130434783
291422,0.37108343839645386,,684909.7872340425
291423,,1.0,684911.6170212766
291433,0.3710934519767761,,684929.914893617
291434,,1.0,684931.7446808511
291445,0.3711034655570984,,684951.8723404255
291446,,1.0,684953.7021276596
291454,0.37111347913742065,,684968.340425532
291455,,1.0,684970.1702127659
291472,0.37111347913742065,,684993.1372549019
291473,,0.0,684994.6470588235
291485,0.37111347913742065,,685012.7647058824
291486,,0.0,685014.274509804
291492,0.37111347913742065,,685023.3333333334
291493,,0.0,685024.8431372549
291507,0.37111347913742065,,685045.9803921569
291508,,0.0,685047.4901960784
291522,0.37111347913742065,,685072.1891891892
291523,,0.0,685074.2972972973
291530,0.37111347913742065,,685089.0540540541
291531,,0.0,685091.1621621621
291540,0.37111347913742065,,685110.1351351351
291541,,0.0,685112.2432432432
291546,0.37111347913742065,,685122.7837837838
291547,,0.0,685124.8918918918
291564,0.37114349007606506,,685145.6666666666
291565,,3.0,685147.0
291571,0.3711735010147095,,685155.0
291572,,3.0,685156.3333333334
291585,0.3712035119533539,,685173.6666666666
291586,,3.0,685175.0
291599,0.3712335228919983,,685192.3333333334
291600,,3.0,685193.6666666666
291619,0.3712335228919983,,685219.96
291620,,0.0,685221.52
291631,0.3712335228919983,,685238.68
291632,,0.0,685240.24
291644,0.3712335228919983,,685258.96
291645,,0.0,685260.52
291651,0.3712335228919983,,685269.88
291652,,0.0,685271.44
291664,0.3712335228919983,,685291.972972973
291665,,0.0,685294.0810810811
291672,0.3712335228919983,,685308.8378378379
291673,,0.0,685310.9459459459
291682,0.3712335228919983,,685329.9189189189
291683,,0.0,685332.027027027
291690,0.3712335228919983,,685346.7837837838
291691,,0.0,685348.8918918918
291706,0.37125352025032043,,685389.1
291707,,2.0,685392.275
291716,0.3712735176086426,,685420.85
291717,,2.0,685424.025
291726,0.3712935149669647,,685452.6
291727,,2.0,685455.775
291732,0.37131351232528687,,685471.65
291733,,2.0,685474.825
291744,0.371333509683609,,685497.2727272727
291745,,2.0,685499.6818181818
291756,0.37135350704193115,,685526.1818181818
291757,,2.0,685528.5909090909
291768,0.3713735044002533,,685555.0909090909
291769,,2.0,685557.5
291778,0.37139350175857544,,685579.1818181818
291779,,2.0,685581.5909090909
291792,0.3714134991168976,,685618.0
291793,,2.0,685621.4
291803,0.3714334964752197,,685655.4
291804,,2.0,685658.8
291813,0.37145349383354187,,685689.4
291814,,2.0,685692.8
291825,0.371473491191864,,685730.2
291826,,2.0,685733.6
291838,0.37149348855018616,,685763.4130434783
291839,,2.0,685766.3478260869
291852,0.3715134859085083,,685804.5
291853,,2.0,685807.4347826086
291863,0.37153348326683044,,685836.7826086957
291864,,2.0,685839.7173913043
291873,0.3715534806251526,,685866.1304347826
291874,,2.0,685869.0652173914
291893,0.37156349420547485,,685908.8695652174
291894,,1.0,685911.1739130435
291902,0.3715735077857971,,685929.6086956522
291903,,1.0,685931.9130434783
291912,0.3715835213661194,,685952.6521739131
291913,,1.0,685954.9565217391
291921,0.37159353494644165,,685973.3913043478
291922,,1.0,685975.695652174
291937,0.37159353494644165,,685997.659574468
291938,,0.0,685999.2978723404
291949,0.37159353494644165,,686017.3191489362
291950,,0.0,686018.9574468085
291961,0.37159353494644165,,686036.9787234042
291962,,0.0,686038.6170212766
291970,0.37159353494644165,,686051.7234042553
291971,,0.0,686053.3617021276
291982,0.3716135323047638,,686073.0
291983,,2.0,686075.25
291994,0.37163352966308594,,686100.0
291995,,2.0,686102.25
292000,0.3716535270214081,,686113.5
292001,,2.0,686115.75
292012,0.3716735243797302,,686140.5
292013,,2.0,686142.75
292025,0.3716835379600525,,686162.1428571428
292026,,1.0,686164.0476190476
292034,0.37169355154037476,,686179.2857142857
292035,,1.0,686181.1904761905
292046,0.371703565120697,,686202.1428571428
292047,,1.0,686204.0476190476
292056,0.3717135787010193,,686221.1904761905
292057,,1.0,686223.0952380953
292070,0.37173357605934143,,686254.7727272727
292071,,2.0,686257.75
292085,0.3717535734176636,,686299.4318181818
292086,,2.0,686302.4090909091
292095,0.3717735707759857,,686329.2045454546
292096,,2.0,686332.1818181818
292102,0.37179356813430786,,686350.0454545454
292103,,2.0,686353.0227272727
292115,0.3718035817146301,,686380.5
292116,,1.0,686383.2222222222
292128,0.3718135952949524,,686415.8888888889
292129,,1.0,686418.6111111111
292133,0.37182360887527466,,686429.5
292134,,1.0,686432.2222222222
292140,0.3718336224555969,,686448.5555555555
292141,,1.0,686451.2777777778
292156,0.3718336224555969,,686474.8
292157,,0.0,686476.5333333333
292168,0.3718336224555969,,686495.6
292169,,0.0,686497.3333333334
292178,0.3718336224555969,,686512.9333333333
292179,,0.0,686514.6666666666
292187,0.3718336224555969,,686528.5333333333
292188,,0.0,686530.2666666667
292198,0.37185361981391907,,686551.7105263158
292199,,2.0,686554.5263157894
292208,0.3718736171722412,,686579.8684210526
292209,,2.0,686582.6842105263
292219,0.37189361453056335,,686610.8421052631
292220,,2.0,686613.6578947369
292227,0.3719136118888855,,686633.3684210526
292228,,2.0,686636.1842105263
292238,0.3719436228275299,,686671.5581395349
292239,,3.0,686676.2093023256
292252,0.3719736337661743,,686736.6744186047
292253,,3.0,686741.3255813953
292261,0.3720036447048187,,686778.5348837209
292262,,3.0,686783.1860465116
292272,0.37203365564346313,,686829.6976744186
292273,,3.0,686834.3488372093
292285,0.3720436692237854,,686858.8461538461
292286,,1.0,686861.0512820513
292295,0.37205368280410767,,686880.8974358974
292296,,1.0,686883.1025641026
292303,0.37206369638442993,,686898.5384615385
292304,,1.0,686900.7435897436
292313,0.3720737099647522,,686920.5897435897
292314,,1.0,686922.7948717949
292329,0.37208372354507446,,686951.693877551
292330,,1.0,686953.918367347
292340,0.37209373712539673,,686976.1632653062
292341,,1.0,686978.387755102
292352,0.372103750705719,,687002.8571428572
292353,,1.0,687005.081632653
292364,0.37211376428604126,,687029.5510204082
292365,,1.0,687031.775510204
292377,0.37214377522468567,,687060.052631579
292378,,3.0,687062.947368421
292389,0.3721737861633301,,687094.7894736842
292390,,3.0,687097.6842105263
292397,0.3722037971019745,,687117.947368421
292398,,3.0,687120.8421052631
292404,0.3722338080406189,,687138.2105263158
292405,,3.0,687141.1052631579
292421,0.37225380539894104,,687200.4390243902
292422,,2.0,687204.7804878049
292430,0.3722738027572632,,687239.512195122
292431,,2.0,687243.8536585366
292438,0.3722938001155853,,687274.243902439
292439,,2.0,687278.5853658536
292447,0.37231379747390747,,687313.3170731707
292448,,2.0,687317.6585365854
292463,0.37231379747390747,,687342.8
292464,,0.0,687344.5333333333
292472,0.37231379747390747,,687358.4
292473,,0.0,687360.1333333333
292485,0.37231379747390747,,687380.9333333333
292486,,0.0,687382.6666666666
292494,0.37231379747390747,,687396.5333333333
292495,,0.0,687398.2666666667
292511,0.37231379747390747,,687421.8636363636
292512,,0.0,687423.5454545454
292517,0.37231379747390747,,687431.9545454546
292518,,0.0,687433.6363636364
292531,0.37231379747390747,,687455.5
292532,,0.0,687457.1818181818
292540,0.37231379747390747,,687470.6363636364
292541,,0.0,687472.3181818182
292554,0.37231379747390747,,687493.0243902439
292555,,0.0,687494.9268292683
292567,0.37231379747390747,,687517.756097561
292568,,0.0,687519.6585365854
292575,0.37231379747390747,,687532.9756097561
292576,,0.0,687534.8780487805
292583,0.37231379747390747,,687548.1951219512
292584,,0.0,687550.0975609756
292600,0.3723337948322296,,687591.0
292601,,2.0,687594.0
292611,0.37235379219055176,,687624.0
292612,,2.0,687627.0
292618,0.3723737895488739,,687645.0
292619,,2.0,687648.0
292629,0.37239378690719604,,687678.0
292630,,2.0,687681.0
292643,0.3724038004875183,,687710.8181818182
292644,,1.0,687713.5
292656,0.3724138140678406,,687745.6818181818
292657,,1.0,687748.3636363636
292664,0.37242382764816284,,687767.1363636364
292665,,1.0,687769.8181818182
292675,0.3724338412284851,,687796.6363636364
292676,,1.0,687799.3181818182
292689,0.3724338412284851,,687822.0
292690,,0.0,687824.0
292695,0.3724338412284851,,687834.0
292696,,0.0,687836.0
292705,0.3724338412284851,,687854.0
292706,,0.0,687856.0
292714,0.3724338412284851,,687872.0
292715,,0.0,687874.0
292731,0.3724638521671295,,687891.7857142857
292732,,3.0,687893.0
292742,0.3724938631057739,,687905.1428571428
292743,,3.0,687906.3571428572
292752,0.37252387404441833,,687917.2857142857
292753,,3.0,687918.5
292758,0.37255388498306274,,687924.5714285715
292759,,3.0,687925.7857142857
292774,0.372563898563385,,687948.3913043478
292775,,1.0,687950.1739130435
292786,0.3725739121437073,,687969.7826086957
292787,,1.0,687971.5652173914
292796,0.37258392572402954,,687987.6086956522
292797,,1.0,687989.3913043478
292806,0.3725939393043518,,688005.4347826086
292807,,1.0,688007.2173913043
292822,0.3726239502429962,,688060.0638297872
292823,,3.0,688064.3191489362
292830,0.3726539611816406,,688094.1063829787
292831,,3.0,688098.3617021276
292841,0.37268397212028503,,688140.914893617
292842,,3.0,688145.1702127659
292855,0.37271398305892944,,688200.4893617021
292856,,3.0,688204.7446808511
292871,0.3727339804172516,,688247.1
292872,,2.0,688250.275
292882,0.37275397777557373,,688282.025
292883,,2.0,688285.2
292886,0.3727739751338959,,688294.725
292887,,2.0,688297.9
292897,0.372793972492218,,688329.65
292898,,2.0,688332.825
292914,0.372793972492218,,688355.5
292915,,0.0,688357.0
292925,0.372793972492218,,688372.0
292926,,0.0,688373.5
292936,0.372793972492218,,688388.5
292937,,0.0,688390.0
292949,0.372793972492218,,688408.0
292950,,0.0,688409.5
292960,0.3728039860725403,,688432.5833333334
292961,,1.0,688435.6666666666
292968,0.37281399965286255,,688457.25
292969,,1.0,688460.3333333334
292977,0.3728240132331848,,688485.0
292978,,1.0,688488.0833333334
292987,0.3728340268135071,,688515.8333333334
292988,,1.0,688518.9166666666
293007,0.3728640377521515,,688579.1428571428
293008,,3.0,688582.7142857143
293017,0.3728940486907959,,688614.8571428572
293018,,3.0,688618.4285714285
293032,0.3729240596294403,,688668.4285714285
293033,,3.0,688672.0
293045,0.3729540705680847,,688714.8571428572
293046,,3.0,688718.4285714285
293058,0.372964084148407,,688743.15
293059,,1.0,688745.5
293067,0.37297409772872925,,688764.3
293068,,1.0,688766.65
293076,0.3729841113090515,,688785.45
293077,,1.0,688787.8
293087,0.3729941248893738,,688811.3
293088,,1.0,688813.65
293106,0.37300413846969604,,688850.1860465116
293107,,1.0,688852.4651162791
293117,0.3730141520500183,,688875.2558139535
293118,,1.0,688877.5348837209
293127,0.3730241656303406,,688898.0465116279
293128,,1.0,688900.3255813953
293132,0.37303417921066284,,688909.4418604651
293133,,1.0,688911.7209302326
293148,0.37303417921066284,,688937.3684210526
293149,,0.0,688939.3157894737
293160,0.37303417921066284,,688960.7368421053
293161,,0.0,688962.6842105263
293166,0.37303417921066284,,688972.4210526316
293167,,0.0,688974.3684210526
293172,0.37303417921066284,,688984.1052631579
293173,,0.0,688986.052631579
293189,0.3730441927909851,,689018.7021276596
293190,,1.0,689021.0638297872
293202,0.3730542063713074,,689049.4042553192
293203,,1.0,689051.7659574468
293212,0.37306421995162964,,689073.0212765958
293213,,1.0,689075.3829787234
293221,0.3730742335319519,,689094.2765957447
293222,,1.0,689096.6382978724
293243,0.3730742335319519,,689129.6382978724
293244,,0.0,689131.340425532
293254,0.3730742335319519,,689148.3617021276
293255,,0.0,689150.0638297872
293263,0.3730742335319519,,689163.6808510638
293264,,0.0,689165.3829787234
293270,0.3730742335319519,,689175.5957446808
293271,,0.0,689177.2978723404
293287,0.37308424711227417,,689208.9795918367
293288,,1.0,689211.2857142857
293299,0.37309426069259644,,689236.6530612245
293300,,1.0,689238.9591836735
293309,0.3731042742729187,,689259.7142857143
293310,,1.0,689262.0204081633
293321,0.37311428785324097,,689287.387755102
293322,,1.0,689289.693877551
293335,0.3731342852115631,,689317.8974358974
293336,,2.0,689320.4871794871
293345,0.37315428256988525,,689343.7948717949
293346,,2.0,689346.3846153846
293355,0.3731742799282074,,689369.6923076923
293356,,2.0,689372.282051282
293362,0.37319427728652954,,689387.8205128205
293363,,2.0,689390.4102564103
293377,0.3732142746448517,,689418.756097561
293378,,2.0,689421.0975609756
293388,0.37323427200317383,,689444.512195122
293389,,2.0,689446.8536585366
293396,0.37325426936149597,,689463.243902439
293397,,2.0,689465.5853658536
293405,0.3732742667198181,,689484.3170731707
293406,,2.0,689486.6585365854
293422,0.3732742667198181,,689508.5
293423,,0.0,689510.0
293430,0.3732742667198181,,689520.5
293431,,0.0,689522.0
293442,0.3732742667198181,,689538.5
293443,,0.0,689540.0
293457,0.3732742667198181,,689561.0
293458,,0.0,689562.5
293470,0.3733042776584625,,689610.1538461539
293471,,3.0,689615.282051282
293481,0.37333428859710693,,689666.5641025641
293482,,3.0,689671.6923076923
293491,0.37336429953575134,,689717.8461538461
293492,,3.0,689722.9743589744
293498,0.37339431047439575,,689753.7435897436
293499,,3.0,689758.8717948718
293516,0.37339431047439575,,689784.72
293517,,0.0,689786.2
293527,0.37339431047439575,,689801.0
293528,,0.0,689802.48
293538,0.37339431047439575,,689817.28
293539,,0.0,689818.76
293550,0.37339431047439575,,689835.04
293551,,0.0,689836.52
293568,0.37339431047439575,,689859.7446808511
293569,,0.0,689861.2978723404
293579,0.37339431047439575,,689876.8297872341
293580,,0.0,689878.3829787234
293592,0.37339431047439575,,689897.0212765958
293593,,0.0,689898.5744680851
293599,0.37339431047439575,,689907.8936170213
293600,,0.0,689909.4468085107
293615,0.373404324054718,,689936.1162790698
293616,,1.0,689938.2093023256
293621,0.3734143376350403,,689948.6744186047
293622,,1.0,689950.7674418605
293632,0.37342435121536255,,689971.6976744186
293633,,1.0,689973.7906976744
293644,0.3734343647956848,,689996.8139534884
293645,,1.0,689998.9069767442
293660,0.37345436215400696,,690039.7692307692
293661,,2.0,690043.0
293671,0.3734743595123291,,690075.3076923077
293672,,2.0,690078.5384615385
293678,0.37349435687065125,,690097.9230769231
293679,,2.0,690101.1538461539
293685,0.3735143542289734,,690120.5384615385
293686,,2.0,690123.7692307692
293707,0.37352436780929565,,690160.4285714285
293708,,1.0,690162.2857142857
293721,0.3735343813896179,,690186.4285714285
293722,,1.0,690188.2857142857
293732,0.3735443949699402,,690206.8571428572
293733,,1.0,690208.7142857143
293743,0.37355440855026245,,690227.2857142857
293744,,1.0,690229.1428571428
293752,0.3735644221305847,,690244.5714285715
293753,,1.0,690247.2857142857
293758,0.373574435710907,,690260.8571428572
293759,,1.0,690263.5714285715
293767,0.37358444929122925,,690285.2857142857
293768,,1.0,690288.0
293780,0.3735944628715515,,690320.5714285715
293781,,1.0,690323.2857142857
293799,0.3735944628715515,,690349.6170212766
293800,,0.0,690351.1914893617
293809,0.3735944628715515,,690365.3617021276
293810,,0.0,690366.9361702128
293818,0.3735944628715515,,690379.5319148937
293819,,0.0,690381.1063829787
293829,0.3735944628715515,,690396.8510638297
293830,,0.0,690398.4255319149
293849,0.3736044764518738,,690425.4693877551
293850,,1.0,690427.0612244898
293857,0.37361449003219604,,690438.2040816327
293858,,1.0,690439.7959183673
293869,0.3736245036125183,,690457.306122449
293870,,1.0,690458.8979591837
293880,0.3736345171928406,,690474.8163265307
293881,,1.0,690476.4081632653
293897,0.373664528131485,,690526.8222222222
293898,,3.0,690530.5777777778
293906,0.3736945390701294,,690560.6222222223
293907,,3.0,690564.3777777777
293917,0.3737245500087738,,690601.9333333333
293918,,3.0,690605.6888888889
293927,0.3737545609474182,,690639.4888888889
293928,,3.0,690643.2444444444
293943,0.3737545609474182,,690666.7333333333
293944,,0.0,690668.3777777777
293953,0.3737545609474182,,690683.1777777778
293954,,0.0,690684.8222222222
293963,0.3737545609474182,,690699.6222222223
293964,,0.0,690701.2666666667
293974,0.3737545609474182,,690717.7111111111
293975,,0.0,690719.3555555556
293996,0.3737645745277405,,690755.4
293997,,1.0,690757.3111111111
294007,0.37377458810806274,,690776.4222222222
294008,,1.0,690778.3333333334
294013,0.373784601688385,,690787.8888888889
294014,,1.0,690789.8
294021,0.3737946152687073,,690803.1777777778
294022,,1.0,690805.088888889
294040,0.3737946152687073,,690830.2352941176
294041,,0.0,690831.7843137255
294052,0.3737946152687073,,690848.8235294118
294053,,0.0,690850.3725490196
294063,0.3737946152687073,,690865.8627450981
294064,,0.0,690867.4117647059
294074,0.3737946152687073,,690882.9019607843
294075,,0.0,690884.4509803922
294097,0.37380462884902954,,690921.5217391305
294098,,1.0,690923.3913043478
294102,0.3738146424293518,,690930.8695652174
294103,,1.0,690932.7391304348
294111,0.3738246560096741,,690947.695652174
294112,,1.0,690949.5652173914
294122,0.37383466958999634,,690968.2608695652
294123,,1.0,690970.1304347826
294139,0.37383466958999634,,690996.7906976744
294140,,0.0,690998.6976744186
294145,0.37383466958999634,,691008.2325581395
294146,,0.0,691010.1395348837
294156,0.37383466958999634,,691029.2093023256
294157,,0.0,691031.1162790698
294167,0.37383466958999634,,691050.1860465116
294168,,0.0,691052.0930232558
294183,0.3738446831703186,,691075.4883720931
294184,,1.0,691077.2790697674
294190,0.37385469675064087,,691088.023255814
294191,,1.0,691089.8139534884
294203,0.37386471033096313,,691111.3023255814
294204,,1.0,691113.0930232558
294212,0.3738747239112854,,691127.4186046511
294213,,1.0,691129.2093023256
294232,0.3738747239112854,,691156.2307692308
294233,,0.0,691157.8076923077
294241,0.3738747239112854,,691170.4230769231
294242,,0.0,691172.0
294255,0.3738747239112854,,691192.5
294256,,0.0,691194.0769230769
294266,0.3738747239112854,,691209.8461538461
294267,,0.0,691211.4230769231
294278,0.37388473749160767,,691233.1081081082
294279,,1.0,691235.6216216217
294286,0.37389475107192993,,691253.2162162162
294287,,1.0,691255.7297297297
294296,0.3739047646522522,,691278.3513513514
294297,,1.0,691280.8648648649
294305,0.37391477823257446,,691300.972972973
294306,,1.0,691303.4864864865
294320,0.37391477823257446,,691325.380952381
294321,,0.0,691327.1428571428
294332,0.37391477823257446,,691346.5238095238
294333,,0.0,691348.2857142857
294342,0.37391477823257446,,691364.1428571428
294343,,0.0,691365.9047619047
294349,0.37391477823257446,,691376.4761904762
294350,,0.0,691378.2380952381
294363,0.3739347755908966,,691408.6486486486
294364,,2.0,691411.5135135135
294369,0.37395477294921875,,691425.8378378379
294370,,2.0,691428.7027027027
294377,0.3739747703075409,,691448.7567567568
294378,,2.0,691451.6216216217
294388,0.37399476766586304,,691480.2702702703
294389,,2.0,691483.1351351351
294410,0.3740147650241852,,691526.5
294411,,2.0,691528.75
294416,0.3740347623825073,,691540.0
294417,,2.0,691542.25
294424,0.37405475974082947,,691558.0
294425,,2.0,691560.25
294430,0.3740747570991516,,691571.5
294431,,2.0,691573.75
294447,0.3740847706794739,,691602.0
294448,,1.0,691604.0
294455,0.37409478425979614,,691618.0
294456,,1.0,691620.0
294463,0.3741047978401184,,691634.0
294464,,1.0,691636.0
294473,0.3741148114204407,,691654.0
294474,,1.0,691656.0
294490,0.3741148114204407,,691683.35
294491,,0.0,691685.3
294501,0.3741148114204407,,691704.8
294502,,0.0,691706.75
294510,0.3741148114204407,,691722.35
294511,,0.0,691724.3
294515,0.3741148114204407,,691732.1
294516,,0.0,691734.05
294533,0.3741148114204407,,691757.1428571428
294534,,0.0,691758.6530612245
294543,0.3741148114204407,,691772.2448979592
294544,,0.0,691773.7551020408
294555,0.3741148114204407,,691790.3673469388
294556,,0.0,691791.8775510204
294566,0.3741148114204407,,691806.9795918367
294567,,0.0,691808.4897959183
294583,0.3741348087787628,,691844.088888889
294584,,2.0,691846.7111111111
294596,0.37415480613708496,,691878.1777777778
294597,,2.0,691880.8
294606,0.3741748034954071,,691904.4
294607,,2.0,691907.0222222222
294613,0.37419480085372925,,691922.7555555556
294614,,2.0,691925.3777777777
294631,0.3742048144340515,,691958.9302325582
294632,,1.0,691961.1395348837
294639,0.3742148280143738,,691976.6046511628
294640,,1.0,691978.8139534884
294648,0.37422484159469604,,691996.4883720931
294649,,1.0,691998.6976744186
294658,0.3742348551750183,,692018.5813953489
294659,,1.0,692020.7906976744
294673,0.37425485253334045,,692045.0
294674,,2.0,692047.0
294687,0.3742748498916626,,692073.0
294688,,2.0,692075.0
294700,0.37429484724998474,,692099.0
294701,,2.0,692101.0
294709,0.3743148446083069,,692117.0
294710,,2.0,692119.0
294725,0.37432485818862915,,692145.5714285715
294726,,1.0,692147.619047619
294738,0.3743348717689514,,692172.1904761905
294739,,1.0,692174.2380952381
294747,0.3743448853492737,,692190.619047619
294748,,1.0,692192.6666666666
294753,0.37435489892959595,,692202.9047619047
294754,,1.0,692204.9523809524
294770,0.3743748962879181,,692247.1555555556
294771,,2.0,692250.2444444444
294778,0.37439489364624023,,692271.8666666667
294779,,2.0,692274.9555555555
294791,0.3744148910045624,,692312.0222222222
294792,,2.0,692315.1111111111
294800,0.3744348883628845,,692339.8222222222
294801,,2.0,692342.911111111
294817,0.37445488572120667,,692386.3541666666
294818,,2.0,692389.4583333334
294829,0.3744748830795288,,692423.6041666666
294830,,2.0,692426.7083333334
294838,0.37449488043785095,,692451.5416666666
294839,,2.0,692454.6458333334
294850,0.3745148777961731,,692488.7916666666
294851,,2.0,692491.8958333334
294868,0.37452489137649536,,692525.1
294869,,1.0,692527.25
294876,0.3745349049568176,,692542.3
294877,,1.0,692544.45
294886,0.3745449185371399,,692563.8
294887,,1.0,692565.95
294892,0.37455493211746216,,692576.7
294893,,1.0,692578.85
294906,0.3745649456977844,,692600.5
294907,,1.0,692602.45
294915,0.3745749592781067,,692618.05
294916,,1.0,692620.0
294923,0.37458497285842896,,692633.65
294924,,1.0,692635.6
294934,0.3745949864387512,,692655.1
294935,,1.0,692657.05
294958,0.3746050000190735,,692688.6153846154
294959,,1.0,692690.0961538461
294968,0.37461501359939575,,692703.4230769231
294969,,1.0,692704.9038461539
294978,0.374625027179718,,692718.2307692308
294979,,1.0,692719.7115384615
294988,0.3746350407600403,,692733.0384615385
294989,,1.0,692734.5192307692
295003,0.37464505434036255,,692763.1162790698
295004,,1.0,692765.5813953489
295013,0.3746550679206848,,692787.7674418605
295014,,1.0,692790.2325581395
295024,0.3746650815010071,,692814.8837209302
295025,,1.0,692817.3488372093
295033,0.37467509508132935,,692837.0697674418
295034,,1.0,692839.5348837209
295047,0.37467509508132935,,692863.8918918918
295048,,0.0,692866.0810810811
295054,0.37467509508132935,,692879.2162162162
295055,,0.0,692881.4054054054
295061,0.37467509508132935,,692894.5405405406
295062,,0.0,692896.7297297297
295072,0.37467509508132935,,692918.6216216217
295073,,0.0,692920.8108108108
295085,0.37470510601997375,,692932.2307692308
295086,,3.0,692933.2564102564
295096,0.37473511695861816,,692943.5128205129
295097,,3.0,692944.5384615385
295105,0.3747651278972626,,692952.7435897436
295106,,3.0,692953.7692307692
295113,0.374795138835907,,692960.9487179487
295114,,3.0,692961.9743589744
295132,0.37480515241622925,,692991.6666666666
295133,,1.0,692993.5777777778
295142,0.3748151659965515,,693010.7777777778
295143,,1.0,693012.6888888889
295155,0.3748251795768738,,693035.6222222223
295156,,1.0,693037.5333333333
295160,0.37483519315719604,,693045.1777777778
295161,,1.0,693047.088888889
295180,0.37483519315719604,,693075.9090909091
295181,,0.0,693077.5909090909
295188,0.37483519315719604,,693089.3636363636
295189,,0.0,693091.0454545454
295200,0.37483519315719604,,693109.5454545454
295201,,0.0,693111.2272727273
295206,0.37483519315719604,,693119.6363636364
295207,,0.0,693121.3181818182
295223,0.3748452067375183,,693147.2272727273
295224,,1.0,693149.0909090909
295233,0.3748552203178406,,693165.8636363636
295234,,1.0,693167.7272727273
295243,0.37486523389816284,,693184.5
295244,,1.0,693186.3636363636
295252,0.3748752474784851,,693201.2727272727
295253,,1.0,693203.1363636364
295263,0.3749052584171295,,693229.972972973
295264,,3.0,693233.5405405406
295275,0.3749352693557739,,693272.7837837838
295276,,3.0,693276.3513513514
295282,0.37496528029441833,,693297.7567567568
295283,,3.0,693301.3243243244
295291,0.37499529123306274,,693329.8648648649
295292,,3.0,693333.4324324324
295302,0.375005304813385,,693350.0
295303,,1.0,693351.8571428572
295311,0.3750153183937073,,693366.7142857143
295312,,1.0,693368.5714285715
295325,0.37502533197402954,,693392.7142857143
295326,,1.0,693394.5714285715
295335,0.3750353455543518,,693411.2857142857
295336,,1.0,693413.1428571428
295350,0.3750353455543518,,693437.6111111111
295351,,0.0,693439.6666666666
295357,0.3750353455543518,,693452.0
295358,,0.0,693454.0555555555
295365,0.3750353455543518,,693468.4444444445
295366,,0.0,693470.5
295373,0.3750353455543518,,693484.8888888889
295374,,0.0,693486.9444444445
295385,0.3750353455543518,,693505.0
295386,,0.0,693507.0
295395,0.3750353455543518,,693525.0
295396,,0.0,693527.0
295405,0.3750353455543518,,693545.0
295406,,0.0,693547.0
295414,0.3750353455543518,,693563.0
295415,,0.0,693565.0
295432,0.3750353455543518,,693590.9555555555
295433,,0.0,693592.6666666666
295440,0.3750353455543518,,693604.6444444444
295441,,0.0,693606.3555555556
295451,0.3750353455543518,,693623.4666666667
295452,,0.0,693625.1777777778
295461,0.3750353455543518,,693640.5777777778
295462,,0.0,693642.2888888889
295481,0.3750353455543518,,693667.2156862745
295482,,0.0,693668.6666666666
295495,0.3750353455543518,,693687.5294117647
295496,,0.0,693688.9803921569
295502,0.3750353455543518,,693697.6862745098
295503,,0.0,693699.1372549019
295514,0.3750353455543518,,693715.0980392157
295515,,0.0,693716.5490196078
295531,0.3750353455543518,,693741.5813953489
295532,,0.0,693743.3953488372
295542,0.3750353455543518,,693761.5348837209
295543,,0.0,693763.3488372093
295551,0.3750353455543518,,693777.8604651163
295552,,0.0,693779.6744186047
295559,0.3750353455543518,,693792.3720930233
295560,,0.0,693794.1860465116
295573,0.3750453591346741,,693816.0
295574,,1.0,693818.0
295582,0.37505537271499634,,693834.0
295583,,1.0,693836.0
295592,0.3750653862953186,,693854.0
295593,,1.0,693856.0
295602,0.37507539987564087,,693874.0
295603,,1.0,693876.0
295615,0.37507539987564087,,693896.4736842106
295616,,0.0,693898.5263157894
295623,0.37507539987564087,,693912.8947368421
295624,,0.0,693914.947368421
295633,0.37507539987564087,,693933.4210526316
295634,,0.0,693935.4736842106
295642,0.37507539987564087,,693951.8947368421
295643,,0.0,693953.947368421
295660,0.37507539987564087,,693976.72
295661,,0.0,693978.2
295673,0.37507539987564087,,693995.96
295674,,0.0,693997.44
295685,0.37507539987564087,,694013.72
295686,,0.0,694015.2
295694,0.37507539987564087,,694027.04
295695,,0.0,694028.52
295708,0.37507539987564087,,694050.5555555555
295709,,0.0,694052.6111111111
295716,0.37507539987564087,,694067.0
295717,,0.0,694069.0555555555
295727,0.37507539987564087,,694089.6111111111
295728,,0.0,694091.6666666666
295732,0.37507539987564087,,694099.8888888889
295733,,0.0,694101.9444444445
295754,0.37508541345596313,,694131.3461538461
295755,,1.0,694132.8653846154
295764,0.3750954270362854,,694146.5384615385
295765,,1.0,694148.0576923077
295772,0.37510544061660767,,694158.6923076923
295773,,1.0,694160.2115384615
295786,0.37511545419692993,,694179.9615384615
295787,,1.0,694181.4807692308
295794,0.37511545419692993,,694191.6315789474
295795,,0.0,694193.7894736842
295805,0.37511545419692993,,694215.3684210526
295806,,0.0,694217.5263157894
295814,0.37511545419692993,,694234.7894736842
295815,,0.0,694236.947368421
295826,0.37511545419692993,,694260.6842105263
295827,,0.0,694262.8421052631
295842,0.3751354515552521,,694295.612244898
295843,,2.0,694298.1632653062
295850,0.3751554489135742,,694316.0204081633
295851,,2.0,694318.5714285715
295862,0.37517544627189636,,694346.6326530612
295863,,2.0,694349.1836734693
295877,0.3751954436302185,,694384.8979591837
295878,,2.0,694387.4489795918
295893,0.3751954436302185,,694410.9302325582
295894,,0.0,694412.6744186047
295903,0.3751954436302185,,694428.3720930233
295904,,0.0,694430.1162790698
295911,0.3751954436302185,,694442.3255813953
295912,,0.0,694444.0697674418
295922,0.3751954436302185,,694461.5116279069
295923,,0.0,694463.2558139535
295938,0.3751954436302185,,694486.0
295939,,0.0,694487.75
295949,0.3751954436302185,,694505.25
295950,,0.0,694507.0
295958,0.3751954436302185,,694521.0
295959,,0.0,694522.75
295968,0.3751954436302185,,694538.5
295969,,0.0,694540.25
295982,0.3751954436302185,,694559.619047619
295983,,0.0,694561.380952381
295990,0.3751954436302185,,694573.7142857143
295991,,0.0,694575.4761904762
296003,0.3751954436302185,,694596.619047619
296004,,0.0,694598.380952381
296012,0.3751954436302185,,694612.4761904762
296013,,0.0,694614.2380952381
296030,0.3751954436302185,,694639.7391304348
296031,,0.0,694641.4347826086
296039,0.3751954436302185,,694655.0
296040,,0.0,694656.695652174
296053,0.3751954436302185,,694678.7391304348
296054,,0.0,694680.4347826086
296060,0.3751954436302185,,694690.6086956522
296061,,0.0,694692.304347826
296071,0.37520545721054077,,694709.05
296072,,1.0,694711.2
296079,0.37521547079086304,,694726.25
296080,,1.0,694728.4
296091,0.3752254843711853,,694752.05
296092,,1.0,694754.2
296102,0.37523549795150757,,694775.7
296103,,1.0,694777.85
296117,0.37524551153182983,,694800.4285714285
296118,,1.0,694802.2857142857
296127,0.3752555251121521,,694819.0
296128,,1.0,694820.8571428572
296135,0.37526553869247437,,694833.8571428572
296136,,1.0,694835.7142857143
296146,0.37527555227279663,,694854.2857142857
296147,,1.0,694856.1428571428
296165,0.37530556321144104,,694921.8297872341
296166,,3.0,694926.085106383
296175,0.37533557415008545,,694964.3829787234
296176,,3.0,694968.6382978724
296183,0.37536558508872986,,694998.4255319149
296184,,3.0,695002.6808510638
296195,0.37539559602737427,,695049.4893617021
296196,,3.0,695053.7446808511
296213,0.37539559602737427,,695082.0930232558
296214,,0.0,695083.8139534884
296223,0.37539559602737427,,695099.3023255814
296224,,0.0,695101.023255814
296232,0.37539559602737427,,695114.7906976744
296233,,0.0,695116.5116279069
296240,0.37539559602737427,,695128.5581395349
296241,,0.0,695130.2790697674
296254,0.37540560960769653,,695154.8947368421
296255,,1.0,695157.1842105263
296265,0.3754156231880188,,695180.0789473684
296266,,1.0,695182.3684210526
296273,0.37542563676834106,,695198.3947368421
296274,,1.0,695200.6842105263
296280,0.37543565034866333,,695214.4210526316
296281,,1.0,695216.7105263158
296299,0.37543565034866333,,695242.125
296300,,0.0,695243.6666666666
296312,0.37543565034866333,,695262.1666666666
296313,,0.0,695263.7083333334
296320,0.37543565034866333,,695274.5
296321,,0.0,695276.0416666666
296330,0.37543565034866333,,695289.9166666666
296331,,0.0,695291.4583333334
296344,0.37543565034866333,,695311.3720930233
296345,,0.0,695313.2093023256
296355,0.37543565034866333,,695331.5813953489
296356,,0.0,695333.4186046511
296366,0.37543565034866333,,695351.7906976744
296367,,0.0,695353.6279069767
296375,0.37543565034866333,,695368.3255813953
296376,,0.0,695370.1627906977
296389,0.37546566128730774,,695416.4444444445
296390,,3.0,695420.8888888889
296403,0.37549567222595215,,695478.6666666666
296404,,3.0,695483.1111111111
296411,0.37552568316459656,,695514.2222222222
296412,,3.0,695518.6666666666
296422,0.37555569410324097,,695563.1111111111
296423,,3.0,695567.5555555555
296438,0.37556570768356323,,695593.75
296439,,1.0,695595.5625
296449,0.3755757212638855,,695613.6875
296450,,1.0,695615.5
296461,0.37558573484420776,,695635.4375
296462,,1.0,695637.25
296472,0.37559574842453003,,695655.375
296473,,1.0,695657.1875
296489,0.3756057620048523,,695685.0
296490,,1.0,695687.0
296498,0.37561577558517456,,695703.0
296499,,1.0,695705.0
296508,0.3756257891654968,,695723.0
296509,,1.0,695725.0
296517,0.3756358027458191,,695741.0
296518,,1.0,695743.0
296536,0.3756358027458191,,695770.4347826086
296537,,0.0,695772.1304347826
296547,0.3756358027458191,,695789.0869565217
296548,,0.0,695790.7826086957
296556,0.3756358027458191,,695804.3478260869
296557,,0.0,695806.0434782609
296565,0.3756358027458191,,695819.6086956522
296566,,0.0,695821.304347826
296581,0.37564581632614136,,695844.3913043478
296582,,1.0,695846.1739130435
296590,0.3756558299064636,,695860.4347826086
296591,,1.0,695862.2173913043
296601,0.3756658434867859,,695880.0434782609
296602,,1.0,695881.8260869565
296613,0.37567585706710815,,695901.4347826086
296614,,1.0,695903.2173913043
296633,0.37567585706710815,,695928.68
296634,,0.0,695930.16
296644,0.37567585706710815,,695944.96
296645,,0.0,695946.44
296655,0.37567585706710815,,695961.24
296656,,0.0,695962.72
296665,0.37567585706710815,,695976.04
296666,,0.0,695977.52
296686,0.3756858706474304,,696014.8214285715
296687,,1.0,696016.9285714285
296701,0.3756958842277527,,696046.4285714285
296702,,1.0,696048.5357142857
296712,0.37570589780807495,,696069.6071428572
296713,,1.0,696071.7142857143
296723,0.3757159113883972,,696092.7857142857
296724,,1.0,696094.8928571428
296739,0.3757159113883972,,696116.7333333333
296740,,0.0,696118.3777777777
296750,0.3757159113883972,,696134.8222222222
296751,,0.0,696136.4666666667
296762,0.3757159113883972,,696154.5555555555
296763,,0.0,696156.2
296770,0.3757159113883972,,696167.7111111111
296771,,0.0,696169.3555555556
296786,0.3757259249687195,,696204.4736842106
296787,,1.0,696207.2631578947
296795,0.37573593854904175,,696229.5789473684
296796,,1.0,696232.3684210526
296802,0.375745952129364,,696249.1052631579
296803,,1.0,696251.8947368421
296810,0.3757559657096863,,696271.4210526316
296811,,1.0,696274.2105263158
296828,0.3757559657096863,,696303.6341463415
296829,,0.0,696305.5365853659
296836,0.3757559657096863,,696318.8536585366
296837,,0.0,696320.756097561
296847,0.3757559657096863,,696339.7804878049
296848,,0.0,696341.6829268293
296853,0.3757559657096863,,696351.1951219512
296854,,0.0,696353.0975609756
296870,0.3757559657096863,,696374.76
296871,,0.0,696376.28
296885,0.3757559657096863,,696397.56
296886,,0.0,696399.08
296894,0.3757559657096863,,696411.24
296895,,0.0,696412.76
296905,0.3757559657096863,,696427.96
296906,,0.0,696429.48
296920,0.3757759630680084,,696473.976744186
296921,,2.0,696477.8837209302
296929,0.37579596042633057,,696509.1395348837
296930,,2.0,696513.0465116279
296940,0.3758159577846527,,696552.1162790698
296941,,2.0,696556.023255814
296950,0.37583595514297485,,696591.1860465116
296951,,2.0,696595.0930232558
296966,0.37583595514297485,,696618.914893617
296967,,0.0,696620.5744680851
296976,0.37583595514297485,,696635.5106382979
296977,,0.0,696637.1702127659
296985,0.37583595514297485,,696650.4468085107
296986,,0.0,696652.1063829787
296999,0.37583595514297485,,696673.6808510638
297000,,0.0,696675.340425532
297015,0.37583595514297485,,696697.1818181818
297016,,0.0,696698.8636363636
297026,0.37583595514297485,,696715.6818181818
297027,,0.0,696717.3636363636
297033,0.37583595514297485,,696727.4545454546
297034,,0.0,696729.1363636364
297045,0.37583595514297485,,696747.6363636364
297046,,0.0,696749.3181818182
297061,0.3758459687232971,,696770.3469387755
297062,,1.0,696771.9591836735
297070,0.3758559823036194,,696784.8571428572
297071,,1.0,696786.4693877551
297085,0.37586599588394165,,696809.0408163265
297086,,1.0,696810.6530612245
297096,0.3758760094642639,,696826.775510204
297097,,1.0,696828.387755102
297114,0.3758860230445862,,696852.5098039216
297115,,1.0,696854.1176470588
297128,0.37589603662490845,,696875.0196078431
297129,,1.0,696876.6274509804
297137,0.3759060502052307,,696889.4901960784
297138,,1.0,696891.0980392157
297149,0.375916063785553,,696908.7843137255
297150,,1.0,696910.3921568628
297166,0.375916063785553,,696934.0434782609
297167,,0.0,696935.7391304348
297178,0.375916063785553,,696954.3913043478
297179,,0.0,696956.0869565217
297189,0.375916063785553,,696973.0434782609
297190,,0.0,696974.7391304348
297197,0.375916063785553,,696986.6086956522
297198,,0.0,696988.304347826
297215,0.375916063785553,,697011.5833333334
297216,,0.0,697013.125
297226,0.375916063785553,,697028.5416666666
297227,,0.0,697030.0833333334
297236,0.375916063785553,,697043.9583333334
297237,,0.0,697045.5
297247,0.375916063785553,,697060.9166666666
297248,,0.0,697062.4583333334
297271,0.375916063785553,,697095.2
297272,,0.0,697096.76
297278,0.375916063785553,,697106.12
297279,,0.0,697107.68
297286,0.375916063785553,,697118.6
297287,,0.0,697120.16
297299,0.375916063785553,,697138.88
297300,,0.0,697140.44
297312,0.375916063785553,,697158.4634146341
297313,,0.0,697160.2926829269
297318,0.375916063785553,,697169.4390243902
297319,,0.0,697171.268292683
297330,0.375916063785553,,697191.3902439025
297331,,0.0,697193.2195121951
297342,0.375916063785553,,697213.3414634146
297343,,0.0,697215.1707317074
297366,0.375916063785553,,697248.8367346938
297367,,0.0,697250.4285714285
297380,0.375916063785553,,697271.1224489796
297381,,0.0,697272.7142857143
297388,0.375916063785553,,697283.8571428572
297389,,0.0,697285.4489795918
297393,0.375916063785553,,697291.8163265307
297394,,0.0,697293.4081632653
297407,0.375916063785553,,697315.8333333334
297408,,0.0,697317.9166666666
297415,0.375916063785553,,697332.5
297416,,0.0,697334.5833333334
297422,0.375916063785553,,697347.0833333334
297423,,0.0,697349.1666666666
297431,0.375916063785553,,697365.8333333334
297432,,0.0,697367.9166666666
297450,0.375916063785553,,697398.4615384615
297451,,0.0,697400.358974359
297458,0.375916063785553,,697413.641025641
297459,,0.0,697415.5384615385
297465,0.375916063785553,,697426.9230769231
297466,,0.0,697428.8205128205
297472,0.375916063785553,,697440.2051282051
297473,,0.0,697442.1025641026
297482,0.375916063785553,,697454.5714285715
297483,,0.0,697456.3333333334
297494,0.375916063785553,,697475.7142857143
297495,,0.0,697477.4761904762
297502,0.375916063785553,,697489.8095238095
297503,,0.0,697491.5714285715
297516,0.375916063785553,,697514.4761904762
297517,,0.0,697516.2380952381
297535,0.3759360611438751,,697573.1886792453
297536,,2.0,697576.8679245283
297548,0.37595605850219727,,697621.0188679246
297549,,2.0,697624.6981132076
297559,0.3759760558605194,,697661.4905660377
297560,,2.0,697665.1698113207
297571,0.37599605321884155,,697705.641509434
297572,,2.0,697709.320754717
297581,0.37599605321884155,,697724.6842105263
297582,,0.0,697726.6315789474
297594,0.37599605321884155,,697750.0
297595,,0.0,697751.947368421
297602,0.37599605321884155,,697765.5789473684
297603,,0.0,697767.5263157894
297611,0.37599605321884155,,697783.1052631579
297612,,0.0,697785.052631579
297622,0.37599605321884155,,697801.0
297623,,0.0,697803.0
297633,0.37599605321884155,,697823.0
297634,,0.0,697825.0
297645,0.37599605321884155,,697847.0
297646,,0.0,697849.0
297652,0.37599605321884155,,697861.0
297653,,0.0,697863.0
297666,0.3760060667991638,,697886.9512195121
297667,,1.0,697889.1463414634
297677,0.3760160803794861,,697911.0975609756
297678,,1.0,697913.2926829269
297687,0.37602609395980835,,697933.0487804879
297688,,1.0,697935.243902439
297695,0.3760361075401306,,697950.6097560975
297696,,1.0,697952.8048780488
297710,0.3760361075401306,,697973.9302325582
297711,,0.0,697975.6511627907
297718,0.3760361075401306,,697987.6976744186
297719,,0.0,697989.4186046511
297731,0.3760361075401306,,698010.0697674418
297732,,0.0,698011.7906976744
297740,0.3760361075401306,,698025.5581395349
297741,,0.0,698027.2790697674
297761,0.3760361075401306,,698054.0188679246
297762,,0.0,698055.4905660377
297774,0.3760361075401306,,698073.1509433963
297775,,0.0,698074.6226415094
297783,0.3760361075401306,,698086.3962264151
297784,,0.0,698087.8679245283
297795,0.3760361075401306,,698104.0566037736
297796,,0.0,698105.5283018867
297809,0.3760361075401306,,698128.3888888889
297810,,0.0,698130.5277777778
297815,0.3760361075401306,,698141.2222222222
297816,,0.0,698143.3611111111
297824,0.3760361075401306,,698160.4722222222
297825,,0.0,698162.6111111111
297833,0.3760361075401306,,698179.7222222222
297834,,0.0,698181.8611111111
297847,0.3760361075401306,,698204.0
297848,,0.0,698206.0
297857,0.3760361075401306,,698224.0
297858,,0.0,698226.0
297864,0.3760361075401306,,698238.0
297865,,0.0,698240.0
297874,0.3760361075401306,,698258.0
297875,,0.0,698260.0
297894,0.3760461211204529,,698287.7959183673
297895,,1.0,698289.4081632653
297903,0.37605613470077515,,698302.306122449
297904,,1.0,698303.918367347
297913,0.3760661482810974,,698318.4285714285
297914,,1.0,698320.0408163265
297925,0.3760761618614197,,698337.775510204
297926,,1.0,698339.387755102
297938,0.37608617544174194,,698357.5348837209
297939,,1.0,698359.3720930233
297950,0.3760961890220642,,698379.5813953489
297951,,1.0,698381.4186046511
297958,0.3761062026023865,,698394.2790697674
297959,,1.0,698396.1162790698
297970,0.37611621618270874,,698416.3255813953
297971,,1.0,698418.1627906977
297991,0.376126229763031,,698447.9491525424
297992,,1.0,698449.593220339
298003,0.37613624334335327,,698467.6779661017
298004,,1.0,698469.3220338983
298019,0.37614625692367554,,698493.9830508474
298020,,1.0,698495.6271186441
298031,0.3761562705039978,,698513.7118644068
298032,,1.0,698515.3559322034
298048,0.3761562705039978,,698539.3720930233
298049,,0.0,698541.0930232558
298059,0.3761562705039978,,698558.3023255814
298060,,0.0,698560.023255814
298068,0.3761562705039978,,698573.7906976744
298069,,0.0,698575.5116279069
298076,0.3761562705039978,,698587.5581395349
298077,,0.0,698589.2790697674
298088,0.37617626786231995,,698609.1333333333
298089,,2.0,698611.4
298098,0.3761962652206421,,698631.8
298099,,2.0,698634.0666666667
298109,0.37621626257896423,,698656.7333333333
298110,,2.0,698659.0
298123,0.3762362599372864,,698688.4666666667
298124,,2.0,698690.7333333333
298138,0.3762362599372864,,698714.45
298139,,0.0,698716.4
298146,0.3762362599372864,,698730.05
298147,,0.0,698732.0
298153,0.3762362599372864,,698743.7
298154,,0.0,698745.65
298165,0.3762362599372864,,698767.1
298166,,0.0,698769.05
298181,0.3762362599372864,,698796.2972972973
298182,,0.0,698798.4054054054
298190,0.3762362599372864,,698815.2702702703
298191,,0.0,698817.3783783783
298195,0.3762362599372864,,698825.8108108108
298196,,0.0,698827.9189189189
298204,0.3762362599372864,,698844.7837837838
298205,,0.0,698846.8918918918
298221,0.3762362599372864,,698872.4565217391
298222,,0.0,698874.2608695652
298229,0.3762362599372864,,698886.8913043478
298230,,0.0,698888.695652174
298241,0.3762362599372864,,698908.5434782609
298242,,0.0,698910.3478260869
298252,0.3762362599372864,,698928.3913043478
298253,,0.0,698930.195652174
298265,0.3762362599372864,,698946.8
298266,,0.0,698948.4444444445
298279,0.3762362599372864,,698969.8222222222
298280,,0.0,698971.4666666667
298289,0.3762362599372864,,698986.2666666667
298290,,0.0,698987.911111111
298299,0.3762362599372864,,699002.7111111111
298300,,0.0,699004.3555555556
298316,0.3762562572956085,,699048.0425531915
298317,,2.0,699051.2765957447
298329,0.37627625465393066,,699090.085106383
298330,,2.0,699093.3191489362
298336,0.3762962520122528,,699112.7234042553
298337,,2.0,699115.9574468085
298348,0.37631624937057495,,699151.5319148937
298349,,2.0,699154.7659574468
298363,0.3763362467288971,,699206.675
298364,,2.0,699211.1
298370,0.37635624408721924,,699237.65
298371,,2.0,699242.075
298380,0.3763762414455414,,699281.9
298381,,2.0,699286.325
298390,0.3763962388038635,,699326.15
298391,,2.0,699330.575
298405,0.37641623616218567,,699377.5897435897
298406,,2.0,699381.4615384615
298415,0.3764362335205078,,699416.3076923077
298416,,2.0,699420.1794871795
298423,0.37645623087882996,,699447.282051282
298424,,2.0,699451.1538461539
298431,0.3764762282371521,,699478.2564102564
298432,,2.0,699482.1282051282
298446,0.3764762282371521,,699505.5
298447,,0.0,699507.2727272727
298455,0.3764762282371521,,699521.4545454546
298456,,0.0,699523.2272727273
298464,0.3764762282371521,,699537.4090909091
298465,,0.0,699539.1818181818
298477,0.3764762282371521,,699560.4545454546
298478,,0.0,699562.2272727273
298491,0.3764762282371521,,699580.8181818182
298492,,0.0,699582.5
298503,0.3764762282371521,,699601.0
298504,,0.0,699602.6818181818
298513,0.3764762282371521,,699617.8181818182
298514,,0.0,699619.5
298523,0.3764762282371521,,699634.6363636364
298524,,0.0,699636.3181818182
298537,0.37648624181747437,,699660.6666666666
298538,,1.0,699662.9333333333
298546,0.37649625539779663,,699681.0666666667
298547,,1.0,699683.3333333334
298559,0.3765062689781189,,699710.5333333333
298560,,1.0,699712.8
298570,0.37651628255844116,,699735.4666666667
298571,,1.0,699737.7333333333
298585,0.37651628255844116,,699757.3191489362
298586,,0.0,699758.8936170213
298597,0.37651628255844116,,699776.2127659575
298598,,0.0,699777.7872340425
298606,0.37651628255844116,,699790.3829787234
298607,,0.0,699791.9574468085
298619,0.37651628255844116,,699810.8510638297
298620,,0.0,699812.4255319149
298637,0.37654629349708557,,699834.44
298638,,3.0,699835.9
298649,0.37657630443573,,699851.96
298650,,3.0,699853.42
298662,0.3766063153743744,,699870.94
298663,,3.0,699872.4
298671,0.3766363263130188,,699884.08
298672,,3.0,699885.54
298691,0.3766363263130188,,699914.1304347826
298692,,0.0,699915.8260869565
298699,0.3766363263130188,,699927.695652174
298700,,0.0,699929.3913043478
298707,0.3766363263130188,,699941.2608695652
298708,,0.0,699942.9565217391
298719,0.3766363263130188,,699961.6086956522
298720,,0.0,699963.304347826
298738,0.3766363263130188,,699991.25
298739,,0.0,699993.0
298747,0.3766363263130188,,700007.0
298748,,0.0,700008.75
298757,0.3766363263130188,,700024.5
298758,,0.0,700026.25
298765,0.3766363263130188,,700038.5
298766,,0.0,700040.25
298780,0.37665632367134094,,700067.1777777778
298781,,2.0,700069.4666666667
298788,0.3766763210296631,,700085.4888888889
298789,,2.0,700087.7777777778
298798,0.37669631838798523,,700108.3777777777
298799,,2.0,700110.6666666666
298812,0.3767163157463074,,700140.4222222222
298813,,2.0,700142.7111111111
298829,0.3767163157463074,,700164.1176470588
298830,,0.0,700165.5882352941
298841,0.3767163157463074,,700181.7647058824
298842,,0.0,700183.2352941176
298853,0.3767163157463074,,700199.4117647059
298854,,0.0,700200.8823529412
298865,0.3767163157463074,,700217.0588235294
298866,,0.0,700218.5294117647
298879,0.3767163157463074,,700237.2093023256
298880,,0.0,700238.9302325582
298891,0.3767163157463074,,700257.8604651163
298892,,0.0,700259.5813953489
298903,0.3767163157463074,,700278.5116279069
298904,,0.0,700280.2325581395
298910,0.3767163157463074,,700290.5581395349
298911,,0.0,700292.2790697674
298925,0.3767363131046295,,700336.9523809524
298926,,2.0,700340.8571428572
298934,0.37675631046295166,,700372.0952380953
298935,,2.0,700376.0
298945,0.3767763078212738,,700415.0476190476
298946,,2.0,700418.9523809524
298954,0.37679630517959595,,700450.1904761905
298955,,2.0,700454.0952380953
298970,0.3768063187599182,,700482.2857142857
298971,,1.0,700484.3095238095
298980,0.3768163323402405,,700502.5238095238
298981,,1.0,700504.5476190476
298989,0.37682634592056274,,700520.7380952381
298990,,1.0,700522.7619047619
298998,0.376836359500885,,700538.9523809524
298999,,1.0,700540.9761904762
299013,0.3768463730812073,,700562.3111111111
299014,,1.0,700564.0666666667
299023,0.37685638666152954,,700579.8666666667
299024,,1.0,700581.6222222223
299034,0.3768664002418518,,700599.1777777778
299035,,1.0,700600.9333333333
299045,0.3768764138221741,,700618.4888888889
299046,,1.0,700620.2444444444
299060,0.37688642740249634,,700643.2666666667
299061,,1.0,700645.2
299070,0.3768964409828186,,700662.6
299071,,1.0,700664.5333333333
299081,0.37690645456314087,,700683.8666666667
299082,,1.0,700685.8
299092,0.37691646814346313,,700705.1333333333
299093,,1.0,700707.0666666667
299109,0.37691646814346313,,700729.4680851063
299110,,0.0,700731.0425531915
299120,0.37691646814346313,,700746.7872340425
299121,,0.0,700748.3617021276
299132,0.37691646814346313,,700765.6808510638
299133,,0.0,700767.2553191489
299141,0.37691646814346313,,700779.8510638297
299142,,0.0,700781.4255319149
299162,0.37691646814346313,,700810.9555555555
299163,,0.0,700812.6
299171,0.37691646814346313,,700825.7555555556
299172,,0.0,700827.4
299177,0.37691646814346313,,700835.6222222223
299178,,0.0,700837.2666666667
299188,0.37691646814346313,,700853.7111111111
299189,,0.0,700855.3555555556
299203,0.37691646814346313,,700875.9302325582
299204,,0.0,700877.6511627907
299209,0.37691646814346313,,700886.2558139535
299210,,0.0,700887.976744186
299222,0.37691646814346313,,700908.6279069767
299223,,0.0,700910.3488372093
299233,0.37691646814346313,,700927.5581395349
299234,,0.0,700929.2790697674
299247,0.37691646814346313,,700952.3888888889
299248,,0.0,700954.5277777778
299252,0.37691646814346313,,700963.0833333334
299253,,0.0,700965.2222222222
299261,0.37691646814346313,,700982.3333333334
299262,,0.0,700984.4722222222
299271,0.37691646814346313,,701003.7222222222
299272,,0.0,701005.8611111111
299287,0.37691646814346313,,701025.4117647059
299288,,0.0,701026.8627450981
299302,0.37691646814346313,,701047.1764705882
299303,,0.0,701048.6274509804
299314,0.37691646814346313,,701064.5882352941
299315,,0.0,701066.0392156863
299324,0.37691646814346313,,701079.0980392157
299325,,0.0,701080.5490196078
299336,0.37691646814346313,,701096.5116279069
299337,,0.0,701098.3255813953
299348,0.37691646814346313,,701118.2790697674
299349,,0.0,701120.0930232558
299362,0.37691646814346313,,701143.6744186047
299363,,0.0,701145.4883720931
299369,0.37691646814346313,,701156.3720930233
299370,,0.0,701158.1860465116
299384,0.37694647908210754,,701213.6585365854
299385,,3.0,701218.5365853659
299395,0.37697649002075195,,701267.3170731707
299396,,3.0,701272.1951219512
299400,0.37700650095939636,,701291.7073170731
299401,,3.0,701296.5853658536
299412,0.37703651189804077,,701350.243902439
299413,,3.0,701355.1219512195
299427,0.3770565092563629,,701398.6571428571
299428,,2.0,701402.1714285715
299432,0.37707650661468506,,701416.2285714286
299433,,2.0,701419.7428571428
299440,0.3770965039730072,,701444.3428571429
299441,,2.0,701447.8571428572
299449,0.37711650133132935,,701475.9714285714
299450,,2.0,701479.4857142858
299465,0.3771265149116516,,701508.3333333334
299466,,1.0,701510.4444444445
299474,0.3771365284919739,,701527.3333333334
299475,,1.0,701529.4444444445
299486,0.37714654207229614,,701552.6666666666
299487,,1.0,701554.7777777778
299496,0.3771565556526184,,701573.7777777778
299497,,1.0,701575.8888888889
299512,0.3771865665912628,,701631.3333333334
299513,,3.0,701635.7777777778
299525,0.3772165775299072,,701689.1111111111
299526,,3.0,701693.5555555555
299533,0.37724658846855164,,701724.6666666666
299534,,3.0,701729.1111111111
299543,0.37727659940719604,,701769.1111111111
299544,,3.0,701773.5555555555
299562,0.3772866129875183,,701806.775510204
299563,,1.0,701808.693877551
299576,0.3772966265678406,,701833.6326530612
299577,,1.0,701835.5510204082
299585,0.37730664014816284,,701850.8979591837
299586,,1.0,701852.8163265307
299594,0.3773166537284851,,701868.1632653062
299595,,1.0,701870.081632653
299606,0.3773466646671295,,701907.5555555555
299607,,3.0,701912.0
299616,0.3773766756057739,,701952.0
299617,,3.0,701956.4444444445
299632,0.37740668654441833,,702023.1111111111
299633,,3.0,702027.5555555555
299641,0.37743669748306274,,702063.1111111111
299642,,3.0,702067.5555555555
299656,0.37746670842170715,,702086.487804878
299657,,3.0,702087.8048780488
299666,0.37749671936035156,,702099.6585365854
299667,,3.0,702100.9756097561
299673,0.37752673029899597,,702108.8780487805
299674,,3.0,702110.1951219512
299684,0.3775567412376404,,702123.3658536585
299685,,3.0,702124.6829268293
299699,0.3775867521762848,,702181.0
299700,,3.0,702186.0
299706,0.3776167631149292,,702216.0
299707,,3.0,702221.0
299716,0.3776467740535736,,702266.0
299717,,3.0,702271.0
299726,0.377676784992218,,702316.0
299727,,3.0,702321.0
299749,0.37769678235054016,,702376.5645161291
299750,,2.0,702379.2258064516
299763,0.3777167797088623,,702413.8225806452
299764,,2.0,702416.4838709678
299777,0.37773677706718445,,702451.0806451613
299778,,2.0,702453.7419354839
299790,0.3777567744255066,,702485.6774193548
299791,,2.0,702488.3387096775
299807,0.377786785364151,,702550.0909090909
299808,,3.0,702554.6363636364
299817,0.3778167963027954,,702595.5454545454
299818,,3.0,702600.0909090909
299825,0.3778468072414398,,702631.9090909091
299826,,3.0,702636.4545454546
299836,0.37787681818008423,,702681.9090909091
299837,,3.0,702686.4545454546
299855,0.37790682911872864,,702727.7857142857
299856,,3.0,702730.2380952381
299864,0.37793684005737305,,702749.8571428572
299865,,3.0,702752.3095238095
299873,0.37796685099601746,,702771.9285714285
299874,,3.0,702774.380952381
299880,0.37799686193466187,,702789.0952380953
299881,,3.0,702791.5476190476
299896,0.37800687551498413,,702818.2448979592
299897,,1.0,702820.2653061225
299910,0.3780168890953064,,702846.5306122449
299911,,1.0,702848.5510204082
299919,0.37802690267562866,,702864.7142857143
299920,,1.0,702866.7346938775
299931,0.3780369162559509,,702888.9591836735
299932,,1.0,702890.9795918367
299950,0.3780369162559509,,702921.6666666666
299951,,0.0,702923.5777777778
299959,0.3780369162559509,,702938.8666666667
299960,,0.0,702940.7777777778
299967,0.3780369162559509,,702954.1555555556
299968,,0.0,702956.0666666667
299978,0.3780369162559509,,702975.1777777778
299979,,0.0,702977.088888889
299995,0.37806692719459534,,703029.5555555555
299996,,3.0,703033.4444444445
300004,0.37809693813323975,,703064.5555555555
300005,,3.0,703068.4444444445
300016,0.37812694907188416,,703111.2222222222
300017,,3.0,703115.1111111111
300025,0.37815696001052856,,703146.2222222222
300026,,3.0,703150.1111111111
300042,0.37816697359085083,,703184.3333333334
300043,,1.0,703186.6666666666
300049,0.3781769871711731,,703200.6666666666
300050,,1.0,703203.0
300057,0.37818700075149536,,703219.3333333334
300058,,1.0,703221.6666666666
300066,0.3781970143318176,,703240.3333333334
300067,,1.0,703242.6666666666
300081,0.37821701169013977,,703270.1777777778
300082,,2.0,703272.4666666667
300091,0.3782370090484619,,703293.0666666667
300092,,2.0,703295.3555555556
300103,0.37825700640678406,,703320.5333333333
300104,,2.0,703322.8222222222
300113,0.3782770037651062,,703343.4222222222
300114,,2.0,703345.7111111111
300131,0.3782770037651062,,703368.8571428572
300132,,0.0,703370.3469387755
300144,0.3782770037651062,,703388.224489796
300145,,0.0,703389.7142857143
300154,0.3782770037651062,,703403.1224489796
300155,,0.0,703404.612244898
300164,0.3782770037651062,,703418.0204081633
300165,,0.0,703419.5102040817
300177,0.3782770037651062,,703436.9545454546
300178,,0.0,703438.7272727273
300186,0.3782770037651062,,703452.9090909091
300187,,0.0,703454.6818181818
300199,0.3782770037651062,,703475.9545454546
300200,,0.0,703477.7272727273
300210,0.3782770037651062,,703495.4545454546
300211,,0.0,703497.2272727273
300225,0.3782770037651062,,703519.6904761905
300226,,0.0,703521.5714285715
300230,0.3782770037651062,,703529.0952380953
300231,,0.0,703530.9761904762
300243,0.3782770037651062,,703553.5476190476
300244,,0.0,703555.4285714285
300254,0.3782770037651062,,703574.2380952381
300255,,0.0,703576.119047619
300272,0.37828701734542847,,703597.8545454545
300273,,1.0,703599.2727272727
300285,0.37829703092575073,,703616.2909090909
300286,,1.0,703617.7090909091
300295,0.378307044506073,,703630.4727272728
300296,,1.0,703631.8909090909
300311,0.37831705808639526,,703653.1636363637
300312,,1.0,703654.5818181818
300330,0.37831705808639526,,703679.125
300331,,0.0,703680.6666666666
300340,0.37831705808639526,,703694.5416666666
300341,,0.0,703696.0833333334
300347,0.37831705808639526,,703705.3333333334
300348,,0.0,703706.875
300361,0.37831705808639526,,703726.9166666666
300362,,0.0,703728.4583333334
300378,0.37831705808639526,,703753.5813953489
300379,,0.0,703755.3953488372
300388,0.37831705808639526,,703771.7209302326
300389,,0.0,703773.5348837209
300399,0.37831705808639526,,703791.6744186047
300400,,0.0,703793.4883720931
300406,0.37831705808639526,,703804.3720930233
300407,,0.0,703806.1860465116
300423,0.3783370554447174,,703835.82
300424,,2.0,703837.96
300434,0.37835705280303955,,703859.36
300435,,2.0,703861.5
300446,0.3783770501613617,,703885.04
300447,,2.0,703887.18
300458,0.37839704751968384,,703910.72
300459,,2.0,703912.86
300480,0.3784070611000061,,703942.8490566037
300481,,1.0,703944.3962264151
300492,0.37841707468032837,,703961.4150943396
300493,,1.0,703962.962264151
300504,0.37842708826065063,,703979.9811320754
300505,,1.0,703981.5283018867
300513,0.3784371018409729,,703993.9056603773
300514,,1.0,703995.4528301887
300526,0.3784371018409729,,704016.2162162162
300527,,0.0,704018.3513513514
300537,0.3784371018409729,,704039.7027027027
300538,,0.0,704041.8378378379
300544,0.3784371018409729,,704054.6486486486
300545,,0.0,704056.7837837838
300552,0.3784371018409729,,704071.7297297297
300553,,0.0,704073.8648648649
300565,0.37844711542129517,,704100.1463414634
300566,,1.0,704102.8292682926
300578,0.37845712900161743,,704135.0243902439
300579,,1.0,704137.7073170731
300585,0.3784671425819397,,704153.8048780488
300586,,1.0,704156.487804878
300595,0.37847715616226196,,704180.6341463415
300596,,1.0,704183.3170731707
300609,0.37848716974258423,,704203.0833333334
300610,,1.0,704204.7916666666
300623,0.3784971833229065,,704227.0
300624,,1.0,704228.7083333334
300633,0.37850719690322876,,704244.0833333334
300634,,1.0,704245.7916666666
300645,0.378517210483551,,704264.5833333334
300646,,1.0,704266.2916666666
300660,0.3785272240638733,,704287.7083333334
300661,,1.0,704289.5
300669,0.37853723764419556,,704303.8333333334
300670,,1.0,704305.625
300679,0.3785472512245178,,704321.75
300680,,1.0,704323.5416666666
300695,0.3785572648048401,,704350.4166666666
300696,,1.0,704352.2083333334
300711,0.3785572648048401,,704377.4
300712,,0.0,704379.35
300718,0.3785572648048401,,704391.05
300719,,0.0,704393.0
300725,0.3785572648048401,,704404.7
300726,,0.0,704406.65
300737,0.3785572648048401,,704428.1
300738,,0.0,704430.05
300753,0.3785872757434845,,704450.6666666666
300754,,3.0,704452.2222222222
300759,0.3786172866821289,,704460.0
300760,,3.0,704461.5555555555
300766,0.3786472976207733,,704470.8888888889
300767,,3.0,704472.4444444445
300775,0.3786773085594177,,704484.8888888889
300776,,3.0,704486.4444444445
300790,0.37870731949806213,,704510.9166666666
300791,,3.0,704513.0
300795,0.37873733043670654,,704521.3333333334
300796,,3.0,704523.4166666666
300802,0.37876734137535095,,704535.9166666666
300803,,3.0,704538.0
300813,0.37879735231399536,,704558.8333333334
300814,,3.0,704560.9166666666
300828,0.37879735231399536,,704585.5789473684
300829,,0.0,704587.6315789474
300835,0.37879735231399536,,704599.947368421
300836,,0.0,704602.0
300845,0.37879735231399536,,704620.4736842106
300846,,0.0,704622.5263157894
300853,0.37879735231399536,,704636.8947368421
300854,,0.0,704638.947368421
300869,0.37879735231399536,,704663.2
300870,,0.0,704665.05
300876,0.37879735231399536,,704676.15
300877,,0.0,704678.0
300885,0.37879735231399536,,704692.8
300886,,0.0,704694.65
300895,0.37879735231399536,,704711.3
300896,,0.0,704713.15
300911,0.37879735231399536,,704740.8947368421
300912,,0.0,704743.052631579
300919,0.37879735231399536,,704758.1578947369
300920,,0.0,704760.3157894737
300925,0.37879735231399536,,704771.1052631579
300926,,0.0,704773.2631578947
300935,0.37879735231399536,,704792.6842105263
300936,,0.0,704794.8421052631
300944,0.37879735231399536,,704805.4782608695
300945,,0.0,704807.1739130435
300964,0.37879735231399536,,704839.3913043478
300965,,0.0,704841.0869565217
300974,0.37879735231399536,,704856.3478260869
300975,,0.0,704858.0434782609
300983,0.37879735231399536,,704871.6086956522
300984,,0.0,704873.304347826
300997,0.37879735231399536,,704891.5957446808
300998,,0.0,704893.2553191489
301011,0.37879735231399536,,704914.8297872341
301012,,0.0,704916.4893617021
301018,0.37879735231399536,,704926.4468085107
301019,,0.0,704928.1063829787
301032,0.37879735231399536,,704949.6808510638
301033,,0.0,704951.340425532
301051,0.3788073658943176,,704979.7391304348
301052,,1.0,704981.5217391305
301058,0.3788173794746399,,704992.2173913043
301059,,1.0,704994.0
301070,0.37882739305496216,,705013.6086956522
301071,,1.0,705015.3913043478
301080,0.3788374066352844,,705031.4347826086
301081,,1.0,705033.2173913043
301100,0.3788474202156067,,705071.1481481482
301101,,1.0,705073.4074074074
301111,0.37885743379592896,,705096.0
301112,,1.0,705098.2592592592
301119,0.3788674473762512,,705114.074074074
301120,,1.0,705116.3333333334
301136,0.3788774609565735,,705152.4814814815
301137,,1.0,705154.7407407408
301150,0.3789074718952179,,705174.9069767442
301151,,3.0,705176.6976744186
301162,0.3789374828338623,,705196.3953488372
301163,,3.0,705198.1860465116
301169,0.3789674937725067,,705208.9302325582
301170,,3.0,705210.7209302326
301181,0.3789975047111511,,705230.4186046511
301182,,3.0,705232.2093023256
301194,0.3789975047111511,,705247.4081632653
301195,,0.0,705248.8979591837
301206,0.3789975047111511,,705265.2857142857
301207,,0.0,705266.775510204
301220,0.3789975047111511,,705286.1428571428
301221,,0.0,705287.6326530612
301232,0.3789975047111511,,705304.0204081633
301233,,0.0,705305.5102040817
301248,0.3790075182914734,,705335.085106383
301249,,1.0,705337.4255319149
301256,0.37901753187179565,,705353.8085106383
301257,,1.0,705356.1489361703
301270,0.3790275454521179,,705386.5744680851
301271,,1.0,705388.914893617
301281,0.3790375590324402,,705412.3191489362
301282,,1.0,705414.659574468
301299,0.3790375590324402,,705438.84
301300,,0.0,705440.4
301307,0.3790375590324402,,705451.32
301308,,0.0,705452.88
301320,0.3790375590324402,,705471.6
301321,,0.0,705473.16
301333,0.3790375590324402,,705491.88
301334,,0.0,705493.44
301355,0.3790375590324402,,705527.6511627907
301356,,0.0,705529.4651162791
301361,0.3790375590324402,,705538.5348837209
301362,,0.0,705540.3488372093
301373,0.3790375590324402,,705560.3023255814
301374,,0.0,705562.1162790698
301378,0.3790375590324402,,705569.3720930233
301379,,0.0,705571.1860465116
301392,0.3790375590324402,,705590.7272727273
301393,,0.0,705592.5
301403,0.3790375590324402,,705610.2272727273
301404,,0.0,705612.0
301413,0.3790375590324402,,705627.9545454546
301414,,0.0,705629.7272727273
301424,0.3790375590324402,,705647.4545454546
301425,,0.0,705649.2272727273
301444,0.37905755639076233,,705681.9333333333
301445,,2.0,705683.8666666667
301454,0.3790775537490845,,705701.2666666667
301455,,2.0,705703.2
301473,0.3790975511074066,,705738.0
301474,,2.0,705739.9333333333
301486,0.37911754846572876,,705763.1333333333
301487,,2.0,705765.0666666667
301504,0.37911754846572876,,705794.2631578947
301505,,0.0,705796.2105263158
301511,0.37911754846572876,,705807.8947368421
301512,,0.0,705809.8421052631
301516,0.37911754846572876,,705817.6315789474
301517,,0.0,705819.5789473684
301526,0.37911754846572876,,705837.1052631579
301527,,0.0,705839.052631579
301545,0.37911754846572876,,705868.9545454546
301546,,0.0,705870.8181818182
301557,0.37911754846572876,,705891.3181818182
301558,,0.0,705893.1818181818
301566,0.37911754846572876,,705908.0909090909
301567,,0.0,705909.9545454546
301572,0.37911754846572876,,705919.2727272727
301573,,0.0,705921.1363636364
301585,0.379127562046051,,705945.7142857143
301586,,1.0,705948.2380952381
301591,0.3791375756263733,,705960.8571428572
301592,,1.0,705963.380952381
301601,0.37914758920669556,,705986.0952380953
301602,,1.0,705988.619047619
301616,0.3791576027870178,,706023.9523809524
301617,,1.0,706026.4761904762
301636,0.37917760014533997,,706081.0
301637,,2.0,706084.25
301644,0.3791975975036621,,706107.0
301645,,2.0,706110.25
301652,0.37921759486198425,,706133.0
301653,,2.0,706136.25
301662,0.3792375922203064,,706165.5
301663,,2.0,706168.75
301679,0.3792375922203064,,706192.9130434783
301680,,0.0,706194.5217391305
301691,0.3792375922203064,,706212.2173913043
301692,,0.0,706213.8260869565
301699,0.3792375922203064,,706225.0869565217
301700,,0.0,706226.695652174
301710,0.3792375922203064,,706242.7826086957
301711,,0.0,706244.3913043478
301724,0.3792375922203064,,706267.5789473684
301725,,0.0,706269.7368421053
301731,0.3792375922203064,,706282.6842105263
301732,,0.0,706284.8421052631
301739,0.3792375922203064,,706299.947368421
301740,,0.0,706302.1052631579
301750,0.3792375922203064,,706323.6842105263
301751,,0.0,706325.8421052631
301765,0.3792375922203064,,706347.25
301766,,0.0,706349.0
301776,0.3792375922203064,,706366.5
301777,,0.0,706368.25
301788,0.3792375922203064,,706387.5
301789,,0.0,706389.25
301796,0.3792375922203064,,706401.5
301797,,0.0,706403.25
301812,0.37924760580062866,,706436.2
301813,,1.0,706438.8
301822,0.3792576193809509,,706462.2
301823,,1.0,706464.8
301832,0.3792676329612732,,706488.2
301833,,1.0,706490.8
301843,0.37927764654159546,,706516.8
301844,,1.0,706519.4
301858,0.37927764654159546,,706542.8717948718
301859,,0.0,706544.7692307692
301870,0.37927764654159546,,706565.641025641
301871,,0.0,706567.5384615385
301878,0.37927764654159546,,706580.8205128205
301879,,0.0,706582.717948718
301884,0.37927764654159546,,706592.2051282051
301885,,0.0,706594.1025641026
301901,0.37927764654159546,,706619.5813953489
301902,,0.0,706621.3953488372
301912,0.37927764654159546,,706639.5348837209
301913,,0.0,706641.3488372093
301923,0.37927764654159546,,706659.4883720931
301924,,0.0,706661.3023255814
301929,0.37927764654159546,,706670.3720930233
301930,,0.0,706672.1860465116
301945,0.3792976438999176,,706710.5
301946,,2.0,706713.5416666666
301957,0.37931764125823975,,706747.0
301958,,2.0,706750.0416666666
301969,0.3793376386165619,,706783.5
301970,,2.0,706786.5416666666
301979,0.37935763597488403,,706813.9166666666
301980,,2.0,706816.9583333334
301989,0.37935763597488403,,706830.0408163265
301990,,0.0,706831.7142857143
302004,0.37935763597488403,,706855.1428571428
302005,,0.0,706856.8163265307
302016,0.37935763597488403,,706875.224489796
302017,,0.0,706876.8979591837
302030,0.37935763597488403,,706898.6530612245
302031,,0.0,706900.3265306122
302043,0.3793776333332062,,706932.9230769231
302044,,2.0,706936.358974359
302052,0.3793976306915283,,706963.8461538461
302053,,2.0,706967.282051282
302064,0.37941762804985046,,707005.0769230769
302065,,2.0,707008.5128205129
302071,0.3794376254081726,,707029.1282051282
302072,,2.0,707032.5641025641
302084,0.3794476389884949,,707052.3255813953
302085,,1.0,707054.1395348837
302095,0.37945765256881714,,707072.2790697674
302096,,1.0,707074.0930232558
302103,0.3794676661491394,,707086.7906976744
302104,,1.0,707088.6046511628
302116,0.37947767972946167,,707110.3720930233
302117,,1.0,707112.1860465116
302127,0.37947767972946167,,707126.4090909091
302128,,0.0,707128.1818181818
302139,0.37947767972946167,,707147.6818181818
302140,,0.0,707149.4545454546
302152,0.37947767972946167,,707170.7272727273
302153,,0.0,707172.5
302162,0.37947767972946167,,707188.4545454546
302163,,0.0,707190.2272727273
302176,0.3794976770877838,,707222.731707317
302177,,2.0,707225.8048780488
302185,0.37951767444610596,,707250.3902439025
302186,,2.0,707253.4634146341
302194,0.3795376718044281,,707278.0487804879
302195,,2.0,707281.1219512195
302205,0.37955766916275024,,707311.8536585366
302206,,2.0,707314.9268292683
302221,0.37955766916275024,,707342.947368421
302222,,0.0,707345.0263157894
302231,0.37955766916275024,,707363.7368421053
302232,,0.0,707365.8157894737
302238,0.37955766916275024,,707378.2894736842
302239,,0.0,707380.3684210526
302245,0.37955766916275024,,707392.8421052631
302246,,0.0,707394.9210526316
302268,0.37958768010139465,,707451.4423076923
302269,,3.0,707454.3076923077
302281,0.37961769104003906,,707488.6923076923
302282,,3.0,707491.5576923077
302289,0.37964770197868347,,707511.6153846154
302290,,3.0,707514.4807692308
302299,0.3796777129173279,,707540.2692307692
302300,,3.0,707543.1346153846
302316,0.37969771027565,,707576.6041666666
302317,,2.0,707578.9583333334
302330,0.37971770763397217,,707609.5625
302331,,2.0,707611.9166666666
302337,0.3797377049922943,,707626.0416666666
302338,,2.0,707628.3958333334
302349,0.37975770235061646,,707654.2916666666
302350,,2.0,707656.6458333334
302363,0.37975770235061646,,707674.7446808511
302364,,0.0,707676.3191489362
302373,0.37975770235061646,,707690.4893617021
302374,,0.0,707692.0638297872
302380,0.37975770235061646,,707701.5106382979
302381,,0.0,707703.085106383
302398,0.37975770235061646,,707729.8510638297
302399,,0.0,707731.4255319149
302409,0.37975770235061646,,707747.3684210526
302410,,0.0,707749.4210526316
302418,0.37975770235061646,,707765.8421052631
302419,,0.0,707767.8947368421
302425,0.37975770235061646,,707780.2105263158
302426,,0.0,707782.2631578947
302438,0.37975770235061646,,707806.8947368421
302439,,0.0,707808.947368421
302453,0.37975770235061646,,707828.3191489362
302454,,0.0,707829.8936170213
302467,0.37975770235061646,,707850.3617021276
302468,,0.0,707851.9361702128
302476,0.37975770235061646,,707864.5319148937
302477,,0.0,707866.1063829787
302487,0.37975770235061646,,707881.8510638297
302488,,0.0,707883.4255319149
302506,0.37975770235061646,,707912.3333333334
302507,,0.0,707914.1555555556
302515,0.37975770235061646,,707928.7333333333
302516,,0.0,707930.5555555555
302525,0.37975770235061646,,707946.9555555555
302526,,0.0,707948.7777777778
302534,0.37975770235061646,,707963.3555555556
302535,,0.0,707965.1777777778
302549,0.37975770235061646,,707989.0
302550,,0.0,707991.0
302558,0.37975770235061646,,708007.0
302559,,0.0,708009.0
302568,0.37975770235061646,,708027.0
302569,,0.0,708029.0
302573,0.37975770235061646,,708037.0
302574,,0.0,708039.0
302587,0.37975770235061646,,708057.4444444445
302588,,0.0,708059.088888889
302599,0.37975770235061646,,708077.1777777778
302600,,0.0,708078.8222222222
302610,0.37975770235061646,,708095.2666666667
302611,,0.0,708096.911111111
302620,0.37975770235061646,,708111.7111111111
302621,,0.0,708113.3555555556
302632,0.37975770235061646,,708134.7333333333
302633,,0.0,708137.2
302640,0.37975770235061646,,708154.4666666667
302641,,0.0,708156.9333333333
302646,0.37975770235061646,,708169.2666666667
302647,,0.0,708171.7333333333
302652,0.37975770235061646,,708184.0666666667
302653,,0.0,708186.5333333333
302666,0.3797677159309387,,708208.1489361703
302667,,1.0,708210.0638297872
302678,0.379777729511261,,708231.1276595745
302679,,1.0,708233.0425531915
302691,0.37978774309158325,,708256.0212765958
302692,,1.0,708257.9361702128
302701,0.3797977566719055,,708275.1702127659
302702,,1.0,708277.085106383
302720,0.3797977566719055,,708301.2
302721,,0.0,708302.68
302731,0.3797977566719055,,708317.48
302732,,0.0,708318.96
302739,0.3797977566719055,,708329.32
302740,,0.0,708330.8
302753,0.3797977566719055,,708350.04
302754,,0.0,708351.52
302766,0.3797977566719055,,708369.3255813953
302767,,0.0,708371.1395348837
302779,0.3797977566719055,,708392.9069767442
302780,,0.0,708394.7209302326
302790,0.3797977566719055,,708412.8604651163
302791,,0.0,708414.6744186047
302798,0.3797977566719055,,708427.3720930233
302799,,0.0,708429.1860465116
302815,0.3797977566719055,,708451.4680851063
302816,,0.0,708453.0425531915
302824,0.3797977566719055,,708465.6382978724
302825,,0.0,708467.2127659575
302837,0.3797977566719055,,708486.1063829787
302838,,0.0,708487.6808510638
302847,0.3797977566719055,,708501.8510638297
302848,,0.0,708503.4255319149
302866,0.3797977566719055,,708532.8571428572
302867,,0.0,708534.7142857143
302876,0.3797977566719055,,708551.4285714285
302877,,0.0,708553.2857142857
302886,0.3797977566719055,,708570.0
302887,,0.0,708571.8571428572
302891,0.3797977566719055,,708579.2857142857
302892,,0.0,708581.1428571428
302908,0.3798077702522278,,708603.693877551
302909,,1.0,708605.2857142857
302919,0.37981778383255005,,708621.2040816327
302920,,1.0,708622.7959183673
302930,0.3798277974128723,,708638.7142857143
302931,,1.0,708640.306122449
302942,0.3798378109931946,,708657.8163265307
302943,,1.0,708659.4081632653
302959,0.3798578083515167,,708713.0
302960,,2.0,708717.0
302970,0.37987780570983887,,708757.0
302971,,2.0,708761.0
302979,0.379897803068161,,708793.0
302980,,2.0,708797.0
302988,0.37991780042648315,,708829.0
302989,,2.0,708833.0
302996,0.37991780042648315,,708845.0
302997,,0.0,708847.0
303009,0.37991780042648315,,708871.0
303010,,0.0,708873.0
303019,0.37991780042648315,,708891.0
303020,,0.0,708893.0
303029,0.37991780042648315,,708911.0
303030,,0.0,708913.0
303043,0.37991780042648315,,708933.5714285715
303044,,0.0,708935.4285714285
303052,0.37991780042648315,,708950.2857142857
303053,,0.0,708952.1428571428
303060,0.37991780042648315,,708965.1428571428
303061,,0.0,708967.0
303073,0.37991780042648315,,708989.2857142857
303074,,0.0,708991.1428571428
303088,0.37991780042648315,,709012.5
303089,,0.0,709014.2727272727
303101,0.37991780042648315,,709035.5454545454
303102,,0.0,709037.3181818182
303110,0.37991780042648315,,709051.5
303111,,0.0,709053.2727272727
303119,0.37991780042648315,,709067.4545454546
303120,,0.0,709069.2272727273
303134,0.37991780042648315,,709092.4210526316
303135,,0.0,709094.3684210526
303141,0.37991780042648315,,709106.052631579
303142,,0.0,709108.0
303150,0.37991780042648315,,709123.5789473684
303151,,0.0,709125.5263157894
303159,0.37991780042648315,,709141.1052631579
303160,,0.0,709143.052631579
303172,0.37991780042648315,,709161.65
303173,,0.0,709163.5
303183,0.37991780042648315,,709182.0
303184,,0.0,709183.85
303190,0.37991780042648315,,709194.95
303191,,0.0,709196.8
303201,0.37991780042648315,,709215.3
303202,,0.0,709217.15
303217,0.3799278140068054,,709241.5
303218,,1.0,709243.375
303227,0.3799378275871277,,709260.25
303228,,1.0,709262.125
303239,0.37994784116744995,,709282.75
303240,,1.0,709284.625
303251,0.3799578547477722,,709305.25
303252,,1.0,709307.125
303264,0.3799878656864166,,709349.0
303265,,3.0,709353.4444444445
303272,0.38001787662506104,,709384.5555555555
303273,,3.0,709389.0
303288,0.38004788756370544,,709455.6666666666
303289,,3.0,709460.1111111111
303298,0.38007789850234985,,709500.1111111111
303299,,3.0,709504.5555555555
303316,0.38007789850234985,,709532.2340425532
303317,,0.0,709533.8936170213
303325,0.38007789850234985,,709547.1702127659
303326,,0.0,709548.8297872341
303337,0.38007789850234985,,709567.085106383
303338,,0.0,709568.7446808511
303347,0.38007789850234985,,709583.6808510638
303348,,0.0,709585.340425532
303360,0.3800879120826721,,709608.4468085107
303361,,1.0,709610.8297872341
303372,0.3800979256629944,,709637.0425531915
303373,,1.0,709639.4255319149
303386,0.38010793924331665,,709670.4042553192
303387,,1.0,709672.7872340425
303396,0.3801179528236389,,709694.2340425532
303397,,1.0,709696.6170212766
303408,0.3801279664039612,,709715.4
303409,,1.0,709717.45
303417,0.38013797998428345,,709733.85
303418,,1.0,709735.9
303430,0.3801479935646057,,709760.5
303431,,1.0,709762.55
303438,0.380158007144928,,709776.9
303439,,1.0,709778.95
303454,0.380158007144928,,709801.5
303455,,0.0,709803.2083333334
303461,0.380158007144928,,709813.4583333334
303462,,0.0,709815.1666666666
303473,0.380158007144928,,709833.9583333334
303474,,0.0,709835.6666666666
303488,0.380158007144928,,709859.5833333334
303489,,0.0,709861.2916666666
303501,0.380158007144928,,709879.7142857143
303502,,0.0,709881.5714285715
303511,0.380158007144928,,709898.2857142857
303512,,0.0,709900.1428571428
303523,0.380158007144928,,709920.5714285715
303524,,0.0,709922.4285714285
303532,0.380158007144928,,709937.2857142857
303533,,0.0,709939.1428571428
303553,0.380158007144928,,709965.6981132076
303554,,0.0,709967.1509433963
303564,0.380158007144928,,709981.679245283
303565,,0.0,709983.1320754717
303574,0.380158007144928,,709996.2075471698
303575,,0.0,709997.6603773584
303587,0.380158007144928,,710015.0943396227
303588,,0.0,710016.5471698113
303602,0.38016802072525024,,710046.75
303603,,1.0,710049.3636363636
303611,0.3801780343055725,,710070.2727272727
303612,,1.0,710072.8863636364
303622,0.3801880478858948,,710099.0227272727
303623,,1.0,710101.6363636364
303633,0.38019806146621704,,710127.7727272727
303634,,1.0,710130.3863636364
303646,0.3802180588245392,,710151.0
303647,,2.0,710153.0
303657,0.38023805618286133,,710173.0
303658,,2.0,710175.0
303669,0.38025805354118347,,710197.0
303670,,2.0,710199.0
303680,0.3802780508995056,,710219.0
303681,,2.0,710221.0
303694,0.3802780508995056,,710241.5
303695,,0.0,710243.35
303704,0.3802780508995056,,710260.0
303705,,0.0,710261.85
303716,0.3802780508995056,,710282.2
303717,,0.0,710284.05
303722,0.3802780508995056,,710293.3
303723,,0.0,710295.15
303734,0.3802880644798279,,710313.3636363636
303735,,1.0,710315.4090909091
303748,0.38029807806015015,,710342.0
303749,,1.0,710344.0454545454
303757,0.3803080916404724,,710360.4090909091
303758,,1.0,710362.4545454546
303768,0.3803181052207947,,710382.9090909091
303769,,1.0,710384.9545454546
303782,0.3803181052207947,,710407.2702702703
303783,,0.0,710409.2972972973
303787,0.3803181052207947,,710417.4054054054
303788,,0.0,710419.4324324324
303800,0.3803181052207947,,710443.7567567568
303801,,0.0,710445.7837837838
303807,0.3803181052207947,,710457.9459459459
303808,,0.0,710459.972972973
303823,0.38032811880111694,,710484.8837209302
303824,,1.0,710486.7906976744
303830,0.3803381323814392,,710498.2325581395
303831,,1.0,710500.1395348837
303837,0.3803481459617615,,710511.5813953489
303838,,1.0,710513.4883720931
303852,0.38035815954208374,,710540.1860465116
303853,,1.0,710542.0930232558
303873,0.3803781569004059,,710595.7555555556
303874,,2.0,710598.8
303882,0.380398154258728,,710623.1555555556
303883,,2.0,710626.2
303891,0.38041815161705017,,710650.5555555555
303892,,2.0,710653.6
303899,0.3804381489753723,,710674.911111111
303900,,2.0,710677.9555555555
303913,0.3804381489753723,,710697.9565217391
303914,,0.0,710699.6521739131
303925,0.3804381489753723,,710718.304347826
303926,,0.0,710720.0
303936,0.3804381489753723,,710736.9565217391
303937,,0.0,710738.6521739131
303947,0.3804381489753723,,710755.6086956522
303948,,0.0,710757.304347826
303960,0.38045814633369446,,710787.2558139535
303961,,2.0,710790.3953488372
303974,0.3804781436920166,,710831.2093023256
303975,,2.0,710834.3488372093
303982,0.38049814105033875,,710856.3255813953
303983,,2.0,710859.4651162791
303992,0.3805181384086609,,710887.7209302326
303993,,2.0,710890.8604651163
304006,0.3805181384086609,,710914.25
304007,,0.0,710916.275
304013,0.3805181384086609,,710928.425
304014,,0.0,710930.45
304022,0.3805181384086609,,710946.65
304023,,0.0,710948.675
304034,0.3805181384086609,,710970.95
304035,,0.0,710972.975
304056,0.3805181384086609,,711002.75
304057,,0.0,711004.2916666666
304066,0.3805181384086609,,711018.1666666666
304067,,0.0,711019.7083333334
304073,0.3805181384086609,,711028.9583333334
304074,,0.0,711030.5
304084,0.3805181384086609,,711045.9166666666
304085,,0.0,711047.4583333334
304097,0.3805481493473053,,711091.8571428572
304098,,3.0,711096.619047619
304107,0.3805781602859497,,711139.4761904762
304108,,3.0,711144.2380952381
304117,0.3806081712245941,,711187.0952380953
304118,,3.0,711191.8571428572
304128,0.3806381821632385,,711239.4761904762
304129,,3.0,711244.2380952381
304143,0.3806381821632385,,711268.380952381
304144,,0.0,711270.1428571428
304154,0.3806381821632385,,711287.7619047619
304155,,0.0,711289.5238095238
304164,0.3806381821632385,,711305.380952381
304165,,0.0,711307.1428571428
304172,0.3806381821632385,,711319.4761904762
304173,,0.0,711321.2380952381
304190,0.38065817952156067,,711369.3076923077
304191,,2.0,711372.6153846154
304202,0.3806781768798828,,711409.0
304203,,2.0,711412.3076923077
304212,0.38069817423820496,,711442.0769230769
304213,,2.0,711445.3846153846
304226,0.3807181715965271,,711488.3846153846
304227,,2.0,711491.6923076923
304238,0.3807181715965271,,711511.4210526316
304239,,0.0,711513.4736842106
304247,0.3807181715965271,,711529.8947368421
304248,,0.0,711531.947368421
304255,0.3807181715965271,,711546.3157894737
304256,,0.0,711548.3684210526
304266,0.3807181715965271,,711568.8947368421
304267,,0.0,711570.947368421
304280,0.3807181715965271,,711590.2093023256
304281,,0.0,711591.9302325582
304288,0.3807181715965271,,711603.976744186
304289,,0.0,711605.6976744186
304301,0.3807181715965271,,711626.3488372093
304302,,0.0,711628.0697674418
304311,0.3807181715965271,,711643.5581395349
304312,,0.0,711645.2790697674
304327,0.3807181715965271,,711667.6511627907
304328,,0.0,711669.3720930233
304335,0.3807181715965271,,711681.4186046511
304336,,0.0,711683.1395348837
304347,0.3807181715965271,,711702.0697674418
304348,,0.0,711703.7906976744
304356,0.3807181715965271,,711717.5581395349
304357,,0.0,711719.2790697674
304370,0.3807181715965271,,711738.6086956522
304371,,0.0,711740.3695652174
304380,0.3807181715965271,,711756.2173913043
304381,,0.0,711757.9782608695
304391,0.3807181715965271,,711775.5869565217
304392,,0.0,711777.3478260869
304404,0.3807181715965271,,711798.4782608695
304405,,0.0,711800.2391304348
304417,0.38072818517684937,,711820.0
304418,,1.0,711822.0
304427,0.38073819875717163,,711840.0
304428,,1.0,711842.0
304438,0.3807482123374939,,711862.0
304439,,1.0,711864.0
304447,0.38075822591781616,,711880.0
304448,,1.0,711882.0
304470,0.3807682394981384,,711911.0384615385
304471,,1.0,711912.4615384615
304484,0.3807782530784607,,711930.9615384615
304485,,1.0,711932.3846153846
304493,0.38078826665878296,,711943.7692307692
304494,,1.0,711945.1923076923
304501,0.3807982802391052,,711955.1538461539
304502,,1.0,711956.5769230769
304512,0.3807982802391052,,711972.717948718
304513,,0.0,711974.8205128205
304519,0.3807982802391052,,711987.4358974359
304520,,0.0,711989.5384615385
304529,0.3807982802391052,,712008.4615384615
304530,,0.0,712010.5641025641
304542,0.3807982802391052,,712035.7948717949
304543,,0.0,712037.8974358974
304557,0.3807982802391052,,712063.2571428572
304558,,0.0,712065.3714285714
304564,0.3807982802391052,,712078.0571428571
304565,,0.0,712080.1714285715
304573,0.3807982802391052,,712097.0857142857
304574,,0.0,712099.2
304579,0.3807982802391052,,712109.7714285714
304580,,0.0,712111.8857142857
304596,0.3808082938194275,,712140.0
304597,,1.0,712142.0
304605,0.38081830739974976,,712158.0
304606,,1.0,712160.0
304612,0.380828320980072,,712172.0
304613,,1.0,712174.0
304622,0.3808383345603943,,712192.0
304623,,1.0,712194.0
304635,0.3808383345603943,,712214.0
304636,,0.0,712216.0
304646,0.3808383345603943,,712236.0
304647,,0.0,712238.0
304654,0.3808383345603943,,712252.0
304655,,0.0,712254.0
304665,0.3808383345603943,,712274.0
304666,,0.0,712276.0
304678,0.3808383345603943,,712293.2790697674
304679,,0.0,712294.976744186
304689,0.3808383345603943,,712311.9534883721
304690,,0.0,712313.6511627907
304696,0.3808383345603943,,712323.8372093023
304697,,0.0,712325.5348837209
304710,0.3808383345603943,,712347.6046511628
304711,,0.0,712349.3023255814
304725,0.38084834814071655,,712372.2978723404
304726,,1.0,712374.2340425532
304739,0.3808583617210388,,712399.4042553192
304740,,1.0,712401.340425532
304750,0.3808683753013611,,712420.7021276596
304751,,1.0,712422.6382978724
304759,0.38087838888168335,,712438.1276595745
304760,,1.0,712440.0638297872
304775,0.38087838888168335,,712463.7674418605
304776,,0.0,712465.5813953489
304787,0.38087838888168335,,712485.5348837209
304788,,0.0,712487.3488372093
304795,0.38087838888168335,,712500.0465116279
304796,,0.0,712501.8604651163
304804,0.38087838888168335,,712516.3720930233
304805,,0.0,712518.1860465116
304819,0.38087838888168335,,712540.9268292683
304820,,0.0,712542.8292682926
304831,0.38087838888168335,,712563.756097561
304832,,0.0,712565.6585365854
304840,0.38087838888168335,,712580.8780487805
304841,,0.0,712582.7804878049
304847,0.38087838888168335,,712594.1951219512
304848,,0.0,712596.0975609756
304862,0.38087838888168335,,712619.45
304863,,0.0,712621.4
304870,0.38087838888168335,,712635.05
304871,,0.0,712637.0
304879,0.38087838888168335,,712652.6
304880,,0.0,712654.55
304889,0.38087838888168335,,712672.1
304890,,0.0,712674.05
304906,0.38087838888168335,,712696.9591836735
304907,,0.0,712698.5714285715
304915,0.38087838888168335,,712711.4693877551
304916,,0.0,712713.081632653
304929,0.38087838888168335,,712734.0408163265
304930,,0.0,712735.6530612245
304940,0.38087838888168335,,712751.775510204
304941,,0.0,712753.387755102
304957,0.3808884024620056,,712777.6808510638
304958,,1.0,712779.4255319149
304967,0.3808984160423279,,712795.1276595745
304968,,1.0,712796.8723404255
304978,0.38090842962265015,,712814.3191489362
304979,,1.0,712816.0638297872
304989,0.3809184432029724,,712833.5106382979
304990,,1.0,712835.2553191489
305009,0.3809184432029724,,712859.3396226416
305010,,0.0,712860.7358490566
305023,0.3809184432029724,,712878.8867924528
305024,,0.0,712880.283018868
305033,0.3809184432029724,,712892.8490566037
305034,,0.0,712894.2452830189
305044,0.3809184432029724,,712908.2075471698
305045,,0.0,712909.6037735849
305062,0.38093844056129456,,712955.625
305063,,2.0,712958.8125
305075,0.3809584379196167,,712997.0625
305076,,2.0,713000.25
305082,0.38097843527793884,,713019.375
305083,,2.0,713022.5625
305094,0.380998432636261,,713057.625
305095,,2.0,713060.8125
305108,0.380998432636261,,713083.0243902439
305109,,0.0,713084.9268292683
305117,0.380998432636261,,713100.1463414634
305118,,0.0,713102.0487804879
305128,0.380998432636261,,713121.0731707317
305129,,0.0,713122.9756097561
305137,0.380998432636261,,713138.1951219512
305138,,0.0,713140.0975609756
305155,0.380998432636261,,713162.2222222222
305156,,0.0,713163.6666666666
305168,0.380998432636261,,713181.0
305169,,0.0,713182.4444444445
305181,0.380998432636261,,713199.7777777778
305182,,0.0,713201.2222222222
305193,0.380998432636261,,713217.1111111111
305194,,0.0,713218.5555555555
305207,0.380998432636261,,713236.9565217391
305208,,0.0,713238.6521739131
305220,0.380998432636261,,713259.0
305221,,0.0,713260.695652174
305231,0.380998432636261,,713277.6521739131
305232,,0.0,713279.3478260869
305241,0.380998432636261,,713294.6086956522
305242,,0.0,713296.304347826
305255,0.38100844621658325,,713323.8974358974
305256,,1.0,713326.4871794871
305264,0.3810184597969055,,713347.2051282051
305265,,1.0,713349.7948717949
305275,0.3810284733772278,,713375.6923076923
305276,,1.0,713378.282051282
305282,0.38103848695755005,,713393.8205128205
305283,,1.0,713396.4102564103
305299,0.3810485005378723,,713423.731707317
305300,,1.0,713425.6341463415
305304,0.3810585141181946,,713433.243902439
305305,,1.0,713435.1463414634
305313,0.38106852769851685,,713450.3658536585
305314,,1.0,713452.268292683
305325,0.3810785412788391,,713473.1951219512
305326,,1.0,713475.0975609756
305337,0.3810885548591614,,713499.1818181818
305338,,1.0,713501.9545454546
305348,0.38109856843948364,,713529.6818181818
305349,,1.0,713532.4545454546
305362,0.3811085820198059,,713568.5
305363,,1.0,713571.2727272727
305371,0.3811185956001282,,713593.4545454546
305372,,1.0,713596.2272727273
305387,0.3811185956001282,,713620.7674418605
305388,,0.0,713622.5813953489
305392,0.3811185956001282,,713629.8372093023
305393,,0.0,713631.6511627907
305404,0.3811185956001282,,713651.6046511628
305405,,0.0,713653.4186046511
305416,0.3811185956001282,,713673.3720930233
305417,,0.0,713675.1860465116
305427,0.3811185956001282,,713692.1666666666
305428,,0.0,713694.3333333334
305436,0.3811185956001282,,713711.6666666666
305437,,0.0,713713.8333333334
305447,0.3811185956001282,,713735.5
305448,,0.0,713737.6666666666
305454,0.3811185956001282,,713750.6666666666
305455,,0.0,713752.8333333334
305471,0.3811185956001282,,713776.7608695652
305472,,0.0,713778.4347826086
305482,0.3811185956001282,,713795.1739130435
305483,,0.0,713796.8478260869
305493,0.3811185956001282,,713813.5869565217
305494,,0.0,713815.2608695652
305502,0.3811185956001282,,713828.6521739131
305503,,0.0,713830.3260869565
305514,0.38112860918045044,,713854.0540540541
305515,,1.0,713856.8108108108
305522,0.3811386227607727,,713876.1081081082
305523,,1.0,713878.8648648649
305532,0.38114863634109497,,713903.6756756756
305533,,1.0,713906.4324324324
305541,0.38115864992141724,,713928.4864864865
305542,,1.0,713931.2432432432
305560,0.38115864992141724,,713953.1379310344
305561,,0.0,713954.4137931034
305572,0.38115864992141724,,713968.448275862
305573,,0.0,713969.724137931
305584,0.38115864992141724,,713983.7586206896
305585,,0.0,713985.0344827586
305601,0.38115864992141724,,714005.448275862
305602,,0.0,714006.724137931
305615,0.38115864992141724,,714024.6666666666
305616,,0.0,714026.3333333334
305623,0.38115864992141724,,714038.0
305624,,0.0,714039.6666666666
305634,0.38115864992141724,,714056.3333333334
305635,,0.0,714058.0
305648,0.38115864992141724,,714079.6666666666
305649,,0.0,714081.3333333334
305664,0.38115864992141724,,714103.3478260869
305665,,0.0,714105.0434782609
305672,0.38115864992141724,,714116.9130434783
305673,,0.0,714118.6086956522
305687,0.38115864992141724,,714142.3478260869
305688,,0.0,714144.0434782609
305696,0.38115864992141724,,714157.6086956522
305697,,0.0,714159.304347826
305706,0.38115864992141724,,714175.625
305707,,0.0,714178.0625
305712,0.38115864992141724,,714190.25
305713,,0.0,714192.6875
305722,0.38115864992141724,,714214.625
305723,,0.0,714217.0625
305730,0.38115864992141724,,714234.125
305731,,0.0,714236.5625
305746,0.3811786472797394,,714279.9756097561
305747,,2.0,714283.3902439025
305755,0.3811986446380615,,714310.7073170731
305756,,2.0,714314.1219512195
305763,0.38121864199638367,,714338.0243902439
305764,,2.0,714341.4390243902
305773,0.3812386393547058,,714372.1707317074
305774,,2.0,714375.5853658536
305792,0.3812486529350281,,714419.4347826086
305793,,1.0,714422.1304347826
305802,0.38125866651535034,,714446.3913043478
305803,,1.0,714449.0869565217
305809,0.3812686800956726,,714465.2608695652
305810,,1.0,714467.9565217391
305821,0.3812786936759949,,714497.6086956522
305822,,1.0,714500.304347826
305835,0.38128870725631714,,714531.0952380953
305836,,1.0,714533.9047619047
305848,0.3812987208366394,,714567.619047619
305849,,1.0,714570.4285714285
305859,0.38130873441696167,,714598.5238095238
305860,,1.0,714601.3333333334
305865,0.38131874799728394,,714615.380952381
305866,,1.0,714618.1904761905
305881,0.38131874799728394,,714641.9361702128
305882,,0.0,714643.6808510638
305893,0.38131874799728394,,714662.8723404255
305894,,0.0,714664.6170212766
305907,0.38131874799728394,,714687.2978723404
305908,,0.0,714689.0425531915
305914,0.38131874799728394,,714699.5106382979
305915,,0.0,714701.2553191489
305928,0.38131874799728394,,714721.1395348837
305929,,0.0,714722.9534883721
305935,0.38131874799728394,,714733.8372093023
305936,,0.0,714735.6511627907
305947,0.38131874799728394,,714755.6046511628
305948,,0.0,714757.4186046511
305959,0.38131874799728394,,714777.3720930233
305960,,0.0,714779.1860465116
305976,0.38131874799728394,,714804.3409090909
305977,,0.0,714806.1363636364
305985,0.38131874799728394,,714820.5
305986,,0.0,714822.2954545454
305995,0.38131874799728394,,714838.4545454546
305996,,0.0,714840.25
306005,0.38131874799728394,,714856.4090909091
306006,,0.0,714858.2045454546
306024,0.38131874799728394,,714885.4347826086
306025,,0.0,714887.1304347826
306036,0.38131874799728394,,714905.7826086957
306037,,0.0,714907.4782608695
306047,0.38131874799728394,,714924.4347826086
306048,,0.0,714926.1304347826
306053,0.38131874799728394,,714934.6086956522
306054,,0.0,714936.304347826
306068,0.38131874799728394,,714957.9534883721
306069,,0.0,714959.7674418605
306077,0.38131874799728394,,714974.2790697674
306078,,0.0,714976.0930232558
306087,0.38131874799728394,,714992.4186046511
306088,,0.0,714994.2325581395
306098,0.38131874799728394,,715012.3720930233
306099,,0.0,715014.1860465116
306122,0.3813287615776062,,715062.6666666666
306123,,1.0,715065.0
306129,0.38133877515792847,,715079.0
306130,,1.0,715081.3333333334
306138,0.38134878873825073,,715100.0
306139,,1.0,715102.3333333334
306151,0.381358802318573,,715130.3333333334
306152,,1.0,715132.6666666666
306163,0.381358802318573,,715148.7674418605
306164,,0.0,715150.4883720931
306173,0.381358802318573,,715165.976744186
306174,,0.0,715167.6976744186
306183,0.381358802318573,,715183.1860465116
306184,,0.0,715184.9069767442
306196,0.381358802318573,,715205.5581395349
306197,,0.0,715207.2790697674
306218,0.381358802318573,,715241.6511627907
306219,,0.0,715243.4651162791
306228,0.381358802318573,,715259.7906976744
306229,,0.0,715261.6046511628
306234,0.381358802318573,,715270.6744186047
306235,,0.0,715272.4883720931
306241,0.381358802318573,,715283.3720930233
306242,,0.0,715285.1860465116
306258,0.381358802318573,,715315.6666666666
306259,,0.0,715317.8717948718
306267,0.381358802318573,,715335.5128205129
306268,,0.0,715337.717948718
306275,0.381358802318573,,715353.1538461539
306276,,0.0,715355.358974359
306282,0.381358802318573,,715368.5897435897
306283,,0.0,715370.7948717949
306292,0.381358802318573,,715383.5
306293,,0.0,715385.25
306305,0.381358802318573,,715406.25
306306,,0.0,715408.0
306314,0.381358802318573,,715422.0
306315,,0.0,715423.75
306328,0.381358802318573,,715446.5
306329,,0.0,715448.25
306343,0.381358802318573,,715468.6744186047
306344,,0.0,715470.3720930233
306351,0.381358802318573,,715482.2558139535
306352,,0.0,715483.9534883721
306363,0.381358802318573,,715502.6279069767
306364,,0.0,715504.3255813953
306373,0.381358802318573,,715519.6046511628
306374,,0.0,715521.3023255814
306387,0.381358802318573,,715541.5714285715
306388,,0.0,715543.4285714285
306398,0.381358802318573,,715562.0
306399,,0.0,715563.8571428572
306407,0.381358802318573,,715578.7142857143
306408,,0.0,715580.5714285715
306417,0.381358802318573,,715597.2857142857
306418,,0.0,715599.1428571428
306430,0.381358802318573,,715615.8
306431,,0.0,715617.4444444445
306441,0.381358802318573,,715633.8888888889
306442,,0.0,715635.5333333333
306454,0.381358802318573,,715655.2666666667
306455,,0.0,715656.911111111
306464,0.381358802318573,,715671.7111111111
306465,,0.0,715673.3555555556
306478,0.381358802318573,,715694.756097561
306479,,0.0,715696.731707317
306489,0.381358802318573,,715716.487804878
306490,,0.0,715718.4634146341
306497,0.381358802318573,,715732.2926829269
306498,,0.0,715734.268292683
306507,0.381358802318573,,715752.0487804879
306508,,0.0,715754.0243902439
306524,0.38136881589889526,,715779.081632653
306525,,1.0,715780.8571428572
306534,0.38137882947921753,,715796.8367346938
306535,,1.0,715798.612244898
306545,0.3813888430595398,,715816.3673469388
306546,,1.0,715818.1428571428
306558,0.38139885663986206,,715839.4489795918
306559,,1.0,715841.224489796
306570,0.3814088702201843,,715860.4883720931
306571,,1.0,715862.6744186047
306585,0.3814188838005066,,715893.2790697674
306586,,1.0,715895.4651162791
306592,0.38142889738082886,,715908.5813953489
306593,,1.0,715910.7674418605
306603,0.3814389109611511,,715932.6279069767
306604,,1.0,715934.8139534884
306620,0.3814389109611511,,715956.6326530612
306621,,0.0,715958.1428571428
306630,0.3814389109611511,,715971.7346938775
306631,,0.0,715973.2448979592
306642,0.3814389109611511,,715989.8571428572
306643,,0.0,715991.3673469388
306654,0.3814389109611511,,716007.9795918367
306655,,0.0,716009.4897959183
306667,0.3814389109611511,,716026.1363636364
306668,,0.0,716027.8181818182
306678,0.3814389109611511,,716044.6363636364
306679,,0.0,716046.3181818182
306687,0.3814389109611511,,716059.7727272727
306688,,0.0,716061.4545454546
306700,0.3814389109611511,,716081.6363636364
306701,,0.0,716083.3181818182
306713,0.38145890831947327,,716117.2
306714,,2.0,716120.7777777778
306723,0.3814789056777954,,716152.9777777778
306724,,2.0,716156.5555555555
306736,0.38149890303611755,,716199.4888888889
306737,,2.0,716203.0666666667
306747,0.3815189003944397,,716238.8444444444
306748,,2.0,716242.4222222222
306765,0.38153889775276184,,716282.0
306766,,2.0,716284.5714285715
306776,0.381558895111084,,716310.2857142857
306777,,2.0,716312.8571428572
306788,0.38157889246940613,,716341.1428571428
306789,,2.0,716343.7142857143
306798,0.38159888982772827,,716366.8571428572
306799,,2.0,716369.4285714285
306818,0.38159888982772827,,716395.5471698113
306819,,0.0,716397.0188679246
306829,0.38159888982772827,,716411.7358490566
306830,,0.0,716413.2075471698
306839,0.38159888982772827,,716426.4528301887
306840,,0.0,716427.9245283019
306853,0.38159888982772827,,716447.0566037736
306854,,0.0,716448.5283018867
306867,0.38160890340805054,,716470.0
306868,,1.0,716472.0
306881,0.3816189169883728,,716498.0
306882,,1.0,716500.0
306891,0.38162893056869507,,716518.0
306892,,1.0,716520.0
306900,0.38163894414901733,,716536.0
306901,,1.0,716538.0
306918,0.38163894414901733,,716562.0425531915
306919,,0.0,716563.6170212766
306927,0.38163894414901733,,716576.2127659575
306928,,0.0,716577.7872340425
306941,0.38163894414901733,,716598.2553191489
306942,,0.0,716599.8297872341
306949,0.38163894414901733,,716610.8510638297
306950,,0.0,716612.4255319149
306966,0.38163894414901733,,716633.3673469388
306967,,0.0,716634.8571428572
306976,0.38163894414901733,,716648.2653061225
306977,,0.0,716649.7551020408
306990,0.38163894414901733,,716669.1224489796
306991,,0.0,716670.612244898
307000,0.38163894414901733,,716684.0204081633
307001,,0.0,716685.5102040817
307016,0.38163894414901733,,716706.304347826
307017,,0.0,716707.9130434783
307027,0.38163894414901733,,716724.0
307028,,0.0,716725.6086956522
307038,0.38163894414901733,,716741.695652174
307039,,0.0,716743.304347826
307048,0.38163894414901733,,716757.7826086957
307049,,0.0,716759.3913043478
307062,0.38163894414901733,,716778.2093023256
307063,,0.0,716779.9302325582
307070,0.38163894414901733,,716791.976744186
307071,,0.0,716793.6976744186
307081,0.38163894414901733,,716810.9069767442
307082,,0.0,716812.6279069767
307093,0.38163894414901733,,716831.5581395349
307094,,0.0,716833.2790697674
307104,0.3816489577293396,,716851.6666666666
307105,,1.0,716854.0476190476
307116,0.38165897130966187,,716880.2380952381
307117,,1.0,716882.619047619
307128,0.38166898488998413,,716908.8095238095
307129,,1.0,716911.1904761905
307137,0.3816789984703064,,716930.2380952381
307138,,1.0,716932.619047619
307153,0.3816789984703064,,716954.7333333333
307154,,0.0,716956.3777777777
307163,0.3816789984703064,,716971.1777777778
307164,,0.0,716972.8222222222
307175,0.3816789984703064,,716990.911111111
307176,,0.0,716992.5555555555
307184,0.3816789984703064,,717005.7111111111
307185,,0.0,717007.3555555556
307200,0.3816789984703064,,717029.3478260869
307201,,0.0,717031.0434782609
307212,0.3816789984703064,,717049.695652174
307213,,0.0,717051.3913043478
307223,0.3816789984703064,,717068.3478260869
307224,,0.0,717070.0434782609
307232,0.3816789984703064,,717083.6086956522
307233,,0.0,717085.304347826
307252,0.38168901205062866,,717122.4782608695
307253,,1.0,717124.695652174
307262,0.3816990256309509,,717144.6521739131
307263,,1.0,717146.8695652174
307270,0.3817090392112732,,717162.3913043478
307271,,1.0,717164.6086956522
307280,0.38171905279159546,,717184.5652173914
307281,,1.0,717186.7826086957
307293,0.3817290663719177,,717204.2608695652
307294,,1.0,717205.9565217391
307304,0.38173907995224,,717222.9130434783
307305,,1.0,717224.6086956522
307314,0.38174909353256226,,717239.8695652174
307315,,1.0,717241.5652173914
307328,0.3817591071128845,,717263.6086956522
307329,,1.0,717265.304347826
307341,0.3817591071128845,,717281.9361702128
307342,,0.0,717283.5957446808
307352,0.3817591071128845,,717300.1914893617
307353,,0.0,717301.8510638297
307363,0.3817591071128845,,717318.4468085107
307364,,0.0,717320.1063829787
307377,0.3817591071128845,,717341.6808510638
307378,,0.0,717343.340425532
307395,0.3817591071128845,,717363.1754385965
307396,,0.0,717364.4736842106
307406,0.3817591071128845,,717377.4561403509
307407,,0.0,717378.754385965
307419,0.3817591071128845,,717394.3333333334
307420,,0.0,717395.6315789474
307436,0.3817591071128845,,717416.4035087719
307437,,0.0,717417.701754386
307450,0.3817591071128845,,717434.918367347
307451,,0.0,717436.5102040817
307463,0.3817591071128845,,717455.612244898
307464,,0.0,717457.2040816327
307473,0.3817591071128845,,717471.5306122449
307474,,0.0,717473.1224489796
307487,0.3817591071128845,,717493.8163265307
307488,,0.0,717495.4081632653
307503,0.3817691206932068,,717524.1578947369
307504,,1.0,717526.4210526316
307510,0.38177913427352905,,717540.0
307511,,1.0,717542.2631578947
307519,0.3817891478538513,,717560.3684210526
307520,,1.0,717562.6315789474
307527,0.3817991614341736,,717578.4736842106
307528,,1.0,717580.7368421053
307542,0.3817991614341736,,717599.612244898
307543,,0.0,717601.1224489796
307554,0.3817991614341736,,717617.7346938775
307555,,0.0,717619.2448979592
307570,0.3817991614341736,,717641.8979591837
307571,,0.0,717643.4081632653
307578,0.3817991614341736,,717653.9795918367
307579,,0.0,717655.4897959183
307593,0.38180917501449585,,717675.2553191489
307594,,1.0,717676.914893617
307603,0.3818191885948181,,717691.8510638297
307604,,1.0,717693.5106382979
307614,0.3818292021751404,,717710.1063829787
307615,,1.0,717711.7659574468
307627,0.38183921575546265,,717731.6808510638
307628,,1.0,717733.340425532
307643,0.38183921575546265,,717752.8775510204
307644,,0.0,717754.3673469388
307655,0.38183921575546265,,717770.7551020408
307656,,0.0,717772.2448979592
307668,0.38183921575546265,,717790.1224489796
307669,,0.0,717791.612244898
307678,0.38183921575546265,,717805.0204081633
307679,,0.0,717806.5102040817
307700,0.38183921575546265,,717831.7857142857
307701,,0.0,717833.1071428572
307711,0.38183921575546265,,717846.3214285715
307712,,0.0,717847.6428571428
307720,0.38183921575546265,,717858.2142857143
307721,,0.0,717859.5357142857
307736,0.38183921575546265,,717879.3571428572
307737,,0.0,717880.6785714285
307750,0.38183921575546265,,717901.0243902439
307751,,0.0,717902.9268292683
307755,0.38183921575546265,,717910.5365853659
307756,,0.0,717912.4390243902
307768,0.38183921575546265,,717935.268292683
307769,,0.0,717937.1707317074
307779,0.38183921575546265,,717956.1951219512
307780,,0.0,717958.0975609756
307791,0.3818592131137848,,717984.5853658536
307792,,2.0,717987.6585365854
307801,0.38187921047210693,,718015.3170731707
307802,,2.0,718018.3902439025
307811,0.3818992078304291,,718046.0487804879
307812,,2.0,718049.1219512195
307822,0.3819192051887512,,718079.8536585366
307823,,2.0,718082.9268292683
307842,0.3819292187690735,,718110.0
307843,,1.0,718111.5
307857,0.38193923234939575,,718132.5
307858,,1.0,718134.0
307868,0.381949245929718,,718149.0
307869,,1.0,718150.5
307876,0.3819592595100403,,718161.0
307877,,1.0,718162.5
307893,0.3819792568683624,,718205.8888888889
307894,,2.0,718209.1111111111
307900,0.38199925422668457,,718228.4444444445
307901,,2.0,718231.6666666666
307911,0.3820192515850067,,718263.8888888889
307912,,2.0,718267.1111111111
307923,0.38203924894332886,,718302.5555555555
307924,,2.0,718305.7777777778
307943,0.38203924894332886,,718337.3636363636
307944,,0.0,718339.1363636364
307951,0.38203924894332886,,718351.5454545454
307952,,0.0,718353.3181818182
307961,0.38203924894332886,,718369.2727272727
307962,,0.0,718371.0454545454
307969,0.38203924894332886,,718383.4545454546
307970,,0.0,718385.2272727273
307983,0.38203924894332886,,718408.1428571428
307984,,0.0,718410.2571428572
307992,0.38203924894332886,,718427.1714285715
307993,,0.0,718429.2857142857
308000,0.38203924894332886,,718444.0857142857
308001,,0.0,718446.2
308006,0.38203924894332886,,718456.7714285714
308007,,0.0,718458.8857142857
308024,0.38203924894332886,,718485.2666666667
308025,,0.0,718487.0
308036,0.38203924894332886,,718506.0666666667
308037,,0.0,718507.8
308041,0.38203924894332886,,718514.7333333333
308042,,0.0,718516.4666666667
308053,0.38203924894332886,,718535.5333333333
308054,,0.0,718537.2666666667
308069,0.38203924894332886,,718560.7674418605
308070,,0.0,718562.5813953489
308076,0.38203924894332886,,718573.4651162791
308077,,0.0,718575.2790697674
308086,0.38203924894332886,,718591.6046511628
308087,,0.0,718593.4186046511
308098,0.38203924894332886,,718613.3720930233
308099,,0.0,718615.1860465116
308115,0.38203924894332886,,718639.0434782609
308116,,0.0,718640.7391304348
308129,0.38203924894332886,,718662.7826086957
308130,,0.0,718664.4782608695
308138,0.38203924894332886,,718678.0434782609
308139,,0.0,718679.7391304348
308146,0.38203924894332886,,718691.6086956522
308147,,0.0,718693.304347826
308156,0.3820492625236511,,718708.1052631579
308157,,1.0,718710.2894736842
308168,0.3820592761039734,,718734.3157894737
308169,,1.0,718736.5
308179,0.38206928968429565,,718758.3421052631
308180,,1.0,718760.5263157894
308186,0.3820793032646179,,718773.6315789474
308187,,1.0,718775.8157894737
308202,0.3820893168449402,,718797.914893617
308203,,1.0,718799.5744680851
308215,0.38209933042526245,,718819.4893617021
308216,,1.0,718821.1489361703
308227,0.3821093440055847,,718839.4042553192
308228,,1.0,718841.0638297872
308235,0.382119357585907,,718852.6808510638
308236,,1.0,718854.340425532
308257,0.382119357585907,,718880.2181818181
308258,,0.0,718881.5636363636
308269,0.382119357585907,,718896.3636363636
308270,,0.0,718897.7090909091
308282,0.382119357585907,,718913.8545454545
308283,,0.0,718915.2
308292,0.382119357585907,,718927.3090909091
308293,,0.0,718928.6545454545
308304,0.38212937116622925,,718946.4
308305,,1.0,718948.45
308312,0.3821393847465515,,718962.8
308313,,1.0,718964.85
308323,0.3821493983268738,,718985.35
308324,,1.0,718987.4
308334,0.38215941190719604,,719007.9
308335,,1.0,719009.95
308347,0.3821694254875183,,719034.0714285715
308348,,1.0,719036.5238095238
308355,0.3821794390678406,,719053.6904761905
308356,,1.0,719056.1428571428
308367,0.38218945264816284,,719083.119047619
308368,,1.0,719085.5714285715
308378,0.3821994662284851,,719110.0952380953
308379,,1.0,719112.5476190476
308393,0.3822094798088074,,719136.725
308394,,1.0,719138.7
308399,0.38221949338912964,,719148.575
308400,,1.0,719150.55
308411,0.3822295069694519,,719172.275
308412,,1.0,719174.25
308420,0.38223952054977417,,719190.05
308421,,1.0,719192.025
308438,0.38224953413009644,,719216.716981132
308439,,1.0,719218.3396226416
308449,0.3822595477104187,,719234.5660377359
308450,,1.0,719236.1886792453
308463,0.38226956129074097,,719257.283018868
308464,,1.0,719258.9056603773
308475,0.38227957487106323,,719276.7547169811
308476,,1.0,719278.3773584906
308496,0.3822895884513855,,719314.5964912281
308497,,1.0,719316.6315789474
308508,0.38229960203170776,,719339.0175438597
308509,,1.0,719341.052631579
308519,0.38230961561203003,,719361.4035087719
308520,,1.0,719363.4385964912
308534,0.3823196291923523,,719391.9298245613
308535,,1.0,719393.9649122807
308543,0.3823496401309967,,719423.7777777778
308544,,3.0,719429.3333333334
308555,0.3823796510696411,,719490.4444444445
308556,,3.0,719496.0
308563,0.3824096620082855,,719534.8888888889
308564,,3.0,719540.4444444445
308572,0.38243967294692993,,719584.8888888889
308573,,3.0,719590.4444444445
308590,0.3824496865272522,,719620.4255319149
308591,,1.0,719622.1702127659
308604,0.38245970010757446,,719644.8510638297
308605,,1.0,719646.5957446808
308614,0.38246971368789673,,719662.2978723404
308615,,1.0,719664.0425531915
308621,0.382479727268219,,719674.5106382979
308622,,1.0,719676.2553191489
308638,0.3825097382068634,,719725.2727272727
308639,,3.0,719728.9090909091
308652,0.3825397491455078,,719776.1818181818
308653,,3.0,719779.8181818182
308668,0.3825697600841522,,719834.3636363636
308669,,3.0,719838.0
308678,0.38259977102279663,,719870.7272727273
308679,,3.0,719874.3636363636
308687,0.3826097846031189,,719889.7142857143
308688,,1.0,719892.0571428571
308696,0.38261979818344116,,719910.8
308697,,1.0,719913.1428571428
308706,0.3826298117637634,,719934.2285714286
308707,,1.0,719936.5714285715
308715,0.3826398253440857,,719955.3142857143
308716,,1.0,719957.6571428571
308733,0.38264983892440796,,719992.7804878049
308734,,1.0,719995.1219512195
308740,0.3826598525047302,,720009.1707317074
308741,,1.0,720011.512195122
308751,0.3826698660850525,,720034.9268292683
308752,,1.0,720037.268292683
308758,0.38267987966537476,,720051.3170731707
308759,,1.0,720053.6585365854
308780,0.38267987966537476,,720084.340425532
308781,,0.0,720085.914893617
308791,0.38267987966537476,,720101.659574468
308792,,0.0,720103.2340425532
308798,0.38267987966537476,,720112.6808510638
308799,,0.0,720114.2553191489
308807,0.38267987966537476,,720126.8510638297
308808,,0.0,720128.4255319149
308827,0.3826998770236969,,720165.4782608695
308828,,2.0,720167.695652174
308837,0.38271987438201904,,720187.6521739131
308838,,2.0,720189.8695652174
308845,0.3827398717403412,,720205.3913043478
308846,,2.0,720207.6086956522
308855,0.38275986909866333,,720227.5652173914
308856,,2.0,720229.7826086957
308870,0.3827698826789856,,720252.5652173914
308871,,1.0,720254.4347826086
308884,0.38277989625930786,,720278.7391304348
308885,,1.0,720280.6086956522
308894,0.3827899098396301,,720297.4347826086
308895,,1.0,720299.304347826
308903,0.3827999234199524,,720314.2608695652
308904,,1.0,720316.1304347826
308924,0.38280993700027466,,720341.6271186441
308925,,1.0,720343.0169491526
308936,0.3828199505805969,,720358.3050847457
308937,,1.0,720359.6949152543
308951,0.3828299641609192,,720379.1525423729
308952,,1.0,720380.5423728813
308964,0.38283997774124146,,720397.220338983
308965,,1.0,720398.6101694915
308980,0.38283997774124146,,720419.304347826
308981,,0.0,720420.9130434783
308989,0.38283997774124146,,720433.7826086957
308990,,0.0,720435.3913043478
309000,0.38283997774124146,,720451.4782608695
309001,,0.0,720453.0869565217
309012,0.38283997774124146,,720470.7826086957
309013,,0.0,720472.3913043478
309033,0.38283997774124146,,720496.8727272727
309034,,0.0,720498.2181818181
309044,0.38283997774124146,,720511.6727272727
309045,,0.0,720513.0181818182
309057,0.38283997774124146,,720529.1636363637
309058,,0.0,720530.509090909
309069,0.38283997774124146,,720545.3090909091
309070,,0.0,720546.6545454545
309083,0.38283997774124146,,720570.7777777778
309084,,0.0,720573.0555555555
309091,0.38283997774124146,,720589.0
309092,,0.0,720591.2777777778
309099,0.38283997774124146,,720607.2222222222
309100,,0.0,720609.5
309107,0.38283997774124146,,720625.4444444445
309108,,0.0,720627.7222222222
309122,0.3828499913215637,,720652.0
309123,,1.0,720654.0
309127,0.382860004901886,,720662.0
309128,,1.0,720664.0
309139,0.38287001848220825,,720686.0
309140,,1.0,720688.0
309154,0.3828800320625305,,720716.0
309155,,1.0,720718.0
309171,0.3828900456428528,,720752.9756097561
309172,,1.0,720755.512195122
309179,0.38290005922317505,,720773.268292683
309180,,1.0,720775.8048780488
309185,0.3829100728034973,,720788.487804878
309186,,1.0,720791.0243902439
309197,0.3829200863838196,,720818.9268292683
309198,,1.0,720821.4634146341
309213,0.3829400837421417,,720857.2093023256
309214,,2.0,720859.976744186
309224,0.38296008110046387,,720887.6511627907
309225,,2.0,720890.4186046511
309236,0.382980078458786,,720920.8604651163
309237,,2.0,720923.6279069767
309242,0.38300007581710815,,720937.4651162791
309243,,2.0,720940.2325581395
309256,0.38303008675575256,,720954.224489796
309257,,3.0,720955.3469387755
309268,0.383060097694397,,720967.693877551
309269,,3.0,720968.8163265307
309283,0.3830901086330414,,720984.5306122449
309284,,3.0,720985.6530612245
309293,0.3831201195716858,,720995.7551020408
309294,,3.0,720996.8775510204
309309,0.38314011693000793,,721031.7142857143
309310,,2.0,721034.5238095238
309319,0.3831601142883301,,721059.8095238095
309320,,2.0,721062.619047619
309323,0.3831801116466522,,721071.0476190476
309324,,2.0,721073.8571428572
309337,0.38320010900497437,,721110.380952381
309338,,2.0,721113.1904761905
309356,0.38320010900497437,,721137.7647058824
309357,,0.0,721139.2156862745
309370,0.38320010900497437,,721158.0784313725
309371,,0.0,721159.5294117647
309379,0.38320010900497437,,721171.1372549019
309380,,0.0,721172.5882352941
309390,0.38320010900497437,,721187.0980392157
309391,,0.0,721188.5490196078
309405,0.38321012258529663,,721216.052631579
309406,,1.0,721218.4210526316
309413,0.3832201361656189,,721235.0
309414,,1.0,721237.3684210526
309422,0.38323014974594116,,721256.3157894737
309423,,1.0,721258.6842105263
309430,0.3832401633262634,,721275.2631578947
309431,,1.0,721277.6315789474
309450,0.3832401633262634,,721306.24
309451,,0.0,721307.88
309459,0.3832401633262634,,721321.0
309460,,0.0,721322.64
309469,0.3832401633262634,,721337.4
309470,,0.0,721339.04
309482,0.3832401633262634,,721358.72
309483,,0.0,721360.36
309498,0.3832501769065857,,721389.2
309499,,1.0,721391.4666666667
309509,0.38326019048690796,,721414.1333333333
309510,,1.0,721416.4
309519,0.3832702040672302,,721436.8
309520,,1.0,721439.0666666667
309529,0.3832802176475525,,721459.4666666667
309530,,1.0,721461.7333333333
309539,0.38329023122787476,,721478.8421052631
309540,,1.0,721481.3157894737
309547,0.383300244808197,,721498.6315789474
309548,,1.0,721501.1052631579
309556,0.3833102583885193,,721520.8947368421
309557,,1.0,721523.3684210526
309569,0.38332027196884155,,721553.052631579
309570,,1.0,721555.5263157894
309586,0.3833402693271637,,721597.6046511628
309587,,2.0,721600.6511627907
309595,0.38336026668548584,,721625.023255814
309596,,2.0,721628.0697674418
309603,0.383380264043808,,721649.3953488372
309604,,2.0,721652.4418604651
309614,0.3834002614021301,,721682.9069767442
309615,,2.0,721685.9534883721
309627,0.3834002614021301,,721704.1363636364
309628,,0.0,721705.8181818182
309640,0.3834002614021301,,721726.0
309641,,0.0,721727.6818181818
309650,0.3834002614021301,,721742.8181818182
309651,,0.0,721744.5
309660,0.3834002614021301,,721759.6363636364
309661,,0.0,721761.3181818182
309677,0.3834102749824524,,721785.6808510638
309678,,1.0,721787.4255319149
309689,0.38342028856277466,,721806.6170212766
309690,,1.0,721808.3617021276
309699,0.3834303021430969,,721824.0638297872
309700,,1.0,721825.8085106383
309709,0.3834403157234192,,721841.5106382979
309710,,1.0,721843.2553191489
309723,0.3834403157234192,,721865.5263157894
309724,,0.0,721867.5789473684
309731,0.3834403157234192,,721881.947368421
309732,,0.0,721884.0
309739,0.3834403157234192,,721898.3684210526
309740,,0.0,721900.4210526316
309749,0.3834403157234192,,721918.8947368421
309750,,0.0,721920.947368421
309767,0.38345032930374146,,721949.32
309768,,1.0,721951.2
309776,0.3834603428840637,,721966.24
309777,,1.0,721968.12
309787,0.383470356464386,,721986.92
309788,,1.0,721988.8
309801,0.38348037004470825,,722013.24
309802,,1.0,722015.12
309813,0.38348037004470825,,722035.3529411765
309814,,0.0,722037.6470588235
309823,0.38348037004470825,,722058.2941176471
309824,,0.0,722060.5882352941
309829,0.38348037004470825,,722072.0588235294
309830,,0.0,722074.3529411765
309837,0.38348037004470825,,722090.4117647059
309838,,0.0,722092.7058823529
309853,0.38348037004470825,,722115.1818181818
309854,,0.0,722116.8636363636
309863,0.38348037004470825,,722132.0
309864,,0.0,722133.6818181818
309871,0.38348037004470825,,722145.4545454546
309872,,0.0,722147.1363636364
309883,0.38348037004470825,,722165.6363636364
309884,,0.0,722167.3181818182
309896,0.3834903836250305,,722186.8085106383
309897,,1.0,722188.7872340425
309910,0.3835003972053528,,722214.5106382979
309911,,1.0,722216.4893617021
309923,0.38351041078567505,,722240.2340425532
309924,,1.0,722242.2127659575
309932,0.3835204243659973,,722258.0425531915
309933,,1.0,722260.0212765958
309947,0.3835204243659973,,722284.6111111111
309948,,0.0,722286.6666666666
309954,0.3835204243659973,,722299.0
309955,,0.0,722301.0555555555
309961,0.3835204243659973,,722313.3888888889
309962,,0.0,722315.4444444445
309970,0.3835204243659973,,722331.8888888889
309971,,0.0,722333.9444444445
309988,0.3835204243659973,,722358.0
309989,,0.0,722359.5714285715
310002,0.3835204243659973,,722380.0
310003,,0.0,722381.5714285715
310010,0.3835204243659973,,722392.5714285715
310011,,0.0,722394.1428571428
310021,0.3835204243659973,,722409.8571428572
310022,,0.0,722411.4285714285
310039,0.3835304379463196,,722440.3913043478
310040,,1.0,722442.3478260869
310050,0.38354045152664185,,722461.9130434783
310051,,1.0,722463.8695652174
310057,0.3835504651069641,,722475.6086956522
310058,,1.0,722477.5652173914
310069,0.3835604786872864,,722499.0869565217
310070,,1.0,722501.0434782609
310085,0.38357049226760864,,722525.3636363636
310086,,1.0,722527.2272727273
310094,0.3835805058479309,,722542.1363636364
310095,,1.0,722544.0
310105,0.3835905194282532,,722562.6363636364
310106,,1.0,722564.5
310115,0.38360053300857544,,722581.2727272727
310116,,1.0,722583.1363636364
310126,0.3836205303668976,,722606.3888888889
310127,,2.0,722609.4444444445
310136,0.3836405277252197,,722636.9444444445
310137,,2.0,722640.0
310145,0.38366052508354187,,722664.4444444445
310146,,2.0,722667.5
310153,0.383680522441864,,722688.8888888889
310154,,2.0,722691.9444444445
310172,0.3836905360221863,,722732.1052631579
310173,,1.0,722734.5789473684
310179,0.38370054960250854,,722749.4210526316
310180,,1.0,722751.8947368421
310186,0.3837105631828308,,722766.7368421053
310187,,1.0,722769.2105263158
310193,0.3837205767631531,,722784.052631579
310194,,1.0,722786.5263157894
310211,0.38373059034347534,,722813.4255319149
310212,,1.0,722815.1702127659
310222,0.3837406039237976,,722832.6170212766
310223,,1.0,722834.3617021276
310232,0.3837506175041199,,722850.0638297872
310233,,1.0,722851.8085106383
310242,0.38376063108444214,,722867.5106382979
310243,,1.0,722869.2553191489
310258,0.3837806284427643,,722901.3829787234
310259,,2.0,722903.914893617
310268,0.3838006258010864,,722926.7021276596
310269,,2.0,722929.2340425532
310282,0.38382062315940857,,722962.1489361703
310283,,2.0,722964.6808510638
310291,0.3838406205177307,,722984.9361702128
310292,,2.0,722987.4680851063
310304,0.3838406205177307,,723006.7142857143
310305,,0.0,723008.5714285715
310314,0.3838406205177307,,723025.2857142857
310315,,0.0,723027.1428571428
310323,0.3838406205177307,,723042.0
310324,,0.0,723043.8571428572
310335,0.3838406205177307,,723064.2857142857
310336,,0.0,723066.1428571428
310355,0.383850634098053,,723092.0
310356,,1.0,723093.5
310363,0.38386064767837524,,723104.0
310364,,1.0,723105.5
310379,0.3838706612586975,,723128.0
310380,,1.0,723129.5
310389,0.3838806748390198,,723143.0
310390,,1.0,723144.5
310411,0.3838806748390198,,723177.9090909091
310412,,0.0,723179.6818181818
310419,0.3838806748390198,,723192.0909090909
310420,,0.0,723193.8636363636
310428,0.3838806748390198,,723208.0454545454
310429,,0.0,723209.8181818182
310435,0.3838806748390198,,723220.4545454546
310436,,0.0,723222.2272727273
310454,0.3838806748390198,,723247.8888888889
310455,,0.0,723249.4814814815
310467,0.3838806748390198,,723268.5925925926
310468,,0.0,723270.1851851852
310481,0.3838806748390198,,723290.8888888889
310482,,0.0,723292.4814814815
310491,0.3838806748390198,,723306.8148148148
310492,,0.0,723308.4074074074
310505,0.38389068841934204,,723330.0
310506,,1.0,723332.0
310517,0.3839007019996643,,723354.0
310518,,1.0,723356.0
310530,0.3839107155799866,,723380.0
310531,,1.0,723382.0
310542,0.38392072916030884,,723404.0
310543,,1.0,723406.0
310557,0.383940726518631,,723435.1489361703
310558,,2.0,723437.6170212766
310569,0.3839607238769531,,723464.7659574468
310570,,2.0,723467.2340425532
310582,0.38398072123527527,,723496.8510638297
310583,,2.0,723499.3191489362
310591,0.3840007185935974,,723519.0638297872
310592,,2.0,723521.5319148937
310608,0.3840007185935974,,723543.5
310609,,0.0,723545.0
310619,0.3840007185935974,,723560.0
310620,,0.0,723561.5
310633,0.3840007185935974,,723581.0
310634,,0.0,723582.5
310645,0.3840007185935974,,723599.0
310646,,0.0,723600.5
310658,0.3840007185935974,,723618.243902439
310659,,0.0,723620.0487804879
310668,0.3840007185935974,,723636.2926829269
310669,,0.0,723638.0975609756
310676,0.3840007185935974,,723650.731707317
310677,,0.0,723652.5365853659
310688,0.3840007185935974,,723672.3902439025
310689,,0.0,723674.1951219512
310699,0.3840007185935974,,723690.717948718
310700,,0.0,723692.8205128205
310707,0.3840007185935974,,723707.5384615385
310708,,0.0,723709.641025641
310717,0.3840007185935974,,723728.5641025641
310718,,0.0,723730.6666666666
310729,0.3840007185935974,,723753.7948717949
310730,,0.0,723755.8974358974
310741,0.38402071595191956,,723781.0303030303
310742,,2.0,723783.9090909091
310747,0.3840407133102417,,723798.303030303
310748,,2.0,723801.1818181818
310753,0.38406071066856384,,723815.5757575758
310754,,2.0,723818.4545454546
310764,0.384080708026886,,723847.2424242424
310765,,2.0,723850.1212121212
310777,0.384080708026886,,723869.0434782609
310778,,0.0,723870.8260869565
310787,0.384080708026886,,723886.8695652174
310788,,0.0,723888.6521739131
310800,0.384080708026886,,723910.0434782609
310801,,0.0,723911.8260869565
310812,0.384080708026886,,723931.4347826086
310813,,0.0,723933.2173913043
310828,0.384080708026886,,723957.0465116279
310829,,0.0,723958.8837209302
310836,0.384080708026886,,723971.7441860465
310837,,0.0,723973.5813953489
310848,0.384080708026886,,723993.7906976744
310849,,0.0,723995.6279069767
310857,0.384080708026886,,724010.3255813953
310858,,0.0,724012.1627906977
310875,0.384080708026886,,724034.5172413794
310876,,0.0,724035.9827586206
310891,0.384080708026886,,724057.9655172414
310892,,0.0,724059.4310344828
310905,0.384080708026886,,724078.4827586206
310906,,0.0,724079.948275862
310917,0.384080708026886,,724096.0689655172
310918,,0.0,724097.5344827586
310937,0.38409072160720825,,724129.6666666666
310938,,1.0,724131.5833333334
310948,0.3841007351875305,,724150.75
310949,,1.0,724152.6666666666
310959,0.3841107487678528,,724171.8333333334
310960,,1.0,724173.75
310967,0.38412076234817505,,724187.1666666666
310968,,1.0,724189.0833333334
310981,0.38412076234817505,,724212.0256410256
310982,,0.0,724214.1282051282
310992,0.38412076234817505,,724235.1538461539
310993,,0.0,724237.2564102564
310998,0.38412076234817505,,724247.7692307692
310999,,0.0,724249.8717948718
311008,0.38412076234817505,,724268.7948717949
311009,,0.0,724270.8974358974
311024,0.38412076234817505,,724291.4615384615
311025,,0.0,724293.0
311036,0.38412076234817505,,724309.9230769231
311037,,0.0,724311.4615384615
311050,0.38412076234817505,,724331.4615384615
311051,,0.0,724333.0
311062,0.38412076234817505,,724349.9230769231
311063,,0.0,724351.4615384615
311079,0.3841307759284973,,724377.8444444444
311080,,1.0,724379.7555555556
311087,0.3841407895088196,,724393.1333333333
311088,,1.0,724395.0444444445
311097,0.38415080308914185,,724412.2444444444
311098,,1.0,724414.1555555556
311109,0.3841608166694641,,724435.1777777778
311110,,1.0,724437.088888889
311131,0.3841908276081085,,724514.0
311132,,3.0,724518.1666666666
311141,0.38422083854675293,,724555.6666666666
311142,,3.0,724559.8333333334
311151,0.38425084948539734,,724597.3333333334
311152,,3.0,724601.5
311159,0.38428086042404175,,724630.6666666666
311160,,3.0,724634.8333333334
311174,0.384290874004364,,724658.75
311175,,1.0,724660.5454545454
311183,0.3843008875846863,,724674.9090909091
311184,,1.0,724676.7045454546
311198,0.38431090116500854,,724701.8409090909
311199,,1.0,724703.6363636364
311205,0.3843209147453308,,724714.4090909091
311206,,1.0,724716.2045454546
311221,0.3843209147453308,,724744.7428571428
311222,,0.0,724746.9714285714
311228,0.3843209147453308,,724760.3428571429
311229,,0.0,724762.5714285715
311235,0.3843209147453308,,724775.9428571429
311236,,0.0,724778.1714285715
311242,0.3843209147453308,,724791.5428571429
311243,,0.0,724793.7714285714
311263,0.3843209147453308,,724826.8372093023
311264,,0.0,724828.6511627907
311271,0.3843209147453308,,724841.3488372093
311272,,0.0,724843.1627906977
311280,0.3843209147453308,,724857.6744186047
311281,,0.0,724859.4883720931
311287,0.3843209147453308,,724870.3720930233
311288,,0.0,724872.1860465116
311302,0.38434091210365295,,724905.68
311303,,2.0,724908.56
311317,0.3843609094619751,,724948.88
311318,,2.0,724951.76
311328,0.38438090682029724,,724980.56
311329,,2.0,724983.44
311339,0.3844009041786194,,725012.24
311340,,2.0,725015.12
311357,0.3844309151172638,,725038.8727272727
311358,,3.0,725040.3636363636
311373,0.3844609260559082,,725062.7272727273
311374,,3.0,725064.2181818181
311386,0.3844909369945526,,725082.1090909091
311387,,3.0,725083.6
311396,0.384520947933197,,725097.0181818182
311397,,3.0,725098.509090909
311418,0.3845309615135193,,725134.0
311419,,1.0,725135.8888888889
311434,0.38454097509384155,,725164.2222222222
311435,,1.0,725166.1111111111
311441,0.3845509886741638,,725177.4444444445
311442,,1.0,725179.3333333334
311452,0.3845610022544861,,725198.2222222222
311453,,1.0,725200.1111111111
311469,0.3845910131931305,,725257.3191489362
311470,,3.0,725261.5744680851
311481,0.3846210241317749,,725308.3829787234
311482,,3.0,725312.6382978724
311491,0.3846510350704193,,725350.9361702128
311492,,3.0,725355.1914893617
311501,0.3846810460090637,,725393.4893617021
311502,,3.0,725397.7446808511
311515,0.3846810460090637,,725419.2093023256
311516,,0.0,725420.9302325582
311525,0.3846810460090637,,725436.4186046511
311526,,0.0,725438.1395348837
311534,0.3846810460090637,,725451.9069767442
311535,,0.0,725453.6279069767
311546,0.3846810460090637,,725472.5581395349
311547,,0.0,725474.2790697674
311557,0.384691059589386,,725491.6666666666
311558,,1.0,725493.9047619047
311568,0.38470107316970825,,725516.2857142857
311569,,1.0,725518.5238095238
311580,0.3847110867500305,,725543.1428571428
311581,,1.0,725545.380952381
311590,0.3847211003303528,,725565.5238095238
311591,,1.0,725567.7619047619
311605,0.3847211003303528,,725590.35
311606,,0.0,725592.2
311616,0.3847211003303528,,725610.7
311617,,0.0,725612.55
311625,0.3847211003303528,,725627.35
311626,,0.0,725629.2
311632,0.3847211003303528,,725640.3
311633,,0.0,725642.15
311648,0.38473111391067505,,725671.512195122
311649,,1.0,725673.8048780488
311656,0.3847411274909973,,725689.8536585366
311657,,1.0,725692.1463414634
311664,0.3847511410713196,,725708.1951219512
311665,,1.0,725710.487804878
311675,0.38476115465164185,,725733.4146341464
311676,,1.0,725735.7073170731
311690,0.38476115465164185,,725761.1891891892
311691,,0.0,725763.2972972973
311699,0.38476115465164185,,725780.1621621621
311700,,0.0,725782.2702702703
311704,0.38476115465164185,,725790.7027027027
311705,,0.0,725792.8108108108
311714,0.38476115465164185,,725811.7837837838
311715,,0.0,725813.8918918918
311736,0.38479116559028625,,725848.7272727273
311737,,3.0,725850.5454545454
311743,0.38482117652893066,,725861.4545454546
311744,,3.0,725863.2727272727
311751,0.3848511874675751,,725876.0
311752,,3.0,725877.8181818182
311760,0.3848811984062195,,725892.3636363636
311761,,3.0,725894.1818181818
311775,0.3848811984062195,,725915.0666666667
311776,,0.0,725916.8
311786,0.3848811984062195,,725934.1333333333
311787,,0.0,725935.8666666667
311800,0.3848811984062195,,725958.4
311801,,0.0,725960.1333333333
311807,0.3848811984062195,,725970.5333333333
311808,,0.0,725972.2666666667
311826,0.3848811984062195,,726000.5909090909
311827,,0.0,726002.3636363636
311834,0.3848811984062195,,726014.7727272727
311835,,0.0,726016.5454545454
311844,0.3848811984062195,,726032.5
311845,,0.0,726034.2727272727
311853,0.3848811984062195,,726048.4545454546
311854,,0.0,726050.2272727273
311867,0.3848811984062195,,726075.6363636364
311868,,0.0,726078.0
311876,0.3848811984062195,,726096.9090909091
311877,,0.0,726099.2727272727
311881,0.3848811984062195,,726108.7272727273
311882,,0.0,726111.0909090909
311888,0.3848811984062195,,726125.2727272727
311889,,0.0,726127.6363636364
311908,0.3848811984062195,,726153.1111111111
311909,,0.0,726154.5555555555
311922,0.3848811984062195,,726173.3333333334
311923,,0.0,726174.7777777778
311934,0.3848811984062195,,726190.6666666666
311935,,0.0,726192.1111111111
311944,0.3848811984062195,,726205.1111111111
311945,,0.0,726206.5555555555
311963,0.3849011957645416,,726259.5625
311964,,2.0,726263.0
311973,0.38492119312286377,,726293.9375
311974,,2.0,726297.375
311983,0.3849411904811859,,726328.3125
311984,,2.0,726331.75
311994,0.38496118783950806,,726366.125
311995,,2.0,726369.5625
312011,0.38496118783950806,,726395.3720930233
312012,,0.0,726397.0930232558
312021,0.38496118783950806,,726412.5813953489
312022,,0.0,726414.3023255814
312029,0.38496118783950806,,726426.3488372093
312030,,0.0,726428.0697674418
312039,0.38496118783950806,,726443.5581395349
312040,,0.0,726445.2790697674
312059,0.3849712014198303,,726475.5217391305
312060,,1.0,726477.304347826
312069,0.3849812150001526,,726493.3478260869
312070,,1.0,726495.1304347826
312077,0.38499122858047485,,726507.6086956522
312078,,1.0,726509.3913043478
312087,0.3850012421607971,,726525.4347826086
312088,,1.0,726527.2173913043
312106,0.3850112557411194,,726561.1428571428
312107,,1.0,726563.2857142857
312114,0.38502126932144165,,726578.2857142857
312115,,1.0,726580.4285714285
312122,0.3850312829017639,,726595.4285714285
312123,,1.0,726597.5714285715
312131,0.3850412964820862,,726614.7142857143
312132,,1.0,726616.8571428572
312150,0.38505131006240845,,726649.0
312151,,1.0,726651.0
312162,0.3850613236427307,,726673.0
312163,,1.0,726675.0
312170,0.385071337223053,,726689.0
312171,,1.0,726691.0
312176,0.38508135080337524,,726701.0
312177,,1.0,726703.0
312193,0.38508135080337524,,726726.8636363636
312194,,0.0,726728.5454545454
312199,0.38508135080337524,,726736.9545454546
312200,,0.0,726738.6363636364
312211,0.38508135080337524,,726757.1363636364
312212,,0.0,726758.8181818182
312222,0.38508135080337524,,726775.6363636364
312223,,0.0,726777.3181818182
312242,0.3851013481616974,,726818.304347826
312243,,2.0,726820.7608695652
312250,0.38512134552001953,,726837.9565217391
312251,,2.0,726840.4130434783
312263,0.3851413428783417,,726869.8913043478
312264,,2.0,726872.3478260869
312270,0.3851613402366638,,726887.0869565217
312271,,2.0,726889.5434782609
312287,0.3851713538169861,,726919.3333333334
312288,,1.0,726921.4358974359
312292,0.38518136739730835,,726929.8461538461
312293,,1.0,726931.9487179487
312305,0.3851913809776306,,726957.1794871795
312306,,1.0,726959.282051282
312311,0.3852013945579529,,726969.7948717949
312312,,1.0,726971.8974358974
312322,0.3852013945579529,,726987.6315789474
312323,,0.0,726989.5789473684
312331,0.3852013945579529,,727005.1578947369
312332,,0.0,727007.1052631579
312339,0.3852013945579529,,727020.7368421053
312340,,0.0,727022.6842105263
312351,0.3852013945579529,,727044.1052631579
312352,,0.0,727046.052631579
312371,0.38521140813827515,,727083.3333333334
312372,,1.0,727085.5416666666
312383,0.3852214217185974,,727109.8333333334
312384,,1.0,727112.0416666666
312391,0.3852314352989197,,727127.5
312392,,1.0,727129.7083333334
312401,0.38524144887924194,,727149.5833333334
312402,,1.0,727151.7916666666
312411,0.38527145981788635,,727182.6875
312412,,3.0,727187.46875
312418,0.38530147075653076,,727216.15625
312419,,3.0,727220.9375
312428,0.38533148169517517,,727263.96875
312429,,3.0,727268.75
312435,0.3853614926338196,,727297.4375
312436,,3.0,727302.21875
312444,0.3853614926338196,,727316.0243902439
312445,,0.0,727317.8292682926
312458,0.3853614926338196,,727341.2926829269
312459,,0.0,727343.0975609756
312469,0.3853614926338196,,727361.1463414634
312470,,0.0,727362.9512195121
312478,0.3853614926338196,,727377.3902439025
312479,,0.0,727379.1951219512
312490,0.3853614926338196,,727395.4390243902
312491,,0.0,727397.243902439
312503,0.3853614926338196,,727418.9024390244
312504,,0.0,727420.7073170731
312513,0.3853614926338196,,727436.9512195121
312514,,0.0,727438.756097561
312521,0.3853614926338196,,727451.3902439025
312522,,0.0,727453.1951219512
312534,0.3853814899921417,,727496.4
312535,,2.0,727501.0
312543,0.38540148735046387,,727537.8
312544,,2.0,727542.4
312550,0.385421484708786,,727570.0
312551,,2.0,727574.6
312558,0.38544148206710815,,727606.8
312559,,2.0,727611.4
312578,0.3854514956474304,,727645.7142857143
312579,,1.0,727647.5714285715
312590,0.3854615092277527,,727668.0
312591,,1.0,727669.8571428572
312601,0.38547152280807495,,727688.4285714285
312602,,1.0,727690.2857142857
312616,0.3854815363883972,,727716.2857142857
312617,,1.0,727718.1428571428
312626,0.3854815363883972,,727733.2727272727
312627,,0.0,727735.4848484849
312633,0.3854815363883972,,727748.7575757576
312634,,0.0,727750.9696969697
312643,0.3854815363883972,,727770.8787878788
312644,,0.0,727773.0909090909
312651,0.3854815363883972,,727788.5757575758
312652,,0.0,727790.7878787878
312670,0.3854815363883972,,727818.8510638297
312671,,0.0,727820.5744680851
312676,0.3854815363883972,,727829.1914893617
312677,,0.0,727830.914893617
312692,0.3854815363883972,,727856.7659574468
312693,,0.0,727858.4893617021
312700,0.3854815363883972,,727870.5531914893
312701,,0.0,727872.2765957447
312719,0.3854815363883972,,727899.8139534884
312720,,0.0,727901.5348837209
312726,0.3854815363883972,,727911.8604651163
312727,,0.0,727913.5813953489
312734,0.3854815363883972,,727925.6279069767
312735,,0.0,727927.3488372093
312745,0.3854815363883972,,727944.5581395349
312746,,0.0,727946.2790697674
312760,0.3854915499687195,,727978.4418604651
312761,,1.0,727981.2093023256
312768,0.38550156354904175,,728000.5813953489
312769,,1.0,728003.3488372093
312775,0.385511577129364,,728019.9534883721
312776,,1.0,728022.7209302326
312790,0.3855215907096863,,728061.4651162791
312791,,1.0,728064.2325581395
312811,0.3855215907096863,,728091.6666666666
312812,,0.0,728093.1176470588
312824,0.3855215907096863,,728110.5294117647
312825,,0.0,728111.9803921569
312832,0.3855215907096863,,728122.1372549019
312833,,0.0,728123.5882352941
312843,0.3855215907096863,,728138.0980392157
312844,,0.0,728139.5490196078
312858,0.3855516016483307,,728157.0
312859,,3.0,728158.4545454546
312870,0.3855816125869751,,728174.4545454546
312871,,3.0,728175.9090909091
312880,0.3856116235256195,,728189.0
312881,,3.0,728190.4545454546
312889,0.3856416344642639,,728202.0909090909
312890,,3.0,728203.5454545454
312909,0.3856416344642639,,728232.7333333333
312910,,0.0,728234.4666666667
312919,0.3856416344642639,,728250.0666666667
312920,,0.0,728251.8
312930,0.3856416344642639,,728269.1333333333
312931,,0.0,728270.8666666667
312936,0.3856416344642639,,728279.5333333333
312937,,0.0,728281.2666666667
312954,0.3856516480445862,,728309.5416666666
312955,,1.0,728311.4375
312964,0.38566166162490845,,728328.5
312965,,1.0,728330.3958333334
312970,0.3856716752052307,,728339.875
312971,,1.0,728341.7708333334
312986,0.385681688785553,,728370.2083333334
312987,,1.0,728372.1041666666
313001,0.38569170236587524,,728395.0222222222
313002,,1.0,728396.9333333333
313011,0.3857017159461975,,728414.1333333333
313012,,1.0,728416.0444444445
313021,0.3857117295265198,,728433.2444444444
313022,,1.0,728435.1555555556
313033,0.38572174310684204,,728456.1777777778
313034,,1.0,728458.088888889
313045,0.38572174310684204,,728473.0
313046,,0.0,728474.625
313060,0.38572174310684204,,728497.375
313061,,0.0,728499.0
313071,0.38572174310684204,,728515.25
313072,,0.0,728516.875
313083,0.38572174310684204,,728534.75
313084,,0.0,728536.375
313101,0.38572174310684204,,728559.4117647059
313102,,0.0,728560.9411764706
313113,0.38572174310684204,,728577.7647058824
313114,,0.0,728579.2941176471
313121,0.38572174310684204,,728590.0
313122,,0.0,728591.5294117647
313136,0.38572174310684204,,728612.9411764706
313137,,0.0,728614.4705882353
313151,0.38572174310684204,,728634.4130434783
313152,,0.0,728636.0869565217
313162,0.38572174310684204,,728652.8260869565
313163,,0.0,728654.5
313174,0.38572174310684204,,728672.9130434783
313175,,0.0,728674.5869565217
313184,0.38572174310684204,,728689.6521739131
313185,,0.0,728691.3260869565
313201,0.38572174310684204,,728712.25
313202,,0.0,728713.7307692308
313211,0.38572174310684204,,728727.0576923077
313212,,0.0,728728.5384615385
313222,0.38572174310684204,,728743.3461538461
313223,,0.0,728744.8269230769
313238,0.38572174310684204,,728767.0384615385
313239,,0.0,728768.5192307692
313252,0.38572174310684204,,728791.6666666666
313253,,0.0,728793.8333333334
313262,0.38572174310684204,,728813.3333333334
313263,,0.0,728815.5
313268,0.38572174310684204,,728826.3333333334
313269,,0.0,728828.5
313276,0.38572174310684204,,728843.6666666666
313277,,0.0,728845.8333333334
313294,0.3857417404651642,,728896.8444444444
313295,,2.0,728900.3333333334
313303,0.38576173782348633,,728928.2444444444
313304,,2.0,728931.7333333333
313311,0.38578173518180847,,728956.1555555556
313312,,2.0,728959.6444444444
313323,0.3858017325401306,,728998.0222222222
313324,,2.0,729001.5111111111
313337,0.3858117461204529,,729031.4864864865
313338,,1.0,729034.1351351351
313343,0.38582175970077515,,729047.3783783783
313344,,1.0,729050.027027027
313353,0.3858317732810974,,729073.8648648649
313354,,1.0,729076.5135135135
313362,0.3858417868614197,,729097.7027027027
313363,,1.0,729100.3513513514
313380,0.3858417868614197,,729131.0
313381,,0.0,729133.0
313390,0.3858417868614197,,729151.0
313391,,0.0,729153.0
313397,0.3858417868614197,,729165.0
313398,,0.0,729167.0
313405,0.3858417868614197,,729181.0
313406,,0.0,729183.0
313421,0.3858417868614197,,729204.5
313422,,0.0,729206.125
313431,0.3858417868614197,,729220.75
313432,,0.0,729222.375
313444,0.3858417868614197,,729241.875
313445,,0.0,729243.5
313455,0.3858417868614197,,729259.75
313456,,0.0,729261.375
313473,0.3858717978000641,,729315.36
313474,,3.0,729319.1
313485,0.3859018087387085,,729360.24
313486,,3.0,729363.98
313497,0.3859318196773529,,729405.12
313498,,3.0,729408.86
313507,0.3859618306159973,,729442.52
313508,,3.0,729446.26
313516,0.3859618306159973,,729458.4090909091
313517,,0.0,729460.0909090909
313531,0.3859618306159973,,729483.6363636364
313532,,0.0,729485.3181818182
313542,0.3859618306159973,,729502.1363636364
313543,,0.0,729503.8181818182
313553,0.3859618306159973,,729520.6363636364
313554,,0.0,729522.3181818182
313573,0.3859718441963196,,729552.081632653
313574,,1.0,729553.8367346938
313584,0.38598185777664185,,729571.387755102
313585,,1.0,729573.1428571428
313598,0.3859918713569641,,729595.9591836735
313599,,1.0,729597.7142857143
313604,0.3860018849372864,,729606.4897959183
313605,,1.0,729608.2448979592
313623,0.3860018849372864,,729635.625
313624,,0.0,729637.3333333334
313633,0.3860018849372864,,729652.7083333334
313634,,0.0,729654.4166666666
313643,0.3860018849372864,,729669.7916666666
313644,,0.0,729671.5
313654,0.3860018849372864,,729688.5833333334
313655,,0.0,729690.2916666666
313668,0.3860018849372864,,729707.918367347
313669,,0.0,729709.5102040817
313678,0.3860018849372864,,729723.8367346938
313679,,0.0,729725.4285714285
313689,0.3860018849372864,,729741.3469387755
313690,,0.0,729742.9387755102
313705,0.3860018849372864,,729766.8163265307
313706,,0.0,729768.4081632653
313716,0.3860018849372864,,729787.0625
313717,,0.0,729789.5
313721,0.3860018849372864,,729799.25
313722,,0.0,729801.6875
313733,0.3860018849372864,,729828.5
313734,,0.0,729830.9375
313739,0.3860018849372864,,729843.125
313740,,0.0,729845.5625
313756,0.3860018849372864,,729872.731707317
313757,,0.0,729874.6341463415
313764,0.3860018849372864,,729887.9512195121
313765,,0.0,729889.8536585366
313776,0.3860018849372864,,729910.7804878049
313777,,0.0,729912.6829268293
313782,0.3860018849372864,,729922.1951219512
313783,,0.0,729924.0975609756
313795,0.3860018849372864,,729943.1219512195
313796,,0.0,729945.0243902439
313809,0.3860018849372864,,729969.756097561
313810,,0.0,729971.6585365854
313817,0.3860018849372864,,729984.9756097561
313818,,0.0,729986.8780487805
313825,0.3860018849372864,,730000.1951219512
313826,,0.0,730002.0975609756
313843,0.38601189851760864,,730029.2
313844,,1.0,730031.0
313851,0.3860219120979309,,730043.6
313852,,1.0,730045.4
313863,0.3860319256782532,,730065.2
313864,,1.0,730067.0
313877,0.38604193925857544,,730090.4
313878,,1.0,730092.2
313893,0.38604193925857544,,730115.6585365854
313894,,0.0,730117.4634146341
313903,0.38604193925857544,,730133.7073170731
313904,,0.0,730135.512195122
313912,0.38604193925857544,,730149.9512195121
313913,,0.0,730151.756097561
313920,0.38604193925857544,,730164.3902439025
313921,,0.0,730166.1951219512
313938,0.38607195019721985,,730207.3953488372
313939,,3.0,730210.2093023256
313945,0.38610196113586426,,730227.0930232558
313946,,3.0,730229.9069767442
313953,0.38613197207450867,,730249.6046511628
313954,,3.0,730252.4186046511
313965,0.3861619830131531,,730283.3720930233
313966,,3.0,730286.1860465116
313979,0.3861819803714752,,730333.7619047619
313980,,2.0,730338.2380952381
313985,0.38620197772979736,,730360.619047619
313986,,2.0,730365.0952380953
313995,0.3862219750881195,,730405.380952381
313996,,2.0,730409.8571428572
314009,0.38624197244644165,,730468.0476190476
314010,,2.0,730472.5238095238
314021,0.38624197244644165,,730491.0952380953
314022,,0.0,730492.8571428572
314032,0.38624197244644165,,730510.4761904762
314033,,0.0,730512.2380952381
314042,0.38624197244644165,,730528.0952380953
314043,,0.0,730529.8571428572
314053,0.38624197244644165,,730547.4761904762
314054,,0.0,730549.2380952381
314069,0.38624197244644165,,730574.3684210526
314070,,0.0,730576.3157894737
314076,0.38624197244644165,,730588.0
314077,,0.0,730589.947368421
314083,0.38624197244644165,,730601.6315789474
314084,,0.0,730603.5789473684
314093,0.38624197244644165,,730621.1052631579
314094,,0.0,730623.052631579
314108,0.3862519860267639,,730650.4222222222
314109,,1.0,730652.7333333333
314115,0.3862619996070862,,730666.6
314116,,1.0,730668.911111111
314128,0.38627201318740845,,730696.6444444444
314129,,1.0,730698.9555555555
314140,0.3862820267677307,,730724.3777777777
314141,,1.0,730726.6888888889
314157,0.3863120377063751,,730797.4210526316
314158,,3.0,730802.6842105263
314163,0.38634204864501953,,730829.0
314164,,3.0,730834.2631578947
314171,0.38637205958366394,,730871.1052631579
314172,,3.0,730876.3684210526
314180,0.38640207052230835,,730918.4736842106
314181,,3.0,730923.7368421053
314194,0.38640207052230835,,730945.0869565217
314195,,0.0,730946.695652174
314205,0.38640207052230835,,730962.7826086957
314206,,0.0,730964.3913043478
314217,0.38640207052230835,,730982.0869565217
314218,,0.0,730983.695652174
314228,0.38640207052230835,,730999.7826086957
314229,,0.0,731001.3913043478
314246,0.3864120841026306,,731024.0
314247,,1.0,731025.5
314258,0.3864220976829529,,731042.0
314259,,1.0,731043.5
314268,0.38643211126327515,,731057.0
314269,,1.0,731058.5
314282,0.3864421248435974,,731078.0
314283,,1.0,731079.5
314295,0.3864421248435974,,731094.875
314296,,0.0,731096.4166666666
314303,0.3864421248435974,,731107.2083333334
314304,,0.0,731108.75
314315,0.3864421248435974,,731125.7083333334
314316,,0.0,731127.25
314332,0.3864421248435974,,731151.9166666666
314333,,0.0,731153.4583333334
314346,0.3864521384239197,,731177.0512820513
314347,,1.0,731179.2564102564
314355,0.38646215200424194,,731196.8974358974
314356,,1.0,731199.1025641026
314363,0.3864721655845642,,731214.5384615385
314364,,1.0,731216.7435897436
314373,0.3864821791648865,,731236.5897435897
314374,,1.0,731238.7948717949
314388,0.3864821791648865,,731263.0
314389,,0.0,731265.0
314395,0.3864821791648865,,731277.0
314396,,0.0,731279.0
314403,0.3864821791648865,,731293.0
314404,,0.0,731295.0
314412,0.3864821791648865,,731311.0
314413,,0.0,731313.0
314423,0.38649219274520874,,731332.5
314424,,1.0,731335.0
314428,0.386502206325531,,731345.0
314429,,1.0,731347.5
314434,0.38651221990585327,,731360.0
314435,,1.0,731362.5
314446,0.38652223348617554,,731390.0
314447,,1.0,731392.5
314463,0.3865422308444977,,731431.2916666666
314464,,2.0,731434.0833333334
314472,0.3865622282028198,,731456.4166666666
314473,,2.0,731459.2083333334
314482,0.38658222556114197,,731484.3333333334
314483,,2.0,731487.125
314496,0.3866022229194641,,731523.4166666666
314497,,2.0,731526.2083333334
314508,0.3866122364997864,,731548.6571428571
314509,,1.0,731551.1142857143
314517,0.38662225008010864,,731570.7714285714
314518,,1.0,731573.2285714286
314525,0.3866322636604309,,731590.4285714285
314526,,1.0,731592.8857142857
314533,0.3866422772407532,,731610.0857142857
314534,,1.0,731612.5428571429
314555,0.3866722881793976,,731690.0
314556,,3.0,731694.1666666666
314566,0.386702299118042,,731735.8333333334
314567,,3.0,731740.0
314576,0.3867323100566864,,731777.5
314577,,3.0,731781.6666666666
314583,0.3867623209953308,,731806.6666666666
314584,,3.0,731810.8333333334
314600,0.3867923319339752,,731868.0612244898
314601,,3.0,731872.1428571428
314613,0.38682234287261963,,731921.1224489796
314614,,3.0,731925.2040816327
314623,0.38685235381126404,,731961.9387755102
314624,,3.0,731966.0204081633
314634,0.38688236474990845,,732006.8367346938
314635,,3.0,732010.918367347
314651,0.38688236474990845,,732036.8636363636
314652,,0.0,732038.5454545454
314660,0.38688236474990845,,732052.0
314661,,0.0,732053.6818181818
314665,0.38688236474990845,,732060.4090909091
314666,,0.0,732062.0909090909
314680,0.38688236474990845,,732085.6363636364
314681,,0.0,732087.3181818182
314695,0.3868923783302307,,732110.5319148937
314696,,1.0,732112.4893617021
314704,0.386902391910553,,732128.1489361703
314705,,1.0,732130.1063829787
314717,0.38691240549087524,,732153.5957446808
314718,,1.0,732155.5531914893
314729,0.3869224190711975,,732177.085106383
314730,,1.0,732179.0425531915
314741,0.3869324326515198,,732196.619047619
314742,,1.0,732198.5714285715
314751,0.38694244623184204,,732216.1428571428
314752,,1.0,732218.0952380953
314762,0.3869524598121643,,732237.619047619
314763,,1.0,732239.5714285715
314773,0.3869624733924866,,732259.0952380953
314774,,1.0,732261.0476190476
314789,0.38697248697280884,,732290.4736842106
314790,,1.0,732292.7631578947
314797,0.3869825005531311,,732308.7894736842
314798,,1.0,732311.0789473684
314804,0.38699251413345337,,732324.8157894737
314805,,1.0,732327.1052631579
314813,0.38700252771377563,,732345.4210526316
314814,,1.0,732347.7105263158
314831,0.3870225250720978,,732413.1627906977
314832,,2.0,732417.6744186047
314841,0.3870425224304199,,732458.2790697674
314842,,2.0,732462.7906976744
314849,0.38706251978874207,,732494.3720930233
314850,,2.0,732498.8837209302
314858,0.3870825171470642,,732534.976744186
314859,,2.0,732539.4883720931
314877,0.3871125280857086,,732610.6666666666
314878,,3.0,732615.1111111111
314884,0.387142539024353,,732641.7777777778
314885,,3.0,732646.2222222222
314892,0.38717254996299744,,732677.3333333334
314893,,3.0,732681.7777777778
314905,0.38720256090164185,,732735.1111111111
314906,,3.0,732739.5555555555
314919,0.38720256090164185,,732762.0487804879
314920,,0.0,732763.8536585366
314926,0.38720256090164185,,732774.6829268293
314927,,0.0,732776.487804878
314935,0.38720256090164185,,732790.9268292683
314936,,0.0,732792.731707317
314948,0.38720256090164185,,732814.3902439025
314949,,0.0,732816.1951219512
314960,0.38720256090164185,,732833.6
314961,,0.0,732835.55
314971,0.38720256090164185,,732855.05
314972,,0.0,732857.0
314981,0.38720256090164185,,732874.55
314982,,0.0,732876.5
314990,0.38720256090164185,,732892.1
314991,,0.0,732894.05
315008,0.3872125744819641,,732919.2340425532
315009,,1.0,732920.8936170213
315019,0.3872225880622864,,732937.4893617021
315020,,1.0,732939.1489361703
315028,0.38723260164260864,,732952.4255319149
315029,,1.0,732954.085106383
315039,0.3872426152229309,,732970.6808510638
315040,,1.0,732972.340425532
315055,0.3872426152229309,,733000.7428571428
315056,,0.0,733002.9714285714
315062,0.3872426152229309,,733016.3428571429
315063,,0.0,733018.5714285715
315069,0.3872426152229309,,733031.9428571429
315070,,0.0,733034.1714285715
315076,0.3872426152229309,,733047.5428571429
315077,,0.0,733049.7714285714
315093,0.3872426152229309,,733074.9047619047
315094,,0.0,733076.6666666666
315101,0.3872426152229309,,733089.0
315102,,0.0,733090.7619047619
315109,0.3872426152229309,,733103.0952380953
315110,,0.0,733104.8571428572
315120,0.3872426152229309,,733122.4761904762
315121,,0.0,733124.2380952381
315135,0.3872526288032532,,733151.2083333334
315136,,1.0,733153.5
315144,0.38726264238357544,,733171.8333333334
315145,,1.0,733174.125
315153,0.3872726559638977,,733192.4583333334
315154,,1.0,733194.75
315170,0.38728266954421997,,733231.4166666666
315171,,1.0,733233.7083333334
315193,0.38729268312454224,,733269.25
315194,,1.0,733271.0
315204,0.3873026967048645,,733288.5
315205,,1.0,733290.25
315215,0.38731271028518677,,733307.75
315216,,1.0,733309.5
315224,0.38732272386550903,,733323.5
315225,,1.0,733325.25
315245,0.3873327374458313,,733357.1509433963
315246,,1.0,733358.9245283019
315253,0.38734275102615356,,733371.3396226416
315254,,1.0,733373.1132075472
315265,0.38735276460647583,,733392.6226415094
315266,,1.0,733394.3962264151
315279,0.3873627781867981,,733417.4528301887
315280,,1.0,733419.2264150943
315296,0.38737279176712036,,733448.95
315297,,1.0,733451.1
315306,0.3873828053474426,,733470.45
315307,,1.0,733472.6
315312,0.3873928189277649,,733483.35
315313,,1.0,733485.5
315321,0.38740283250808716,,733502.7
315322,,1.0,733504.85
315333,0.3874128460884094,,733524.2631578947
315334,,1.0,733526.4210526316
315345,0.3874228596687317,,733550.1578947369
315346,,1.0,733552.3157894737
315355,0.38743287324905396,,733571.7368421053
315356,,1.0,733573.8947368421
315361,0.3874428868293762,,733584.6842105263
315362,,1.0,733586.8421052631
315375,0.38747289776802063,,733639.0
315376,,3.0,733644.0
315383,0.38750290870666504,,733679.0
315384,,3.0,733684.0
315390,0.38753291964530945,,733714.0
315391,,3.0,733719.0
315403,0.38756293058395386,,733779.0
315404,,3.0,733784.0
315422,0.3875729441642761,,733823.2857142857
315423,,1.0,733825.5714285715
315433,0.3875829577445984,,733848.4285714285
315434,,1.0,733850.7142857143
315444,0.38759297132492065,,733873.5714285715
315445,,1.0,733875.8571428572
315454,0.3876029849052429,,733896.4285714285
315455,,1.0,733898.7142857143
315467,0.3876029849052429,,733919.0
315468,,0.0,733921.0
315478,0.3876029849052429,,733941.0
315479,,0.0,733943.0
315487,0.3876029849052429,,733959.0
315488,,0.0,733961.0
315495,0.3876029849052429,,733975.0
315496,,0.0,733977.0
315510,0.3876029849052429,,733997.5
315511,,0.0,733999.1818181818
315521,0.3876029849052429,,734016.0
315522,,0.0,734017.6818181818
315530,0.3876029849052429,,734031.1363636364
315531,,0.0,734032.8181818182
315541,0.3876029849052429,,734049.6363636364
315542,,0.0,734051.3181818182
315557,0.38762298226356506,,734076.5636363636
315558,,2.0,734078.5272727272
315569,0.3876429796218872,,734100.1272727273
315570,,2.0,734102.0909090909
315582,0.38766297698020935,,734125.6545454545
315583,,2.0,734127.6181818182
315598,0.3876829743385315,,734157.0727272728
315599,,2.0,734159.0363636364
315621,0.3876829743385315,,734183.6774193548
315622,,0.0,734184.8709677419
315633,0.3876829743385315,,734198.0
315634,,0.0,734199.1935483871
315645,0.3876829743385315,,734212.3225806452
315646,,0.0,734213.5161290322
315662,0.3876829743385315,,734232.6129032258
315663,,0.0,734233.8064516129
315680,0.38769298791885376,,734266.5
315681,,1.0,734268.75
315689,0.387703001499176,,734286.75
315690,,1.0,734289.0
315697,0.3877130150794983,,734304.75
315698,,1.0,734307.0
315704,0.38772302865982056,,734320.5
315705,,1.0,734322.75
315723,0.38772302865982056,,734349.8936170213
315724,,0.0,734351.5531914893
315736,0.38772302865982056,,734371.4680851063
315737,,0.0,734373.1276595745
315745,0.38772302865982056,,734386.4042553192
315746,,0.0,734388.0638297872
315753,0.38772302865982056,,734399.6808510638
315754,,0.0,734401.340425532
315770,0.38772302865982056,,734429.6842105263
315771,,0.0,734431.7368421053
315779,0.38772302865982056,,734448.1578947369
315780,,0.0,734450.2105263158
315784,0.38772302865982056,,734458.4210526316
315785,,0.0,734460.4736842106
315793,0.38772302865982056,,734476.8947368421
315794,,0.0,734478.947368421
315810,0.38772302865982056,,734501.0416666666
315811,,0.0,734502.5833333334
315821,0.38772302865982056,,734518.0
315822,,0.0,734519.5416666666
315830,0.38772302865982056,,734531.875
315831,,0.0,734533.4166666666
315843,0.38772302865982056,,734551.9166666666
315844,,0.0,734553.4583333334
315856,0.3877330422401428,,734573.45
315857,,1.0,734575.5
315865,0.3877430558204651,,734591.9
315866,,1.0,734593.95
315877,0.38775306940078735,,734616.5
315878,,1.0,734618.55
315885,0.3877630829811096,,734632.9
315886,,1.0,734634.95
315900,0.3877630829811096,,734655.6521739131
315901,,0.0,734657.3478260869
315912,0.3877630829811096,,734676.0
315913,,0.0,734677.695652174
315920,0.3877630829811096,,734689.5652173914
315921,,0.0,734691.2608695652
315933,0.3877630829811096,,734711.6086956522
315934,,0.0,734713.304347826
315951,0.38778308033943176,,734763.2857142857
315952,,2.0,734766.7346938775
315957,0.3878030776977539,,734783.9795918367
315958,,2.0,734787.4285714285
315973,0.38782307505607605,,734839.1632653062
315974,,2.0,734842.612244898
315984,0.3878430724143982,,734877.1020408163
315985,,2.0,734880.5510204082
316006,0.38785308599472046,,734927.5
316007,,1.0,734929.9166666666
316013,0.3878630995750427,,734944.4166666666
316014,,1.0,734946.8333333334
316024,0.387873113155365,,734971.0
316025,,1.0,734973.4166666666
316034,0.38788312673568726,,734995.1666666666
316035,,1.0,734997.5833333334
316054,0.3879031240940094,,735046.2222222222
316055,,2.0,735049.1111111111
316068,0.38792312145233154,,735086.6666666666
316069,,2.0,735089.5555555555
316075,0.3879431188106537,,735106.8888888889
316076,,2.0,735109.7777777778
316081,0.38796311616897583,,735124.2222222222
316082,,2.0,735127.1111111111
316100,0.387983113527298,,735166.3
316101,,2.0,735168.72
316110,0.3880031108856201,,735190.5
316111,,2.0,735192.92
316121,0.38802310824394226,,735217.12
316122,,2.0,735219.54
316133,0.3880431056022644,,735246.16
316134,,2.0,735248.58
316147,0.38805311918258667,,735271.2
316148,,1.0,735273.22
316160,0.38806313276290894,,735297.46
316161,,1.0,735299.48
316173,0.3880731463432312,,735323.72
316174,,1.0,735325.74
316185,0.38808315992355347,,735347.96
316186,,1.0,735349.98
316204,0.38809317350387573,,735382.6818181818
316205,,1.0,735384.7272727273
316210,0.388103187084198,,735394.9545454546
316211,,1.0,735397.0
316220,0.38811320066452026,,735415.4090909091
316221,,1.0,735417.4545454546
316231,0.38812321424484253,,735437.9090909091
316232,,1.0,735439.9545454546
316242,0.38812321424484253,,735456.0
316243,,0.0,735458.0
316249,0.38812321424484253,,735470.0
316250,,0.0,735472.0
316260,0.38812321424484253,,735492.0
316261,,0.0,735494.0
316270,0.38812321424484253,,735512.0
316271,,0.0,735514.0
316281,0.38815322518348694,,735551.8974358974
316282,,3.0,735557.0256410256
316290,0.38818323612213135,,735598.0512820513
316291,,3.0,735603.1794871795
316304,0.38821324706077576,,735669.8461538461
316305,,3.0,735674.9743589744
316311,0.38824325799942017,,735705.7435897436
316312,,3.0,735710.8717948718
316331,0.38824325799942017,,735738.7692307692
316332,,0.0,735740.1923076923
316345,0.38824325799942017,,735758.6923076923
316346,,0.0,735760.1153846154
316354,0.38824325799942017,,735771.5
316355,,0.0,735772.9230769231
316365,0.38824325799942017,,735787.1538461539
316366,,0.0,735788.5769230769
316381,0.38825327157974243,,735812.8837209302
316382,,1.0,735814.7906976744
316390,0.3882632851600647,,735830.0465116279
316391,,1.0,735831.9534883721
316403,0.38827329874038696,,735854.8372093023
316404,,1.0,735856.7441860465
316410,0.38828331232070923,,735868.1860465116
316411,,1.0,735870.0930232558
316435,0.38830330967903137,,735929.6470588235
316436,,2.0,735932.3921568628
316444,0.3883233070373535,,735954.3529411765
316445,,2.0,735957.0980392157
316456,0.38834330439567566,,735987.2941176471
316457,,2.0,735990.0392156863
316463,0.3883633017539978,,736006.5098039216
316464,,2.0,736009.2549019608
316482,0.38838329911231995,,736055.1632653062
316483,,2.0,736058.0408163265
316491,0.3884032964706421,,736081.0612244898
316492,,2.0,736083.9387755102
316499,0.38842329382896423,,736104.081632653
316500,,2.0,736106.9591836735
316514,0.3884432911872864,,736147.2448979592
316515,,2.0,736150.1224489796
316531,0.38845330476760864,,736176.66
316532,,1.0,736178.48
316546,0.3884633183479309,,736203.96
316547,,1.0,736205.78
316553,0.3884733319282532,,736216.7
316554,,1.0,736218.52
316566,0.38848334550857544,,736240.36
316567,,1.0,736242.18
316582,0.3884933590888977,,736271.7647058824
316583,,1.0,736274.0784313725
316593,0.38850337266921997,,736297.2156862745
316594,,1.0,736299.5294117647
316607,0.38851338624954224,,736329.6078431372
316608,,1.0,736331.9215686275
316619,0.3885233998298645,,736357.3725490196
316620,,1.0,736359.6862745098
316636,0.3885233998298645,,736384.3720930233
316637,,0.0,736386.0930232558
316646,0.3885233998298645,,736401.5813953489
316647,,0.0,736403.3023255814
316657,0.3885233998298645,,736420.5116279069
316658,,0.0,736422.2325581395
316664,0.3885233998298645,,736432.5581395349
316665,,0.0,736434.2790697674
316678,0.3885233998298645,,736455.0243902439
316679,,0.0,736456.9268292683
316691,0.3885233998298645,,736479.756097561
316692,,0.0,736481.6585365854
316700,0.3885233998298645,,736496.8780487805
316701,,0.0,736498.7804878049
316707,0.3885233998298645,,736510.1951219512
316708,,0.0,736512.0975609756
316724,0.38854339718818665,,736564.375
316725,,2.0,736568.25
316734,0.3885633945465088,,736603.125
316735,,2.0,736607.0
316748,0.38858339190483093,,736657.375
316749,,2.0,736661.25
316757,0.3886033892631531,,736692.25
316758,,2.0,736696.125
316772,0.38861340284347534,,736728.05
316773,,1.0,736730.6
316780,0.3886234164237976,,736748.45
316781,,1.0,736751.0
316789,0.3886334300041199,,736771.4
316790,,1.0,736773.95
316799,0.38864344358444214,,736796.9
316800,,1.0,736799.45
316812,0.3886634409427643,,736838.0
316813,,2.0,736842.0
316821,0.3886834383010864,,736874.0
316822,,2.0,736878.0
316833,0.38870343565940857,,736922.0
316834,,2.0,736926.0
316843,0.3887234330177307,,736962.0
316844,,2.0,736966.0
316858,0.388733446598053,,736992.5238095238
316859,,1.0,736994.5714285715
316870,0.38874346017837524,,737017.0952380953
316871,,1.0,737019.1428571428
316880,0.3887534737586975,,737037.5714285715
316881,,1.0,737039.619047619
316887,0.3887634873390198,,737051.9047619047
316888,,1.0,737053.9523809524
316902,0.38877350091934204,,737076.1276595745
316903,,1.0,737077.9574468085
316911,0.3887835144996643,,737092.5957446808
316912,,1.0,737094.4255319149
316922,0.3887935280799866,,737112.7234042553
316923,,1.0,737114.5531914893
316936,0.38880354166030884,,737138.340425532
316937,,1.0,737140.1702127659
316955,0.38880354166030884,,737168.5909090909
316956,,0.0,737170.3636363636
316964,0.38880354166030884,,737184.5454545454
316965,,0.0,737186.3181818182
316973,0.38880354166030884,,737200.5
316974,,0.0,737202.2727272727
316982,0.38880354166030884,,737216.4545454546
316983,,0.0,737218.2272727273
316998,0.3888135552406311,,737244.5714285715
316999,,1.0,737246.619047619
317009,0.38882356882095337,,737267.0952380953
317010,,1.0,737269.1428571428
317018,0.38883358240127563,,737285.5238095238
317019,,1.0,737287.5714285715
317026,0.3888435959815979,,737301.9047619047
317027,,1.0,737303.9523809524
317042,0.3888435959815979,,737335.25
317043,,0.0,737337.6875
317048,0.3888435959815979,,737349.875
317049,,0.0,737352.3125
317055,0.3888435959815979,,737366.9375
317056,,0.0,737369.375
317060,0.3888435959815979,,737379.125
317061,,0.0,737381.5625
317080,0.3888435959815979,,737411.3333333334
317081,,0.0,737413.0416666666
317091,0.3888435959815979,,737430.125
317092,,0.0,737431.8333333334
317101,0.3888435959815979,,737447.2083333334
317102,,0.0,737448.9166666666
317110,0.3888435959815979,,737462.5833333334
317111,,0.0,737464.2916666666
317125,0.38886359333992004,,737491.911111111
317126,,2.0,737494.2666666667
317138,0.3888835906982422,,737522.5333333333
317139,,2.0,737524.8888888889
317146,0.38890358805656433,,737541.3777777777
317147,,2.0,737543.7333333333
317157,0.3889235854148865,,737567.2888888889
317158,,2.0,737569.6444444444
317174,0.3889235854148865,,737598.0
317175,,0.0,737600.0
317179,0.3889235854148865,,737608.0
317180,,0.0,737610.0
317190,0.3889235854148865,,737630.0
317191,,0.0,737632.0
317196,0.3889235854148865,,737642.0
317197,,0.0,737644.0
317209,0.38893359899520874,,737668.9285714285
317210,,1.0,737671.4761904762
317219,0.388943612575531,,737694.4047619047
317220,,1.0,737696.9523809524
317229,0.38895362615585327,,737719.880952381
317230,,1.0,737722.4285714285
317240,0.38896363973617554,,737747.9047619047
317241,,1.0,737750.4523809524
317254,0.38896363973617554,,737769.5957446808
317255,,0.0,737771.2553191489
317268,0.38896363973617554,,737792.8297872341
317269,,0.0,737794.4893617021
317281,0.38896363973617554,,737814.4042553192
317282,,0.0,737816.0638297872
317289,0.38896363973617554,,737827.6808510638
317290,,0.0,737829.340425532
317307,0.3889736533164978,,737855.1818181818
317308,,1.0,737856.9090909091
317314,0.38898366689682007,,737867.2727272727
317315,,1.0,737869.0
317327,0.38899368047714233,,737889.7272727273
317328,,1.0,737891.4545454546
317346,0.3890036940574646,,737922.5454545454
317347,,1.0,737924.2727272727
317364,0.38901370763778687,,737954.6666666666
317365,,1.0,737956.7142857143
317371,0.38902372121810913,,737969.0
317372,,1.0,737971.0476190476
317380,0.3890337347984314,,737987.4285714285
317381,,1.0,737989.4761904762
317390,0.38904374837875366,,738007.9047619047
317391,,1.0,738009.9523809524
317408,0.38904374837875366,,738038.6341463415
317409,,0.0,738040.5365853659
317415,0.38904374837875366,,738051.9512195121
317416,,0.0,738053.8536585366
317424,0.38904374837875366,,738069.0731707317
317425,,0.0,738070.9756097561
317433,0.38904374837875366,,738086.1951219512
317434,,0.0,738088.0975609756
317445,0.38904374837875366,,738105.2195121951
317446,,0.0,738107.1219512195
317457,0.38904374837875366,,738128.0487804879
317458,,0.0,738129.9512195121
317466,0.38904374837875366,,738145.1707317074
317467,,0.0,738147.0731707317
317476,0.38904374837875366,,738164.1951219512
317477,,0.0,738166.0975609756
317489,0.3890537619590759,,738185.3454545455
317490,,1.0,738187.2727272727
317502,0.3890637755393982,,738210.4
317503,,1.0,738212.3272727273
317520,0.38907378911972046,,738245.0909090909
317521,,1.0,738247.0181818182
317533,0.3890838027000427,,738270.1454545455
317534,,1.0,738272.0727272728
317549,0.3890838027000427,,738294.3478260869
317550,,0.0,738296.0434782609
317561,0.3890838027000427,,738314.695652174
317562,,0.0,738316.3913043478
317574,0.3890838027000427,,738336.7391304348
317575,,0.0,738338.4347826086
317581,0.3890838027000427,,738348.6086956522
317582,,0.0,738350.304347826
317594,0.3890838027000427,,738369.0769230769
317595,,0.0,738370.9743589744
317603,0.3890838027000427,,738386.1538461539
317604,,0.0,738388.0512820513
317612,0.3890838027000427,,738403.2307692308
317613,,0.0,738405.1282051282
317622,0.3890838027000427,,738422.2051282051
317623,,0.0,738424.1025641026
317633,0.389093816280365,,738443.6666666666
317634,,1.0,738446.1904761905
317642,0.38910382986068726,,738466.380952381
317643,,1.0,738468.9047619047
317651,0.3891138434410095,,738489.0952380953
317652,,1.0,738491.619047619
317666,0.3891238570213318,,738526.9523809524
317667,,1.0,738529.4761904762
317682,0.3891538679599762,,738570.5
317683,,3.0,738573.7083333334
317700,0.3891838788986206,,738628.25
317701,,3.0,738631.4583333334
317708,0.389213889837265,,738653.9166666666
317709,,3.0,738657.125
317716,0.3892439007759094,,738679.5833333334
317717,,3.0,738682.7916666666
317734,0.3892539143562317,,738714.0
317735,,1.0,738716.0
317743,0.38926392793655396,,738732.0
317744,,1.0,738734.0
317751,0.3892739415168762,,738748.0
317752,,1.0,738750.0
317759,0.3892839550971985,,738764.0
317760,,1.0,738766.0
317780,0.38929396867752075,,738800.612244898
317781,,1.0,738802.5306122449
317788,0.389303982257843,,738815.9591836735
317789,,1.0,738817.8775510204
317801,0.3893139958381653,,738840.8979591837
317802,,1.0,738842.8163265307
317810,0.38932400941848755,,738858.1632653062
317811,,1.0,738860.081632653
317831,0.38932400941848755,,738887.6734693878
317832,,0.0,738889.1836734693
317845,0.38932400941848755,,738908.8163265307
317846,,0.0,738910.3265306122
317854,0.38932400941848755,,738922.4081632653
317855,,0.0,738923.918367347
317861,0.38932400941848755,,738932.9795918367
317862,,0.0,738934.4897959183
317875,0.38932400941848755,,738958.2857142857
317876,,0.0,738960.5142857142
317882,0.38932400941848755,,738973.8857142857
317883,,0.0,738976.1142857143
317891,0.38932400941848755,,738993.9428571429
317892,,0.0,738996.1714285715
317898,0.38932400941848755,,739009.5428571429
317899,,0.0,739011.7714285714
317912,0.3893440067768097,,739051.1428571428
317913,,2.0,739054.8571428572
317920,0.38936400413513184,,739080.8571428572
317921,,2.0,739084.5714285715
317928,0.389384001493454,,739110.5714285715
317929,,2.0,739114.2857142857
317935,0.3894039988517761,,739136.5714285715
317936,,2.0,739140.2857142857
317951,0.3894140124320984,,739166.5
317952,,1.0,739168.375
317958,0.38942402601242065,,739179.625
317959,,1.0,739181.5
317969,0.3894340395927429,,739200.25
317970,,1.0,739202.125
317985,0.3894440531730652,,739230.25
317986,,1.0,739232.125
318002,0.3894740641117096,,739289.3191489362
318003,,3.0,739293.5744680851
318015,0.389504075050354,,739344.6382978724
318016,,3.0,739348.8936170213
318024,0.3895340859889984,,739382.9361702128
318025,,3.0,739387.1914893617
318034,0.3895640969276428,,739425.4893617021
318035,,3.0,739429.7446808511
318050,0.3895741105079651,,739464.1538461539
318051,,1.0,739466.6666666666
318058,0.38958412408828735,,739484.2564102564
318059,,1.0,739486.7692307692
318067,0.3895941376686096,,739506.8717948718
318068,,1.0,739509.3846153846
318075,0.3896041512489319,,739526.9743589744
318076,,1.0,739529.4871794871
318084,0.38962414860725403,,739549.0
318085,,2.0,739552.4
318091,0.38964414596557617,,739572.8
318092,,2.0,739576.2
318098,0.3896641433238983,,739596.6
318099,,2.0,739600.0
318107,0.38968414068222046,,739627.2
318108,,2.0,739630.6
318123,0.3897041380405426,,739652.0
318124,,2.0,739653.5
318136,0.38972413539886475,,739671.5
318137,,2.0,739673.0
318148,0.3897441327571869,,739689.5
318149,,2.0,739691.0
318163,0.38976413011550903,,739712.0
318164,,2.0,739713.5
318172,0.3897841274738312,,739739.8484848485
318173,,2.0,739744.8181818182
318181,0.3898041248321533,,739784.5757575758
318182,,2.0,739789.5454545454
318190,0.38982412219047546,,739829.303030303
318191,,2.0,739834.2727272727
318198,0.3898441195487976,,739869.0606060605
318199,,2.0,739874.0303030303
318210,0.3898441195487976,,739893.8
318211,,0.0,739895.65
318220,0.3898441195487976,,739912.3
318221,,0.0,739914.15
318229,0.3898441195487976,,739928.95
318230,,0.0,739930.8
318240,0.3898441195487976,,739949.3
318241,,0.0,739951.15
318256,0.3898541331291199,,739983.2857142857
318257,,1.0,739985.8095238095
318264,0.38986414670944214,,740003.4761904762
318265,,1.0,740006.0
318273,0.3898741602897644,,740026.1904761905
318274,,1.0,740028.7142857143
318284,0.38988417387008667,,740053.9523809524
318285,,1.0,740056.4761904762
318299,0.38989418745040894,,740077.7916666666
318300,,1.0,740079.5
318310,0.3899042010307312,,740096.5833333334
318311,,1.0,740098.2916666666
318322,0.38991421461105347,,740117.0833333334
318323,,1.0,740118.7916666666
318334,0.38992422819137573,,740137.5833333334
318335,,1.0,740139.2916666666
318354,0.38992422819137573,,740167.9090909091
318355,,0.0,740169.5909090909
318363,0.38992422819137573,,740183.0454545454
318364,,0.0,740184.7272727273
318370,0.38992422819137573,,740194.8181818182
318371,,0.0,740196.5
318380,0.38992422819137573,,740211.6363636364
318381,,0.0,740213.3181818182
318393,0.389934241771698,,740230.2608695652
318394,,1.0,740231.9565217391
318405,0.38994425535202026,,740250.6086956522
318406,,1.0,740252.304347826
318417,0.38995426893234253,,740270.9565217391
318418,,1.0,740272.6521739131
318428,0.3899642825126648,,740289.6086956522
318429,,1.0,740291.304347826
318441,0.3899642825126648,,740311.7297297297
318442,,0.0,740313.8108108108
318447,0.3899642825126648,,740324.2162162162
318448,,0.0,740326.2972972973
318458,0.3899642825126648,,740347.1081081082
318459,,0.0,740349.1891891892
318467,0.3899642825126648,,740365.8378378379
318468,,0.0,740367.9189189189
318486,0.3899642825126648,,740393.6170212766
318487,,0.0,740395.1914893617
318498,0.3899642825126648,,740412.5106382979
318499,,0.0,740414.085106383
318506,0.3899642825126648,,740425.1063829787
318507,,0.0,740426.6808510638
318516,0.3899642825126648,,740440.8510638297
318517,,0.0,740442.4255319149
318530,0.38997429609298706,,740460.0869565217
318531,,1.0,740461.695652174
318538,0.3899843096733093,,740472.9565217391
318539,,1.0,740474.5652173914
318550,0.3899943232536316,,740492.2608695652
318551,,1.0,740493.8695652174
318564,0.39000433683395386,,740514.7826086957
318565,,1.0,740516.3913043478
318577,0.3900143504142761,,740539.6818181818
318578,,1.0,740542.0909090909
318592,0.3900243639945984,,740575.8181818182
318593,,1.0,740578.2272727273
318600,0.39003437757492065,,740595.0909090909
318601,,1.0,740597.5
318610,0.3900443911552429,,740619.1818181818
318611,,1.0,740621.5909090909
318625,0.3900443911552429,,740643.5
318626,,0.0,740645.2727272727
318635,0.3900443911552429,,740661.2272727273
318636,,0.0,740663.0
318647,0.3900443911552429,,740682.5
318648,,0.0,740684.2727272727
318656,0.3900443911552429,,740698.4545454546
318657,,0.0,740700.2272727273
318666,0.39007440209388733,,740715.4594594594
318667,,3.0,740717.7027027027
318678,0.39010441303253174,,740742.3783783783
318679,,3.0,740744.6216216217
318690,0.39013442397117615,,740769.2972972973
318691,,3.0,740771.5405405406
318695,0.39016443490982056,,740780.5135135135
318696,,3.0,740782.7567567568
318710,0.39016443490982056,,740807.0
318711,,0.0,740809.0
318720,0.39016443490982056,,740827.0
318721,,0.0,740829.0
318727,0.39016443490982056,,740841.0
318728,,0.0,740843.0
318736,0.39016443490982056,,740859.0
318737,,0.0,740861.0
318753,0.39016443490982056,,740886.3409090909
318754,,0.0,740888.1363636364
318764,0.39016443490982056,,740906.0909090909
318765,,0.0,740907.8863636364
318774,0.39016443490982056,,740924.0454545454
318775,,0.0,740925.8409090909
318782,0.39016443490982056,,740938.4090909091
318783,,0.0,740940.2045454546
318799,0.39016443490982056,,740966.1428571428
318800,,0.0,740968.0
318807,0.39016443490982056,,740981.0
318808,,0.0,740982.8571428572
318817,0.39016443490982056,,740999.5714285715
318818,,0.0,741001.4285714285
318826,0.39016443490982056,,741016.2857142857
318827,,0.0,741018.1428571428
318840,0.39016443490982056,,741038.0487804879
318841,,0.0,741039.8536585366
318850,0.39016443490982056,,741056.0975609756
318851,,0.0,741057.9024390244
318860,0.39016443490982056,,741074.1463414634
318861,,0.0,741075.9512195121
318869,0.39016443490982056,,741090.3902439025
318870,,0.0,741092.1951219512
318888,0.39019444584846497,,741114.8163265307
318889,,3.0,741116.2040816327
318897,0.3902244567871094,,741127.306122449
318898,,3.0,741128.693877551
318908,0.3902544677257538,,741142.5714285715
318909,,3.0,741143.9591836735
318920,0.3902844786643982,,741159.224489796
318921,,3.0,741160.612244898
318938,0.39030447602272034,,741203.695652174
318939,,2.0,741206.6739130435
318948,0.3903244733810425,,741233.4782608695
318949,,2.0,741236.4565217391
318957,0.3903444707393646,,741260.2826086957
318958,,2.0,741263.2608695652
318968,0.39036446809768677,,741293.0434782609
318969,,2.0,741296.0217391305
318985,0.39036446809768677,,741319.693877551
318986,,0.0,741321.2857142857
318997,0.39036446809768677,,741338.7959183673
318998,,0.0,741340.387755102
319009,0.39036446809768677,,741357.8979591837
319010,,0.0,741359.4897959183
319019,0.39036446809768677,,741373.8163265307
319020,,0.0,741375.4081632653
319037,0.3903944790363312,,741417.3529411765
319038,,3.0,741420.2352941176
319049,0.3904244899749756,,741451.9411764706
319050,,3.0,741454.8235294118
319059,0.39045450091362,,741480.7647058824
319060,,3.0,741483.6470588235
319072,0.3904845118522644,,741518.2352941176
319073,,3.0,741521.1176470588
319088,0.39049452543258667,,741544.64
319089,,1.0,741546.36
319103,0.39050453901290894,,741570.44
319104,,1.0,741572.16
319113,0.3905145525932312,,741587.64
319114,,1.0,741589.36
319124,0.39052456617355347,,741606.56
319125,,1.0,741608.28
319143,0.3905445635318756,,741653.0188679246
319144,,2.0,741655.8867924528
319158,0.39056456089019775,,741696.037735849
319159,,2.0,741698.9056603773
319169,0.3905845582485199,,741727.5849056604
319170,,2.0,741730.4528301887
319179,0.39060455560684204,,741756.2641509434
319180,,2.0,741759.1320754717
319195,0.39063456654548645,,741820.5365853659
319196,,3.0,741825.4146341464
319203,0.39066457748413086,,741859.5609756098
319204,,3.0,741864.4390243902
319209,0.39069458842277527,,741888.8292682926
319210,,3.0,741893.7073170731
319222,0.3907245993614197,,741952.243902439
319223,,3.0,741957.1219512195
319241,0.3907245993614197,,741989.8571428572
319242,,0.0,741991.7142857143
319249,0.3907245993614197,,742004.7142857143
319250,,0.0,742006.5714285715
319256,0.3907245993614197,,742017.7142857143
319257,,0.0,742019.5714285715
319266,0.3907245993614197,,742036.2857142857
319267,,0.0,742038.1428571428
319282,0.3907546103000641,,742068.5
319283,,3.0,742070.875
319289,0.3907846212387085,,742085.125
319290,,3.0,742087.5
319296,0.3908146321773529,,742101.75
319297,,3.0,742104.125
319308,0.3908446431159973,,742130.25
319309,,3.0,742132.625
319323,0.39086464047431946,,742162.0416666666
319324,,2.0,742164.5
319335,0.3908846378326416,,742191.5416666666
319336,,2.0,742194.0
319342,0.39090463519096375,,742208.75
319343,,2.0,742211.2083333334
319358,0.3909246325492859,,742248.0833333334
319359,,2.0,742250.5416666666
319373,0.3909246325492859,,742271.8222222222
319374,,0.0,742273.5333333333
319384,0.3909246325492859,,742290.6444444444
319385,,0.0,742292.3555555556
319396,0.3909246325492859,,742311.1777777778
319397,,0.0,742312.8888888889
319405,0.3909246325492859,,742326.5777777778
319406,,0.0,742328.2888888889
319416,0.3909246325492859,,742342.6976744186
319417,,0.0,742344.5116279069
319427,0.3909246325492859,,742362.6511627907
319428,,0.0,742364.4651162791
319441,0.3909246325492859,,742388.0465116279
319442,,0.0,742389.8604651163
319450,0.3909246325492859,,742404.3720930233
319451,,0.0,742406.1860465116
319469,0.3909246325492859,,742431.8775510204
319470,,0.0,742433.4693877551
319479,0.3909246325492859,,742447.7959183673
319480,,0.0,742449.387755102
319487,0.3909246325492859,,742460.5306122449
319488,,0.0,742462.1224489796
319501,0.3909246325492859,,742482.8163265307
319502,,0.0,742484.4081632653
319518,0.3909246325492859,,742509.0454545454
319519,,0.0,742510.8181818182
319525,0.3909246325492859,,742521.4545454546
319526,,0.0,742523.2272727273
319539,0.3909246325492859,,742546.2727272727
319540,,0.0,742548.0454545454
319547,0.3909246325492859,,742560.4545454546
319548,,0.0,742562.2272727273
319560,0.39093464612960815,,742584.7692307692
319561,,1.0,742587.0769230769
319569,0.3909446597099304,,742605.5384615385
319570,,1.0,742607.8461538461
319577,0.3909546732902527,,742624.0
319578,,1.0,742626.3076923077
319588,0.39096468687057495,,742649.3846153846
319589,,1.0,742651.6923076923
319607,0.3909747004508972,,742682.8235294118
319608,,1.0,742684.7450980392
319618,0.3909847140312195,,742703.9607843137
319619,,1.0,742705.8823529412
319629,0.39099472761154175,,742725.0980392157
319630,,1.0,742727.0196078431
319641,0.391004741191864,,742748.1568627451
319642,,1.0,742750.0784313725
319665,0.391004741191864,,742780.4615384615
319666,,0.0,742781.8846153846
319678,0.391004741191864,,742798.9615384615
319679,,0.0,742800.3846153846
319688,0.391004741191864,,742813.1923076923
319689,,0.0,742814.6153846154
319695,0.391004741191864,,742823.1538461539
319696,,0.0,742824.5769230769
319714,0.391004741191864,,742850.375
319715,,0.0,742852.0
319721,0.391004741191864,,742861.75
319722,,0.0,742863.375
319735,0.391004741191864,,742884.5
319736,,0.0,742886.125
319745,0.391004741191864,,742900.75
319746,,0.0,742902.375
319762,0.3910347521305084,,742933.8723404255
319763,,3.0,742936.1702127659
319775,0.39106476306915283,,742963.7446808511
319776,,3.0,742966.0425531915
319781,0.39109477400779724,,742977.5319148937
319782,,3.0,742979.8297872341
319794,0.39112478494644165,,743007.4042553192
319795,,3.0,743009.7021276596
319804,0.39115479588508606,,743023.6363636364
319805,,3.0,743025.5757575758
319811,0.39118480682373047,,743037.2121212122
319812,,3.0,743039.1515151515
319822,0.3912148177623749,,743058.5454545454
319823,,3.0,743060.4848484849
319829,0.3912448287010193,,743072.1212121212
319830,,3.0,743074.0606060605
319843,0.39126482605934143,,743096.0
319844,,2.0,743098.0
319855,0.3912848234176636,,743120.0
319856,,2.0,743122.0
319867,0.3913048207759857,,743144.0
319868,,2.0,743146.0
319878,0.39132481813430786,,743166.0
319879,,2.0,743168.0
319900,0.39132481813430786,,743193.3684210526
319901,,0.0,743194.6666666666
319908,0.39132481813430786,,743203.754385965
319909,,0.0,743205.052631579
319927,0.39132481813430786,,743228.4210526316
319928,,0.0,743229.7192982456
319937,0.39132481813430786,,743241.4035087719
319938,,0.0,743242.701754386
319955,0.39132481813430786,,743269.268292683
319956,,0.0,743271.0731707317
319962,0.39132481813430786,,743281.9024390244
319963,,0.0,743283.7073170731
319971,0.39132481813430786,,743298.1463414634
319972,,0.0,743299.9512195121
319980,0.39132481813430786,,743314.3902439025
319981,,0.0,743316.1951219512
319996,0.3913348317146301,,743345.0
319997,,1.0,743347.25
320005,0.3913448452949524,,743365.25
320006,,1.0,743367.5
320015,0.39135485887527466,,743387.75
320016,,1.0,743390.0
320022,0.3913648724555969,,743403.5
320023,,1.0,743405.75
320040,0.3913748860359192,,743436.6666666666
320041,,1.0,743438.7142857143
320051,0.39138489961624146,,743459.1904761905
320052,,1.0,743461.2380952381
320060,0.3913949131965637,,743477.619047619
320061,,1.0,743479.6666666666
320066,0.391404926776886,,743489.9047619047
320067,,1.0,743491.9523809524
320079,0.391404926776886,,743509.9545454546
320080,,0.0,743511.7272727273
320092,0.391404926776886,,743533.0
320093,,0.0,743534.7727272727
320105,0.391404926776886,,743556.0454545454
320106,,0.0,743557.8181818182
320112,0.391404926776886,,743568.4545454546
320113,,0.0,743570.2272727273
320128,0.39141494035720825,,743599.512195122
320129,,1.0,743601.8048780488
320136,0.3914249539375305,,743617.8536585366
320137,,1.0,743620.1463414634
320147,0.3914349675178528,,743643.0731707317
320148,,1.0,743645.3658536585
320155,0.39144498109817505,,743661.4146341464
320156,,1.0,743663.7073170731
320170,0.39147499203681946,,743677.0
320171,,3.0,743678.0
320182,0.39150500297546387,,743689.0
320183,,3.0,743690.0
320196,0.3915350139141083,,743703.0
320197,,3.0,743704.0
320207,0.3915650248527527,,743714.0
320208,,3.0,743715.0
320225,0.3915650248527527,,743743.3
320226,,0.0,743745.25
320231,0.3915650248527527,,743755.0
320232,,0.0,743756.95
320241,0.3915650248527527,,743774.5
320242,,0.0,743776.45
320249,0.3915650248527527,,743790.1
320250,,0.0,743792.05
320262,0.39157503843307495,,743818.8108108108
320263,,1.0,743821.5675675676
320272,0.3915850520133972,,743846.3783783783
320273,,1.0,743849.1351351351
320278,0.3915950655937195,,743862.9189189189
320279,,1.0,743865.6756756756
320288,0.39160507917404175,,743890.4864864865
320289,,1.0,743893.2432432432
320308,0.391615092754364,,743918.3448275862
320309,,1.0,743919.7413793104
320321,0.3916251063346863,,743936.5
320322,,1.0,743937.8965517242
320337,0.39163511991500854,,743958.8448275862
320338,,1.0,743960.2413793104
320348,0.3916451334953308,,743974.2068965518
320349,,1.0,743975.6034482758
320363,0.3916451334953308,,743996.0666666667
320364,,0.0,743997.8
320375,0.3916451334953308,,744016.8666666667
320376,,0.0,744018.6
320383,0.3916451334953308,,744030.7333333333
320384,,0.0,744032.4666666667
320395,0.3916451334953308,,744051.5333333333
320396,,0.0,744053.2666666667
320410,0.3916451334953308,,744074.6976744186
320411,,0.0,744076.4883720931
320419,0.3916451334953308,,744090.8139534884
320420,,0.0,744092.6046511628
320431,0.3916451334953308,,744112.3023255814
320432,,0.0,744114.0930232558
320440,0.3916451334953308,,744128.4186046511
320441,,0.0,744130.2093023256
320459,0.3916551470756531,,744170.2142857143
320460,,1.0,744172.7619047619
320467,0.39166516065597534,,744190.5952380953
320468,,1.0,744193.1428571428
320476,0.3916751742362976,,744213.5238095238
320477,,1.0,744216.0714285715
320484,0.3916851878166199,,744233.9047619047
320485,,1.0,744236.4523809524
320501,0.3916851878166199,,744259.693877551
320502,,0.0,744261.2857142857
320510,0.3916851878166199,,744274.0204081633
320511,,0.0,744275.612244898
320522,0.3916851878166199,,744293.1224489796
320523,,0.0,744294.7142857143
320535,0.3916851878166199,,744313.8163265307
320536,,0.0,744315.4081632653
320548,0.39169520139694214,,744335.0
320549,,1.0,744337.0
320558,0.3917052149772644,,744355.0
320559,,1.0,744357.0
320570,0.39171522855758667,,744379.0
320571,,1.0,744381.0
320578,0.39172524213790894,,744395.0
320579,,1.0,744397.0
320594,0.39172524213790894,,744418.7333333333
320595,,0.0,744420.3777777777
320606,0.39172524213790894,,744438.4666666667
320607,,0.0,744440.1111111111
320616,0.39172524213790894,,744454.911111111
320617,,0.0,744456.5555555555
320625,0.39172524213790894,,744469.7111111111
320626,,0.0,744471.3555555556
320644,0.39172524213790894,,744498.4347826086
320645,,0.0,744500.1304347826
320656,0.39172524213790894,,744518.7826086957
320657,,0.0,744520.4782608695
320665,0.39172524213790894,,744534.0434782609
320666,,0.0,744535.7391304348
320673,0.39172524213790894,,744547.6086956522
320674,,0.0,744549.304347826
320686,0.39172524213790894,,744570.8
320687,,0.0,744573.0
320695,0.39172524213790894,,744590.6
320696,,0.0,744592.8
320701,0.39172524213790894,,744603.8
320702,,0.0,744606.0
320710,0.39172524213790894,,744623.6
320711,,0.0,744625.8
320727,0.39172524213790894,,744649.8636363636
320728,,0.0,744651.5454545454
320740,0.39172524213790894,,744671.7272727273
320741,,0.0,744673.4090909091
320749,0.39172524213790894,,744686.8636363636
320750,,0.0,744688.5454545454
320756,0.39172524213790894,,744698.6363636364
320757,,0.0,744700.3181818182
320774,0.39175525307655334,,744739.0588235294
320775,,3.0,744741.7058823529
320789,0.39178526401519775,,744778.7647058824
320790,,3.0,744781.4117647059
320796,0.39181527495384216,,744797.2941176471
320797,,3.0,744799.9411764706
320809,0.3918452858924866,,744831.7058823529
320810,,3.0,744834.3529411765
320825,0.3918452858924866,,744857.8
320826,,0.0,744859.5333333333
320835,0.3918452858924866,,744875.1333333333
320836,,0.0,744876.8666666667
320846,0.3918452858924866,,744894.2
320847,,0.0,744895.9333333333
320856,0.3918452858924866,,744911.5333333333
320857,,0.0,744913.2666666667
320872,0.3918652832508087,,744942.5454545454
320873,,2.0,744944.8409090909
320879,0.39188528060913086,,744958.6136363636
320880,,2.0,744960.9090909091
320888,0.391905277967453,,744979.2727272727
320889,,2.0,744981.5681818182
320902,0.39192527532577515,,745011.4090909091
320903,,2.0,745013.7045454546
320916,0.39192527532577515,,745036.0
320917,,0.0,745038.0
320922,0.39192527532577515,,745048.0
320923,,0.0,745050.0
320931,0.39192527532577515,,745066.0
320932,,0.0,745068.0
320943,0.39192527532577515,,745090.0
320944,,0.0,745092.0
320959,0.3919452726840973,,745128.4347826086
320960,,2.0,745131.304347826
320968,0.39196527004241943,,745154.2608695652
320969,,2.0,745157.1304347826
320979,0.3919852674007416,,745185.8260869565
320980,,2.0,745188.695652174
320991,0.3920052647590637,,745220.2608695652
320992,,2.0,745223.1304347826
321008,0.392015278339386,,745252.0
321009,,1.0,745254.0
321016,0.39202529191970825,,745268.0
321017,,1.0,745270.0
321030,0.3920353055000305,,745296.0
321031,,1.0,745298.0
321042,0.3920453190803528,,745320.0
321043,,1.0,745322.0
321062,0.39205533266067505,,745350.9803921569
321063,,1.0,745352.6666666666
321073,0.3920653462409973,,745369.5294117647
321074,,1.0,745371.2156862745
321085,0.3920753598213196,,745389.7647058824
321086,,1.0,745391.4509803922
321095,0.39208537340164185,,745406.6274509804
321096,,1.0,745408.3137254902
321112,0.39208537340164185,,745432.0434782609
321113,,0.0,745433.7391304348
321119,0.39208537340164185,,745443.9130434783
321120,,0.0,745445.6086956522
321128,0.39208537340164185,,745459.1739130435
321129,,0.0,745460.8695652174
321143,0.39208537340164185,,745484.6086956522
321144,,0.0,745486.304347826
321159,0.39208537340164185,,745508.1818181818
321160,,0.0,745509.8636363636
321167,0.39208537340164185,,745521.6363636364
321168,,0.0,745523.3181818182
321177,0.39208537340164185,,745538.4545454546
321178,,0.0,745540.1363636364
321189,0.39208537340164185,,745558.6363636364
321190,,0.0,745560.3181818182
321200,0.3920953869819641,,745578.2702702703
321201,,1.0,745580.5945945946
321211,0.3921054005622864,,745603.8378378379
321212,,1.0,745606.1621621621
321222,0.39211541414260864,,745629.4054054054
321223,,1.0,745631.7297297297
321228,0.3921254277229309,,745643.3513513514
321229,,1.0,745645.6756756756
321242,0.3921254277229309,,745669.7647058824
321243,,0.0,745671.9411764706
321249,0.3921254277229309,,745685.0
321250,,0.0,745687.1764705882
321255,0.3921254277229309,,745698.0588235294
321256,,0.0,745700.2352941176
321264,0.3921254277229309,,745717.6470588235
321265,,0.0,745719.8235294118
321282,0.3921254277229309,,745743.84
321283,,0.0,745745.4
321296,0.3921254277229309,,745765.68
321297,,0.0,745767.24
321307,0.3921254277229309,,745782.84
321308,,0.0,745784.4
321316,0.3921254277229309,,745796.88
321317,,0.0,745798.44
321335,0.3921554386615753,,745866.6666666666
321336,,3.0,745871.1111111111
321345,0.3921854496002197,,745911.1111111111
321346,,3.0,745915.5555555555
321354,0.39221546053886414,,745951.1111111111
321355,,3.0,745955.5555555555
321363,0.39224547147750854,,745991.1111111111
321364,,3.0,745995.5555555555
321375,0.3922654688358307,,746028.0
321376,,2.0,746031.5
321383,0.39228546619415283,,746056.0
321384,,2.0,746059.5
321395,0.392305463552475,,746098.0
321396,,2.0,746101.5
321405,0.3923254609107971,,746133.0
321406,,2.0,746136.5
321426,0.3923254609107971,,746167.074074074
321427,,0.0,746168.6666666666
321438,0.3923254609107971,,746186.1851851852
321439,,0.0,746187.7777777778
321453,0.3923254609107971,,746210.074074074
321454,,0.0,746211.6666666666
321461,0.3923254609107971,,746222.8148148148
321462,,0.0,746224.4074074074
321475,0.3923254609107971,,746246.5263157894
321476,,0.0,746248.5789473684
321485,0.3923254609107971,,746267.052631579
321486,,0.0,746269.1052631579
321492,0.3923254609107971,,746281.4210526316
321493,,0.0,746283.4736842106
321501,0.3923254609107971,,746299.8947368421
321502,,0.0,746301.947368421
321519,0.39235547184944153,,746366.487804878
321520,,3.0,746370.9512195121
321529,0.39238548278808594,,746411.1219512195
321530,,3.0,746415.5853658536
321538,0.39241549372673035,,746451.2926829269
321539,,3.0,746455.756097561
321544,0.39244550466537476,,746478.0731707317
321545,,3.0,746482.5365853659
321561,0.392455518245697,,746516.0
321562,,1.0,746518.2307692308
321574,0.3924655318260193,,746545.0
321575,,1.0,746547.2307692308
321587,0.39247554540634155,,746574.0
321588,,1.0,746576.2307692308
321598,0.3924855589866638,,746598.5384615385
321599,,1.0,746600.7692307692
321614,0.3924855589866638,,746624.7674418605
321615,,0.0,746626.5813953489
321624,0.3924855589866638,,746642.9069767442
321625,,0.0,746644.7209302326
321633,0.3924855589866638,,746659.2325581395
321634,,0.0,746661.0465116279
321643,0.3924855589866638,,746677.3720930233
321644,,0.0,746679.1860465116
321667,0.39250555634498596,,746735.2857142857
321668,,2.0,746738.0
321679,0.3925255537033081,,746767.8571428572
321680,,2.0,746770.5714285715
321687,0.39254555106163025,,746789.5714285715
321688,,2.0,746792.2857142857
321694,0.3925655484199524,,746808.5714285715
321695,,2.0,746811.2857142857
321706,0.3925655484199524,,746828.5116279069
321707,,0.0,746830.3255813953
321716,0.3925655484199524,,746846.6511627907
321717,,0.0,746848.4651162791
321730,0.3925655484199524,,746872.0465116279
321731,,0.0,746873.8604651163
321739,0.3925655484199524,,746888.3720930233
321740,,0.0,746890.1860465116
321759,0.3925655484199524,,746913.925925926
321760,,0.0,746915.2962962963
321770,0.3925655484199524,,746929.0
321771,,0.0,746930.3703703703
321779,0.3925655484199524,,746941.3333333334
321780,,0.0,746942.7037037037
321795,0.3925655484199524,,746963.2592592592
321796,,0.0,746964.6296296297
321810,0.3925655484199524,,746985.8536585366
321811,,0.0,746987.6585365854
321817,0.3925655484199524,,746998.487804878
321818,,0.0,747000.2926829269
321827,0.3925655484199524,,747016.5365853659
321828,,0.0,747018.3414634146
321838,0.3925655484199524,,747036.3902439025
321839,,0.0,747038.1951219512
321852,0.39257556200027466,,747061.2195121951
321853,,1.0,747063.3414634146
321862,0.3925855755805969,,747082.4390243902
321863,,1.0,747084.5609756098
321871,0.3925955891609192,,747101.5365853659
321872,,1.0,747103.6585365854
321881,0.39260560274124146,,747122.756097561
321882,,1.0,747124.8780487805
321898,0.3926156163215637,,747151.5
321899,,1.0,747153.3846153846
321911,0.392625629901886,,747176.0
321912,,1.0,747177.8846153846
321923,0.39263564348220825,,747198.6153846154
321924,,1.0,747200.5
321935,0.3926456570625305,,747221.2307692308
321936,,1.0,747223.1153846154
321951,0.39266565442085266,,747268.7837837838
321952,,2.0,747272.4324324324
321959,0.3926856517791748,,747297.972972973
321960,,2.0,747301.6216216217
321966,0.39270564913749695,,747323.5135135135
321967,,2.0,747327.1621621621
321974,0.3927256464958191,,747352.7027027027
321975,,2.0,747356.3513513514
321989,0.3927256464958191,,747382.55
321990,,0.0,747384.6
321997,0.3927256464958191,,747398.95
321998,,0.0,747401.0
322006,0.3927256464958191,,747417.4
322007,,0.0,747419.45
322016,0.3927256464958191,,747437.9
322017,,0.0,747439.95
322033,0.3927256464958191,,747465.8333333334
322034,,0.0,747467.6666666666
322043,0.3927256464958191,,747484.1666666666
322044,,0.0,747486.0
322052,0.3927256464958191,,747500.6666666666
322053,,0.0,747502.5
322060,0.3927256464958191,,747515.3333333334
322061,,0.0,747517.1666666666
322070,0.3927256464958191,,747533.0571428571
322071,,0.0,747535.4
322078,0.3927256464958191,,747551.8
322079,,0.0,747554.1428571428
322089,0.3927256464958191,,747577.5714285715
322090,,0.0,747579.9142857143
322097,0.3927256464958191,,747596.3142857143
322098,,0.0,747598.6571428571
322109,0.3927256464958191,,747616.1794871795
322110,,0.0,747618.0769230769
322118,0.3927256464958191,,747633.2564102564
322119,,0.0,747635.1538461539
322129,0.3927256464958191,,747654.1282051282
322130,,0.0,747656.0256410256
322138,0.3927256464958191,,747671.2051282051
322139,,0.0,747673.1025641026
322156,0.3927556574344635,,747735.8695652174
322157,,3.0,747740.2173913043
322166,0.3927856683731079,,747779.3478260869
322167,,3.0,747783.695652174
322176,0.3928156793117523,,747822.8260869565
322177,,3.0,747827.1739130435
322186,0.39284569025039673,,747866.304347826
322187,,3.0,747870.6521739131
322203,0.39284569025039673,,747899.1428571428
322204,,0.0,747901.0
322211,0.39284569025039673,,747914.0
322212,,0.0,747915.8571428572
322223,0.39284569025039673,,747936.2857142857
322224,,0.0,747938.1428571428
322230,0.39284569025039673,,747949.2857142857
322231,,0.0,747951.1428571428
322247,0.392855703830719,,747980.9782608695
322248,,1.0,747983.1304347826
322257,0.39286571741104126,,748002.5
322258,,1.0,748004.6521739131
322264,0.3928757309913635,,748017.5652173914
322265,,1.0,748019.7173913043
322278,0.3928857445716858,,748047.695652174
322279,,1.0,748049.8478260869
322298,0.39289575815200806,,748085.306122449
322299,,1.0,748087.387755102
322311,0.3929057717323303,,748112.3673469388
322312,,1.0,748114.4489795918
322321,0.3929157853126526,,748133.1836734693
322322,,1.0,748135.2653061225
322329,0.39292579889297485,,748149.8367346938
322330,,1.0,748151.918367347
322347,0.39292579889297485,,748176.2857142857
322348,,0.0,748177.8775510204
322357,0.39292579889297485,,748192.2040816327
322358,,0.0,748193.7959183673
322368,0.39292579889297485,,748209.7142857143
322369,,0.0,748211.306122449
322380,0.39292579889297485,,748228.8163265307
322381,,0.0,748230.4081632653
322398,0.39292579889297485,,748260.0
322399,,0.0,748262.0
322407,0.39292579889297485,,748278.0
322408,,0.0,748280.0
322414,0.39292579889297485,,748292.0
322415,,0.0,748294.0
322421,0.39292579889297485,,748306.0
322422,,0.0,748308.0
322435,0.39292579889297485,,748328.3333333334
322436,,0.0,748330.1666666666
322448,0.39292579889297485,,748352.1666666666
322449,,0.0,748354.0
322458,0.39292579889297485,,748370.5
322459,,0.0,748372.3333333334
322465,0.39292579889297485,,748383.3333333334
322466,,0.0,748385.1666666666
322479,0.3929358124732971,,748407.0
322480,,1.0,748409.0
322490,0.3929458260536194,,748429.0
322491,,1.0,748431.0
322501,0.39295583963394165,,748451.0
322502,,1.0,748453.0
322514,0.3929658532142639,,748477.0
322515,,1.0,748479.0
322530,0.39298585057258606,,748515.1538461539
322531,,2.0,748518.0
322536,0.3930058479309082,,748532.2307692308
322537,,2.0,748535.0769230769
322547,0.39302584528923035,,748563.5384615385
322548,,2.0,748566.3846153846
322555,0.3930458426475525,,748586.3076923077
322556,,2.0,748589.1538461539
322570,0.3930458426475525,,748616.5142857142
322571,,0.0,748618.7428571428
322579,0.3930458426475525,,748636.5714285715
322580,,0.0,748638.8
322584,0.3930458426475525,,748647.7142857143
322585,,0.0,748649.9428571429
322592,0.3930458426475525,,748665.5428571429
322593,,0.0,748667.7714285714
322614,0.39305585622787476,,748710.5
322615,,1.0,748712.75
322623,0.393065869808197,,748730.75
322624,,1.0,748733.0
322630,0.3930758833885193,,748746.5
322631,,1.0,748748.75
322638,0.39308589696884155,,748764.5
322639,,1.0,748766.75
322661,0.3931058943271637,,748808.5510204082
322662,,2.0,748810.6326530612
322673,0.39312589168548584,,748833.5306122449
322674,,2.0,748835.612244898
322682,0.393145889043808,,748852.2653061225
322683,,2.0,748854.3469387755
322689,0.3931658864021301,,748866.8367346938
322690,,2.0,748868.918367347
322701,0.3931758999824524,,748886.2888888889
322702,,1.0,748888.2
322715,0.39318591356277466,,748913.0444444445
322716,,1.0,748914.9555555555
322725,0.3931959271430969,,748932.1555555556
322726,,1.0,748934.0666666667
322736,0.3932059407234192,,748953.1777777778
322737,,1.0,748955.088888889
322756,0.3932059407234192,,748978.2363636363
322757,,0.0,748979.5636363636
322771,0.3932059407234192,,748998.1454545455
322772,,0.0,748999.4727272728
322781,0.3932059407234192,,749011.4181818182
322782,,0.0,749012.7454545455
322793,0.3932059407234192,,749027.3454545455
322794,,0.0,749028.6727272727
322811,0.3932059407234192,,749057.3
322812,,0.0,749059.25
322817,0.3932059407234192,,749069.0
322818,,0.0,749070.95
322826,0.3932059407234192,,749086.55
322827,,0.0,749088.5
322835,0.3932059407234192,,749104.1
322836,,0.0,749106.05
322848,0.39322593808174133,,749126.7659574468
322849,,2.0,749128.8510638297
322863,0.3932459354400635,,749158.0425531915
322864,,2.0,749160.1276595745
322877,0.3932659327983856,,749187.2340425532
322878,,2.0,749189.3191489362
322884,0.39328593015670776,,749201.8297872341
322885,,2.0,749203.914893617
322898,0.39329594373703003,,749229.8888888889
322899,,1.0,749232.2777777778
322907,0.3933059573173523,,749251.3888888889
322908,,1.0,749253.7777777778
322915,0.39331597089767456,,749270.5
322916,,1.0,749272.8888888889
322922,0.3933259844779968,,749287.2222222222
322923,,1.0,749289.6111111111
322936,0.39334598183631897,,749318.5116279069
322937,,2.0,749321.1627906977
322946,0.3933659791946411,,749345.023255814
322947,,2.0,749347.6744186047
322954,0.39338597655296326,,749366.2325581395
322955,,2.0,749368.8837209302
322967,0.3934059739112854,,749400.6976744186
322968,,2.0,749403.3488372093
322984,0.39341598749160767,,749438.2045454546
322985,,1.0,749440.6818181818
322995,0.39342600107192993,,749465.4545454546
322996,,1.0,749467.9318181818
323004,0.3934360146522522,,749487.75
323005,,1.0,749490.2272727273
323013,0.39344602823257446,,749510.0454545454
323014,,1.0,749512.5227272727
323026,0.3934660255908966,,749564.1142857143
323027,,2.0,749569.5714285715
323035,0.39348602294921875,,749613.2285714286
323036,,2.0,749618.6857142857
323041,0.3935060203075409,,749645.9714285714
323042,,2.0,749651.4285714285
323050,0.39352601766586304,,749695.0857142857
323051,,2.0,749700.5428571429
323064,0.39352601766586304,,749722.8181818182
323065,,0.0,749724.5
323077,0.39352601766586304,,749744.6818181818
323078,,0.0,749746.3636363636
323087,0.39352601766586304,,749761.5
323088,,0.0,749763.1818181818
323096,0.39352601766586304,,749776.6363636364
323097,,0.0,749778.3181818182
323115,0.3935360312461853,,749807.3333333334
323116,,1.0,749809.1555555556
323123,0.39354604482650757,,749821.911111111
323124,,1.0,749823.7333333333
323131,0.39355605840682983,,749836.4888888889
323132,,1.0,749838.3111111111
323143,0.3935660719871521,,749858.3555555556
323144,,1.0,749860.1777777778
323158,0.39357608556747437,,749889.775
323159,,1.0,749892.3
323169,0.39358609914779663,,749917.55
323170,,1.0,749920.075
323177,0.3935961127281189,,749937.75
323178,,1.0,749940.275
323185,0.39360612630844116,,749957.95
323186,,1.0,749960.475
323202,0.39363613724708557,,750022.0909090909
323203,,3.0,750026.6363636364
323212,0.39366614818573,,750067.5454545454
323213,,3.0,750072.0909090909
323220,0.3936961591243744,,750103.9090909091
323221,,3.0,750108.4545454546
323231,0.3937261700630188,,750153.9090909091
323232,,3.0,750158.4545454546
323240,0.3937561810016632,,750175.0833333334
323241,,3.0,750177.5
323249,0.3937861919403076,,750196.8333333334
323250,,3.0,750199.25
323261,0.393816202878952,,750225.8333333334
323262,,3.0,750228.25
323269,0.39384621381759644,,750245.1666666666
323270,,3.0,750247.5833333334
323284,0.39384621381759644,,750270.9268292683
323285,,0.0,750272.8292682926
323294,0.39384621381759644,,750289.9512195121
323295,,0.0,750291.8536585366
323306,0.39384621381759644,,750312.7804878049
323307,,0.0,750314.6829268293
323312,0.39384621381759644,,750324.1951219512
323313,,0.0,750326.0975609756
323330,0.39384621381759644,,750353.3953488372
323331,,0.0,750355.2093023256
323340,0.39384621381759644,,750371.5348837209
323341,,0.0,750373.3488372093
323350,0.39384621381759644,,750389.6744186047
323351,,0.0,750391.4883720931
323357,0.39384621381759644,,750402.3720930233
323358,,0.0,750404.1860465116
323376,0.3938662111759186,,750441.0
323377,,2.0,750443.3333333334
323391,0.3938862085342407,,750476.0
323392,,2.0,750478.3333333334
323401,0.39390620589256287,,750499.3333333334
323402,,2.0,750501.6666666666
323410,0.393926203250885,,750520.3333333334
323411,,2.0,750522.6666666666
323423,0.3939362168312073,,750543.45
323424,,1.0,750545.5
323432,0.39394623041152954,,750561.9
323433,,1.0,750563.95
323440,0.3939562439918518,,750578.3
323441,,1.0,750580.35
323452,0.3939662575721741,,750602.9
323453,,1.0,750604.95
323468,0.3939962685108185,,750665.5365853659
323469,,3.0,750670.4146341464
323476,0.3940262794494629,,750704.5609756098
323477,,3.0,750709.4390243902
323488,0.3940562903881073,,750763.0975609756
323489,,3.0,750767.9756097561
323495,0.3940863013267517,,750797.243902439
323496,,3.0,750802.1219512195
323516,0.394096314907074,,750844.4871794871
323517,,1.0,750846.6923076923
323524,0.39410632848739624,,750862.1282051282
323525,,1.0,750864.3333333334
323532,0.3941163420677185,,750879.7692307692
323533,,1.0,750881.9743589744
323536,0.39412635564804077,,750888.5897435897
323537,,1.0,750890.7948717949
323553,0.39412635564804077,,750917.05
323554,,0.0,750918.9
323559,0.39412635564804077,,750928.15
323560,,0.0,750930.0
323567,0.39412635564804077,,750942.95
323568,,0.0,750944.8
323578,0.39412635564804077,,750963.3
323579,,0.0,750965.15
323597,0.39413636922836304,,750996.3023255814
323598,,1.0,750998.2558139535
323603,0.3941463828086853,,751008.023255814
323604,,1.0,751009.976744186
323613,0.39415639638900757,,751027.5581395349
323614,,1.0,751029.5116279069
323623,0.39416640996932983,,751047.0930232558
323624,,1.0,751049.0465116279
323641,0.3941764235496521,,751091.9230769231
323642,,1.0,751094.8461538461
323646,0.39418643712997437,,751106.5384615385
323647,,1.0,751109.4615384615
323654,0.39419645071029663,,751129.9230769231
323655,,1.0,751132.8461538461
323664,0.3942064642906189,,751159.1538461539
323665,,1.0,751162.0769230769
323684,0.3942064642906189,,751190.1914893617
323685,,0.0,751191.7659574468
323693,0.3942064642906189,,751204.3617021276
323694,,0.0,751205.9361702128
323704,0.3942064642906189,,751221.6808510638
323705,,0.0,751223.2553191489
323713,0.3942064642906189,,751235.8510638297
323714,,0.0,751237.4255319149
323727,0.3942064642906189,,751257.5714285715
323728,,0.0,751259.4285714285
323735,0.3942064642906189,,751272.4285714285
323736,,0.0,751274.2857142857
323743,0.3942064642906189,,751287.2857142857
323744,,0.0,751289.1428571428
323757,0.3942064642906189,,751313.2857142857
323758,,0.0,751315.1428571428
323770,0.39421647787094116,,751335.45
323771,,1.0,751337.5
323781,0.3942264914512634,,751358.0
323782,,1.0,751360.05
323789,0.3942365050315857,,751374.4
323790,,1.0,751376.45
323799,0.39424651861190796,,751394.9
323800,,1.0,751396.95
323815,0.3942565321922302,,751422.4782608695
323816,,1.0,751424.4347826086
323825,0.3942665457725525,,751442.0434782609
323826,,1.0,751444.0
323838,0.39427655935287476,,751467.4782608695
323839,,1.0,751469.4347826086
323847,0.394286572933197,,751485.0869565217
323848,,1.0,751487.0434782609
323862,0.39430657029151917,,751531.4285714285
323863,,2.0,751535.2857142857
323873,0.3943265676498413,,751573.8571428572
323874,,2.0,751577.7142857143
323884,0.39434656500816345,,751616.2857142857
323885,,2.0,751620.1428571428
323898,0.3943665623664856,,751670.2857142857
323899,,2.0,751674.1428571428
323916,0.39437657594680786,,751702.4255319149
323917,,1.0,751704.1702127659
323927,0.3943865895271301,,751721.6170212766
323928,,1.0,751723.3617021276
323935,0.3943966031074524,,751735.5744680851
323936,,1.0,751737.3191489362
323947,0.39440661668777466,,751756.5106382979
323948,,1.0,751758.2553191489
323962,0.3944166302680969,,751783.023255814
323963,,1.0,751785.1162790698
323975,0.3944266438484192,,751810.2325581395
323976,,1.0,751812.3255813953
323982,0.39443665742874146,,751824.8837209302
323983,,1.0,751826.976744186
323992,0.3944466710090637,,751845.8139534884
323993,,1.0,751847.9069767442
324006,0.3944466710090637,,751869.0243902439
324007,,0.0,751870.9268292683
324015,0.3944466710090637,,751886.1463414634
324016,,0.0,751888.0487804879
324026,0.3944466710090637,,751907.0731707317
324027,,0.0,751908.9756097561
324035,0.3944466710090637,,751924.1951219512
324036,,0.0,751926.0975609756
324051,0.394456684589386,,751949.1304347826
324052,,1.0,751950.8913043478
324062,0.39446669816970825,,751968.5
324063,,1.0,751970.2608695652
324072,0.3944767117500305,,751986.1086956522
324073,,1.0,751987.8695652174
324083,0.3944867253303528,,752005.4782608695
324084,,1.0,752007.2391304348
324095,0.3945067226886749,,752033.1904761905
324096,,2.0,752036.2142857143
324104,0.39452672004699707,,752060.4047619047
324105,,2.0,752063.4285714285
324116,0.3945467174053192,,752096.6904761905
324117,,2.0,752099.7142857143
324127,0.39456671476364136,,752129.9523809524
324128,,2.0,752132.9761904762
324142,0.3945867121219635,,752168.3773584906
324143,,2.0,752171.320754717
324159,0.39460670948028564,,752218.4150943396
324160,,2.0,752221.358490566
324171,0.3946267068386078,,752253.7358490566
324172,,2.0,752256.679245283
324182,0.39464670419692993,,752286.1132075472
324183,,2.0,752289.0566037736
324198,0.3946667015552521,,752331.2432432432
324199,,2.0,752334.5135135135
324207,0.3946866989135742,,752360.6756756756
324208,,2.0,752363.9459459459
324215,0.39470669627189636,,752386.8378378379
324216,,2.0,752390.1081081082
324221,0.3947266936302185,,752406.4594594594
324222,,2.0,752409.7297297297
324239,0.3947266936302185,,752437.6666666666
324240,,0.0,752439.4285714285
324249,0.3947266936302185,,752455.2857142857
324250,,0.0,752457.0476190476
324258,0.3947266936302185,,752471.1428571428
324259,,0.0,752472.9047619047
324265,0.3947266936302185,,752483.4761904762
324266,,0.0,752485.2380952381
324282,0.3947266936302185,,752511.1428571428
324283,,0.0,752513.0
324291,0.3947266936302185,,752527.8571428572
324292,,0.0,752529.7142857143
324297,0.3947266936302185,,752539.0
324298,,0.0,752540.8571428572
324309,0.3947266936302185,,752561.2857142857
324310,,0.0,752563.1428571428
324321,0.39473670721054077,,752581.0
324322,,1.0,752583.0
324328,0.39474672079086304,,752595.0
324329,,1.0,752597.0
324339,0.3947567343711853,,752617.0
324340,,1.0,752619.0
324350,0.39476674795150757,,752639.0
324351,,1.0,752641.0
324365,0.39476674795150757,,752661.088888889
324366,,0.0,752662.7333333333
324375,0.39476674795150757,,752677.5333333333
324376,,0.0,752679.1777777778
324384,0.39476674795150757,,752692.3333333334
324385,,0.0,752693.9777777778
324397,0.39476674795150757,,752713.7111111111
324398,,0.0,752715.3555555556
324415,0.394796758890152,,752742.5294117647
324416,,3.0,752744.3529411765
324426,0.3948267698287964,,752762.5882352941
324427,,3.0,752764.4117647059
324437,0.3948567807674408,,752782.6470588235
324438,,3.0,752784.4705882353
324450,0.3948867917060852,,752806.3529411765
324451,,3.0,752808.1764705882
324465,0.39490678906440735,,752840.1794871795
324466,,2.0,752842.9230769231
324473,0.3949267864227295,,752862.1282051282
324474,,2.0,752864.8717948718
324485,0.39494678378105164,,752895.0512820513
324486,,2.0,752897.7948717949
324491,0.3949667811393738,,752911.5128205129
324492,,2.0,752914.2564102564
324506,0.3949667811393738,,752937.0444444445
324507,,0.0,752938.8666666667
324518,0.3949667811393738,,752958.911111111
324519,,0.0,752960.7333333333
324530,0.3949667811393738,,752980.7777777778
324531,,0.0,752982.6
324538,0.3949667811393738,,752995.3555555556
324539,,0.0,752997.1777777778
324555,0.3949967920780182,,753029.4390243902
324556,,3.0,753031.7804878049
324563,0.3950268030166626,,753048.1707317074
324564,,3.0,753050.512195122
324573,0.395056813955307,,753071.5853658536
324574,,3.0,753073.9268292683
324581,0.3950868248939514,,753090.3170731707
324582,,3.0,753092.6585365854
324597,0.3950868248939514,,753113.8571428572
324598,,0.0,753115.4285714285
324608,0.3950868248939514,,753131.1428571428
324609,,0.0,753132.7142857143
324622,0.3950868248939514,,753153.1428571428
324623,,0.0,753154.7142857143
324632,0.3950868248939514,,753168.8571428572
324633,,0.0,753170.4285714285
324649,0.3951168358325958,,753209.725490196
324650,,3.0,753212.6274509804
324662,0.39514684677124023,,753247.4509803922
324663,,3.0,753250.3529411765
324674,0.39517685770988464,,753282.274509804
324675,,3.0,753285.1764705882
324685,0.39520686864852905,,753314.1960784313
324686,,3.0,753317.0980392157
324701,0.3952168822288513,,753352.0930232558
324702,,1.0,753354.7674418605
324710,0.3952268958091736,,753376.1627906977
324711,,1.0,753378.8372093023
324721,0.39523690938949585,,753405.5813953489
324722,,1.0,753408.2558139535
324730,0.3952469229698181,,753429.6511627907
324731,,1.0,753432.3255813953
324744,0.3952469229698181,,753456.6666666666
324745,,0.0,753458.8333333334
324751,0.3952469229698181,,753471.8333333334
324752,,0.0,753474.0
324760,0.3952469229698181,,753491.3333333334
324761,,0.0,753493.5
324768,0.3952469229698181,,753508.6666666666
324769,,0.0,753510.8333333334
324791,0.3952469229698181,,753540.568627451
324792,,0.0,753542.0196078431
324800,0.3952469229698181,,753553.6274509804
324801,,0.0,753555.0784313725
324810,0.3952469229698181,,753568.1372549019
324811,,0.0,753569.5882352941
324821,0.3952469229698181,,753584.0980392157
324822,,0.0,753585.5490196078
324835,0.39526692032814026,,753612.3846153846
324836,,2.0,753614.9230769231
324845,0.3952869176864624,,753637.7692307692
324846,,2.0,753640.3076923077
324852,0.39530691504478455,,753655.5384615385
324853,,2.0,753658.0769230769
324862,0.3953269124031067,,753680.9230769231
324863,,2.0,753683.4615384615
324879,0.3953269124031067,,753706.9130434783
324880,,0.0,753708.5217391305
324887,0.3953269124031067,,753719.7826086957
324888,,0.0,753721.3913043478
324896,0.3953269124031067,,753734.2608695652
324897,,0.0,753735.8695652174
324910,0.3953269124031067,,753756.7826086957
324911,,0.0,753758.3913043478
324924,0.3953269124031067,,753781.6666666666
324925,,0.0,753783.8333333334
324932,0.3953269124031067,,753799.0
324933,,0.0,753801.1666666666
324941,0.3953269124031067,,753818.5
324942,,0.0,753820.6666666666
324948,0.3953269124031067,,753833.6666666666
324949,,0.0,753835.8333333334
324963,0.3953269124031067,,753855.875
324964,,0.0,753857.5
324973,0.3953269124031067,,753872.125
324974,,0.0,753873.75
324986,0.3953269124031067,,753893.25
324987,,0.0,753894.875
324998,0.3953269124031067,,753912.75
324999,,0.0,753914.375
325020,0.3953269124031067,,753950.3255813953
325021,,0.0,753952.2325581395
325028,0.3953269124031067,,753965.5813953489
325029,,0.0,753967.4883720931
325035,0.3953269124031067,,753978.9302325582
325036,,0.0,753980.8372093023
325043,0.3953269124031067,,753994.1860465116
325044,,0.0,753996.0930232558
325061,0.3953269124031067,,754021.5454545454
325062,,0.0,754023.2272727273
325072,0.3953269124031067,,754040.0454545454
325073,,0.0,754041.7272727273
325079,0.3953269124031067,,754051.8181818182
325080,,0.0,754053.5
325089,0.3953269124031067,,754068.6363636364
325090,,0.0,754070.3181818182
325105,0.3953569233417511,,754114.1463414634
325106,,3.0,754117.6585365854
325110,0.3953869342803955,,754131.7073170731
325111,,3.0,754135.2195121951
325119,0.3954169452190399,,754163.3170731707
325120,,3.0,754166.8292682926
325132,0.3954469561576843,,754208.9756097561
325133,,3.0,754212.487804878
325151,0.3954469561576843,,754239.5714285715
325152,,0.0,754241.1428571428
325162,0.3954469561576843,,754256.8571428572
325163,,0.0,754258.4285714285
325173,0.3954469561576843,,754274.1428571428
325174,,0.0,754275.7142857143
325183,0.3954469561576843,,754289.8571428572
325184,,0.0,754291.4285714285
325192,0.3954469561576843,,754302.2857142857
325193,,0.0,754304.1428571428
325203,0.3954469561576843,,754322.7142857143
325204,,0.0,754324.5714285715
325215,0.3954469561576843,,754345.0
325216,,0.0,754346.8571428572
325227,0.3954469561576843,,754367.2857142857
325228,,0.0,754369.1428571428
325246,0.3954469561576843,,754395.375
325247,,0.0,754397.0
325254,0.3954469561576843,,754408.375
325255,,0.0,754410.0
325264,0.3954469561576843,,754424.625
325265,,0.0,754426.25
325277,0.3954469561576843,,754445.75
325278,,0.0,754447.375
325291,0.39547696709632874,,754469.2380952381
325292,,3.0,754471.2619047619
325303,0.39550697803497314,,754493.5238095238
325304,,3.0,754495.5476190476
325313,0.39553698897361755,,754513.7619047619
325314,,3.0,754515.7857142857
325321,0.39556699991226196,,754529.9523809524
325322,,3.0,754531.9761904762
325332,0.39557701349258423,,754552.0
325333,,1.0,754554.5714285715
325340,0.3955870270729065,,754572.5714285715
325341,,1.0,754575.1428571428
325349,0.39559704065322876,,754595.7142857143
325350,,1.0,754598.2857142857
325358,0.395607054233551,,754618.8571428572
325359,,1.0,754621.4285714285
325378,0.395607054233551,,754646.6909090909
325379,,0.0,754648.1090909091
325389,0.395607054233551,,754662.2909090909
325390,,0.0,754663.7090909091
325401,0.395607054233551,,754679.3090909091
325402,,0.0,754680.7272727273
325415,0.395607054233551,,754699.1636363637
325416,,0.0,754700.5818181818
325429,0.39563706517219543,,754713.9047619047
325430,,3.0,754715.0952380953
325437,0.39566707611083984,,754723.4285714285
325438,,3.0,754724.619047619
325450,0.39569708704948425,,754738.9047619047
325451,,3.0,754740.0952380953
325459,0.39572709798812866,,754749.619047619
325460,,3.0,754750.8095238095
325480,0.39572709798812866,,754781.3636363636
325481,,0.0,754783.0909090909
325490,0.39572709798812866,,754798.6363636364
325491,,0.0,754800.3636363636
325497,0.39572709798812866,,754810.7272727273
325498,,0.0,754812.4545454546
325505,0.39572709798812866,,754824.5454545454
325506,,0.0,754826.2727272727
325519,0.39575710892677307,,754852.25
325520,,3.0,754854.675
325527,0.3957871198654175,,754871.65
325528,,3.0,754874.075
325535,0.3958171308040619,,754891.05
325536,,3.0,754893.475
325547,0.3958471417427063,,754920.15
325548,,3.0,754922.575
325565,0.3958471417427063,,754948.0222222222
325566,,0.0,754949.6666666666
325575,0.3958471417427063,,754964.4666666667
325576,,0.0,754966.1111111111
325584,0.3958471417427063,,754979.2666666667
325585,,0.0,754980.911111111
325594,0.3958471417427063,,754995.7111111111
325595,,0.0,754997.3555555556
325615,0.39585715532302856,,755030.6818181818
325616,,1.0,755032.5454545454
325623,0.39586716890335083,,755045.5909090909
325624,,1.0,755047.4545454546
325632,0.3958771824836731,,755062.3636363636
325633,,1.0,755064.2272727273
325640,0.39588719606399536,,755077.2727272727
325641,,1.0,755079.1363636364
325656,0.39588719606399536,,755103.2
325657,,0.0,755105.05
325664,0.39588719606399536,,755118.0
325665,,0.0,755119.85
325674,0.39588719606399536,,755136.5
325675,,0.0,755138.35
325682,0.39588719606399536,,755151.3
325683,,0.0,755153.15
325696,0.3958972096443176,,755174.3181818182
325697,,1.0,755176.25
325706,0.3959072232246399,,755193.6363636364
325707,,1.0,755195.5681818182
325716,0.39591723680496216,,755212.9545454546
325717,,1.0,755214.8863636364
325728,0.3959272503852844,,755236.1363636364
325729,,1.0,755238.0681818182
325742,0.3959372639656067,,755266.1904761905
325743,,1.0,755268.8095238095
325752,0.39594727754592896,,755292.380952381
325753,,1.0,755295.0
325762,0.3959572911262512,,755318.5714285715
325763,,1.0,755321.1904761905
325772,0.3959673047065735,,755344.7619047619
325773,,1.0,755347.380952381
325787,0.3959673047065735,,755369.9534883721
325788,,0.0,755371.7674418605
325798,0.3959673047065735,,755389.9069767442
325799,,0.0,755391.7209302326
325804,0.3959673047065735,,755400.7906976744
325805,,0.0,755402.6046511628
325817,0.3959673047065735,,755424.3720930233
325818,,0.0,755426.1860465116
325834,0.3959673047065735,,755451.5813953489
325835,,0.0,755453.3953488372
325843,0.3959673047065735,,755467.9069767442
325844,,0.0,755469.7209302326
325853,0.3959673047065735,,755486.0465116279
325854,,0.0,755487.8604651163
325862,0.3959673047065735,,755502.3720930233
325863,,0.0,755504.1860465116
325873,0.3959673047065735,,755517.2291666666
325874,,0.0,755518.8333333334
325886,0.3959673047065735,,755538.0833333334
325887,,0.0,755539.6875
325898,0.3959673047065735,,755557.3333333334
325899,,0.0,755558.9375
325912,0.3959673047065735,,755579.7916666666
325913,,0.0,755581.3958333334
325928,0.3959673047065735,,755605.0909090909
325929,,0.0,755606.9318181818
325939,0.3959673047065735,,755625.3409090909
325940,,0.0,755627.1818181818
325950,0.3959673047065735,,755645.5909090909
325951,,0.0,755647.4318181818
325958,0.3959673047065735,,755660.3181818182
325959,,0.0,755662.1590909091
325974,0.3959673047065735,,755686.2857142857
325975,,0.0,755688.1428571428
325985,0.3959673047065735,,755706.7142857143
325986,,0.0,755708.5714285715
325993,0.3959673047065735,,755721.5714285715
325994,,0.0,755723.4285714285
326002,0.3959673047065735,,755738.2857142857
326003,,0.0,755740.1428571428
326022,0.39597731828689575,,755770.081632653
326023,,1.0,755771.8367346938
326033,0.395987331867218,,755789.387755102
326034,,1.0,755791.1428571428
326043,0.3959973454475403,,755806.9387755102
326044,,1.0,755808.693877551
326053,0.39600735902786255,,755824.4897959183
326054,,1.0,755826.2448979592
326073,0.39600735902786255,,755854.5531914893
326074,,0.0,755856.2127659575
326082,0.39600735902786255,,755869.4893617021
326083,,0.0,755871.1489361703
326093,0.39600735902786255,,755887.7446808511
326094,,0.0,755889.4042553192
326102,0.39600735902786255,,755902.6808510638
326103,,0.0,755904.340425532
326118,0.39600735902786255,,755924.1224489796
326119,,0.0,755925.6326530612
326131,0.39600735902786255,,755943.7551020408
326132,,0.0,755945.2653061225
326142,0.39600735902786255,,755960.3673469388
326143,,0.0,755961.8775510204
326153,0.39600735902786255,,755976.9795918367
326154,,0.0,755978.4897959183
326161,0.39600735902786255,,755988.1052631579
326162,,0.0,755990.1315789474
326172,0.39600735902786255,,756010.3947368421
326173,,0.0,756012.4210526316
326183,0.39600735902786255,,756032.6842105263
326184,,0.0,756034.7105263158
326193,0.39600735902786255,,756052.947368421
326194,,0.0,756054.9736842106
326216,0.3960173726081848,,756088.8813559322
326217,,1.0,756090.5593220339
326230,0.3960273861885071,,756112.3728813559
326231,,1.0,756114.0508474576
326244,0.39603739976882935,,756135.8644067796
326245,,1.0,756137.5423728813
326254,0.3960474133491516,,756152.6440677966
326255,,1.0,756154.3220338983
326270,0.3960574269294739,,756176.4
326271,,1.0,756178.1
326281,0.39606744050979614,,756195.1
326282,,1.0,756196.8
326294,0.3960774540901184,,756217.2
326295,,1.0,756218.9
326306,0.3960874676704407,,756237.6
326307,,1.0,756239.3
326325,0.3960874676704407,,756267.0
326326,,0.0,756268.7333333333
326334,0.3960874676704407,,756282.6
326335,,0.0,756284.3333333334
326342,0.3960874676704407,,756296.4666666667
326343,,0.0,756298.2
326353,0.3960874676704407,,756315.5333333333
326354,,0.0,756317.2666666667
326371,0.3961174786090851,,756377.3333333334
326372,,3.0,756381.5
326378,0.3961474895477295,,756406.5
326379,,3.0,756410.6666666666
326391,0.3961775004863739,,756460.6666666666
326392,,3.0,756464.8333333334
326403,0.3962075114250183,,756510.6666666666
326404,,3.0,756514.8333333334
326413,0.3962175250053406,,756535.1818181818
326414,,1.0,756537.8787878788
326421,0.39622753858566284,,756556.7575757576
326422,,1.0,756559.4545454546
326434,0.3962375521659851,,756591.8181818182
326435,,1.0,756594.5151515151
326438,0.3962475657463074,,756602.6060606061
326439,,1.0,756605.303030303
326462,0.39625757932662964,,756650.3076923077
326463,,1.0,756652.4230769231
326472,0.3962675929069519,,756671.4615384615
326473,,1.0,756673.5769230769
326484,0.39627760648727417,,756696.8461538461
326485,,1.0,756698.9615384615
326492,0.39628762006759644,,756713.7692307692
326493,,1.0,756715.8846153846
326508,0.3962976336479187,,756737.5
326509,,1.0,756739.125
326521,0.39630764722824097,,756758.625
326522,,1.0,756760.25
326533,0.39631766080856323,,756778.125
326534,,1.0,756779.75
326542,0.3963276743888855,,756792.75
326543,,1.0,756794.375
326561,0.3963576853275299,,756859.8297872341
326562,,3.0,756864.085106383
326572,0.3963876962661743,,756906.6382978724
326573,,3.0,756910.8936170213
326584,0.3964177072048187,,756957.7021276596
326585,,3.0,756961.9574468085
326591,0.39644771814346313,,756987.4893617021
326592,,3.0,756991.7446808511
326607,0.3964677155017853,,757026.0
326608,,2.0,757028.5
326617,0.3964877128601074,,757051.0
326618,,2.0,757053.5
326625,0.39650771021842957,,757071.0
326626,,2.0,757073.5
326639,0.3965277075767517,,757106.0
326640,,2.0,757108.5
326657,0.3965277075767517,,757135.2666666667
326658,,0.0,757137.0
326668,0.3965277075767517,,757154.3333333334
326669,,0.0,757156.0666666667
326678,0.3965277075767517,,757171.6666666666
326679,,0.0,757173.4
326686,0.3965277075767517,,757185.5333333333
326687,,0.0,757187.2666666667
326701,0.396537721157074,,757214.3846153846
326702,,1.0,757216.6923076923
326713,0.39654773473739624,,757242.0769230769
326714,,1.0,757244.3846153846
326720,0.3965577483177185,,757258.2307692308
326721,,1.0,757260.5384615385
326727,0.39656776189804077,,757274.3846153846
326728,,1.0,757276.6923076923
326740,0.39656776189804077,,757296.1219512195
326741,,0.0,757298.0243902439
326750,0.39656776189804077,,757315.1463414634
326751,,0.0,757317.0487804879
326761,0.39656776189804077,,757336.0731707317
326762,,0.0,757337.9756097561
326770,0.39656776189804077,,757353.1951219512
326771,,0.0,757355.0975609756
326786,0.39656776189804077,,757376.914893617
326787,,0.0,757378.5744680851
326799,0.39656776189804077,,757398.4893617021
326800,,0.0,757400.1489361703
326811,0.39656776189804077,,757418.4042553192
326812,,0.0,757420.0638297872
326819,0.39656776189804077,,757431.6808510638
326820,,0.0,757433.340425532
326835,0.39656776189804077,,757459.6315789474
326836,,0.0,757461.6842105263
326841,0.39656776189804077,,757471.947368421
326842,,0.0,757474.0
326850,0.39656776189804077,,757490.4210526316
326851,,0.0,757492.4736842106
326859,0.39656776189804077,,757508.8947368421
326860,,0.0,757510.947368421
326873,0.39656776189804077,,757530.8260869565
326874,,0.0,757532.6086956522
326885,0.39656776189804077,,757552.2173913043
326886,,0.0,757554.0
326897,0.39656776189804077,,757573.6086956522
326898,,0.0,757575.3913043478
326907,0.39656776189804077,,757591.4347826086
326908,,0.0,757593.2173913043
326918,0.39656776189804077,,757610.6
326919,,0.0,757612.8285714285
326926,0.39656776189804077,,757628.4285714285
326927,,0.0,757630.6571428571
326938,0.39656776189804077,,757655.1714285715
326939,,0.0,757657.4
326944,0.39656776189804077,,757668.5428571429
326945,,0.0,757670.7714285714
326958,0.39657777547836304,,757693.0
326959,,1.0,757695.0
326967,0.3965877890586853,,757711.0
326968,,1.0,757713.0
326979,0.39659780263900757,,757735.0
326980,,1.0,757737.0
326989,0.39660781621932983,,757755.0
326990,,1.0,757757.0
327005,0.39660781621932983,,757780.1428571428
327006,,0.0,757781.9047619047
327014,0.39660781621932983,,757796.0
327015,,0.0,757797.7619047619
327025,0.39660781621932983,,757815.380952381
327026,,0.0,757817.1428571428
327033,0.39660781621932983,,757829.4761904762
327034,,0.0,757831.2380952381
327043,0.396627813577652,,757851.75
327044,,2.0,757854.875
327050,0.3966478109359741,,757873.625
327051,,2.0,757876.75
327063,0.39666780829429626,,757914.25
327064,,2.0,757917.375
327075,0.3966878056526184,,757951.75
327076,,2.0,757954.875
327089,0.3966878056526184,,757976.5
327090,,0.0,757978.35
327099,0.3966878056526184,,757995.0
327100,,0.0,757996.85
327108,0.3966878056526184,,758011.65
327109,,0.0,758013.5
327117,0.3966878056526184,,758028.3
327118,,0.0,758030.15
327132,0.3966978192329407,,758050.2
327133,,1.0,758051.8545454545
327145,0.39670783281326294,,758071.7090909091
327146,,1.0,758073.3636363636
327157,0.3967178463935852,,758091.5636363636
327158,,1.0,758093.2181818181
327174,0.39672785997390747,,758119.6909090909
327175,,1.0,758121.3454545455
327188,0.39673787355422974,,758149.1904761905
327189,,1.0,758151.8095238095
327196,0.396747887134552,,758170.1428571428
327197,,1.0,758172.7619047619
327210,0.39675790071487427,,758206.8095238095
327211,,1.0,758209.4285714285
327218,0.39676791429519653,,758227.7619047619
327219,,1.0,758230.380952381
327231,0.39676791429519653,,758249.243902439
327232,,0.0,758251.0487804879
327242,0.39676791429519653,,758269.0975609756
327243,,0.0,758270.9024390244
327250,0.39676791429519653,,758283.5365853659
327251,,0.0,758285.3414634146
327261,0.39676791429519653,,758303.3902439025
327262,,0.0,758305.1951219512
327278,0.3967779278755188,,758338.3333333334
327279,,1.0,758340.7435897436
327286,0.39678794145584106,,758357.6153846154
327287,,1.0,758360.0256410256
327295,0.39679795503616333,,758379.3076923077
327296,,1.0,758381.717948718
327302,0.3968079686164856,,758396.1794871795
327303,,1.0,758398.5897435897
327315,0.39681798219680786,,758420.6
327316,,1.0,758422.7777777778
327327,0.3968279957771301,,758446.7333333333
327328,,1.0,758448.911111111
327341,0.3968380093574524,,758477.2222222222
327342,,1.0,758479.4
327349,0.39684802293777466,,758494.6444444444
327350,,1.0,758496.8222222222
327363,0.3968680202960968,,758537.2352941176
327364,,2.0,758541.0588235294
327370,0.39688801765441895,,758564.0
327371,,2.0,758567.8235294118
327378,0.3969080150127411,,758594.5882352941
327379,,2.0,758598.4117647059
327385,0.39692801237106323,,758621.3529411765
327386,,2.0,758625.1764705882
327404,0.39695802330970764,,758674.0
327405,,3.0,758677.0
327412,0.39698803424835205,,758698.0
327413,,3.0,758701.0
327424,0.39701804518699646,,758734.0
327425,,3.0,758737.0
327430,0.39704805612564087,,758752.0
327431,,3.0,758755.0
327446,0.39705806970596313,,758779.3913043478
327447,,1.0,758781.1739130435
327455,0.3970680832862854,,758795.4347826086
327456,,1.0,758797.2173913043
327463,0.39707809686660767,,758809.695652174
327464,,1.0,758811.4782608695
327478,0.39708811044692993,,758836.4347826086
327479,,1.0,758838.2173913043
327494,0.3971081078052521,,758891.0638297872
327495,,2.0,758895.3191489362
327507,0.3971281051635742,,758946.3829787234
327508,,2.0,758950.6382978724
327517,0.39714810252189636,,758988.9361702128
327518,,2.0,758993.1914893617
327527,0.3971680998802185,,759031.4893617021
327528,,2.0,759035.7446808511
327544,0.3971680998802185,,759067.9024390244
327545,,0.0,759070.0487804879
327553,0.3971680998802185,,759087.2195121951
327554,,0.0,759089.3658536585
327559,0.3971680998802185,,759100.0975609756
327560,,0.0,759102.243902439
327570,0.3971680998802185,,759123.7073170731
327571,,0.0,759125.8536585366
327590,0.3971680998802185,,759154.3111111111
327591,,0.0,759155.9555555555
327596,0.3971680998802185,,759164.1777777778
327597,,0.0,759165.8222222222
327608,0.3971680998802185,,759183.911111111
327609,,0.0,759185.5555555555
327617,0.3971680998802185,,759198.7111111111
327618,,0.0,759200.3555555556
327631,0.3971680998802185,,759218.0869565217
327632,,0.0,759219.695652174
327640,0.3971680998802185,,759232.5652173914
327641,,0.0,759234.1739130435
327652,0.3971680998802185,,759251.8695652174
327653,,0.0,759253.4782608695
327665,0.3971680998802185,,759272.7826086957
327666,,0.0,759274.3913043478
327680,0.39717811346054077,,759302.5609756098
327681,,1.0,759304.9756097561
327689,0.39718812704086304,,759324.2926829269
327690,,1.0,759326.7073170731
327698,0.3971981406211853,,759346.0243902439
327699,,1.0,759348.4390243902
327708,0.39720815420150757,,759370.1707317074
327709,,1.0,759372.5853658536
327723,0.397238165140152,,759421.8085106383
327724,,3.0,759426.0638297872
327734,0.3972681760787964,,759468.6170212766
327735,,3.0,759472.8723404255
327746,0.3972981870174408,,759519.6808510638
327747,,3.0,759523.9361702128
327757,0.3973281979560852,,759566.4893617021
327758,,3.0,759570.7446808511
327774,0.3973281979560852,,759598.1463414634
327775,,0.0,759599.9268292683
327784,0.3973281979560852,,759615.9512195121
327785,,0.0,759617.731707317
327793,0.3973281979560852,,759631.9756097561
327794,,0.0,759633.756097561
327800,0.3973281979560852,,759644.4390243902
327801,,0.0,759646.2195121951
327813,0.39733821153640747,,759670.1142857143
327814,,1.0,759672.5714285715
327820,0.39734822511672974,,759687.3142857143
327821,,1.0,759689.7714285714
327829,0.397358238697052,,759709.4285714285
327830,,1.0,759711.8857142857
327837,0.39736825227737427,,759729.0857142857
327838,,1.0,759731.5428571429
327856,0.39737826585769653,,759764.0
327857,,1.0,759766.0
327865,0.3973882794380188,,759782.0
327866,,1.0,759784.0
327875,0.39739829301834106,,759802.0
327876,,1.0,759804.0
327882,0.39740830659866333,,759816.0
327883,,1.0,759818.0
327899,0.39740830659866333,,759843.0454545454
327900,,0.0,759844.8181818182
327904,0.39740830659866333,,759851.9090909091
327905,,0.0,759853.6818181818
327914,0.39740830659866333,,759869.6363636364
327915,,0.0,759871.4090909091
327928,0.39740830659866333,,759894.4545454546
327929,,0.0,759896.2272727273
327945,0.39740830659866333,,759920.0434782609
327946,,0.0,759921.7391304348
327955,0.39740830659866333,,759937.0
327956,,0.0,759938.695652174
327965,0.39740830659866333,,759953.9565217391
327966,,0.0,759955.6521739131
327976,0.39740830659866333,,759972.6086956522
327977,,0.0,759974.304347826
327993,0.39740830659866333,,759999.6888888889
327994,,0.0,760001.5111111111
328005,0.39740830659866333,,760021.5555555555
328006,,0.0,760023.3777777777
328015,0.39740830659866333,,760039.7777777778
328016,,0.0,760041.6
328023,0.39740830659866333,,760054.3555555556
328024,,0.0,760056.1777777778
328041,0.39740830659866333,,760080.75
328042,,0.0,760082.375
328052,0.39740830659866333,,760098.625
328053,,0.0,760100.25
328062,0.39740830659866333,,760114.875
328063,,0.0,760116.5
328073,0.39740830659866333,,760132.75
328074,,0.0,760134.375
328089,0.3974283039569855,,760174.5945945946
328090,,2.0,760177.8108108108
328095,0.3974483013153076,,760193.8918918918
328096,,2.0,760197.1081081082
328104,0.39746829867362976,,760222.8378378379
328105,,2.0,760226.0540540541
328112,0.3974882960319519,,760248.5675675676
328113,,2.0,760251.7837837838
328127,0.3974882960319519,,760278.8333333334
328128,,0.0,760281.0
328137,0.3974882960319519,,760300.5
328138,,0.0,760302.6666666666
328145,0.3974882960319519,,760317.8333333334
328146,,0.0,760320.0
328150,0.3974882960319519,,760328.6666666666
328151,,0.0,760330.8333333334
328167,0.39749830961227417,,760357.4883720931
328168,,1.0,760359.3720930233
328176,0.39750832319259644,,760374.4418604651
328177,,1.0,760376.3255813953
328185,0.3975183367729187,,760391.3953488372
328186,,1.0,760393.2790697674
328195,0.39752835035324097,,760410.2325581395
328196,,1.0,760412.1162790698
328211,0.39752835035324097,,760433.7333333333
328212,,0.0,760435.3777777777
328225,0.39752835035324097,,760456.7555555556
328226,,0.0,760458.4
328232,0.39752835035324097,,760468.2666666667
328233,,0.0,760469.911111111
328242,0.39752835035324097,,760484.7111111111
328243,,0.0,760486.3555555556
328257,0.39753836393356323,,760513.025
328258,,1.0,760515.3
328268,0.3975483775138855,,760538.05
328269,,1.0,760540.325
328276,0.39755839109420776,,760556.25
328277,,1.0,760558.525
328284,0.39756840467453003,,760574.45
328285,,1.0,760576.725
328298,0.3975784182548523,,760597.2222222222
328299,,1.0,760599.0444444445
328307,0.39758843183517456,,760613.6222222223
328308,,1.0,760615.4444444445
328319,0.3975984454154968,,760635.4888888889
328320,,1.0,760637.3111111111
328331,0.3976084589958191,,760657.3555555556
328332,,1.0,760659.1777777778
328351,0.3976084589958191,,760688.7333333333
328352,,0.0,760690.4666666667
328362,0.3976084589958191,,760707.8
328363,,0.0,760709.5333333333
328369,0.3976084589958191,,760719.9333333333
328370,,0.0,760721.6666666666
328378,0.3976084589958191,,760735.5333333333
328379,,0.0,760737.2666666667
328393,0.39762845635414124,,760769.0
328394,,2.0,760771.7272727273
328400,0.3976484537124634,,760788.0909090909
328401,,2.0,760790.8181818182
328406,0.3976684510707855,,760804.4545454546
328407,,2.0,760807.1818181818
328413,0.39768844842910767,,760823.5454545454
328414,,2.0,760826.2727272727
328427,0.39768844842910767,,760849.7692307692
328428,,0.0,760851.8461538461
328438,0.39768844842910767,,760872.6153846154
328439,,0.0,760874.6923076923
328448,0.39768844842910767,,760893.3846153846
328449,,0.0,760895.4615384615
328454,0.39768844842910767,,760905.8461538461
328455,,0.0,760907.9230769231
328473,0.39768844842910767,,760932.5
328474,,0.0,760934.0
328483,0.39768844842910767,,760947.5
328484,,0.0,760949.0
328492,0.39768844842910767,,760961.0
328493,,0.0,760962.5
328508,0.39768844842910767,,760985.0
328509,,0.0,760986.5
328526,0.39768844842910767,,761010.2857142857
328527,,0.0,761011.8775510204
328534,0.39768844842910767,,761023.0204081633
328535,,0.0,761024.612244898
328546,0.39768844842910767,,761042.1224489796
328547,,0.0,761043.7142857143
328559,0.39768844842910767,,761062.8163265307
328560,,0.0,761064.4081632653
328574,0.39768844842910767,,761085.6976744186
328575,,0.0,761087.4883720931
328584,0.39768844842910767,,761103.6046511628
328585,,0.0,761105.3953488372
328592,0.39768844842910767,,761117.9302325582
328593,,0.0,761119.7209302326
328604,0.39768844842910767,,761139.4186046511
328605,,0.0,761141.2093023256
328618,0.3977084457874298,,761171.0
328619,,2.0,761173.8
328628,0.39772844314575195,,761199.0
328629,,2.0,761201.8
328633,0.3977484405040741,,761213.0
328634,,2.0,761215.8
328641,0.39776843786239624,,761235.4
328642,,2.0,761238.2
328656,0.39776843786239624,,761261.9268292683
328657,,0.0,761263.8292682926
328667,0.39776843786239624,,761282.8536585366
328668,,0.0,761284.756097561
328675,0.39776843786239624,,761298.0731707317
328676,,0.0,761299.9756097561
328684,0.39776843786239624,,761315.1951219512
328685,,0.0,761317.0975609756
328703,0.39776843786239624,,761342.4
328704,,0.0,761343.96
328711,0.39776843786239624,,761354.88
328712,,0.0,761356.44
328723,0.39776843786239624,,761373.6
328724,,0.0,761375.16
328736,0.39776843786239624,,761393.88
328737,,0.0,761395.44
328753,0.39776843786239624,,761419.3720930233
328754,,0.0,761421.0930232558
328762,0.39776843786239624,,761434.8604651163
328763,,0.0,761436.5813953489
328773,0.39776843786239624,,761453.7906976744
328774,,0.0,761455.5116279069
328781,0.39776843786239624,,761467.5581395349
328782,,0.0,761469.2790697674
328800,0.39776843786239624,,761497.0
328801,,0.0,761498.7333333333
328808,0.39776843786239624,,761510.8666666667
328809,,0.0,761512.6
328817,0.39776843786239624,,761526.4666666667
328818,,0.0,761528.2
328828,0.39776843786239624,,761545.5333333333
328829,,0.0,761547.2666666667
328848,0.39776843786239624,,761576.914893617
328849,,0.0,761578.659574468
328857,0.39776843786239624,,761592.6170212766
328858,,0.0,761594.3617021276
328867,0.39776843786239624,,761610.0638297872
328868,,0.0,761611.8085106383
328877,0.39776843786239624,,761627.5106382979
328878,,0.0,761629.2553191489
328892,0.3977784514427185,,761654.9743589744
328893,,1.0,761657.1538461539
328900,0.39778846502304077,,761672.4102564103
328901,,1.0,761674.5897435897
328910,0.39779847860336304,,761694.2051282051
328911,,1.0,761696.3846153846
328918,0.3978084921836853,,761711.641025641
328919,,1.0,761713.8205128205
328934,0.3978084921836853,,761740.0
328935,,0.0,761742.0
328944,0.3978084921836853,,761760.0
328945,,0.0,761762.0
328951,0.3978084921836853,,761774.0
328952,,0.0,761776.0
328959,0.3978084921836853,,761790.0
328960,,0.0,761792.0
328972,0.3978084921836853,,761814.0571428571
328973,,0.0,761816.2857142857
328979,0.3978084921836853,,761829.6571428571
328980,,0.0,761831.8857142857
328988,0.3978084921836853,,761849.7142857143
328989,,0.0,761851.9428571429
328996,0.3978084921836853,,761867.5428571429
328997,,0.0,761869.7714285714
329013,0.3978084921836853,,761896.1428571428
329014,,0.0,761898.0
329026,0.3978084921836853,,761920.2857142857
329027,,0.0,761922.1428571428
329033,0.3978084921836853,,761933.2857142857
329034,,0.0,761935.1428571428
329040,0.3978084921836853,,761946.2857142857
329041,,0.0,761948.1428571428
329052,0.39781850576400757,,761973.0243902439
329053,,1.0,761975.9024390244
329059,0.39782851934432983,,761993.1707317074
329060,,1.0,761996.0487804879
329074,0.3978385329246521,,762036.3414634146
329075,,1.0,762039.2195121951
329083,0.39784854650497437,,762062.243902439
329084,,1.0,762065.1219512195
329101,0.39784854650497437,,762089.0
329102,,0.0,762090.5
329113,0.39784854650497437,,762107.0
329114,,0.0,762108.5
329124,0.39784854650497437,,762123.5
329125,,0.0,762125.0
329137,0.39784854650497437,,762143.0
329138,,0.0,762144.5
329154,0.39784854650497437,,762169.1463414634
329155,,0.0,762170.9268292683
329159,0.39784854650497437,,762178.0487804879
329160,,0.0,762179.8292682926
329171,0.39784854650497437,,762199.4146341464
329172,,0.0,762201.1951219512
329180,0.39784854650497437,,762215.4390243902
329181,,0.0,762217.2195121951
329199,0.39784854650497437,,762245.5909090909
329200,,0.0,762247.3636363636
329210,0.39784854650497437,,762265.0909090909
329211,,0.0,762266.8636363636
329217,0.39784854650497437,,762277.5
329218,,0.0,762279.2727272727
329226,0.39784854650497437,,762293.4545454546
329227,,0.0,762295.2272727273
329238,0.39784854650497437,,762311.8571428572
329239,,0.0,762313.7142857143
329251,0.39784854650497437,,762336.0
329252,,0.0,762337.8571428572
329257,0.39784854650497437,,762347.1428571428
329258,,0.0,762349.0
329270,0.39784854650497437,,762371.2857142857
329271,,0.0,762373.1428571428
329283,0.39784854650497437,,762390.8
329284,,0.0,762392.5555555555
329295,0.39784854650497437,,762411.8666666667
329296,,0.0,762413.6222222223
329305,0.39784854650497437,,762429.4222222222
329306,,0.0,762431.1777777778
329317,0.39784854650497437,,762450.4888888889
329318,,0.0,762452.2444444444
329336,0.3978685438632965,,762509.2
329337,,2.0,762512.88
329348,0.39788854122161865,,762553.36
329349,,2.0,762557.04
329356,0.3979085385799408,,762582.8
329357,,2.0,762586.48
329369,0.39792853593826294,,762630.64
329370,,2.0,762634.32
329384,0.39792853593826294,,762657.8536585366
329385,,0.0,762659.6585365854
329395,0.39792853593826294,,762677.7073170731
329396,,0.0,762679.512195122
329404,0.39792853593826294,,762693.9512195121
329405,,0.0,762695.756097561
329412,0.39792853593826294,,762708.3902439025
329413,,0.0,762710.1951219512
329423,0.3979385495185852,,762727.1666666666
329424,,1.0,762729.3333333334
329433,0.39794856309890747,,762748.8333333334
329434,,1.0,762751.0
329444,0.39795857667922974,,762772.6666666666
329445,,1.0,762774.8333333334
329450,0.397968590259552,,762785.6666666666
329451,,1.0,762787.8333333334
329466,0.397968590259552,,762812.8292682926
329467,,0.0,762814.731707317
329474,0.397968590259552,,762828.0487804879
329475,,0.0,762829.9512195121
329485,0.397968590259552,,762848.9756097561
329486,,0.0,762850.8780487805
329493,0.397968590259552,,762864.1951219512
329494,,0.0,762866.0975609756
329508,0.397968590259552,,762891.9411764706
329509,,0.0,762894.1176470588
329514,0.397968590259552,,762905.0
329515,,0.0,762907.1764705882
329522,0.397968590259552,,762922.4117647059
329523,,0.0,762924.5882352941
329529,0.397968590259552,,762937.6470588235
329530,,0.0,762939.8235294118
329539,0.397968590259552,,762952.1739130435
329540,,0.0,762953.8695652174
329551,0.397968590259552,,762972.5217391305
329552,,0.0,762974.2173913043
329564,0.397968590259552,,762994.5652173914
329565,,0.0,762996.2608695652
329577,0.397968590259552,,763016.6086956522
329578,,0.0,763018.304347826
329595,0.397968590259552,,763045.7209302326
329596,,0.0,763047.5581395349
329607,0.397968590259552,,763067.7674418605
329608,,0.0,763069.6046511628
329616,0.397968590259552,,763084.3023255814
329617,,0.0,763086.1395348837
329622,0.397968590259552,,763095.3255813953
329623,,0.0,763097.1627906977
329640,0.397968590259552,,763122.2340425532
329641,,0.0,763123.8936170213
329649,0.397968590259552,,763137.1702127659
329650,,0.0,763138.8297872341
329659,0.397968590259552,,763153.7659574468
329660,,0.0,763155.4255319149
329671,0.397968590259552,,763173.6808510638
329672,,0.0,763175.340425532
329681,0.39798858761787415,,763201.4
329682,,2.0,763205.4666666667
329687,0.3980085849761963,,763225.8
329688,,2.0,763229.8666666667
329693,0.39802858233451843,,763250.2
329694,,2.0,763254.2666666667
329703,0.3980485796928406,,763290.8666666667
329704,,2.0,763294.9333333333
329718,0.39805859327316284,,763324.6666666666
329719,,1.0,763327.0
329729,0.3980686068534851,,763350.3333333334
329730,,1.0,763352.6666666666
329738,0.3980786204338074,,763371.3333333334
329739,,1.0,763373.6666666666
329747,0.39808863401412964,,763392.3333333334
329748,,1.0,763394.6666666666
329762,0.39811864495277405,,763415.6744186047
329763,,3.0,763417.3720930233
329774,0.39814865589141846,,763436.0465116279
329775,,3.0,763437.7441860465
329782,0.39817866683006287,,763449.6279069767
329783,,3.0,763451.3255813953
329792,0.3982086777687073,,763466.6046511628
329793,,3.0,763468.3023255814
329806,0.3982086777687073,,763490.7894736842
329807,,0.0,763492.8684210526
329816,0.3982086777687073,,763511.5789473684
329817,,0.0,763513.6578947369
329822,0.3982086777687073,,763524.052631579
329823,,0.0,763526.1315789474
329832,0.3982086777687073,,763544.8421052631
329833,,0.0,763546.9210526316
329848,0.3982086777687073,,763570.7674418605
329849,,0.0,763572.5813953489
329858,0.3982086777687073,,763588.9069767442
329859,,0.0,763590.7209302326
329869,0.3982086777687073,,763608.8604651163
329870,,0.0,763610.6744186047
329877,0.3982086777687073,,763623.3720930233
329878,,0.0,763625.1860465116
329890,0.3982086777687073,,763649.1142857143
329891,,0.0,763651.5714285715
329898,0.3982086777687073,,763668.7714285714
329899,,0.0,763671.2285714286
329907,0.3982086777687073,,763690.8857142857
329908,,0.0,763693.3428571429
329914,0.3982086777687073,,763708.0857142857
329915,,0.0,763710.5428571429
329933,0.3982086777687073,,763736.8775510204
329934,,0.0,763738.4693877551
329944,0.3982086777687073,,763754.387755102
329945,,0.0,763755.9795918367
329955,0.3982086777687073,,763771.8979591837
329956,,0.0,763773.4897959183
329965,0.3982086777687073,,763787.8163265307
329966,,0.0,763789.4081632653
329982,0.3982086777687073,,763812.5744680851
329983,,0.0,763814.2340425532
329994,0.3982086777687073,,763832.4893617021
329995,,0.0,763834.1489361703
330006,0.3982086777687073,,763852.4042553192
330007,,0.0,763854.0638297872
330014,0.3982086777687073,,763865.6808510638
330015,,0.0,763867.340425532
330025,0.39821869134902954,,763886.3333333334
330026,,1.0,763888.8095238095
330039,0.3982287049293518,,763921.0
330040,,1.0,763923.4761904762
330051,0.3982387185096741,,763950.7142857143
330052,,1.0,763953.1904761905
330058,0.39824873208999634,,763968.0476190476
330059,,1.0,763970.5238095238
330072,0.3982587456703186,,763993.0
330073,,1.0,763995.0
330080,0.39826875925064087,,764009.0
330081,,1.0,764011.0
330092,0.39827877283096313,,764033.0
330093,,1.0,764035.0
330103,0.3982887864112854,,764055.0
330104,,1.0,764057.0
330119,0.39830878376960754,,764090.3846153846
330120,,2.0,764093.0
330126,0.3983287811279297,,764108.6923076923
330127,,2.0,764111.3076923077
330135,0.39834877848625183,,764132.2307692308
330136,,2.0,764134.8461538461
330144,0.398368775844574,,764155.7692307692
330145,,2.0,764158.3846153846
330160,0.398368775844574,,764183.8837209302
330161,,0.0,764185.7906976744
330171,0.398368775844574,,764204.8604651163
330172,,0.0,764206.7674418605
330177,0.398368775844574,,764216.3023255814
330178,,0.0,764218.2093023256
330189,0.398368775844574,,764239.1860465116
330190,,0.0,764241.0930232558
330204,0.398368775844574,,764259.1071428572
330205,,0.0,764260.5714285715
330217,0.398368775844574,,764278.1428571428
330218,,0.0,764279.6071428572
330230,0.398368775844574,,764297.1785714285
330231,,0.0,764298.6428571428
330247,0.398368775844574,,764322.0714285715
330248,,0.0,764323.5357142857
330258,0.39837878942489624,,764342.2558139535
330259,,1.0,764344.7209302326
330272,0.3983888030052185,,764376.7674418605
330273,,1.0,764379.2325581395
330283,0.39839881658554077,,764403.8837209302
330284,,1.0,764406.3488372093
330292,0.39840883016586304,,764426.0697674418
330293,,1.0,764428.5348837209
330314,0.39840883016586304,,764463.8235294118
330315,,0.0,764465.6470588235
330327,0.39840883016586304,,764487.5294117647
330328,,0.0,764489.3529411765
330336,0.39840883016586304,,764503.9411764706
330337,,0.0,764505.7647058824
330345,0.39840883016586304,,764520.3529411765
330346,,0.0,764522.1764705882
330362,0.39840883016586304,,764547.0454545454
330363,,0.0,764548.8181818182
330372,0.39840883016586304,,764564.7727272727
330373,,0.0,764566.5454545454
330384,0.39840883016586304,,764586.0454545454
330385,,0.0,764587.8181818182
330391,0.39840883016586304,,764598.4545454546
330392,,0.0,764600.2272727273
330401,0.39840883016586304,,764615.7647058824
330402,,0.0,764618.0588235294
330406,0.39840883016586304,,764627.2352941176
330407,,0.0,764629.5294117647
330419,0.39840883016586304,,764657.0588235294
330420,,0.0,764659.3529411765
330427,0.39840883016586304,,764675.4117647059
330428,,0.0,764677.7058823529
330437,0.39840883016586304,,764693.4545454546
330438,,0.0,764695.696969697
330446,0.39840883016586304,,764713.6363636364
330447,,0.0,764715.8787878788
330456,0.39840883016586304,,764736.0606060605
330457,,0.0,764738.303030303
330462,0.39840883016586304,,764749.5151515151
330463,,0.0,764751.7575757576
330478,0.39840883016586304,,764776.2857142857
330479,,0.0,764778.1428571428
330485,0.39840883016586304,,764789.2857142857
330486,,0.0,764791.1428571428
330495,0.39840883016586304,,764807.8571428572
330496,,0.0,764809.7142857143
330506,0.39840883016586304,,764828.2857142857
330507,,0.0,764830.1428571428
330520,0.3984188437461853,,764847.4716981133
330521,,1.0,764849.0188679246
330536,0.39842885732650757,,764872.2264150943
330537,,1.0,764873.7735849057
330550,0.39843887090682983,,764893.8867924528
330551,,1.0,764895.4339622641
330561,0.3984488844871521,,764910.9056603773
330562,,1.0,764912.4528301887
330575,0.3984488844871521,,764932.3333333334
330576,,0.0,764934.1666666666
330586,0.3984488844871521,,764952.5
330587,,0.0,764954.3333333334
330596,0.3984488844871521,,764970.8333333334
330597,,0.0,764972.6666666666
330605,0.3984488844871521,,764987.3333333334
330606,,0.0,764989.1666666666
330621,0.3984488844871521,,765014.3684210526
330622,,0.0,765016.3157894737
330630,0.3984488844871521,,765031.8947368421
330631,,0.0,765033.8421052631
330636,0.3984488844871521,,765043.5789473684
330637,,0.0,765045.5263157894
330645,0.3984488844871521,,765061.1052631579
330646,,0.0,765063.052631579
330662,0.3984488844871521,,765088.8837209302
330663,,0.0,765090.7209302326
330672,0.3984488844871521,,765107.2558139535
330673,,0.0,765109.0930232558
330682,0.3984488844871521,,765125.6279069767
330683,,0.0,765127.4651162791
330690,0.3984488844871521,,765140.3255813953
330691,,0.0,765142.1627906977
330702,0.3984488844871521,,765157.7674418605
330703,,0.0,765159.4883720931
330716,0.3984488844871521,,765181.8604651163
330717,,0.0,765183.5813953489
330727,0.3984488844871521,,765200.7906976744
330728,,0.0,765202.5116279069
330735,0.3984488844871521,,765214.5581395349
330736,,0.0,765216.2790697674
330749,0.39845889806747437,,765246.3333333334
330750,,1.0,765249.1666666666
330755,0.39846891164779663,,765263.3333333334
330756,,1.0,765266.1666666666
330763,0.3984789252281189,,765286.0
330764,,1.0,765288.8333333334
330773,0.39848893880844116,,765314.3333333334
330774,,1.0,765317.1666666666
330791,0.39848893880844116,,765342.0425531915
330792,,0.0,765343.6170212766
330799,0.39848893880844116,,765354.6382978724
330800,,0.0,765356.2127659575
330812,0.39848893880844116,,765375.1063829787
330813,,0.0,765376.6808510638
330822,0.39848893880844116,,765390.8510638297
330823,,0.0,765392.4255319149
330835,0.39848893880844116,,765410.3255813953
330836,,0.0,765412.1395348837
330846,0.39848893880844116,,765430.2790697674
330847,,0.0,765432.0930232558
330857,0.39848893880844116,,765450.2325581395
330858,,0.0,765452.0465116279
330867,0.39848893880844116,,765468.3720930233
330868,,0.0,765470.1860465116
330882,0.3984989523887634,,765496.8085106383
330883,,1.0,765499.0638297872
330895,0.3985089659690857,,765526.1276595745
330896,,1.0,765528.3829787234
330903,0.39851897954940796,,765544.1702127659
330904,,1.0,765546.4255319149
330916,0.3985289931297302,,765573.4893617021
330917,,1.0,765575.7446808511
330932,0.3985390067100525,,765603.304347826
330933,,1.0,765605.4130434783
330940,0.39854902029037476,,765620.1739130435
330941,,1.0,765622.2826086957
330956,0.398559033870697,,765653.9130434783
330957,,1.0,765656.0217391305
330964,0.3985690474510193,,765670.7826086957
330965,,1.0,765672.8913043478
330978,0.3985690474510193,,765691.4583333334
330979,,0.0,765693.1041666666
330991,0.3985690474510193,,765712.8541666666
330992,,0.0,765714.5
331003,0.3985690474510193,,765732.6041666666
331004,,0.0,765734.25
331014,0.3985690474510193,,765750.7083333334
331015,,0.0,765752.3541666666
331031,0.3985990583896637,,765811.7777777778
331032,,3.0,765816.2222222222
331037,0.3986290693283081,,765838.4444444445
331038,,3.0,765842.8888888889
331050,0.3986590802669525,,765896.2222222222
331051,,3.0,765900.6666666666
331061,0.3986890912055969,,765945.1111111111
331062,,3.0,765949.5555555555
331077,0.3986890912055969,,765978.0
331078,,0.0,765980.0
331086,0.3986890912055969,,765996.0
331087,,0.0,765998.0
331092,0.3986890912055969,,766008.0
331093,,0.0,766010.0
331100,0.3986890912055969,,766024.0
331101,,0.0,766026.0
331116,0.3986991047859192,,766053.6153846154
331117,,1.0,766055.75
331131,0.39870911836624146,,766085.6346153846
331132,,1.0,766087.7692307692
331142,0.3987191319465637,,766109.1153846154
331143,,1.0,766111.25
331154,0.398729145526886,,766134.7307692308
331155,,1.0,766136.8653846154
331169,0.398729145526886,,766159.8717948718
331170,,0.0,766161.7692307692
331176,0.398729145526886,,766173.1538461539
331177,,0.0,766175.0512820513
331188,0.398729145526886,,766195.9230769231
331189,,0.0,766197.8205128205
331195,0.398729145526886,,766209.2051282051
331196,,0.0,766211.1025641026
331213,0.398729145526886,,766234.1372549019
331214,,0.0,766235.6470588235
331224,0.398729145526886,,766250.7450980392
331225,,0.0,766252.2549019608
331241,0.398729145526886,,766276.4117647059
331242,,0.0,766277.9215686275
331248,0.398729145526886,,766286.9803921569
331249,,0.0,766288.4901960784
331262,0.39873915910720825,,766316.1111111111
331263,,1.0,766318.7222222222
331273,0.3987491726875305,,766344.8333333334
331274,,1.0,766347.4444444445
331279,0.3987591862678528,,766360.5
331280,,1.0,766363.1111111111
331286,0.39876919984817505,,766378.7777777778
331287,,1.0,766381.3888888889
331300,0.3987792134284973,,766405.3636363636
331301,,1.0,766407.5
331313,0.3987892270088196,,766433.1363636364
331314,,1.0,766435.2727272727
331324,0.39879924058914185,,766456.6363636364
331325,,1.0,766458.7727272727
331332,0.3988092541694641,,766473.7272727273
331333,,1.0,766475.8636363636
331343,0.3988192677497864,,766492.717948718
331344,,1.0,766494.8205128205
331351,0.39882928133010864,,766509.5384615385
331352,,1.0,766511.641025641
331360,0.3988392949104309,,766528.4615384615
331361,,1.0,766530.5641025641
331373,0.3988493084907532,,766555.7948717949
331374,,1.0,766557.8974358974
331391,0.3988793194293976,,766592.925925926
331392,,3.0,766595.2777777778
331406,0.398909330368042,,766628.2037037037
331407,,3.0,766630.5555555555
331419,0.3989393413066864,,766658.7777777778
331420,,3.0,766661.1296296297
331429,0.3989693522453308,,766682.2962962963
331430,,3.0,766684.6481481482
331441,0.3989793658256531,,766707.3243243244
331442,,1.0,766709.8648648649
331450,0.39898937940597534,,766730.1891891892
331451,,1.0,766732.7297297297
331459,0.3989993929862976,,766753.0540540541
331460,,1.0,766755.5945945946
331468,0.3990094065666199,,766775.9189189189
331469,,1.0,766778.4594594594
331485,0.39901942014694214,,766813.1904761905
331486,,1.0,766815.6666666666
331491,0.3990294337272644,,766828.0476190476
331492,,1.0,766830.5238095238
331500,0.39903944730758667,,766850.3333333334
331501,,1.0,766852.8095238095
331512,0.39904946088790894,,766880.0476190476
331513,,1.0,766882.5238095238
331533,0.39904946088790894,,766909.6666666666
331534,,0.0,766911.1176470588
331546,0.39904946088790894,,766928.5294117647
331547,,0.0,766929.9803921569
331557,0.39904946088790894,,766944.4901960784
331558,,0.0,766945.9411764706
331565,0.39904946088790894,,766956.0980392157
331566,,0.0,766957.5490196078
331585,0.39904946088790894,,766985.7826086957
331586,,0.0,766987.4565217391
331595,0.39904946088790894,,767002.5217391305
331596,,0.0,767004.195652174
331604,0.39904946088790894,,767017.5869565217
331605,,0.0,767019.2608695652
331613,0.39904946088790894,,767032.6521739131
331614,,0.0,767034.3260869565
331626,0.39904946088790894,,767055.5
331627,,0.0,767057.6666666666
331633,0.39904946088790894,,767070.6666666666
331634,,0.0,767072.8333333334
331645,0.39904946088790894,,767096.6666666666
331646,,0.0,767098.8333333334
331651,0.39904946088790894,,767109.6666666666
331652,,0.0,767111.8333333334
331668,0.39904946088790894,,767137.5813953489
331669,,0.0,767139.3953488372
331679,0.39904946088790894,,767157.5348837209
331680,,0.0,767159.3488372093
331688,0.39904946088790894,,767173.8604651163
331689,,0.0,767175.6744186047
331696,0.39904946088790894,,767188.3720930233
331697,,0.0,767190.1860465116
331710,0.39904946088790894,,767210.9743589744
331711,,0.0,767212.8717948718
331719,0.39904946088790894,,767228.0512820513
331720,,0.0,767229.9487179487
331727,0.39904946088790894,,767243.2307692308
331728,,0.0,767245.1282051282
331737,0.39904946088790894,,767262.2051282051
331738,,0.0,767264.1025641026
331752,0.39907947182655334,,767317.5952380953
331753,,3.0,767322.2857142857
331766,0.39910948276519775,,767383.2619047619
331767,,3.0,767387.9523809524
331775,0.39913949370384216,,767425.4761904762
331776,,3.0,767430.1666666666
331781,0.3991695046424866,,767453.619047619
331782,,3.0,767458.3095238095
331797,0.39917951822280884,,767492.5813953489
331798,,1.0,767495.0465116279
331808,0.3991895318031311,,767519.6976744186
331809,,1.0,767522.1627906977
331818,0.39919954538345337,,767544.3488372093
331819,,1.0,767546.8139534884
331826,0.39920955896377563,,767564.0697674418
331827,,1.0,767566.5348837209
331847,0.39920955896377563,,767593.6666666666
331848,,0.0,767595.1176470588
331858,0.39920955896377563,,767609.6274509804
331859,,0.0,767611.0784313725
331871,0.39920955896377563,,767628.4901960784
331872,,0.0,767629.9411764706
331879,0.39920955896377563,,767640.0980392157
331880,,0.0,767641.5490196078
331902,0.39920955896377563,,767669.1698113207
331903,,0.0,767670.5471698113
331912,0.39920955896377563,,767682.9433962264
331913,,0.0,767684.320754717
331921,0.39920955896377563,,767695.3396226416
331922,,0.0,767696.716981132
331934,0.39920955896377563,,767713.2452830189
331935,,0.0,767714.6226415094
331950,0.3992195725440979,,767744.2666666667
331951,,1.0,767746.6222222223
331960,0.39922958612442017,,767767.8222222222
331961,,1.0,767770.1777777778
331971,0.39923959970474243,,767793.7333333333
331972,,1.0,767796.088888889
331981,0.3992496132850647,,767817.2888888889
331982,,1.0,767819.6444444444
331998,0.3992496132850647,,767843.9375
331999,,0.0,767845.625
332009,0.3992496132850647,,767862.5
332010,,0.0,767864.1875
332019,0.3992496132850647,,767879.375
332020,,0.0,767881.0625
332031,0.3992496132850647,,767899.625
332032,,0.0,767901.3125
332044,0.3992496132850647,,767919.7142857143
332045,,0.0,767921.5714285715
332055,0.3992496132850647,,767940.1428571428
332056,,0.0,767942.0
332064,0.3992496132850647,,767956.8571428572
332065,,0.0,767958.7142857143
332075,0.3992496132850647,,767977.2857142857
332076,,0.0,767979.1428571428
332095,0.3992496132850647,,768007.0
332096,,0.0,768008.625
332104,0.3992496132850647,,768021.625
332105,,0.0,768023.25
332116,0.3992496132850647,,768041.125
332117,,0.0,768042.75
332125,0.3992496132850647,,768055.75
332126,,0.0,768057.375
332142,0.39925962686538696,,768089.5348837209
332143,,1.0,768091.8837209302
332151,0.39926964044570923,,768110.6744186047
332152,,1.0,768113.023255814
332161,0.3992796540260315,,768134.1627906977
332162,,1.0,768136.5116279069
332170,0.39928966760635376,,768155.3023255814
332171,,1.0,768157.6511627907
332188,0.39928966760635376,,768183.4285714285
332189,,0.0,768185.1020408163
332199,0.39928966760635376,,768201.8367346938
332200,,0.0,768203.5102040817
332210,0.39928966760635376,,768220.2448979592
332211,,0.0,768221.918367347
332221,0.39928966760635376,,768238.6530612245
332222,,0.0,768240.3265306122
332237,0.3993096649646759,,768273.8
332238,,2.0,768276.45
332247,0.39932966232299805,,768300.3
332248,,2.0,768302.95
332254,0.3993496596813202,,768318.85
332255,,2.0,768321.5
332263,0.39936965703964233,,768342.7
332264,,2.0,768345.35
332283,0.3993896543979645,,768382.2857142857
332284,,2.0,768384.4285714285
332292,0.3994096517562866,,768401.5714285715
332293,,2.0,768403.7142857143
332304,0.39942964911460876,,768427.2857142857
332305,,2.0,768429.4285714285
332314,0.3994496464729309,,768448.7142857143
332315,,2.0,768450.8571428572
332335,0.3994496464729309,,768479.4042553192
332336,,0.0,768480.9574468085
332342,0.3994496464729309,,768490.2765957447
332343,,0.0,768491.8297872341
332354,0.3994496464729309,,768508.914893617
332355,,0.0,768510.4680851063
332363,0.3994496464729309,,768522.8936170213
332364,,0.0,768524.4468085107
332378,0.3994496464729309,,768548.5789473684
332379,,0.0,768550.6315789474
332385,0.3994496464729309,,768562.947368421
332386,,0.0,768565.0
332396,0.3994496464729309,,768585.5263157894
332397,,0.0,768587.5789473684
332403,0.3994496464729309,,768599.8947368421
332404,,0.0,768601.947368421
332422,0.3994496464729309,,768632.5365853659
332423,,0.0,768634.4390243902
332430,0.3994496464729309,,768647.756097561
332431,,0.0,768649.6585365854
332437,0.3994496464729309,,768661.0731707317
332438,,0.0,768662.9756097561
332446,0.3994496464729309,,768678.1951219512
332447,,0.0,768680.0975609756
332461,0.3994596600532532,,768706.880952381
332462,,1.0,768709.1428571428
332474,0.39946967363357544,,768736.2857142857
332475,,1.0,768738.5476190476
332481,0.3994796872138977,,768752.119047619
332482,,1.0,768754.380952381
332490,0.39948970079421997,,768772.4761904762
332491,,1.0,768774.7380952381
332504,0.39948970079421997,,768796.0243902439
332505,,0.0,768797.9268292683
332517,0.39948970079421997,,768820.756097561
332518,,0.0,768822.6585365854
332522,0.39948970079421997,,768830.268292683
332523,,0.0,768832.1707317074
332533,0.39948970079421997,,768851.1951219512
332534,,0.0,768853.0975609756
332546,0.39949971437454224,,768874.4210526316
332547,,1.0,768876.5789473684
332552,0.3995097279548645,,768887.3684210526
332553,,1.0,768889.5263157894
332563,0.39951974153518677,,768911.1052631579
332564,,1.0,768913.2631578947
332573,0.39952975511550903,,768932.6842105263
332574,,1.0,768934.8421052631
332592,0.39952975511550903,,768960.2978723404
332593,,0.0,768961.8510638297
332602,0.39952975511550903,,768975.8297872341
332603,,0.0,768977.3829787234
332609,0.39952975511550903,,768986.7021276596
332610,,0.0,768988.2553191489
332622,0.39952975511550903,,769006.8936170213
332623,,0.0,769008.4468085107
332638,0.39952975511550903,,769027.4117647059
332639,,0.0,769028.8627450981
332654,0.39952975511550903,,769050.6274509804
332655,,0.0,769052.0784313725
332663,0.39952975511550903,,769063.6862745098
332664,,0.0,769065.1372549019
332675,0.39952975511550903,,769081.0980392157
332676,,0.0,769082.5490196078
332691,0.39955976605415344,,769116.7272727273
332692,,3.0,769119.4545454546
332701,0.39958977699279785,,769144.0
332702,,3.0,769146.7272727273
332712,0.39961978793144226,,769174.0
332713,,3.0,769176.7272727273
332721,0.39964979887008667,,769198.5454545454
332722,,3.0,769201.2727272727
332731,0.39964979887008667,,769216.6153846154
332732,,0.0,769218.717948718
332741,0.39964979887008667,,769237.641025641
332742,,0.0,769239.7435897436
332752,0.39964979887008667,,769260.7692307692
332753,,0.0,769262.8717948718
332762,0.39964979887008667,,769281.7948717949
332763,,0.0,769283.8974358974
332777,0.39965981245040894,,769309.9555555555
332778,,1.0,769312.1333333333
332787,0.3996698260307312,,769331.7333333333
332788,,1.0,769333.911111111
332803,0.39967983961105347,,769366.5777777778
332804,,1.0,769368.7555555556
332809,0.39968985319137573,,769379.6444444444
332810,,1.0,769381.8222222222
332821,0.399699866771698,,769406.0
332822,,1.0,769408.75
332830,0.39970988035202026,,769430.75
332831,,1.0,769433.5
332840,0.39971989393234253,,769458.25
332841,,1.0,769461.0
332851,0.3997299075126648,,769488.5
332852,,1.0,769491.25
332862,0.3997299075126648,,769508.7567567568
332863,,0.0,769510.8648648649
332870,0.3997299075126648,,769525.6216216217
332871,,0.0,769527.7297297297
332880,0.3997299075126648,,769546.7027027027
332881,,0.0,769548.8108108108
332890,0.3997299075126648,,769567.7837837838
332891,,0.0,769569.8918918918
332904,0.3997299075126648,,769588.2222222222
332905,,0.0,769589.8444444444
332916,0.3997299075126648,,769607.6888888889
332917,,0.0,769609.3111111111
332928,0.3997299075126648,,769627.1555555556
332929,,0.0,769628.7777777778
332937,0.3997299075126648,,769641.7555555556
332938,,0.0,769643.3777777777
332960,0.3997299075126648,,769673.8518518518
332961,,0.0,769675.3703703703
332972,0.3997299075126648,,769692.074074074
332973,,0.0,769693.5925925926
332981,0.3997299075126648,,769705.7407407408
332982,,0.0,769707.2592592592
332993,0.3997299075126648,,769723.9629629629
332994,,0.0,769725.4814814815
333005,0.3997299075126648,,769739.3773584906
333006,,0.0,769740.9245283019
333017,0.3997299075126648,,769757.9433962264
333018,,0.0,769759.4905660377
333036,0.3997299075126648,,769787.3396226416
333037,,0.0,769788.8867924528
333048,0.3997299075126648,,769805.9056603773
333049,,0.0,769807.4528301887
333069,0.39974990487098694,,769845.6842105263
333070,,2.0,769847.8421052631
333082,0.3997699022293091,,769873.7368421053
333083,,2.0,769875.8947368421
333096,0.3997898995876312,,769903.947368421
333097,,2.0,769906.1052631579
333107,0.39980989694595337,,769927.6842105263
333108,,2.0,769929.8421052631
333127,0.39981991052627563,,769963.3333333334
333128,,1.0,769965.2916666666
333140,0.3998299241065979,,769988.7916666666
333141,,1.0,769990.75
333150,0.39983993768692017,,770008.375
333151,,1.0,770010.3333333334
333157,0.39984995126724243,,770022.0833333334
333158,,1.0,770024.0416666666
333168,0.39987996220588684,,770035.6923076923
333169,,3.0,770037.0769230769
333176,0.39990997314453125,,770046.7692307692
333177,,3.0,770048.1538461539
333187,0.39993998408317566,,770062.0
333188,,3.0,770063.3846153846
333198,0.39996999502182007,,770077.2307692308
333199,,3.0,770078.6153846154
333214,0.39998000860214233,,770101.3913043478
333215,,1.0,770103.1739130435
333226,0.3999900221824646,,770122.7826086957
333227,,1.0,770124.5652173914
333232,0.40000003576278687,,770133.4782608695
333233,,1.0,770135.2608695652
333246,0.40001004934310913,,770158.4347826086
333247,,1.0,770160.2173913043
333261,0.4000200629234314,,770186.5208333334
333262,,1.0,770188.75
333271,0.40003007650375366,,770208.8125
333272,,1.0,770211.0416666666
333283,0.4000400900840759,,770235.5625
333284,,1.0,770237.7916666666
333296,0.4000501036643982,,770264.5416666666
333297,,1.0,770266.7708333334
333315,0.40006011724472046,,770297.6046511628
333316,,1.0,770299.5116279069
333323,0.4000701308250427,,770312.8604651163
333324,,1.0,770314.7674418605
333335,0.400080144405365,,770335.7441860465
333336,,1.0,770337.6511627907
333341,0.40009015798568726,,770347.1860465116
333342,,1.0,770349.0930232558
333357,0.40009015798568726,,770369.1224489796
333358,,0.0,770370.6326530612
333369,0.40009015798568726,,770387.2448979592
333370,,0.0,770388.7551020408
333379,0.40009015798568726,,770402.3469387755
333380,,0.0,770403.8571428572
333392,0.40009015798568726,,770421.9795918367
333393,,0.0,770423.4897959183
333409,0.40009015798568726,,770444.5
333410,,0.0,770446.0
333419,0.40009015798568726,,770459.5
333420,,0.0,770461.0
333433,0.40009015798568726,,770480.5
333434,,0.0,770482.0
333446,0.40009015798568726,,770500.0
333447,,0.0,770501.5
333469,0.4001001715660095,,770532.9615384615
333470,,1.0,770534.5384615385
333478,0.4001101851463318,,770547.1538461539
333479,,1.0,770548.7307692308
333489,0.40012019872665405,,770564.5
333490,,1.0,770566.0769230769
333500,0.4001302123069763,,770581.8461538461
333501,,1.0,770583.4230769231
333512,0.4001402258872986,,770605.3076923077
333513,,1.0,770607.8461538461
333525,0.40015023946762085,,770638.3076923077
333526,,1.0,770640.8461538461
333536,0.4001602530479431,,770666.2307692308
333537,,1.0,770668.7692307692
333541,0.4001702666282654,,770678.9230769231
333542,,1.0,770681.4615384615
333557,0.40018028020858765,,770710.8571428572
333558,,1.0,770713.0952380953
333565,0.4001902937889099,,770728.7619047619
333566,,1.0,770731.0
333574,0.4002003073692322,,770748.9047619047
333575,,1.0,770751.1428571428
333585,0.40021032094955444,,770773.5238095238
333586,,1.0,770775.7619047619
333602,0.4002203345298767,,770801.6888888889
333603,,1.0,770803.5111111111
333615,0.400230348110199,,770825.3777777777
333616,,1.0,770827.2
333623,0.40024036169052124,,770839.9555555555
333624,,1.0,770841.7777777778
333632,0.4002503752708435,,770856.3555555556
333633,,1.0,770858.1777777778
333648,0.40027037262916565,,770895.0
333649,,2.0,770897.9166666666
333658,0.4002903699874878,,770924.1666666666
333659,,2.0,770927.0833333334
333671,0.40031036734580994,,770962.0833333334
333672,,2.0,770965.0
333682,0.4003303647041321,,770994.1666666666
333683,,2.0,770997.0833333334
333695,0.40034037828445435,,771024.4615384615
333696,,1.0,771027.1794871795
333704,0.4003503918647766,,771048.9230769231
333705,,1.0,771051.641025641
333714,0.4003604054450989,,771076.1025641026
333715,,1.0,771078.8205128205
333723,0.40037041902542114,,771100.5641025641
333724,,1.0,771103.282051282
333734,0.4003804326057434,,771124.052631579
333735,,1.0,771126.6315789474
333744,0.4003904461860657,,771149.8421052631
333745,,1.0,771152.4210526316
333750,0.40040045976638794,,771165.3157894737
333751,,1.0,771167.8947368421
333763,0.4004104733467102,,771198.8421052631
333764,,1.0,771201.4210526316
333784,0.40042048692703247,,771235.875
333785,,1.0,771237.75
333797,0.40043050050735474,,771260.25
333798,,1.0,771262.125
333805,0.400440514087677,,771275.25
333806,,1.0,771277.125
333813,0.40045052766799927,,771290.25
333814,,1.0,771292.125
333825,0.40046054124832153,,771311.2
333826,,1.0,771313.35
333836,0.4004705548286438,,771334.85
333837,,1.0,771337.0
333847,0.40048056840896606,,771358.5
333848,,1.0,771360.65
333855,0.40049058198928833,,771375.7
333856,,1.0,771377.85
333871,0.4005005955696106,,771402.8292682926
333872,,1.0,771404.731707317
333880,0.40051060914993286,,771419.9512195121
333881,,1.0,771421.8536585366
333886,0.4005206227302551,,771431.3658536585
333887,,1.0,771433.268292683
333898,0.4005306363105774,,771454.1951219512
333899,,1.0,771456.0975609756
333913,0.40054064989089966,,771479.56
333914,,1.0,771481.52
333926,0.4005506634712219,,771505.04
333927,,1.0,771507.0
333939,0.4005606770515442,,771530.52
333940,,1.0,771532.48
333950,0.40057069063186646,,771552.08
333951,,1.0,771554.04
333964,0.40060070157051086,,771590.6153846154
333965,,3.0,771594.0769230769
333970,0.4006307125091553,,771611.3846153846
333971,,3.0,771614.8461538461
333979,0.4006607234477997,,771642.5384615385
333980,,3.0,771646.0
333991,0.4006907343864441,,771684.0769230769
333992,,3.0,771687.5384615385
334016,0.4006907343864441,,771725.44
334017,,0.0,771727.08
334022,0.4006907343864441,,771735.28
334023,,0.0,771736.92
334034,0.4006907343864441,,771754.96
334035,,0.0,771756.6
334043,0.4006907343864441,,771769.72
334044,,0.0,771771.36
334058,0.40070074796676636,,771802.1627906977
334059,,1.0,771804.8139534884
334068,0.4007107615470886,,771828.6744186047
334069,,1.0,771831.3255813953
334076,0.4007207751274109,,771849.8837209302
334077,,1.0,771852.5348837209
334088,0.40073078870773315,,771881.6976744186
334089,,1.0,771884.3488372093
334104,0.4007408022880554,,771908.25
334105,,1.0,771910.0208333334
334115,0.4007508158683777,,771927.7291666666
334116,,1.0,771929.5
334124,0.40076082944869995,,771943.6666666666
334125,,1.0,771945.4375
334138,0.4007708430290222,,771968.4583333334
334139,,1.0,771970.2291666666
334159,0.4007708430290222,,771996.5555555555
334160,,0.0,771998.0
334174,0.4007708430290222,,772018.2222222222
334175,,0.0,772019.6666666666
334184,0.4007708430290222,,772032.6666666666
334185,,0.0,772034.1111111111
334194,0.4007708430290222,,772047.1111111111
334195,,0.0,772048.5555555555
334217,0.4008008539676666,,772070.52
334218,,3.0,772071.6
334224,0.40083086490631104,,772078.08
334225,,3.0,772079.16
334234,0.40086087584495544,,772088.88
334235,,3.0,772089.96
334246,0.40089088678359985,,772101.84
334247,,3.0,772102.92
334261,0.4009009003639221,,772126.5789473684
334262,,1.0,772128.6315789474
334269,0.4009109139442444,,772143.0
334270,,1.0,772145.052631579
334279,0.40092092752456665,,772163.5263157894
334280,,1.0,772165.5789473684
334286,0.4009309411048889,,772177.8947368421
334287,,1.0,772179.947368421
334296,0.4009409546852112,,772199.5135135135
334297,,1.0,772202.4324324324
334304,0.40095096826553345,,772222.8648648649
334305,,1.0,772225.7837837838
334314,0.4009609818458557,,772252.0540540541
334315,,1.0,772254.972972973
334325,0.400970995426178,,772284.1621621621
334326,,1.0,772287.0810810811
334342,0.40098100900650024,,772316.26
334343,,1.0,772318.28
334356,0.4009910225868225,,772344.54
334357,,1.0,772346.56
334365,0.4010010361671448,,772362.72
334366,,1.0,772364.74
334377,0.40101104974746704,,772386.96
334378,,1.0,772388.98
334392,0.4010210633277893,,772420.425
334393,,1.0,772423.1
334402,0.4010310769081116,,772447.175
334403,,1.0,772449.85
334410,0.40104109048843384,,772468.575
334411,,1.0,772471.25
334419,0.4010511040687561,,772492.65
334420,,1.0,772495.325
334432,0.40106111764907837,,772519.825
334433,,1.0,772522.25
334442,0.40107113122940063,,772544.075
334443,,1.0,772546.5
334449,0.4010811448097229,,772561.05
334450,,1.0,772563.475
334461,0.40109115839004517,,772590.15
334462,,1.0,772592.575
334481,0.40110117197036743,,772620.725490196
334482,,1.0,772622.3333333334
334486,0.4011111855506897,,772628.7647058824
334487,,1.0,772630.3725490196
334498,0.40112119913101196,,772648.0588235294
334499,,1.0,772649.6666666666
334514,0.40113121271133423,,772673.7843137255
334515,,1.0,772675.3921568628
334532,0.40113121271133423,,772700.4347826086
334533,,0.0,772702.1086956522
334540,0.40113121271133423,,772713.8260869565
334541,,0.0,772715.5
334546,0.40113121271133423,,772723.8695652174
334547,,0.0,772725.5434782609
334562,0.40113121271133423,,772750.6521739131
334563,,0.0,772752.3260869565
334581,0.4011412262916565,,772799.7894736842
334582,,1.0,772802.8421052631
334588,0.40115123987197876,,772821.1578947369
334589,,1.0,772824.2105263158
334595,0.401161253452301,,772842.5263157894
334596,,1.0,772845.5789473684
334602,0.4011712670326233,,772863.8947368421
334603,,1.0,772866.947368421
334616,0.4012012779712677,,772898.9743589744
334617,,3.0,772901.8717948718
334625,0.4012312889099121,,772925.0512820513
334626,,3.0,772927.9487179487
334637,0.4012612998485565,,772959.8205128205
334638,,3.0,772962.717948718
334643,0.4012913107872009,,772977.2051282051
334644,,3.0,772980.1025641026
334660,0.40132132172584534,,773033.9803921569
334661,,3.0,773037.9019607843
334668,0.40135133266448975,,773065.3529411765
334669,,3.0,773069.274509804
334685,0.40138134360313416,,773132.0196078431
334686,,3.0,773135.9411764706
334696,0.40141135454177856,,773175.1568627451
334697,,3.0,773179.0784313725
334711,0.401441365480423,,773212.5952380953
334712,,3.0,773215.2857142857
334722,0.4014713764190674,,773242.1904761905
334723,,3.0,773244.880952381
334732,0.4015013873577118,,773269.0952380953
334733,,3.0,773271.7857142857
334740,0.4015313982963562,,773290.619047619
334741,,3.0,773293.3095238095
334757,0.40154141187667847,,773333.731707317
334758,,1.0,773336.6341463415
334765,0.40155142545700073,,773356.9512195121
334766,,1.0,773359.8536585366
334775,0.401561439037323,,773385.9756097561
334776,,1.0,773388.8780487805
334783,0.40157145261764526,,773409.1951219512
334784,,1.0,773412.0975609756
334800,0.40157145261764526,,773439.1041666666
334801,,0.0,773440.9583333334
334810,0.40157145261764526,,773457.6458333334
334811,,0.0,773459.5
334821,0.40157145261764526,,773478.0416666666
334822,,0.0,773479.8958333334
334833,0.40157145261764526,,773500.2916666666
334834,,0.0,773502.1458333334
334846,0.4015914499759674,,773535.6153846154
334847,,2.0,773539.1282051282
334857,0.40161144733428955,,773574.2564102564
334858,,2.0,773577.7692307692
334867,0.4016314446926117,,773609.3846153846
334868,,2.0,773612.8974358974
334874,0.40165144205093384,,773633.9743589744
334875,,2.0,773637.4871794871
334887,0.4016614556312561,,773666.3846153846
334888,,1.0,773669.2051282051
334896,0.40167146921157837,,773691.7692307692
334897,,1.0,773694.5897435897
334903,0.40168148279190063,,773711.5128205129
334904,,1.0,773714.3333333334
334915,0.4016914963722229,,773745.358974359
334916,,1.0,773748.1794871795
334928,0.40170150995254517,,773773.6097560975
334929,,1.0,773776.1219512195
334935,0.40171152353286743,,773791.1951219512
334936,,1.0,773793.7073170731
334945,0.4017215371131897,,773816.3170731707
334946,,1.0,773818.8292682926
334958,0.40173155069351196,,773848.9756097561
334959,,1.0,773851.487804878
334974,0.4017515480518341,,773896.4186046511
334975,,2.0,773899.9534883721
334984,0.40177154541015625,,773931.7674418605
334985,,2.0,773935.3023255814
334994,0.4017915427684784,,773967.1162790698
334995,,2.0,773970.6511627907
335003,0.40181154012680054,,773998.9302325582
335004,,2.0,774002.4651162791
335024,0.40184155106544495,,774033.4318181818
335025,,3.0,774035.0454545454
335029,0.40187156200408936,,774041.5
335030,,3.0,774043.1136363636
335036,0.40190157294273376,,774052.7954545454
335037,,3.0,774054.4090909091
335049,0.4019315838813782,,774073.7727272727
335050,,3.0,774075.3863636364
335062,0.40194159746170044,,774095.0
335063,,1.0,774097.0
335073,0.4019516110420227,,774117.0
335074,,1.0,774119.0
335083,0.40196162462234497,,774137.0
335084,,1.0,774139.0
335094,0.40197163820266724,,774159.0
335095,,1.0,774161.0
335113,0.40197163820266724,,774193.7142857143
335114,,0.0,774195.7619047619
335120,0.40197163820266724,,774208.0476190476
335121,,0.0,774210.0952380953
335128,0.40197163820266724,,774224.4285714285
335129,,0.0,774226.4761904762
335138,0.40197163820266724,,774244.9047619047
335139,,0.0,774246.9523809524
335157,0.40197163820266724,,774272.6538461539
335158,,0.0,774274.2307692308
335168,0.40197163820266724,,774290.0
335169,,0.0,774291.5769230769
335181,0.40197163820266724,,774310.5
335182,,0.0,774312.0769230769
335192,0.40197163820266724,,774327.8461538461
335193,,0.0,774329.4230769231
335206,0.4019816517829895,,774354.4285714285
335207,,1.0,774356.7714285714
335215,0.40199166536331177,,774375.5142857142
335216,,1.0,774377.8571428572
335222,0.40200167894363403,,774391.9142857143
335223,,1.0,774394.2571428572
335229,0.4020116925239563,,774408.3142857143
335230,,1.0,774410.6571428571
335248,0.4020116925239563,,774441.875
335249,,0.0,774443.8
335256,0.4020116925239563,,774457.275
335257,,0.0,774459.2
335266,0.4020116925239563,,774476.525
335267,,0.0,774478.45
335271,0.4020116925239563,,774486.15
335272,,0.0,774488.075
335281,0.4020116925239563,,774502.7894736842
335282,,0.0,774504.9210526316
335289,0.4020116925239563,,774519.8421052631
335290,,0.0,774521.9736842106
335299,0.4020116925239563,,774541.1578947369
335300,,0.0,774543.2894736842
335311,0.4020116925239563,,774566.7368421053
335312,,0.0,774568.8684210526
335328,0.40202170610427856,,774594.1739130435
335329,,1.0,774595.9565217391
335335,0.40203171968460083,,774606.6521739131
335336,,1.0,774608.4347826086
335345,0.4020417332649231,,774624.4782608695
335346,,1.0,774626.2608695652
335359,0.40205174684524536,,774649.4347826086
335360,,1.0,774651.2173913043
335376,0.40208175778388977,,774682.8723404255
335377,,3.0,774685.1702127659
335387,0.4021117687225342,,774708.1489361703
335388,,3.0,774710.4468085107
335398,0.4021417796611786,,774733.4255319149
335399,,3.0,774735.7234042553
335408,0.402171790599823,,774756.4042553192
335409,,3.0,774758.7021276596
335421,0.40218180418014526,,774790.0571428571
335422,,1.0,774793.2857142857
335430,0.40219181776046753,,774819.1142857143
335431,,1.0,774822.3428571429
335436,0.4022018313407898,,774838.4857142858
335437,,1.0,774841.7142857143
335445,0.40221184492111206,,774867.5428571429
335446,,1.0,774870.7714285714
335457,0.4022218585014343,,774890.3478260869
335458,,1.0,774892.3913043478
335471,0.4022318720817566,,774918.9565217391
335472,,1.0,774921.0
335479,0.40224188566207886,,774935.304347826
335480,,1.0,774937.3478260869
335493,0.4022518992424011,,774963.9130434783
335494,,1.0,774965.9565217391
335510,0.4022518992424011,,774990.4042553192
335511,,0.0,774992.1276595745
335523,0.4022518992424011,,775012.8085106383
335524,,0.0,775014.5319148937
335530,0.4022518992424011,,775024.8723404255
335531,,0.0,775026.5957446808
335542,0.4022518992424011,,775045.5531914893
335543,,0.0,775047.2765957447
335559,0.4022518992424011,,775072.7391304348
335560,,0.0,775074.5652173914
335569,0.4022518992424011,,775091.0
335570,,0.0,775092.8260869565
335578,0.4022518992424011,,775107.4347826086
335579,,0.0,775109.2608695652
335590,0.4022518992424011,,775129.3478260869
335591,,0.0,775131.1739130435
335608,0.40228191018104553,,775189.0
335609,,3.0,775193.0
335619,0.40231192111968994,,775233.0
335620,,3.0,775237.0
335632,0.40234193205833435,,775285.0
335633,,3.0,775289.0
335642,0.40237194299697876,,775325.0
335643,,3.0,775329.0
335663,0.402381956577301,,775368.085106383
335664,,1.0,775370.1489361703
335671,0.4023919701576233,,775384.5957446808
335672,,1.0,775386.659574468
335681,0.40240198373794556,,775405.2340425532
335682,,1.0,775407.2978723404
335691,0.4024119973182678,,775425.8723404255
335692,,1.0,775427.9361702128
335709,0.4024220108985901,,775454.92
335710,,1.0,775456.7
335719,0.40243202447891235,,775472.72
335720,,1.0,775474.5
335730,0.4024420380592346,,775492.3
335731,,1.0,775494.08
335743,0.4024520516395569,,775515.44
335744,,1.0,775517.22
335755,0.40246206521987915,,775538.0769230769
335756,,1.0,775540.4615384615
335764,0.4024720788002014,,775559.5384615385
335765,,1.0,775561.9230769231
335773,0.4024820923805237,,775581.0
335774,,1.0,775583.3846153846
335784,0.40249210596084595,,775607.2307692308
335785,,1.0,775609.6153846154
335797,0.4025021195411682,,775634.1142857143
335798,,1.0,775636.5714285715
335806,0.4025121331214905,,775656.2285714286
335807,,1.0,775658.6857142857
335812,0.40252214670181274,,775670.9714285714
335813,,1.0,775673.4285714285
335821,0.402532160282135,,775693.0857142857
335822,,1.0,775695.5428571429
335838,0.402532160282135,,775724.6341463415
335839,,0.0,775726.6829268293
335845,0.402532160282135,,775738.9756097561
335846,,0.0,775741.0243902439
335857,0.402532160282135,,775763.5609756098
335858,,0.0,775765.6097560975
335864,0.402532160282135,,775777.9024390244
335865,,0.0,775779.9512195121
335886,0.402532160282135,,775813.6
335887,,0.0,775815.3555555556
335894,0.402532160282135,,775827.6444444444
335895,,0.0,775829.4
335900,0.402532160282135,,775838.1777777778
335901,,0.0,775839.9333333333
335911,0.402532160282135,,775857.4888888889
335912,,0.0,775859.2444444444
335926,0.4025421738624573,,775886.0697674418
335927,,1.0,775888.3488372093
335936,0.40255218744277954,,775908.8604651163
335937,,1.0,775911.1395348837
335947,0.4025622010231018,,775933.9302325582
335948,,1.0,775936.2093023256
335956,0.4025722146034241,,775954.4418604651
335957,,1.0,775956.7209302326
335969,0.40258222818374634,,775973.8846153846
335970,,1.0,775975.5384615385
335984,0.4025922417640686,,775998.6923076923
335985,,1.0,776000.3461538461
335997,0.40260225534439087,,776020.1923076923
335998,,1.0,776021.8461538461
336010,0.40261226892471313,,776041.6923076923
336011,,1.0,776043.3461538461
336023,0.4026222825050354,,776063.7659574468
336024,,1.0,776065.8510638297
336031,0.40263229608535767,,776080.4468085107
336032,,1.0,776082.5319148937
336043,0.40264230966567993,,776105.4680851063
336044,,1.0,776107.5531914893
336059,0.4026523232460022,,776138.8297872341
336060,,1.0,776140.914893617
336077,0.4026523232460022,,776169.7555555556
336078,,0.0,776171.6666666666
336089,0.4026523232460022,,776192.6888888889
336090,,0.0,776194.6
336098,0.4026523232460022,,776209.8888888889
336099,,0.0,776211.8
336106,0.4026523232460022,,776225.1777777778
336107,,0.0,776227.088888889
336122,0.40267232060432434,,776273.7272727273
336123,,2.0,776277.4545454546
336130,0.4026923179626465,,776303.5454545454
336131,,2.0,776307.2727272727
336141,0.40271231532096863,,776344.5454545454
336142,,2.0,776348.2727272727
336152,0.40273231267929077,,776385.5454545454
336153,,2.0,776389.2727272727
336163,0.40274232625961304,,776407.175
336164,,1.0,776409.2
336176,0.4027523398399353,,776433.5
336177,,1.0,776435.525
336183,0.40276235342025757,,776447.675
336184,,1.0,776449.7
336194,0.40277236700057983,,776469.95
336195,,1.0,776471.975
336217,0.4027823805809021,,776509.5818181818
336218,,1.0,776511.4545454546
336229,0.40279239416122437,,776532.0545454546
336230,,1.0,776533.9272727272
336238,0.40280240774154663,,776548.9090909091
336239,,1.0,776550.7818181819
336251,0.4028124213218689,,776573.2545454545
336252,,1.0,776575.1272727273
336272,0.40282243490219116,,776614.4
336273,,1.0,776616.6
336282,0.4028324484825134,,776636.4
336283,,1.0,776638.6
336294,0.4028424620628357,,776662.8
336295,,1.0,776665.0
336303,0.40285247564315796,,776682.6
336304,,1.0,776684.8
336322,0.4028624892234802,,776712.625
336323,,1.0,776714.3333333334
336333,0.4028725028038025,,776731.4166666666
336334,,1.0,776733.125
336348,0.40288251638412476,,776757.0416666666
336349,,1.0,776758.75
336353,0.402892529964447,,776765.5833333334
336354,,1.0,776767.2916666666
336368,0.4029025435447693,,776788.3695652174
336369,,1.0,776790.1304347826
336380,0.40291255712509155,,776809.5
336381,,1.0,776811.2608695652
336391,0.4029225707054138,,776828.8695652174
336392,,1.0,776830.6304347826
336401,0.4029325842857361,,776846.4782608695
336402,,1.0,776848.2391304348
336422,0.40294259786605835,,776879.5094339623
336423,,1.0,776881.2452830189
336434,0.4029526114463806,,776900.3396226416
336435,,1.0,776902.0754716981
336448,0.4029626250267029,,776924.641509434
336449,,1.0,776926.3773584906
336456,0.40297263860702515,,776938.5283018867
336457,,1.0,776940.2641509434
336477,0.4029926359653473,,776986.8510638297
336478,,2.0,776989.4893617021
336485,0.40301263332366943,,777007.9574468085
336486,,2.0,777010.5957446808
336492,0.4030326306819916,,777026.4255319149
336493,,2.0,777029.0638297872
336505,0.4030526280403137,,777060.7234042553
336506,,2.0,777063.3617021276
336524,0.403062641620636,,777093.7173913043
336525,,1.0,777095.5652173914
336533,0.40307265520095825,,777110.3478260869
336534,,1.0,777112.195652174
336542,0.4030826687812805,,777126.9782608695
336543,,1.0,777128.8260869565
336553,0.4030926823616028,,777147.304347826
336554,,1.0,777149.1521739131
336567,0.4030926823616028,,777168.9069767442
336568,,0.0,777170.6976744186
336578,0.4030926823616028,,777188.6046511628
336579,,0.0,777190.3953488372
336586,0.4030926823616028,,777202.9302325582
336587,,0.0,777204.7209302326
336598,0.4030926823616028,,777224.4186046511
336599,,0.0,777226.2093023256
336618,0.4031126797199249,,777268.0
336619,,2.0,777270.5
336629,0.40313267707824707,,777295.5
336630,,2.0,777298.0
336635,0.4031526744365692,,777310.5
336636,,2.0,777313.0
336644,0.40317267179489136,,777333.0
336645,,2.0,777335.5
336660,0.40317267179489136,,777361.1428571428
336661,,0.0,777363.0714285715
336672,0.40317267179489136,,777384.2857142857
336673,,0.0,777386.2142857143
336683,0.40317267179489136,,777405.5
336684,,0.0,777407.4285714285
336688,0.40317267179489136,,777415.1428571428
336689,,0.0,777417.0714285715
336709,0.40317267179489136,,777443.3333333334
336710,,0.0,777444.7647058824
336717,0.40317267179489136,,777454.7843137255
336718,,0.0,777456.2156862745
336730,0.40317267179489136,,777473.3921568628
336731,,0.0,777474.8235294118
336741,0.40317267179489136,,777489.1372549019
336742,,0.0,777490.568627451
336760,0.40317267179489136,,777519.6136363636
336761,,0.0,777521.4545454546
336772,0.40317267179489136,,777541.7045454546
336773,,0.0,777543.5454545454
336777,0.40317267179489136,,777550.9090909091
336778,,0.0,777552.75
336787,0.40317267179489136,,777569.3181818182
336788,,0.0,777571.1590909091
336806,0.4031826853752136,,777607.875
336807,,1.0,777610.2
336813,0.4031926989555359,,777624.15
336814,,1.0,777626.475
336823,0.40320271253585815,,777647.4
336824,,1.0,777649.725
336829,0.4032127261161804,,777661.35
336830,,1.0,777663.675
336847,0.40323272347450256,,777696.4561403509
336848,,2.0,777698.6315789474
336857,0.4032527208328247,,777718.2105263158
336858,,2.0,777720.3859649122
336873,0.40327271819114685,,777753.0175438597
336874,,2.0,777755.1929824562
336888,0.403292715549469,,777785.649122807
336889,,2.0,777787.8245614035
336908,0.40331271290779114,,777817.8260869565
336909,,2.0,777819.5652173914
336917,0.4033327102661133,,777833.4782608695
336918,,2.0,777835.2173913043
336929,0.4033527076244354,,777854.3478260869
336930,,2.0,777856.0869565217
336936,0.40337270498275757,,777866.5217391305
336937,,2.0,777868.2608695652
336952,0.40337270498275757,,777899.1428571428
336953,,0.0,777901.5714285715
336960,0.40337270498275757,,777918.5714285715
336961,,0.0,777921.0
336968,0.40337270498275757,,777938.0
336969,,0.0,777940.4285714285
336973,0.40337270498275757,,777950.1428571428
336974,,0.0,777952.5714285715
336989,0.40337270498275757,,777975.5
336990,,0.0,777977.2083333334
337002,0.40337270498275757,,777997.7083333334
337003,,0.0,777999.4166666666
337012,0.40337270498275757,,778014.7916666666
337013,,0.0,778016.5
337023,0.40337270498275757,,778033.5833333334
337024,,0.0,778035.2916666666
337034,0.40338271856307983,,778052.05
337035,,1.0,778054.2
337043,0.4033927321434021,,778071.4
337044,,1.0,778073.55
337054,0.40340274572372437,,778095.05
337055,,1.0,778097.2
337065,0.40341275930404663,,778118.7
337066,,1.0,778120.85
337080,0.4034227728843689,,778145.2115384615
337081,,1.0,778147.2307692308
337096,0.40343278646469116,,778177.5192307692
337097,,1.0,778179.5384615385
337105,0.4034428000450134,,778195.6923076923
337106,,1.0,778197.7115384615
337119,0.4034528136253357,,778223.9615384615
337120,,1.0,778225.9807692308
337133,0.4034528136253357,,778245.9069767442
337134,,0.0,778247.6976744186
337146,0.4034528136253357,,778269.1860465116
337147,,0.0,778270.976744186
337153,0.4034528136253357,,778281.7209302326
337154,,0.0,778283.5116279069
337164,0.4034528136253357,,778301.4186046511
337165,,0.0,778303.2093023256
337186,0.4034528136253357,,778337.6511627907
337187,,0.0,778339.4651162791
337193,0.4034528136253357,,778350.3488372093
337194,,0.0,778352.1627906977
337203,0.4034528136253357,,778368.4883720931
337204,,0.0,778370.3023255814
337209,0.4034528136253357,,778379.3720930233
337210,,0.0,778381.1860465116
337223,0.40346282720565796,,778407.5
337224,,1.0,778409.95
337233,0.4034728407859802,,778432.0
337234,,1.0,778434.45
337242,0.4034828543663025,,778454.05
337243,,1.0,778456.5
337251,0.40349286794662476,,778476.1
337252,,1.0,778478.55
337265,0.403502881526947,,778500.25
337266,,1.0,778502.175
337276,0.4035128951072693,,778521.425
337277,,1.0,778523.35
337284,0.40352290868759155,,778536.825
337285,,1.0,778538.75
337293,0.4035329222679138,,778554.15
337294,,1.0,778556.075
337303,0.4035329222679138,,778571.7647058824
337304,,0.0,778574.0588235294
337310,0.4035329222679138,,778587.8235294118
337311,,0.0,778590.1176470588
337320,0.4035329222679138,,778610.7647058824
337321,,0.0,778613.0588235294
337329,0.4035329222679138,,778631.4117647059
337330,,0.0,778633.7058823529
337352,0.4035429358482361,,778660.7301587302
337353,,1.0,778662.0317460317
337367,0.40355294942855835,,778680.253968254
337368,,1.0,778681.5555555555
337384,0.4035629630088806,,778702.380952381
337385,,1.0,778703.6825396825
337394,0.4035729765892029,,778715.3968253968
337395,,1.0,778716.6984126985
337412,0.4035729765892029,,778741.2340425532
337413,,0.0,778742.8936170213
337421,0.4035729765892029,,778756.1702127659
337422,,0.0,778757.8297872341
337432,0.4035729765892029,,778774.4255319149
337433,,0.0,778776.085106383
337443,0.4035729765892029,,778792.6808510638
337444,,0.0,778794.340425532
337458,0.40358299016952515,,778822.125
337459,,1.0,778824.5
337472,0.4035930037498474,,778855.375
337473,,1.0,778857.75
337486,0.4036030173301697,,778888.625
337487,,1.0,778891.0
337493,0.40361303091049194,,778905.25
337494,,1.0,778907.625
337508,0.4036230444908142,,778938.5476190476
337509,,1.0,778941.1428571428
337517,0.4036330580711365,,778961.9047619047
337518,,1.0,778964.5
337529,0.40364307165145874,,778993.0476190476
337530,,1.0,778995.6428571428
337537,0.403653085231781,,779013.8095238095
337538,,1.0,779016.4047619047
337552,0.403653085231781,,779038.6976744186
337553,,0.0,779040.4883720931
337562,0.403653085231781,,779056.6046511628
337563,,0.0,779058.3953488372
337573,0.403653085231781,,779076.3023255814
337574,,0.0,779078.0930232558
337582,0.403653085231781,,779092.4186046511
337583,,0.0,779094.2093023256
337602,0.403653085231781,,779122.0
337603,,0.0,779123.625
337614,0.403653085231781,,779141.5
337615,,0.0,779143.125
337625,0.403653085231781,,779159.375
337626,,0.0,779161.0
337632,0.403653085231781,,779170.75
337633,,0.0,779172.375
337652,0.403653085231781,,779204.0487804879
337653,,0.0,779205.9268292683
337660,0.403653085231781,,779219.0731707317
337661,,0.0,779220.9512195121
337667,0.403653085231781,,779232.2195121951
337668,,0.0,779234.0975609756
337675,0.403653085231781,,779247.243902439
337676,,0.0,779249.1219512195
337692,0.403653085231781,,779270.3673469388
337693,,0.0,779271.8571428572
337705,0.403653085231781,,779289.7346938775
337706,,0.0,779291.224489796
337718,0.403653085231781,,779309.1020408163
337719,,0.0,779310.5918367347
337726,0.403653085231781,,779321.0204081633
337727,,0.0,779322.5102040817
337739,0.40366309881210327,,779347.625
337740,,1.0,779350.25
337748,0.40367311239242554,,779371.25
337749,,1.0,779373.875
337759,0.4036831259727478,,779400.125
337760,,1.0,779402.75
337768,0.40369313955307007,,779423.75
337769,,1.0,779426.375
337783,0.40369313955307007,,779447.088888889
337784,,0.0,779448.7333333333
337794,0.40369313955307007,,779465.1777777778
337795,,0.0,779466.8222222222
337803,0.40369313955307007,,779479.9777777778
337804,,0.0,779481.6222222223
337815,0.40369313955307007,,779499.7111111111
337816,,0.0,779501.3555555556
337833,0.40369313955307007,,779528.2
337834,,0.0,779530.0
337841,0.40369313955307007,,779542.6
337842,,0.0,779544.4
337852,0.40369313955307007,,779562.4
337853,,0.0,779564.2
337862,0.40369313955307007,,779580.4
337863,,0.0,779582.2
337881,0.4037131369113922,,779623.7222222222
337882,,2.0,779626.3703703703
337896,0.40373313426971436,,779663.4444444445
337897,,2.0,779666.0925925926
337908,0.4037531316280365,,779695.2222222222
337909,,2.0,779697.8703703703
337918,0.40377312898635864,,779721.7037037037
337919,,2.0,779724.3518518518
337939,0.4037831425666809,,779763.6842105263
337940,,1.0,779765.8421052631
337945,0.4037931561470032,,779776.6315789474
337946,,1.0,779778.7894736842
337950,0.40380316972732544,,779787.4210526316
337951,,1.0,779789.5789473684
337958,0.4038131833076477,,779804.6842105263
337959,,1.0,779806.8421052631
337969,0.4038131833076477,,779821.8333333334
337970,,0.0,779823.6666666666
337981,0.4038131833076477,,779843.8333333334
337982,,0.0,779845.6666666666
337993,0.4038131833076477,,779865.8333333334
337994,,0.0,779867.6666666666
338002,0.4038131833076477,,779882.3333333334
338003,,0.0,779884.1666666666
338022,0.40382319688796997,,779913.7333333333
338023,,1.0,779915.4666666667
338031,0.40383321046829224,,779929.3333333334
338032,,1.0,779931.0666666667
338039,0.4038432240486145,,779943.2
338040,,1.0,779944.9333333333
338049,0.40385323762893677,,779960.5333333333
338050,,1.0,779962.2666666667
338069,0.40386325120925903,,779999.0
338070,,1.0,780001.1875
338076,0.4038732647895813,,780014.3125
338077,,1.0,780016.5
338087,0.40388327836990356,,780038.375
338088,,1.0,780040.5625
338099,0.40389329195022583,,780064.625
338100,,1.0,780066.8125
338118,0.40389329195022583,,780095.0714285715
338119,,0.0,780096.8095238095
338127,0.40389329195022583,,780110.7142857143
338128,,0.0,780112.4523809524
338133,0.40389329195022583,,780121.1428571428
338134,,0.0,780122.880952381
338143,0.40389329195022583,,780138.5238095238
338144,,0.0,780140.2619047619
338161,0.4039033055305481,,780173.9565217391
338162,,1.0,780176.2391304348
338174,0.40391331911087036,,780203.6304347826
338175,,1.0,780205.9130434783
338183,0.4039233326911926,,780224.1739130435
338184,,1.0,780226.4565217391
338191,0.4039333462715149,,780242.4347826086
338192,,1.0,780244.7173913043
338210,0.40394335985183716,,780287.2272727273
338211,,1.0,780289.9090909091
338215,0.4039533734321594,,780300.6363636364
338216,,1.0,780303.3181818182
338229,0.4039633870124817,,780338.1818181818
338230,,1.0,780340.8636363636
338237,0.40397340059280396,,780359.6363636364
338238,,1.0,780362.3181818182
338254,0.4039933979511261,,780396.7073170731
338255,,2.0,780399.1463414634
338262,0.40401339530944824,,780416.2195121951
338263,,2.0,780418.6585365854
338272,0.4040333926677704,,780440.6097560975
338273,,2.0,780443.0487804879
338280,0.40405339002609253,,780460.1219512195
338281,,2.0,780462.5609756098
338294,0.4040634036064148,,780484.5454545454
338295,,1.0,780486.5
338301,0.40407341718673706,,780498.2272727273
338302,,1.0,780500.1818181818
338310,0.4040834307670593,,780515.8181818182
338311,,1.0,780517.7727272727
338326,0.4040934443473816,,780547.0909090909
338327,,1.0,780549.0454545454
338343,0.404123455286026,,780586.6666666666
338344,,3.0,780589.4102564103
338349,0.4041534662246704,,780603.1282051282
338350,,3.0,780605.8717948718
338358,0.4041834771633148,,780627.8205128205
338359,,3.0,780630.5641025641
338367,0.40421348810195923,,780652.5128205129
338368,,3.0,780655.2564102564
338386,0.4042235016822815,,780684.8085106383
338387,,1.0,780686.5957446808
338397,0.40423351526260376,,780704.4680851063
338398,,1.0,780706.2553191489
338404,0.404243528842926,,780716.9787234042
338405,,1.0,780718.7659574468
338416,0.4042535424232483,,780738.4255319149
338417,,1.0,780740.2127659575
338435,0.4042535424232483,,780764.9411764706
338436,,0.0,780766.4705882353
338448,0.4042535424232483,,780784.8235294118
338449,,0.0,780786.3529411765
338458,0.4042535424232483,,780800.1176470588
338459,,0.0,780801.6470588235
338469,0.4042535424232483,,780816.9411764706
338470,,0.0,780818.4705882353
338484,0.4042535424232483,,780844.9117647059
338485,,0.0,780847.1764705882
338488,0.4042535424232483,,780853.9705882353
338489,,0.0,780856.2352941176
338496,0.4042535424232483,,780872.0882352941
338497,,0.0,780874.3529411765
338505,0.4042535424232483,,780892.4705882353
338506,,0.0,780894.7352941176
338521,0.40426355600357056,,780917.8
338522,,1.0,780919.5333333333
338530,0.4042735695838928,,780933.4
338531,,1.0,780935.1333333333
338543,0.4042835831642151,,780955.9333333333
338544,,1.0,780957.6666666666
338552,0.40429359674453735,,780971.5333333333
338553,,1.0,780973.2666666667
338570,0.4043036103248596,,780997.96
338571,,1.0,780999.6
338585,0.4043136239051819,,781022.56
338586,,1.0,781024.2
338594,0.40432363748550415,,781037.32
338595,,1.0,781038.96
338604,0.4043336510658264,,781053.72
338605,,1.0,781055.36
338623,0.4043336510658264,,781082.4347826086
338624,,0.0,781084.1304347826
338633,0.4043336510658264,,781099.3913043478
338634,,0.0,781101.0869565217
338641,0.4043336510658264,,781112.9565217391
338642,,0.0,781114.6521739131
338652,0.4043336510658264,,781131.6086956522
338653,,0.0,781133.304347826
338666,0.4043436646461487,,781153.6363636364
338667,,1.0,781155.5
338676,0.40435367822647095,,781172.2727272727
338677,,1.0,781174.1363636364
338686,0.4043636918067932,,781190.9090909091
338687,,1.0,781192.7727272727
338698,0.4043737053871155,,781213.2727272727
338699,,1.0,781215.1363636364
338716,0.4044037163257599,,781239.4
338717,,3.0,781241.0
338723,0.4044337272644043,,781250.6
338724,,3.0,781252.2
338733,0.4044637382030487,,781266.6
338734,,3.0,781268.2
338745,0.4044937491416931,,781285.8
338746,,3.0,781287.4
338765,0.4044937491416931,,781318.4545454546
338766,,0.0,781320.2954545454
338772,0.4044937491416931,,781331.3409090909
338773,,0.0,781333.1818181818
338782,0.4044937491416931,,781349.75
338783,,0.0,781351.5909090909
338791,0.4044937491416931,,781366.3181818182
338792,,0.0,781368.1590909091
338805,0.4044937491416931,,781388.25
338806,,0.0,781390.075
338814,0.4044937491416931,,781404.675
338815,,0.0,781406.5
338824,0.4044937491416931,,781422.925
338825,,0.0,781424.75
338833,0.4044937491416931,,781439.35
338834,,0.0,781441.175
338852,0.4045037627220154,,781468.625
338853,,1.0,781470.3333333334
338864,0.40451377630233765,,781489.125
338865,,1.0,781490.8333333334
338874,0.4045237898826599,,781506.2083333334
338875,,1.0,781507.9166666666
338883,0.4045338034629822,,781521.5833333334
338884,,1.0,781523.2916666666
338897,0.4045338034629822,,781542.5
338898,,0.0,781544.25
338906,0.4045338034629822,,781558.25
338907,,0.0,781560.0
338916,0.4045338034629822,,781575.75
338917,,0.0,781577.5
338929,0.4045338034629822,,781598.5
338930,,0.0,781600.25
338947,0.40454381704330444,,781634.3333333334
338948,,1.0,781636.6428571428
338955,0.4045538306236267,,781652.8095238095
338956,,1.0,781655.119047619
338965,0.404563844203949,,781675.9047619047
338966,,1.0,781678.2142857143
338973,0.40457385778427124,,781694.380952381
338974,,1.0,781696.6904761905
338990,0.40457385778427124,,781722.0454545454
338991,,0.0,781723.8181818182
339000,0.40457385778427124,,781739.7727272727
339001,,0.0,781741.5454545454
339012,0.40457385778427124,,781761.0454545454
339013,,0.0,781762.8181818182
339019,0.40457385778427124,,781773.4545454546
339020,,0.0,781775.2272727273
339036,0.40457385778427124,,781798.125
339037,,0.0,781799.75
339046,0.40457385778427124,,781814.375
339047,,0.0,781816.0
339058,0.40457385778427124,,781833.875
339059,,0.0,781835.5
339069,0.40457385778427124,,781851.75
339070,,0.0,781853.375
339083,0.4045938551425934,,781884.0
339084,,2.0,781886.9
339097,0.4046138525009155,,781924.6
339098,,2.0,781927.5
339103,0.40463384985923767,,781942.0
339104,,2.0,781944.9
339111,0.4046538472175598,,781965.2
339112,,2.0,781968.1
339127,0.4046638607978821,,781997.4545454546
339128,,1.0,781999.6590909091
339136,0.40467387437820435,,782017.2954545454
339137,,1.0,782019.5
339146,0.4046838879585266,,782039.3409090909
339147,,1.0,782041.5454545454
339157,0.4046939015388489,,782063.5909090909
339158,,1.0,782065.7954545454
339172,0.40470391511917114,,782087.4791666666
339173,,1.0,782089.25
339182,0.4047139286994934,,782105.1875
339183,,1.0,782106.9583333334
339195,0.4047239422798157,,782128.2083333334
339196,,1.0,782129.9791666666
339207,0.40473395586013794,,782149.4583333334
339208,,1.0,782151.2291666666
339224,0.4047439694404602,,782187.6666666666
339225,,1.0,782190.3333333334
339232,0.40475398302078247,,782209.0
339233,,1.0,782211.6666666666
339242,0.40476399660110474,,782235.6666666666
339243,,1.0,782238.3333333334
339251,0.404774010181427,,782259.6666666666
339252,,1.0,782262.3333333334
339263,0.4048040211200714,,782309.4444444445
339264,,3.0,782315.0
339272,0.4048340320587158,,782359.4444444445
339273,,3.0,782365.0
339281,0.40486404299736023,,782409.4444444445
339282,,3.0,782415.0
339289,0.40489405393600464,,782453.8888888889
339290,,3.0,782459.4444444445
339306,0.40489405393600464,,782488.1463414634
339307,,0.0,782489.9268292683
339313,0.40489405393600464,,782500.6097560975
339314,,0.0,782502.3902439025
339323,0.40489405393600464,,782518.4146341464
339324,,0.0,782520.1951219512
339332,0.40489405393600464,,782534.4390243902
339333,,0.0,782536.2195121951
339351,0.4049040675163269,,782570.3863636364
339352,,1.0,782572.5454545454
339362,0.40491408109664917,,782594.1363636364
339363,,1.0,782596.2954545454
339372,0.40492409467697144,,782615.7272727273
339373,,1.0,782617.8863636364
339378,0.4049341082572937,,782628.6818181818
339379,,1.0,782630.8409090909
339400,0.4049341082572937,,782658.6153846154
339401,,0.0,782660.0384615385
339413,0.4049341082572937,,782677.1153846154
339414,,0.0,782678.5384615385
339423,0.4049341082572937,,782691.3461538461
339424,,0.0,782692.7692307692
339432,0.4049341082572937,,782704.1538461539
339433,,0.0,782705.5769230769
339445,0.4049341082572937,,782723.6304347826
339446,,0.0,782725.4782608695
339455,0.4049341082572937,,782742.1086956522
339456,,0.0,782743.9565217391
339468,0.4049341082572937,,782766.1304347826
339469,,0.0,782767.9782608695
339480,0.4049341082572937,,782788.304347826
339481,,0.0,782790.1521739131
339500,0.4049341082572937,,782821.8181818182
339501,,0.0,782823.6818181818
339508,0.4049341082572937,,782836.7272727273
339509,,0.0,782838.5909090909
339517,0.4049341082572937,,782853.5
339518,,0.0,782855.3636363636
339526,0.4049341082572937,,782870.2727272727
339527,,0.0,782872.1363636364
339545,0.4049341082572937,,782895.6964285715
339546,,0.0,782897.1428571428
339557,0.4049341082572937,,782913.0535714285
339558,,0.0,782914.5
339573,0.4049341082572937,,782936.1964285715
339574,,0.0,782937.6428571428
339584,0.4049341082572937,,782952.1071428572
339585,,0.0,782953.5535714285
339598,0.4049341082572937,,782971.875
339599,,0.0,782973.5625
339612,0.4049341082572937,,782995.5
339613,,0.0,782997.1875
339620,0.4049341082572937,,783009.0
339621,,0.0,783010.6875
339634,0.4049341082572937,,783032.625
339635,,0.0,783034.3125
339654,0.40494412183761597,,783063.5087719298
339655,,1.0,783065.2280701754
339669,0.40495413541793823,,783089.298245614
339670,,1.0,783091.0175438597
339684,0.4049641489982605,,783115.0877192982
339685,,1.0,783116.8070175438
339693,0.40497416257858276,,783130.5614035088
339694,,1.0,783132.2807017544
339709,0.40497416257858276,,783155.6
339710,,0.0,783157.4
339724,0.40497416257858276,,783182.6
339725,,0.0,783184.4
339731,0.40497416257858276,,783195.2
339732,,0.0,783197.0
339740,0.40497416257858276,,783211.4
339741,,0.0,783213.2
339752,0.40498417615890503,,783231.6153846154
339753,,1.0,783233.6923076923
339761,0.4049941897392273,,783250.3076923077
339762,,1.0,783252.3846153846
339772,0.40500420331954956,,783273.1538461539
339773,,1.0,783275.2307692308
339781,0.4050142168998718,,783291.8461538461
339782,,1.0,783293.9230769231
339791,0.4050242304801941,,783313.4375
339792,,1.0,783316.34375
339799,0.40503424406051636,,783336.6875
339800,,1.0,783339.59375
339807,0.4050442576408386,,783359.9375
339808,,1.0,783362.84375
339815,0.4050542712211609,,783383.1875
339816,,1.0,783386.09375
339829,0.40507426857948303,,783414.6097560975
339830,,2.0,783417.1707317074
339840,0.4050942659378052,,783442.7804878049
339841,,2.0,783445.3414634146
339849,0.4051142632961273,,783465.8292682926
339850,,2.0,783468.3902439025
339858,0.40513426065444946,,783488.8780487805
339859,,2.0,783491.4390243902
339876,0.40513426065444946,,783518.5
339877,,0.0,783520.25
339889,0.40513426065444946,,783541.25
339890,,0.0,783543.0
339896,0.40513426065444946,,783553.5
339897,,0.0,783555.25
339904,0.40513426065444946,,783567.5
339905,,0.0,783569.25
339920,0.40513426065444946,,783590.914893617
339921,,0.0,783592.5744680851
339935,0.40513426065444946,,783615.8085106383
339936,,0.0,783617.4680851063
339943,0.40513426065444946,,783629.085106383
339944,,0.0,783630.7446808511
339953,0.40513426065444946,,783645.6808510638
339954,,0.0,783647.340425532
339967,0.40514427423477173,,783670.8421052631
339968,,1.0,783673.0263157894
339975,0.405154287815094,,783688.3157894737
339976,,1.0,783690.5
339986,0.40516430139541626,,783712.3421052631
339987,,1.0,783714.5263157894
339993,0.4051743149757385,,783727.6315789474
339994,,1.0,783729.8157894737
340010,0.4051843285560608,,783767.0
340011,,1.0,783769.6923076923
340017,0.40519434213638306,,783785.8461538461
340018,,1.0,783788.5384615385
340024,0.4052043557167053,,783804.6923076923
340025,,1.0,783807.3846153846
340034,0.4052143692970276,,783831.6153846154
340035,,1.0,783834.3076923077
340046,0.40522438287734985,,783853.8695652174
340047,,1.0,783855.9782608695
340056,0.4052343964576721,,783874.9565217391
340057,,1.0,783877.0652173914
340068,0.4052444100379944,,783900.2608695652
340069,,1.0,783902.3695652174
340082,0.40525442361831665,,783929.7826086957
340083,,1.0,783931.8913043478
340097,0.4052744209766388,,783959.5869565217
340098,,2.0,783961.9130434783
340106,0.40529441833496094,,783980.5217391305
340107,,2.0,783982.8478260869
340113,0.4053144156932831,,783996.804347826
340114,,2.0,783999.1304347826
340130,0.4053344130516052,,784036.3478260869
340131,,2.0,784038.6739130435
340144,0.4053344130516052,,784060.5
340145,,0.0,784062.45
340157,0.4053344130516052,,784085.85
340158,,0.0,784087.8
340164,0.4053344130516052,,784099.5
340165,,0.0,784101.45
340172,0.4053344130516052,,784115.1
340173,,0.0,784117.05
340189,0.4053444266319275,,784150.2619047619
340190,,1.0,784152.6666666666
340198,0.40535444021224976,,784171.9047619047
340199,,1.0,784174.3095238095
340204,0.405364453792572,,784186.3333333334
340205,,1.0,784188.7380952381
340216,0.4053744673728943,,784215.1904761905
340217,,1.0,784217.5952380953
340229,0.4053744673728943,,784234.9361702128
340230,,0.0,784236.5957446808
340240,0.4053744673728943,,784253.1914893617
340241,,0.0,784254.8510638297
340253,0.4053744673728943,,784274.7659574468
340254,,0.0,784276.4255319149
340265,0.4053744673728943,,784294.6808510638
340266,,0.0,784296.340425532
340284,0.4053744673728943,,784323.6666666666
340285,,0.0,784325.3777777777
340298,0.4053744673728943,,784347.6222222223
340299,,0.0,784349.3333333334
340304,0.4053744673728943,,784357.8888888889
340305,,0.0,784359.6
340312,0.4053744673728943,,784371.5777777778
340313,,0.0,784373.2888888889
340327,0.4053744673728943,,784391.5
340328,,0.0,784393.0
340342,0.4053744673728943,,784414.0
340343,,0.0,784415.5
340353,0.4053744673728943,,784430.5
340354,,0.0,784432.0
340366,0.4053744673728943,,784450.0
340367,,0.0,784451.5
340385,0.4053744673728943,,784480.0
340386,,0.0,784481.8
340395,0.4053744673728943,,784498.0
340396,,0.0,784499.8
340405,0.4053744673728943,,784516.0
340406,,0.0,784517.8
340413,0.4053744673728943,,784530.4
340414,,0.0,784532.2
340434,0.4053744673728943,,784564.6739130435
340435,,0.0,784566.4782608695
340445,0.4053744673728943,,784584.5217391305
340446,,0.0,784586.3260869565
340453,0.4053744673728943,,784598.9565217391
340454,,0.0,784600.7608695652
340461,0.4053744673728943,,784613.3913043478
340462,,0.0,784615.195652174
340479,0.4053744673728943,,784640.4285714285
340480,,0.0,784642.1020408163
340492,0.4053744673728943,,784662.1836734693
340493,,0.0,784663.8571428572
340502,0.4053744673728943,,784678.918367347
340503,,0.0,784680.5918367347
340512,0.4053744673728943,,784695.6530612245
340513,,0.0,784697.3265306122
340534,0.40539446473121643,,784747.5217391305
340535,,2.0,784750.2173913043
340541,0.4054144620895386,,784766.3913043478
340542,,2.0,784769.0869565217
340552,0.4054344594478607,,784796.0434782609
340553,,2.0,784798.7391304348
340560,0.40545445680618286,,784817.6086956522
340561,,2.0,784820.304347826
340574,0.405474454164505,,784854.75
340575,,2.0,784857.925
340582,0.40549445152282715,,784880.15
340583,,2.0,784883.325
340590,0.4055144488811493,,784905.55
340591,,2.0,784908.725
340602,0.40553444623947144,,784943.65
340603,,2.0,784946.825
340616,0.40556445717811584,,784981.1111111111
340617,,3.0,784984.2222222222
340626,0.40559446811676025,,785012.2222222222
340627,,3.0,785015.3333333334
340635,0.40562447905540466,,785040.2222222222
340636,,3.0,785043.3333333334
340649,0.4056544899940491,,785083.7777777778
340650,,3.0,785086.8888888889
340664,0.40566450357437134,,785112.2558139535
340665,,1.0,785114.2790697674
340675,0.4056745171546936,,785134.5116279069
340676,,1.0,785136.5348837209
340687,0.40568453073501587,,785158.7906976744
340688,,1.0,785160.8139534884
340694,0.40569454431533813,,785172.9534883721
340695,,1.0,785174.976744186
340708,0.40569454431533813,,785194.5
340709,,0.0,785196.25
340717,0.40569454431533813,,785210.25
340718,,0.0,785212.0
340728,0.40569454431533813,,785229.5
340729,,0.0,785231.25
340740,0.40569454431533813,,785250.5
340741,,0.0,785252.25
340759,0.40572455525398254,,785288.5918367347
340760,,3.0,785290.8979591837
340769,0.40575456619262695,,785311.6530612245
340770,,3.0,785313.9591836735
340780,0.40578457713127136,,785337.0204081633
340781,,3.0,785339.3265306122
340791,0.40581458806991577,,785362.387755102
340792,,3.0,785364.693877551
340804,0.40581458806991577,,785380.5
340805,,0.0,785382.0
340822,0.40581458806991577,,785407.5
340823,,0.0,785409.0
340833,0.40581458806991577,,785424.0
340834,,0.0,785425.5
340845,0.40581458806991577,,785442.0
340846,,0.0,785443.5
340859,0.40581458806991577,,785462.8260869565
340860,,0.0,785464.6086956522
340874,0.40581458806991577,,785489.5652173914
340875,,0.0,785491.3478260869
340885,0.40581458806991577,,785509.1739130435
340886,,0.0,785510.9565217391
340893,0.40581458806991577,,785523.4347826086
340894,,0.0,785525.2173913043
340904,0.40582460165023804,,785544.6590909091
340905,,1.0,785547.1818181818
340915,0.4058346152305603,,785572.4090909091
340916,,1.0,785574.9318181818
340927,0.40584462881088257,,785602.6818181818
340928,,1.0,785605.2045454546
340939,0.40585464239120483,,785632.9545454546
340940,,1.0,785635.4772727273
340954,0.40588465332984924,,785649.2115384615
340955,,3.0,785650.2307692308
340968,0.40591466426849365,,785663.4807692308
340969,,3.0,785664.5
340981,0.40594467520713806,,785676.7307692308
340982,,3.0,785677.75
340993,0.40597468614578247,,785688.9615384615
340994,,3.0,785689.9807692308
341010,0.4060046970844269,,785745.3947368421
341011,,3.0,785749.5789473684
341017,0.4060347080230713,,785774.6842105263
341018,,3.0,785778.8684210526
341026,0.4060647189617157,,785812.3421052631
341027,,3.0,785816.5263157894
341033,0.4060947299003601,,785841.6315789474
341034,,3.0,785845.8157894737
341048,0.4060947299003601,,785869.25
341049,,0.0,785871.0
341062,0.4060947299003601,,785893.75
341063,,0.0,785895.5
341067,0.4060947299003601,,785902.5
341068,,0.0,785904.25
341079,0.4060947299003601,,785923.5
341080,,0.0,785925.25
341094,0.4061047434806824,,785956.6153846154
341095,,1.0,785959.3076923077
341104,0.40611475706100464,,785983.5384615385
341105,,1.0,785986.2307692308
341110,0.4061247706413269,,785999.6923076923
341111,,1.0,786002.3846153846
341120,0.40613478422164917,,786026.6153846154
341121,,1.0,786029.3076923077
341133,0.40613478422164917,,786049.1219512195
341134,,0.0,786051.0243902439
341143,0.40613478422164917,,786068.1463414634
341144,,0.0,786070.0487804879
341155,0.40613478422164917,,786090.9756097561
341156,,0.0,786092.8780487805
341163,0.40613478422164917,,786106.1951219512
341164,,0.0,786108.0975609756
341186,0.4061547815799713,,786173.2115384615
341187,,2.0,786176.5384615385
341195,0.40617477893829346,,786203.1538461539
341196,,2.0,786206.4807692308
341202,0.4061947762966156,,786226.4423076923
341203,,2.0,786229.7692307692
341217,0.40621477365493774,,786276.3461538461
341218,,2.0,786279.6730769231
341234,0.40621477365493774,,786307.1428571428
341235,,0.0,786309.0
341242,0.40621477365493774,,786322.0
341243,,0.0,786323.8571428572
341250,0.40621477365493774,,786336.8571428572
341251,,0.0,786338.7142857143
341261,0.40621477365493774,,786357.2857142857
341262,,0.0,786359.1428571428
341279,0.40622478723526,,786388.4615384615
341280,,1.0,786390.4230769231
341296,0.4062348008155823,,786421.8076923077
341297,,1.0,786423.7692307692
341306,0.40624481439590454,,786441.4230769231
341307,,1.0,786443.3846153846
341315,0.4062548279762268,,786459.0769230769
341316,,1.0,786461.0384615385
341336,0.4062548279762268,,786490.3478260869
341337,,0.0,786491.9565217391
341346,0.4062548279762268,,786506.4347826086
341347,,0.0,786508.0434782609
341354,0.4062548279762268,,786519.304347826
341355,,0.0,786520.9130434783
341363,0.4062548279762268,,786533.7826086957
341364,,0.0,786535.3913043478
341382,0.4062548279762268,,786561.1304347826
341383,,0.0,786562.7391304348
341391,0.4062548279762268,,786575.6086956522
341392,,0.0,786577.2173913043
341400,0.4062548279762268,,786590.0869565217
341401,,0.0,786591.695652174
341411,0.4062548279762268,,786607.7826086957
341412,,0.0,786609.3913043478
341428,0.4062648415565491,,786636.1136363636
341429,,1.0,786638.0454545454
341437,0.40627485513687134,,786653.5
341438,,1.0,786655.4318181818
341448,0.4062848687171936,,786674.75
341449,,1.0,786676.6818181818
341457,0.40629488229751587,,786692.1363636364
341458,,1.0,786694.0681818182
341470,0.40630489587783813,,786713.5714285715
341471,,1.0,786715.5238095238
341481,0.4063149094581604,,786735.0476190476
341482,,1.0,786737.0
341490,0.40632492303848267,,786752.619047619
341491,,1.0,786754.5714285715
341501,0.40633493661880493,,786774.0952380953
341502,,1.0,786776.0476190476
341516,0.40633493661880493,,786801.1282051282
341517,,0.0,786803.2307692308
341531,0.40633493661880493,,786832.6666666666
341532,,0.0,786834.7692307692
341537,0.40633493661880493,,786845.282051282
341538,,0.0,786847.3846153846
341542,0.40633493661880493,,786855.7948717949
341543,,0.0,786857.8974358974
341559,0.4063449501991272,,786888.4186046511
341560,,1.0,786890.6046511628
341566,0.40635496377944946,,786903.7209302326
341567,,1.0,786905.9069767442
341576,0.40636497735977173,,786925.5813953489
341577,,1.0,786927.7674418605
341587,0.406374990940094,,786949.6279069767
341588,,1.0,786951.8139534884
341600,0.40638500452041626,,786973.25
341601,,1.0,786975.3888888889
341610,0.4063950181007385,,786994.6388888889
341611,,1.0,786996.7777777778
341619,0.4064050316810608,,787013.8888888889
341620,,1.0,787016.0277777778
341625,0.40641504526138306,,787026.7222222222
341626,,1.0,787028.8611111111
341638,0.40641504526138306,,787048.0769230769
341639,,0.0,787049.9743589744
341650,0.40641504526138306,,787070.8461538461
341651,,0.0,787072.7435897436
341660,0.40641504526138306,,787089.8205128205
341661,,0.0,787091.717948718
341666,0.40641504526138306,,787101.2051282051
341667,,0.0,787103.1025641026
341684,0.4064250588417053,,787132.3913043478
341685,,1.0,787134.3478260869
341690,0.4064350724220276,,787144.1304347826
341691,,1.0,787146.0869565217
341701,0.40644508600234985,,787165.6521739131
341702,,1.0,787167.6086956522
341714,0.4064550995826721,,787191.0869565217
341715,,1.0,787193.0434782609
341738,0.4064651131629944,,787233.6363636364
341739,,1.0,787235.5681818182
341748,0.40647512674331665,,787252.9545454546
341749,,1.0,787254.8863636364
341755,0.4064851403236389,,787266.4772727273
341756,,1.0,787268.4090909091
341760,0.4064951539039612,,787276.1363636364
341761,,1.0,787278.0681818182
341777,0.4064951539039612,,787302.4042553192
341778,,0.0,787304.1276595745
341786,0.4064951539039612,,787317.914893617
341787,,0.0,787319.6382978724
341798,0.4064951539039612,,787338.5957446808
341799,,0.0,787340.3191489362
341809,0.4064951539039612,,787357.5531914893
341810,,0.0,787359.2765957447
341828,0.4064951539039612,,787383.2115384615
341829,,0.0,787384.6923076923
341838,0.4064951539039612,,787398.0192307692
341839,,0.0,787399.5
341851,0.4064951539039612,,787417.2692307692
341852,,0.0,787418.75
341863,0.4064951539039612,,787435.0384615385
341864,,0.0,787436.5192307692
341881,0.4064951539039612,,787459.84
341882,,0.0,787461.4
341892,0.4064951539039612,,787477.0
341893,,0.0,787478.56
341906,0.4064951539039612,,787498.84
341907,,0.0,787500.4
341915,0.4064951539039612,,787512.88
341916,,0.0,787514.44
341935,0.4064951539039612,,787539.68
341936,,0.0,787541.16
341943,0.4064951539039612,,787551.52
341944,,0.0,787553.0
341952,0.4064951539039612,,787564.84
341953,,0.0,787566.32
341967,0.4064951539039612,,787587.04
341968,,0.0,787588.52
341986,0.40650516748428345,,787616.5909090909
341987,,1.0,787618.3636363636
341996,0.4065151810646057,,787634.3181818182
341997,,1.0,787636.0909090909
342005,0.406525194644928,,787650.2727272727
342006,,1.0,787652.0454545454
342013,0.40653520822525024,,787664.4545454546
342014,,1.0,787666.2272727273
342027,0.4065452218055725,,787691.0769230769
342028,,1.0,787693.3846153846
342034,0.4065552353858948,,787707.2307692308
342035,,1.0,787709.5384615385
342043,0.40656524896621704,,787728.0
342044,,1.0,787730.3076923077
342054,0.4065752625465393,,787753.3846153846
342055,,1.0,787755.6923076923
342070,0.4066052734851837,,787785.0769230769
342071,,3.0,787787.3333333334
342077,0.4066352844238281,,787800.8717948718
342078,,3.0,787803.1282051282
342088,0.40666529536247253,,787825.6923076923
342089,,3.0,787827.9487179487
342095,0.40669530630111694,,787841.4871794871
342096,,3.0,787843.7435897436
342110,0.40669530630111694,,787868.2894736842
342111,,0.0,787870.3157894737
342115,0.40669530630111694,,787878.4210526316
342116,,0.0,787880.447368421
342126,0.40669530630111694,,787900.7105263158
342127,,0.0,787902.7368421053
342135,0.40669530630111694,,787918.947368421
342136,,0.0,787920.9736842106
342148,0.4067053198814392,,787952.1315789474
342149,,1.0,787955.3684210526
342157,0.4067153334617615,,787981.2631578947
342158,,1.0,787984.5
342165,0.40672534704208374,,788007.1578947369
342166,,1.0,788010.3947368421
342175,0.406735360622406,,788039.5263157894
342176,,1.0,788042.7631578947
342189,0.406735360622406,,788064.7804878049
342190,,0.0,788066.6585365854
342196,0.406735360622406,,788077.9268292683
342197,,0.0,788079.8048780488
342207,0.406735360622406,,788098.5853658536
342208,,0.0,788100.4634146341
342218,0.406735360622406,,788119.243902439
342219,,0.0,788121.1219512195
342242,0.40674537420272827,,788161.8
342243,,1.0,788163.74
342254,0.40675538778305054,,788185.08
342255,,1.0,788187.02
342261,0.4067654013633728,,788198.66
342262,,1.0,788200.6
342270,0.40677541494369507,,788216.12
342271,,1.0,788218.06
342288,0.4068054258823395,,788248.8076923077
342289,,3.0,788250.8653846154
342301,0.4068354368209839,,788275.5576923077
342302,,3.0,788277.6153846154
342313,0.4068654477596283,,788300.25
342314,,3.0,788302.3076923077
342324,0.4068954586982727,,788322.8846153846
342325,,3.0,788324.9423076923
342339,0.40691545605659485,,788362.4444444445
342340,,2.0,788365.6666666666
342348,0.406935453414917,,788391.4444444445
342349,,2.0,788394.6666666666
342354,0.40695545077323914,,788410.7777777778
342355,,2.0,788414.0
342362,0.4069754481315613,,788436.5555555555
342363,,2.0,788439.7777777778
342383,0.40698546171188354,,788471.3333333334
342384,,1.0,788473.0
342389,0.4069954752922058,,788481.3333333334
342390,,1.0,788483.0
342401,0.4070054888725281,,788501.3333333334
342402,,1.0,788503.0
342415,0.40701550245285034,,788524.6666666666
342416,,1.0,788526.3333333334
342427,0.4070255160331726,,788542.5116279069
342428,,1.0,788544.3255813953
342442,0.4070355296134949,,788569.7209302326
342443,,1.0,788571.5348837209
342452,0.40704554319381714,,788587.8604651163
342453,,1.0,788589.6744186047
342460,0.4070555567741394,,788602.3720930233
342461,,1.0,788604.1860465116
342475,0.4070555567741394,,788627.4761904762
342476,,0.0,788629.4285714285
342486,0.4070555567741394,,788648.9523809524
342487,,0.0,788650.9047619047
342494,0.4070555567741394,,788664.5714285715
342495,,0.0,788666.5238095238
342504,0.4070555567741394,,788684.0952380953
342505,,0.0,788686.0476190476
342524,0.40706557035446167,,788716.9361702128
342525,,1.0,788718.7446808511
342537,0.40707558393478394,,788740.4468085107
342538,,1.0,788742.2553191489
342542,0.4070855975151062,,788749.4893617021
342543,,1.0,788751.2978723404
342553,0.40709561109542847,,788769.3829787234
342554,,1.0,788771.1914893617
342571,0.40709561109542847,,788799.6976744186
342572,,0.0,788801.6046511628
342577,0.40709561109542847,,788811.1395348837
342578,,0.0,788813.0465116279
342585,0.40709561109542847,,788826.3953488372
342586,,0.0,788828.3023255814
342598,0.40709561109542847,,788851.1860465116
342599,,0.0,788853.0930232558
342617,0.40710562467575073,,788889.7727272727
342618,,1.0,788892.0909090909
342626,0.407115638256073,,788910.6363636364
342627,,1.0,788912.9545454546
342634,0.40712565183639526,,788929.1818181818
342635,,1.0,788931.5
342644,0.40713566541671753,,788952.3636363636
342645,,1.0,788954.6818181818
342664,0.4071456789970398,,788993.9523809524
342665,,1.0,788996.2619047619
342674,0.40715569257736206,,789017.0476190476
342675,,1.0,789019.3571428572
342684,0.4071657061576843,,789040.1428571428
342685,,1.0,789042.4523809524
342688,0.4071757197380066,,789049.380952381
342689,,1.0,789051.6904761905
342706,0.40718573331832886,,789085.9069767442
342707,,1.0,789088.1860465116
342713,0.4071957468986511,,789101.8604651163
342714,,1.0,789104.1395348837
342723,0.4072057604789734,,789124.6511627907
342724,,1.0,789126.9302325582
342733,0.40721577405929565,,789147.4418604651
342734,,1.0,789149.7209302326
342748,0.40721577405929565,,789174.2619047619
342749,,0.0,789176.2857142857
342757,0.40721577405929565,,789192.4761904762
342758,,0.0,789194.5
342767,0.40721577405929565,,789212.7142857143
342768,,0.0,789214.7380952381
342777,0.40721577405929565,,789232.9523809524
342778,,0.0,789234.9761904762
342797,0.4072257876396179,,789270.28
342798,,1.0,789272.36
342809,0.4072358012199402,,789295.24
342810,,1.0,789297.32
342819,0.40724581480026245,,789316.04
342820,,1.0,789318.12
342829,0.4072558283805847,,789336.84
342830,,1.0,789338.92
342846,0.407265841960907,,789368.1555555556
342847,,1.0,789370.2444444444
342852,0.40727585554122925,,789380.6888888889
342853,,1.0,789382.7777777778
342864,0.4072858691215515,,789405.7555555556
342865,,1.0,789407.8444444444
342876,0.4072958827018738,,789430.8222222222
342877,,1.0,789432.911111111
342892,0.4073158800601959,,789465.1090909091
342893,,2.0,789467.6181818182
342908,0.40733587741851807,,789505.2545454545
342909,,2.0,789507.7636363637
342922,0.4073558747768402,,789540.3818181818
342923,,2.0,789542.8909090909
342933,0.40737587213516235,,789567.9818181818
342934,,2.0,789570.490909091
342949,0.4073858857154846,,789598.3636363636
342950,,1.0,789600.4772727273
342962,0.4073958992958069,,789625.8409090909
342963,,1.0,789627.9545454546
342970,0.40740591287612915,,789642.75
342971,,1.0,789644.8636363636
342979,0.4074159264564514,,789661.7727272727
342980,,1.0,789663.8863636364
342994,0.4074159264564514,,789682.7291666666
342995,,0.0,789684.25
343003,0.4074159264564514,,789696.4166666666
343004,,0.0,789697.9375
343019,0.4074159264564514,,789720.75
343020,,0.0,789722.2708333334
343029,0.4074159264564514,,789735.9583333334
343030,,0.0,789737.4791666666
343042,0.4074259400367737,,789760.3157894737
343043,,1.0,789762.6842105263
343052,0.40743595361709595,,789784.0
343053,,1.0,789786.3684210526
343060,0.4074459671974182,,789802.947368421
343061,,1.0,789805.3157894737
343069,0.4074559807777405,,789824.2631578947
343070,,1.0,789826.6315789474
343087,0.40746599435806274,,789856.0
343088,,1.0,789857.9285714285
343096,0.407476007938385,,789873.3571428572
343097,,1.0,789875.2857142857
343104,0.4074860215187073,,789888.7857142857
343105,,1.0,789890.7142857143
343113,0.40749603509902954,,789906.1428571428
343114,,1.0,789908.0714285715
343131,0.4075060486793518,,789936.25
343132,,1.0,789938.125
343139,0.4075160622596741,,789951.25
343140,,1.0,789953.125
343152,0.40752607583999634,,789975.625
343153,,1.0,789977.5
343163,0.4075360894203186,,789996.25
343164,,1.0,789998.125
343178,0.40755608677864075,,790032.175
343179,,2.0,790035.1
343185,0.4075760841369629,,790052.65
343186,,2.0,790055.575
343193,0.40759608149528503,,790076.05
343194,,2.0,790078.975
343205,0.4076160788536072,,790111.15
343206,,2.0,790114.075
343226,0.4076160788536072,,790144.2708333334
343227,,0.0,790145.875
343234,0.4076160788536072,,790157.1041666666
343235,,0.0,790158.7083333334
343242,0.4076160788536072,,790169.9375
343243,,0.0,790171.5416666666
343255,0.4076160788536072,,790190.7916666666
343256,,0.0,790192.3958333334
343272,0.40762609243392944,,790215.0
343273,,1.0,790216.6153846154
343283,0.4076361060142517,,790232.7692307692
343284,,1.0,790234.3846153846
343297,0.407646119594574,,790255.3846153846
343298,,1.0,790257.0
343309,0.40765613317489624,,790274.7692307692
343310,,1.0,790276.3846153846
343329,0.40765613317489624,,790303.6666666666
343330,,0.0,790305.2708333334
343342,0.40765613317489624,,790324.5208333334
343343,,0.0,790326.125
343348,0.40765613317489624,,790334.1458333334
343349,,0.0,790335.75
343359,0.40765613317489624,,790351.7916666666
343360,,0.0,790353.3958333334
343376,0.4076761305332184,,790384.9565217391
343377,,2.0,790387.2608695652
343385,0.4076961278915405,,790405.695652174
343386,,2.0,790408.0
343395,0.40771612524986267,,790428.7391304348
343396,,2.0,790431.0434782609
343407,0.4077361226081848,,790456.3913043478
343408,,2.0,790458.695652174
343426,0.4077461361885071,,790492.2765957447
343427,,1.0,790494.3617021276
343434,0.40775614976882935,,790508.9574468085
343435,,1.0,790511.0425531915
343445,0.4077661633491516,,790531.8936170213
343446,,1.0,790533.9787234042
343456,0.4077761769294739,,790554.8297872341
343457,,1.0,790556.914893617
343474,0.40778619050979614,,790590.64
343475,,1.0,790592.9
343485,0.4077962040901184,,790615.5
343486,,1.0,790617.76
343499,0.4078062176704407,,790647.14
343500,,1.0,790649.4
343508,0.40781623125076294,,790667.48
343509,,1.0,790669.74
343522,0.4078262448310852,,790689.7272727273
343523,,1.0,790691.5
343533,0.40783625841140747,,790709.2272727273
343534,,1.0,790711.0
343545,0.40784627199172974,,790730.5
343546,,1.0,790732.2727272727
343554,0.407856285572052,,790746.4545454546
343555,,1.0,790748.2272727273
343571,0.4078862965106964,,790782.9333333333
343572,,3.0,790785.4666666667
343583,0.4079163074493408,,790813.3333333334
343584,,3.0,790815.8666666667
343593,0.40794631838798523,,790838.6666666666
343594,,3.0,790841.2
343601,0.40797632932662964,,790858.9333333333
343602,,3.0,790861.4666666667
343615,0.40797632932662964,,790885.8918918918
343616,,0.0,790888.0810810811
343624,0.40797632932662964,,790905.5945945946
343625,,0.0,790907.7837837838
343634,0.40797632932662964,,790927.4864864865
343635,,0.0,790929.6756756756
343640,0.40797632932662964,,790940.6216216217
343641,,0.0,790942.8108108108
343660,0.40797632932662964,,790972.3777777777
343661,,0.0,790974.088888889
343670,0.40797632932662964,,790989.4888888889
343671,,0.0,790991.2
343676,0.40797632932662964,,790999.7555555556
343677,,0.0,791001.4666666667
343687,0.40797632932662964,,791018.5777777778
343688,,0.0,791020.2888888889
343707,0.4079863429069519,,791055.8604651163
343708,,1.0,791057.976744186
343716,0.40799635648727417,,791074.9069767442
343717,,1.0,791077.023255814
343726,0.40800637006759644,,791096.0697674418
343727,,1.0,791098.1860465116
343732,0.4080163836479187,,791108.7674418605
343733,,1.0,791110.8837209302
343743,0.40803638100624084,,791130.85
343744,,2.0,791133.4
343756,0.408056378364563,,791164.0
343757,,2.0,791166.55
343767,0.40807637572288513,,791192.05
343768,,2.0,791194.6
343774,0.4080963730812073,,791209.9
343775,,2.0,791212.45
343793,0.4080963730812073,,791239.0625
343794,,0.0,791240.6666666666
343803,0.4080963730812073,,791255.1041666666
343804,,0.0,791256.7083333334
343815,0.4080963730812073,,791274.3541666666
343816,,0.0,791275.9583333334
343824,0.4080963730812073,,791288.7916666666
343825,,0.0,791290.3958333334
343836,0.4080963730812073,,791308.2105263158
343837,,0.0,791310.2368421053
343849,0.4080963730812073,,791334.552631579
343850,,0.0,791336.5789473684
343858,0.4080963730812073,,791352.7894736842
343859,,0.0,791354.8157894737
343864,0.4080963730812073,,791364.947368421
343865,,0.0,791366.9736842106
343886,0.4080963730812073,,791394.8947368421
343887,,0.0,791396.3333333334
343899,0.4080963730812073,,791413.5964912281
343900,,0.0,791415.0350877193
343912,0.4080963730812073,,791432.298245614
343913,,0.0,791433.7368421053
343923,0.4080963730812073,,791448.1228070175
343924,,0.0,791449.5614035088
343939,0.4080963730812073,,791474.6923076923
343940,,0.0,791476.6666666666
343946,0.4080963730812073,,791488.5128205129
343947,,0.0,791490.4871794871
343956,0.4080963730812073,,791508.2564102564
343957,,0.0,791510.2307692308
343964,0.4080963730812073,,791524.0512820513
343965,,0.0,791526.0256410256
343988,0.40810638666152954,,791568.7692307692
343989,,1.0,791570.8076923077
343998,0.4081164002418518,,791589.1538461539
343999,,1.0,791591.1923076923
344007,0.4081264138221741,,791607.5
344008,,1.0,791609.5384615385
344018,0.40813642740249634,,791629.9230769231
344019,,1.0,791631.9615384615
344034,0.4081464409828186,,791658.0
344035,,1.0,791660.0
344045,0.40815645456314087,,791680.0
344046,,1.0,791682.0
344057,0.40816646814346313,,791704.0
344058,,1.0,791706.0
344072,0.4081764817237854,,791734.0
344073,,1.0,791736.0
344085,0.40818649530410767,,791759.4615384615
344086,,1.0,791761.8461538461
344095,0.40819650888442993,,791783.3076923077
344096,,1.0,791785.6923076923
344106,0.4082065224647522,,791809.5384615385
344107,,1.0,791811.9230769231
344113,0.40821653604507446,,791826.2307692308
344114,,1.0,791828.6153846154
344128,0.40821653604507446,,791849.2553191489
344129,,0.0,791850.914893617
344141,0.40821653604507446,,791870.8297872341
344142,,0.0,791872.4893617021
344152,0.40821653604507446,,791889.085106383
344153,,0.0,791890.7446808511
344162,0.40821653604507446,,791905.6808510638
344163,,0.0,791907.340425532
344183,0.40821653604507446,,791936.8510638297
344184,,0.0,791938.4893617021
344194,0.40821653604507446,,791954.8723404255
344195,,0.0,791956.5106382979
344203,0.40821653604507446,,791969.6170212766
344204,,0.0,791971.2553191489
344211,0.40821653604507446,,791982.7234042553
344212,,0.0,791984.3617021276
344230,0.40821653604507446,,792010.375
344231,,0.0,792012.0
344240,0.40821653604507446,,792026.625
344241,,0.0,792028.25
344251,0.40821653604507446,,792044.5
344252,,0.0,792046.125
344261,0.40821653604507446,,792060.75
344262,,0.0,792062.375
344279,0.4082365334033966,,792095.8723404255
344280,,2.0,792098.1489361703
344291,0.40825653076171875,,792123.1914893617
344292,,2.0,792125.4680851063
344299,0.4082765281200409,,792141.4042553192
344300,,2.0,792143.6808510638
344310,0.40829652547836304,,792166.4468085107
344311,,2.0,792168.7234042553
344328,0.40829652547836304,,792189.5818181818
344329,,0.0,792190.9090909091
344341,0.40829652547836304,,792206.8363636363
344342,,0.0,792208.1636363637
344353,0.40829652547836304,,792222.7636363637
344354,,0.0,792224.0909090909
344367,0.40829652547836304,,792241.3454545455
344368,,0.0,792242.6727272727
344380,0.40829652547836304,,792260.6829268293
344381,,0.0,792262.5365853659
344388,0.40829652547836304,,792275.512195122
344389,,0.0,792277.3658536585
344400,0.40829652547836304,,792297.756097561
344401,,0.0,792299.6097560975
344410,0.40829652547836304,,792316.2926829269
344411,,0.0,792318.1463414634
344423,0.40829652547836304,,792335.5106382979
344424,,0.0,792337.2340425532
344439,0.40829652547836304,,792363.085106383
344440,,0.0,792364.8085106383
344448,0.40829652547836304,,792378.5957446808
344449,,0.0,792380.3191489362
344459,0.40829652547836304,,792397.5531914893
344460,,0.0,792399.2765957447
344473,0.4083165228366852,,792425.1304347826
344474,,2.0,792427.5434782609
344482,0.4083365201950073,,792446.8478260869
344483,,2.0,792449.2608695652
344491,0.40835651755332947,,792468.5652173914
344492,,2.0,792470.9782608695
344507,0.4083765149116516,,792507.1739130435
344508,,2.0,792509.5869565217
344526,0.4083865284919739,,792541.1
344527,,1.0,792543.04
344536,0.40839654207229614,,792560.5
344537,,1.0,792562.44
344548,0.4084065556526184,,792583.78
344549,,1.0,792585.72
344559,0.4084165692329407,,792605.12
344560,,1.0,792607.06
344572,0.40842658281326294,,792628.2558139535
344573,,1.0,792630.3953488372
344584,0.4084365963935852,,792653.9302325582
344585,,1.0,792656.0697674418
344592,0.40844660997390747,,792671.0465116279
344593,,1.0,792673.1860465116
344604,0.40845662355422974,,792696.7209302326
344605,,1.0,792698.8604651163
344614,0.408466637134552,,792717.5789473684
344615,,1.0,792720.3421052631
344623,0.40847665071487427,,792742.447368421
344624,,1.0,792745.2105263158
344632,0.40848666429519653,,792767.3157894737
344633,,1.0,792770.0789473684
344644,0.4084966778755188,,792800.4736842106
344645,,1.0,792803.2368421053
344661,0.4084966778755188,,792824.6078431372
344662,,0.0,792826.0392156863
344677,0.4084966778755188,,792847.5098039216
344678,,0.0,792848.9411764706
344688,0.4084966778755188,,792863.2549019608
344689,,0.0,792864.6862745098
344697,0.4084966778755188,,792876.1372549019
344698,,0.0,792877.568627451
344718,0.4084966778755188,,792914.1333333333
344719,,0.0,792916.2
344725,0.4084966778755188,,792928.6
344726,,0.0,792930.6666666666
344733,0.4084966778755188,,792945.1333333333
344734,,0.0,792947.2
344744,0.4084966778755188,,792967.8666666667
344745,,0.0,792969.9333333333
344759,0.40850669145584106,,792998.2307692308
344760,,1.0,793000.6153846154
344767,0.40851670503616333,,793017.3076923077
344768,,1.0,793019.6923076923
344776,0.4085267186164856,,793038.7692307692
344777,,1.0,793041.1538461539
344785,0.40853673219680786,,793060.2307692308
344786,,1.0,793062.6153846154
344800,0.4085467457771301,,793089.475
344801,,1.0,793091.7
344809,0.4085567593574524,,793109.5
344810,,1.0,793111.725
344816,0.40856677293777466,,793125.075
344817,,1.0,793127.3
344827,0.4085767865180969,,793149.55
344828,,1.0,793151.775
344843,0.4085767865180969,,793174.3720930233
344844,,0.0,793176.0697674418
344855,0.4085767865180969,,793194.7441860465
344856,,0.0,793196.4418604651
344863,0.4085767865180969,,793208.3255813953
344864,,0.0,793210.023255814
344872,0.4085767865180969,,793223.6046511628
344873,,0.0,793225.3023255814
344886,0.40860679745674133,,793281.0540540541
344887,,3.0,793286.4594594594
344893,0.40863680839538574,,793318.8918918918
344894,,3.0,793324.2972972973
344902,0.40866681933403015,,793367.5405405406
344903,,3.0,793372.9459459459
344911,0.40869683027267456,,793416.1891891892
344912,,3.0,793421.5945945946
344924,0.40869683027267456,,793441.9318181818
344925,,0.0,793443.5909090909
344934,0.40869683027267456,,793458.5227272727
344935,,0.0,793460.1818181818
344946,0.40869683027267456,,793478.4318181818
344947,,0.0,793480.0909090909
344957,0.40869683027267456,,793496.6818181818
344958,,0.0,793498.3409090909
344972,0.4087068438529968,,793529.21875
344973,,1.0,793531.875
344980,0.4087168574333191,,793550.46875
344981,,1.0,793553.125
344987,0.40872687101364136,,793569.0625
344988,,1.0,793571.71875
344991,0.4087368845939636,,793579.6875
344992,,1.0,793582.34375
345006,0.40875688195228577,,793618.0
345007,,2.0,793621.0
345017,0.4087768793106079,,793651.0
345018,,2.0,793654.0
345024,0.40879687666893005,,793672.0
345025,,2.0,793675.0
345038,0.4088168740272522,,793714.0
345039,,2.0,793717.0
345048,0.4088168740272522,,793733.5
345049,,0.0,793735.75
345057,0.4088168740272522,,793753.75
345058,,0.0,793756.0
345067,0.4088168740272522,,793776.25
345068,,0.0,793778.5
345076,0.4088168740272522,,793796.5
345077,,0.0,793798.75
345095,0.4088168740272522,,793823.2115384615
345096,,0.0,793824.6923076923
345103,0.4088168740272522,,793835.0576923077
345104,,0.0,793836.5384615385
345115,0.4088168740272522,,793852.8269230769
345116,,0.0,793854.3076923077
345130,0.4088168740272522,,793875.0384615385
345131,,0.0,793876.5192307692
345149,0.40882688760757446,,793903.9375
345150,,1.0,793905.6666666666
345160,0.40883690118789673,,793922.9583333334
345161,,1.0,793924.6875
345169,0.408846914768219,,793938.5208333334
345170,,1.0,793940.25
345180,0.40885692834854126,,793957.5416666666
345181,,1.0,793959.2708333334
345194,0.4088669419288635,,793982.0256410256
345195,,1.0,793984.1282051282
345205,0.4088769555091858,,794005.1538461539
345206,,1.0,794007.2564102564
345214,0.40888696908950806,,794024.0769230769
345215,,1.0,794026.1794871795
345221,0.4088969826698303,,794038.7948717949
345222,,1.0,794040.8974358974
345242,0.4089069962501526,,794069.5818181818
345243,,1.0,794071.1454545455
345254,0.40891700983047485,,794088.3454545455
345255,,1.0,794089.9090909091
345266,0.4089270234107971,,794107.1090909091
345267,,1.0,794108.6727272727
345278,0.4089370369911194,,794125.8727272727
345279,,1.0,794127.4363636364
345293,0.4089370369911194,,794153.0810810811
345294,,0.0,794155.2702702703
345300,0.4089370369911194,,794168.4054054054
345301,,0.0,794170.5945945946
345308,0.4089370369911194,,794185.9189189189
345309,,0.0,794188.1081081082
345317,0.4089370369911194,,794205.6216216217
345318,,0.0,794207.8108108108
345334,0.40895703434944153,,794245.8222222222
345335,,2.0,794248.5777777778
345345,0.40897703170776367,,794276.1333333333
345346,,2.0,794278.8888888889
345356,0.4089970290660858,,794306.4444444445
345357,,2.0,794309.2
345364,0.40901702642440796,,794328.4888888889
345365,,2.0,794331.2444444444
345383,0.4090270400047302,,794359.5
345384,,1.0,794361.2
345395,0.4090370535850525,,794379.9
345396,,1.0,794381.6
345404,0.40904706716537476,,794395.2
345405,,1.0,794396.9
345416,0.409057080745697,,794415.6
345417,,1.0,794417.3
345431,0.4090670943260193,,794450.552631579
345432,,1.0,794453.4210526316
345441,0.40907710790634155,,794479.2368421053
345442,,1.0,794482.1052631579
345448,0.4090871214866638,,794499.3157894737
345449,,1.0,794502.1842105263
345456,0.4090971350669861,,794522.2631578947
345457,,1.0,794525.1315789474
345476,0.4091171324253082,,794569.6603773584
345477,,2.0,794572.2641509434
345485,0.40913712978363037,,794593.0943396227
345486,,2.0,794595.6981132076
345499,0.4091571271419525,,794629.5471698113
345500,,2.0,794632.1509433963
345511,0.40917712450027466,,794660.7924528302
345512,,2.0,794663.3962264151
345527,0.40917712450027466,,794686.64
345528,,0.0,794688.36
345539,0.40917712450027466,,794707.28
345540,,0.0,794709.0
345550,0.40917712450027466,,794726.2
345551,,0.0,794727.92
345563,0.40917712450027466,,794748.56
345564,,0.0,794750.28
345580,0.40917712450027466,,794776.5555555555
345581,,0.0,794778.4444444445
345592,0.40917712450027466,,794799.2222222222
345593,,0.0,794801.1111111111
345600,0.40917712450027466,,794814.3333333334
345601,,0.0,794816.2222222222
345610,0.40917712450027466,,794833.2222222222
345611,,0.0,794835.1111111111
345629,0.4091871380805969,,794866.1346153846
345630,,1.0,794868.0769230769
345642,0.4091971516609192,,794891.3846153846
345643,,1.0,794893.3269230769
345655,0.40920716524124146,,794916.6346153846
345656,,1.0,794918.5769230769
345664,0.4092171788215637,,794934.1153846154
345665,,1.0,794936.0576923077
345681,0.40923717617988586,,794984.8684210526
345682,,2.0,794988.4736842106
345690,0.409257173538208,,795017.3157894737
345691,,2.0,795020.9210526316
345697,0.40927717089653015,,795042.552631579
345698,,2.0,795046.1578947369
345704,0.4092971682548523,,795067.7894736842
345705,,2.0,795071.3947368421
345719,0.40930718183517456,,795100.6666666666
345720,,1.0,795103.0
345730,0.4093171954154968,,795126.3333333334
345731,,1.0,795128.6666666666
345739,0.4093272089958191,,795147.3333333334
345740,,1.0,795149.6666666666
345748,0.40933722257614136,,795168.3333333334
345749,,1.0,795170.6666666666
345763,0.4093472361564636,,795199.4523809524
345764,,1.0,795201.8571428572
345776,0.4093572497367859,,795230.7142857143
345777,,1.0,795233.119047619
345783,0.40936726331710815,,795247.5476190476
345784,,1.0,795249.9523809524
345792,0.4093772768974304,,795269.1904761905
345793,,1.0,795271.5952380953
345803,0.4093772768974304,,795287.1860465116
345804,,0.0,795289.0697674418
345815,0.4093772768974304,,795309.7906976744
345816,,0.0,795311.6744186047
345825,0.4093772768974304,,795328.6279069767
345826,,0.0,795330.5116279069
345837,0.4093772768974304,,795351.2325581395
345838,,0.0,795353.1162790698
345854,0.40940728783607483,,795382.4444444445
345855,,3.0,795384.5555555555
345866,0.40943729877471924,,795407.7777777778
345867,,3.0,795409.8888888889
345872,0.40946730971336365,,795420.4444444445
345873,,3.0,795422.5555555555
345884,0.40949732065200806,,795445.7777777778
345885,,3.0,795447.8888888889
345906,0.4095173180103302,,795491.4339622641
345907,,2.0,795493.7358490566
345916,0.40953731536865234,,795514.4528301887
345917,,2.0,795516.7547169811
345928,0.4095573127269745,,795542.0754716981
345929,,2.0,795544.3773584906
345939,0.40957731008529663,,795567.3962264151
345940,,2.0,795569.6981132076
345959,0.4095973074436188,,795622.0425531915
345960,,2.0,795625.1702127659
345967,0.4096173048019409,,795647.0638297872
345968,,2.0,795650.1914893617
345977,0.40963730216026306,,795678.340425532
345978,,2.0,795681.4680851063
345988,0.4096572995185852,,795712.7446808511
345989,,2.0,795715.8723404255
345999,0.40967729687690735,,795740.8
346000,,2.0,795743.9142857143
346006,0.4096972942352295,,795762.6
346007,,2.0,795765.7142857143
346015,0.40971729159355164,,795790.6285714286
346016,,2.0,795793.7428571428
346025,0.4097372889518738,,795821.7714285714
346026,,2.0,795824.8857142857
346039,0.40974730253219604,,795847.0697674418
346040,,1.0,795848.976744186
346050,0.4097573161125183,,795868.0465116279
346051,,1.0,795869.9534883721
346059,0.4097673296928406,,795885.2093023256
346060,,1.0,795887.1162790698
346070,0.40977734327316284,,795906.1860465116
346071,,1.0,795908.0930232558
346083,0.40977734327316284,,795928.45
346084,,0.0,795930.5
346094,0.40977734327316284,,795951.0
346095,,0.0,795953.05
346107,0.40977734327316284,,795977.65
346108,,0.0,795979.7
346112,0.40977734327316284,,795987.9
346113,,0.0,795989.95
346130,0.4097873568534851,,796018.8571428572
346131,,1.0,796020.775510204
346140,0.4097973704338074,,796038.0408163265
346141,,1.0,796039.9591836735
346152,0.40980738401412964,,796061.0612244898
346153,,1.0,796062.9795918367
346163,0.4098173975944519,,796082.1632653062
346164,,1.0,796084.081632653
346180,0.40982741117477417,,796113.1063829787
346181,,1.0,796115.1914893617
346187,0.40983742475509644,,796127.7021276596
346188,,1.0,796129.7872340425
346199,0.4098474383354187,,796152.7234042553
346200,,1.0,796154.8085106383
346212,0.40985745191574097,,796179.8297872341
346213,,1.0,796181.914893617
346225,0.40986746549606323,,796204.5434782609
346226,,1.0,796206.8260869565
346237,0.4098774790763855,,796231.9347826086
346238,,1.0,796234.2173913043
346248,0.40988749265670776,,796257.0434782609
346249,,1.0,796259.3260869565
346260,0.40989750623703003,,796284.4347826086
346261,,1.0,796286.7173913043
346276,0.4099075198173523,,796310.3913043478
346277,,1.0,796312.1739130435
346287,0.40991753339767456,,796330.0
346288,,1.0,796331.7826086957
346300,0.4099275469779968,,796353.1739130435
346301,,1.0,796354.9565217391
346308,0.4099375605583191,,796367.4347826086
346309,,1.0,796369.2173913043
346321,0.4099675714969635,,796392.6
346322,,3.0,796395.0
346329,0.4099975824356079,,796411.8
346330,,3.0,796414.2
346342,0.4100275933742523,,796443.0
346343,,3.0,796445.4
346350,0.41005760431289673,,796462.2
346351,,3.0,796464.6
346364,0.41007760167121887,,796488.4893617021
346365,,2.0,796490.6382978724
346373,0.410097599029541,,796507.8297872341
346374,,2.0,796509.9787234042
346388,0.41011759638786316,,796540.0638297872
346389,,2.0,796542.2127659575
346399,0.4101375937461853,,796563.7021276596
346400,,2.0,796565.8510638297
346418,0.41014760732650757,,796598.0
346419,,1.0,796600.0
346429,0.41015762090682983,,796620.0
346430,,1.0,796622.0
346444,0.4101676344871521,,796650.0
346445,,1.0,796652.0
346454,0.41017764806747437,,796670.0
346455,,1.0,796672.0
346477,0.41018766164779663,,796714.4782608695
346478,,1.0,796716.6086956522
346486,0.4101976752281189,,796733.6521739131
346487,,1.0,796735.7826086957
346493,0.41020768880844116,,796748.5652173914
346494,,1.0,796750.695652174
346502,0.4102177023887634,,796767.7391304348
346503,,1.0,796769.8695652174
346516,0.4102277159690857,,796796.3243243244
346517,,1.0,796798.7567567568
346525,0.41023772954940796,,796818.2162162162
346526,,1.0,796820.6486486486
346533,0.4102477431297302,,796837.6756756756
346534,,1.0,796840.1081081082
346541,0.4102577567100525,,796857.1351351351
346542,,1.0,796859.5675675676
346556,0.41026777029037476,,796884.5238095238
346557,,1.0,796886.5714285715
346563,0.410277783870697,,796898.8571428572
346564,,1.0,796900.9047619047
346577,0.4102877974510193,,796927.5238095238
346578,,1.0,796929.5714285715
346585,0.41029781103134155,,796943.9047619047
346586,,1.0,796945.9523809524
346601,0.41029781103134155,,796967.5
346602,,0.0,796969.125
346611,0.41029781103134155,,796983.75
346612,,0.0,796985.375
346623,0.41029781103134155,,797003.25
346624,,0.0,797004.875
346635,0.41029781103134155,,797022.75
346636,,0.0,797024.375
346649,0.41029781103134155,,797046.7692307692
346650,,0.0,797048.8461538461
346658,0.41029781103134155,,797065.4615384615
346659,,0.0,797067.5384615385
346670,0.41029781103134155,,797090.3846153846
346671,,0.0,797092.4615384615
346676,0.41029781103134155,,797102.8461538461
346677,,0.0,797104.9230769231
346695,0.41029781103134155,,797129.0754716981
346696,,0.0,797130.5471698113
346704,0.41029781103134155,,797142.320754717
346705,,0.0,797143.7924528302
346722,0.41029781103134155,,797168.8113207547
346723,,0.0,797170.283018868
346731,0.41029781103134155,,797182.0566037736
346732,,0.0,797183.5283018867
346743,0.41029781103134155,,797200.619047619
346744,,0.0,797202.5714285715
346754,0.41029781103134155,,797222.0952380953
346755,,0.0,797224.0476190476
346765,0.41029781103134155,,797243.5714285715
346766,,0.0,797245.5238095238
346775,0.41029781103134155,,797263.0952380953
346776,,0.0,797265.0476190476
346789,0.4103178083896637,,797288.8604651163
346790,,2.0,797291.0465116279
346801,0.41033780574798584,,797315.0930232558
346802,,2.0,797317.2790697674
346813,0.410357803106308,,797341.3255813953
346814,,2.0,797343.5116279069
346820,0.4103778004646301,,797356.6279069767
346821,,2.0,797358.8139534884
346839,0.4103878140449524,,797399.0
346840,,1.0,797401.5333333333
346849,0.41039782762527466,,797424.3333333334
346850,,1.0,797426.8666666667
346859,0.4104078412055969,,797449.6666666666
346860,,1.0,797452.2
346867,0.4104178547859192,,797469.9333333333
346868,,1.0,797472.4666666667
346881,0.4104178547859192,,797495.2631578947
346882,,0.0,797497.2894736842
346893,0.4104178547859192,,797519.5789473684
346894,,0.0,797521.6052631579
346899,0.4104178547859192,,797531.7368421053
346900,,0.0,797533.7631578947
346907,0.4104178547859192,,797547.947368421
346908,,0.0,797549.9736842106
346921,0.41043785214424133,,797580.6842105263
346922,,2.0,797583.552631579
346927,0.4104578495025635,,797597.8947368421
346928,,2.0,797600.7631578947
346939,0.4104778468608856,,797632.3157894737
346940,,2.0,797635.1842105263
346947,0.41049784421920776,,797655.2631578947
346948,,2.0,797658.1315789474
346961,0.41050785779953003,,797678.6470588235
346962,,1.0,797680.4117647059
346975,0.4105178713798523,,797703.3529411765
346976,,1.0,797705.1176470588
346987,0.41052788496017456,,797724.5294117647
346988,,1.0,797726.2941176471
347000,0.4105378985404968,,797747.4705882353
347001,,1.0,797749.2352941176
347013,0.4105378985404968,,797766.9545454546
347014,,0.0,797768.7272727273
347023,0.4105378985404968,,797784.6818181818
347024,,0.0,797786.4545454546
347033,0.4105378985404968,,797802.4090909091
347034,,0.0,797804.1818181818
347046,0.4105378985404968,,797825.4545454546
347047,,0.0,797827.2272727273
347065,0.4105479121208191,,797856.5510204082
347066,,1.0,797858.387755102
347073,0.41055792570114136,,797871.2448979592
347074,,1.0,797873.081632653
347084,0.4105679392814636,,797891.4489795918
347085,,1.0,797893.2857142857
347097,0.4105779528617859,,797915.3265306122
347098,,1.0,797917.1632653062
347115,0.41059795022010803,,797972.9583333334
347116,,2.0,797976.8125
347123,0.4106179475784302,,798003.7916666666
347124,,2.0,798007.6458333334
347133,0.4106379449367523,,798042.3333333334
347134,,2.0,798046.1875
347147,0.41065794229507446,,798096.2916666666
347148,,2.0,798100.1458333334
347162,0.41066795587539673,,798126.2619047619
347163,,1.0,798128.2857142857
347174,0.410677969455719,,798150.5476190476
347175,,1.0,798152.5714285715
347183,0.41068798303604126,,798168.7619047619
347184,,1.0,798170.7857142857
347191,0.4106979966163635,,798184.9523809524
347192,,1.0,798186.9761904762
347206,0.4106979966163635,,798211.2894736842
347207,,0.0,798213.3157894737
347212,0.4106979966163635,,798223.447368421
347213,,0.0,798225.4736842106
347220,0.4106979966163635,,798239.6578947369
347221,,0.0,798241.6842105263
347231,0.4106979966163635,,798261.947368421
347232,,0.0,798263.9736842106
347249,0.4106979966163635,,798287.5833333334
347250,,0.0,798289.125
347259,0.4106979966163635,,798303.0
347260,,0.0,798304.5416666666
347269,0.4106979966163635,,798318.4166666666
347270,,0.0,798319.9583333334
347281,0.4106979966163635,,798336.9166666666
347282,,0.0,798338.4583333334
347298,0.4107080101966858,,798367.0
347299,,1.0,798369.0769230769
347306,0.41071802377700806,,798383.6153846154
347307,,1.0,798385.6923076923
347315,0.4107280373573303,,798402.3076923077
347316,,1.0,798404.3846153846
347322,0.4107380509376526,,798416.8461538461
347323,,1.0,798418.9230769231
347337,0.410768061876297,,798449.3555555556
347338,,3.0,798451.9333333333
347348,0.4107980728149414,,798477.7111111111
347349,,3.0,798480.2888888889
347362,0.4108280837535858,,798513.8
347363,,3.0,798516.3777777777
347369,0.4108580946922302,,798531.8444444444
347370,,3.0,798534.4222222222
347387,0.4108580946922302,,798564.641025641
347388,,0.0,798566.6153846154
347394,0.4108580946922302,,798578.4615384615
347395,,0.0,798580.4358974359
347401,0.4108580946922302,,798592.282051282
347402,,0.0,798594.2564102564
347410,0.4108580946922302,,798610.0512820513
347411,,0.0,798612.0256410256
347425,0.4108681082725525,,798633.8936170213
347426,,1.0,798635.7021276596
347439,0.41087812185287476,,798659.2127659575
347440,,1.0,798661.0212765958
347448,0.410888135433197,,798675.4893617021
347449,,1.0,798677.2978723404
347459,0.4108981490135193,,798695.3829787234
347460,,1.0,798697.1914893617
347478,0.4108981490135193,,798722.8775510204
347479,,0.0,798724.4693877551
347494,0.4108981490135193,,798748.3469387755
347495,,0.0,798749.9387755102
347502,0.4108981490135193,,798761.081632653
347503,,0.0,798762.6734693878
347510,0.4108981490135193,,798773.8163265307
347511,,0.0,798775.4081632653
347528,0.4108981490135193,,798799.12
347529,,0.0,798800.7
347539,0.4108981490135193,,798816.5
347540,,0.0,798818.08
347549,0.4108981490135193,,798832.3
347550,,0.0,798833.88
347562,0.4108981490135193,,798852.84
347563,,0.0,798854.42
347581,0.4109281599521637,,798873.3076923077
347582,,3.0,798874.4615384615
347592,0.4109581708908081,,798886.0
347593,,3.0,798887.1538461539
347605,0.4109881818294525,,798901.0
347606,,3.0,798902.1538461539
347616,0.4110181927680969,,798913.6923076923
347617,,3.0,798914.8461538461
347630,0.41103819012641907,,798938.7083333334
347631,,2.0,798940.9791666666
347637,0.4110581874847412,,798954.6041666666
347638,,2.0,798956.875
347653,0.41107818484306335,,798990.9375
347654,,2.0,798993.2083333334
347666,0.4110981822013855,,799020.4583333334
347667,,2.0,799022.7291666666
347686,0.41110819578170776,,799054.9130434783
347687,,1.0,799056.7826086957
347698,0.41111820936203003,,799077.3478260869
347699,,1.0,799079.2173913043
347708,0.4111282229423523,,799096.0434782609
347709,,1.0,799097.9130434783
347714,0.41113823652267456,,799107.2608695652
347715,,1.0,799109.1304347826
347730,0.4111582338809967,,799142.8
347731,,2.0,799145.45
347737,0.41117823123931885,,799161.35
347738,,2.0,799164.0
347746,0.411198228597641,,799185.2
347747,,2.0,799187.85
347756,0.41121822595596313,,799211.7
347757,,2.0,799214.35
347774,0.41124823689460754,,799282.1162790698
347775,,3.0,799286.7674418605
347783,0.41127824783325195,,799323.976744186
347784,,3.0,799328.6279069767
347792,0.41130825877189636,,799365.8372093023
347793,,3.0,799370.4883720931
347801,0.41133826971054077,,799407.6976744186
347802,,3.0,799412.3488372093
347814,0.41134828329086304,,799438.2926829269
347815,,1.0,799440.6585365854
347821,0.4113582968711853,,799454.8536585366
347822,,1.0,799457.2195121951
347830,0.41136831045150757,,799476.1463414634
347831,,1.0,799478.512195122
347844,0.41137832403182983,,799509.268292683
347845,,1.0,799511.6341463415
347858,0.411398321390152,,799547.9583333334
347859,,2.0,799551.3541666666
347868,0.4114183187484741,,799581.9166666666
347869,,2.0,799585.3125
347878,0.41143831610679626,,799615.875
347879,,2.0,799619.2708333334
347894,0.4114583134651184,,799670.2083333334
347895,,2.0,799673.6041666666
347909,0.41147831082344055,,799706.7804878049
347910,,2.0,799709.487804878
347916,0.4114983081817627,,799725.731707317
347917,,2.0,799728.4390243902
347927,0.41151830554008484,,799755.512195122
347928,,2.0,799758.2195121951
347937,0.411538302898407,,799782.5853658536
347938,,2.0,799785.2926829269
347952,0.4115583002567291,,799820.2826086957
347953,,2.0,799823.2173913043
347960,0.41157829761505127,,799843.7608695652
347961,,2.0,799846.695652174
347973,0.4115982949733734,,799881.9130434783
347974,,2.0,799884.8478260869
347985,0.41161829233169556,,799917.1304347826
347986,,2.0,799920.0652173914
348002,0.41161829233169556,,799944.7608695652
348003,,0.0,799946.4347826086
348011,0.41161829233169556,,799959.8260869565
348012,,0.0,799961.5
348022,0.41161829233169556,,799978.2391304348
348023,,0.0,799979.9130434783
348033,0.41161829233169556,,799996.6521739131
348034,,0.0,799998.3260869565
348049,0.4116382896900177,,800028.7441860465
348050,,2.0,800031.1395348837
348063,0.41165828704833984,,800062.2790697674
348064,,2.0,800064.6744186047
348070,0.411678284406662,,800079.0465116279
348071,,2.0,800081.4418604651
348078,0.41169828176498413,,800098.2093023256
348079,,2.0,800100.6046511628
348093,0.4117082953453064,,800129.0243902439
348094,,1.0,800131.3902439025
348102,0.41171830892562866,,800150.3170731707
348103,,1.0,800152.6829268293
348113,0.4117283225059509,,800176.3414634146
348114,,1.0,800178.7073170731
348121,0.4117383360862732,,800195.268292683
348122,,1.0,800197.6341463415
348137,0.41175833344459534,,800224.25
348138,,2.0,800226.2708333334
348147,0.4117783308029175,,800244.4583333334
348148,,2.0,800246.4791666666
348158,0.4117983281612396,,800266.6875
348159,,2.0,800268.7083333334
348171,0.41181832551956177,,800292.9583333334
348172,,2.0,800294.9791666666
348190,0.41181832551956177,,800319.6470588235
348191,,0.0,800321.1568627451
348204,0.41181832551956177,,800340.7843137255
348205,,0.0,800342.2941176471
348218,0.41181832551956177,,800361.9215686275
348219,,0.0,800363.431372549
348224,0.41181832551956177,,800370.9803921569
348225,,0.0,800372.4901960784
348239,0.41181832551956177,,800393.380952381
348240,,0.0,800395.1428571428
348251,0.41181832551956177,,800414.5238095238
348252,,0.0,800416.2857142857
348259,0.41181832551956177,,800428.619047619
348260,,0.0,800430.380952381
348268,0.41181832551956177,,800444.4761904762
348269,,0.0,800446.2380952381
348287,0.41181832551956177,,800479.9736842106
348288,,0.0,800482.1052631579
348293,0.41181832551956177,,800492.7631578947
348294,,0.0,800494.8947368421
348302,0.41181832551956177,,800511.947368421
348303,,0.0,800514.0789473684
348308,0.41181832551956177,,800524.7368421053
348309,,0.0,800526.8684210526
348329,0.41181832551956177,,800558.088888889
348330,,0.0,800559.8
348336,0.41181832551956177,,800570.0666666667
348337,,0.0,800571.7777777778
348345,0.41181832551956177,,800585.4666666667
348346,,0.0,800587.1777777778
348355,0.41181832551956177,,800602.5777777778
348356,,0.0,800604.2888888889
348371,0.4118483364582062,,800664.5365853659
348372,,3.0,800669.4146341464
348380,0.4118783473968506,,800708.4390243902
348381,,3.0,800713.3170731707
348391,0.411908358335495,,800762.0975609756
348392,,3.0,800766.9756097561
348398,0.4119383692741394,,800796.243902439
348399,,3.0,800801.1219512195
348410,0.4119383692741394,,800826.8
348411,,0.0,800829.4
348418,0.4119383692741394,,800847.6
348419,,0.0,800850.2
348423,0.4119383692741394,,800860.6
348424,,0.0,800863.2
348430,0.4119383692741394,,800878.8
348431,,0.0,800881.4
348443,0.41194838285446167,,800899.6
348444,,1.0,800901.3333333334
348451,0.41195839643478394,,800913.4666666667
348452,,1.0,800915.2
348466,0.4119684100151062,,800939.4666666667
348467,,1.0,800941.2
348477,0.41197842359542847,,800958.5333333333
348478,,1.0,800960.2666666667
348490,0.4120084345340729,,800974.1395348837
348491,,3.0,800975.4883720931
348500,0.4120384454727173,,800987.6279069767
348501,,3.0,800988.976744186
348509,0.4120684564113617,,800999.7674418605
348510,,3.0,801001.1162790698
348522,0.4120984673500061,,801017.3023255814
348523,,3.0,801018.6511627907
348534,0.41211846470832825,,801038.0465116279
348535,,2.0,801040.3023255814
348545,0.4121384620666504,,801062.8604651163
348546,,2.0,801065.1162790698
348557,0.41215845942497253,,801089.9302325582
348558,,2.0,801092.1860465116
348567,0.4121784567832947,,801112.4883720931
348568,,2.0,801114.7441860465
348580,0.4121784567832947,,801132.8
348581,,0.0,801134.5555555555
348595,0.4121784567832947,,801159.1333333333
348596,,0.0,801160.8888888889
348605,0.4121784567832947,,801176.6888888889
348606,,0.0,801178.4444444445
348614,0.4121784567832947,,801192.4888888889
348615,,0.0,801194.2444444444
348631,0.4121784567832947,,801216.693877551
348632,,0.0,801218.2857142857
348640,0.4121784567832947,,801231.0204081633
348641,,0.0,801232.612244898
348655,0.4121784567832947,,801254.8979591837
348656,,0.0,801256.4897959183
348665,0.4121784567832947,,801270.8163265307
348666,,0.0,801272.4081632653
348681,0.4121784567832947,,801298.0
348682,,0.0,801300.0
348689,0.4121784567832947,,801314.0
348690,,0.0,801316.0
348696,0.4121784567832947,,801328.0
348697,,0.0,801330.0
348706,0.4121784567832947,,801348.0
348707,,0.0,801350.0
348723,0.41218847036361694,,801382.225
348724,,1.0,801384.55
348729,0.4121984839439392,,801396.175
348730,,1.0,801398.5
348736,0.4122084975242615,,801412.45
348737,,1.0,801414.775
348748,0.41221851110458374,,801440.35
348749,,1.0,801442.675
348771,0.41221851110458374,,801471.6730769231
348772,,0.0,801473.0769230769
348779,0.41221851110458374,,801482.9038461539
348780,,0.0,801484.3076923077
348790,0.41221851110458374,,801498.3461538461
348791,,0.0,801499.75
348802,0.41221851110458374,,801515.1923076923
348803,,0.0,801516.5961538461
348813,0.41221851110458374,,801532.0
348814,,0.0,801534.0
348824,0.41221851110458374,,801554.0
348825,,0.0,801556.0
348833,0.41221851110458374,,801572.0
348834,,0.0,801574.0
348843,0.41221851110458374,,801592.0
348844,,0.0,801594.0
348862,0.41221851110458374,,801620.0625
348863,,0.0,801621.6666666666
348871,0.41221851110458374,,801634.5
348872,,0.0,801636.1041666666
348881,0.41221851110458374,,801650.5416666666
348882,,0.0,801652.1458333334
348893,0.41221851110458374,,801669.7916666666
348894,,0.0,801671.3958333334
348905,0.41221851110458374,,801686.2765957447
348906,,0.0,801687.9361702128
348918,0.41221851110458374,,801707.8510638297
348919,,0.0,801709.5106382979
348932,0.41221851110458374,,801731.085106383
348933,,0.0,801732.7446808511
348942,0.41221851110458374,,801747.6808510638
348943,,0.0,801749.340425532
348958,0.412228524684906,,801770.0588235294
348959,,1.0,801771.6470588235
348970,0.41223853826522827,,801789.1176470588
348971,,1.0,801790.7058823529
348982,0.41224855184555054,,801808.1764705882
348983,,1.0,801809.7647058824
348995,0.4122585654258728,,801828.8235294118
348996,,1.0,801830.4117647059
349012,0.41226857900619507,,801855.9607843137
349013,,1.0,801857.8039215687
349027,0.41227859258651733,,801883.6078431372
349028,,1.0,801885.4509803922
349037,0.4122886061668396,,801902.0392156863
349038,,1.0,801903.8823529412
349048,0.41229861974716187,,801922.3137254902
349049,,1.0,801924.1568627451
349060,0.41230863332748413,,801946.4
349061,,1.0,801948.95
349070,0.4123186469078064,,801971.9
349071,,1.0,801974.45
349080,0.41232866048812866,,801997.4
349081,,1.0,801999.95
349090,0.4123386740684509,,802022.9
349091,,1.0,802025.45
349102,0.4123486876487732,,802045.3023255814
349103,,1.0,802047.4651162791
349113,0.41235870122909546,,802069.0930232558
349114,,1.0,802071.2558139535
349124,0.4123687148094177,,802092.8837209302
349125,,1.0,802095.0465116279
349135,0.41237872838974,,802116.6744186047
349136,,1.0,802118.8372093023
349147,0.41239872574806213,,802140.7209302326
349148,,2.0,802143.1860465116
349159,0.4124187231063843,,802170.3023255814
349160,,2.0,802172.7674418605
349168,0.4124387204647064,,802192.4883720931
349169,,2.0,802194.9534883721
349180,0.41245871782302856,,802222.0697674418
349181,,2.0,802224.5348837209
349199,0.4124787151813507,,802260.3673469388
349200,,2.0,802262.5918367347
349210,0.41249871253967285,,802284.8367346938
349211,,2.0,802287.0612244898
349222,0.412518709897995,,802311.5306122449
349223,,2.0,802313.7551020408
349231,0.41253870725631714,,802331.5510204082
349232,,2.0,802333.775510204
349240,0.4125587046146393,,802350.7297297297
349241,,2.0,802353.6756756756
349252,0.4125787019729614,,802386.0810810811
349253,,2.0,802389.027027027
349260,0.41259869933128357,,802409.6486486486
349261,,2.0,802412.5945945946
349270,0.4126186966896057,,802439.1081081082
349271,,2.0,802442.0540540541
349281,0.4126186966896057,,802461.4705882353
349282,,0.0,802463.8235294118
349290,0.4126186966896057,,802482.6470588235
349291,,0.0,802485.0
349301,0.4126186966896057,,802508.5294117647
349302,,0.0,802510.8823529412
349306,0.4126186966896057,,802520.2941176471
349307,,0.0,802522.6470588235
349319,0.4126186966896057,,802541.7142857143
349320,,0.0,802543.5714285715
349331,0.4126186966896057,,802564.0
349332,,0.0,802565.8571428572
349343,0.4126186966896057,,802586.2857142857
349344,,0.0,802588.1428571428
349350,0.4126186966896057,,802599.2857142857
349351,,0.0,802601.1428571428
349370,0.41263869404792786,,802643.4897959183
349371,,2.0,802646.0204081633
349382,0.41265869140625,,802673.8571428572
349383,,2.0,802676.387755102
349392,0.41267868876457214,,802699.1632653062
349393,,2.0,802701.693877551
349401,0.4126986861228943,,802721.9387755102
349402,,2.0,802724.4693877551
349417,0.4126986861228943,,802747.5333333333
349418,,0.0,802749.2444444444
349427,0.4126986861228943,,802764.6444444444
349428,,0.0,802766.3555555556
349441,0.4126986861228943,,802788.6
349442,,0.0,802790.3111111111
349448,0.4126986861228943,,802800.5777777778
349449,,0.0,802802.2888888889
349462,0.4126986861228943,,802824.5
349463,,0.0,802826.55
349469,0.4126986861228943,,802838.85
349470,,0.0,802840.9
349479,0.4126986861228943,,802859.35
349480,,0.0,802861.4
349490,0.4126986861228943,,802881.9
349491,,0.0,802883.95
349509,0.4127286970615387,,802947.875
349510,,3.0,802952.0
349519,0.4127587080001831,,802989.125
349520,,3.0,802993.25
349531,0.4127887189388275,,803038.625
349532,,3.0,803042.75
349540,0.4128187298774719,,803075.75
349541,,3.0,803079.875
349559,0.4128187298774719,,803109.3125
349560,,0.0,803111.0
349568,0.4128187298774719,,803124.5
349569,,0.0,803126.1875
349577,0.4128187298774719,,803139.6875
349578,,0.0,803141.375
349590,0.4128187298774719,,803161.625
349591,,0.0,803163.3125
349603,0.4128187298774719,,803181.5
349604,,0.0,803183.3333333334
349615,0.4128187298774719,,803203.5
349616,,0.0,803205.3333333334
349625,0.4128187298774719,,803221.8333333334
349626,,0.0,803223.6666666666
349634,0.4128187298774719,,803238.3333333334
349635,,0.0,803240.1666666666
349646,0.4128187298774719,,803258.8205128205
349647,,0.0,803260.9230769231
349658,0.4128187298774719,,803284.0512820513
349659,,0.0,803286.1538461539
349665,0.4128187298774719,,803298.7692307692
349666,,0.0,803300.8717948718
349675,0.4128187298774719,,803319.7948717949
349676,,0.0,803321.8974358974
349695,0.4128187298774719,,803352.5957446808
349696,,0.0,803354.3829787234
349707,0.4128187298774719,,803374.0425531915
349708,,0.0,803375.8297872341
349716,0.4128187298774719,,803390.1276595745
349717,,0.0,803391.914893617
349724,0.4128187298774719,,803404.4255319149
349725,,0.0,803406.2127659575
349743,0.4128187298774719,,803436.9285714285
349744,,0.0,803438.8571428572
349749,0.4128187298774719,,803448.5
349750,,0.0,803450.4285714285
349759,0.4128187298774719,,803467.7857142857
349760,,0.0,803469.7142857143
349768,0.4128187298774719,,803485.1428571428
349769,,0.0,803487.0714285715
349783,0.4128187298774719,,803516.5
349784,,0.0,803519.0
349790,0.4128187298774719,,803534.0
349791,,0.0,803536.5
349796,0.4128187298774719,,803549.0
349797,,0.0,803551.5
349804,0.4128187298774719,,803569.0
349805,,0.0,803571.5
349823,0.4128187298774719,,803599.1086956522
349824,,0.0,803600.7826086957
349832,0.4128187298774719,,803614.1739130435
349833,,0.0,803615.8478260869
349846,0.4128187298774719,,803637.6086956522
349847,,0.0,803639.2826086957
349852,0.4128187298774719,,803647.6521739131
349853,,0.0,803649.3260869565
349868,0.41283872723579407,,803687.0
349869,,2.0,803690.0
349876,0.4128587245941162,,803711.0
349877,,2.0,803714.0
349885,0.41287872195243835,,803738.0
349886,,2.0,803741.0
349899,0.4128987193107605,,803780.0
349900,,2.0,803783.0
349914,0.4128987193107605,,803805.7083333334
349915,,0.0,803807.5
349925,0.4128987193107605,,803825.4166666666
349926,,0.0,803827.2083333334
349935,0.4128987193107605,,803843.3333333334
349936,,0.0,803845.125
349949,0.4128987193107605,,803868.4166666666
349950,,0.0,803870.2083333334
349967,0.4129287302494049,,803888.0
349968,,3.0,803889.1428571428
349973,0.4129587411880493,,803894.8571428572
349974,,3.0,803896.0
349983,0.4129887521266937,,803906.2857142857
349984,,3.0,803907.4285714285
349993,0.41301876306533813,,803917.7142857143
349994,,3.0,803918.8571428572
350004,0.4130387604236603,,803943.8378378379
350005,,2.0,803947.2432432432
350014,0.4130587577819824,,803977.8918918918
350015,,2.0,803981.2972972973
350026,0.41307875514030457,,804018.7567567568
350027,,2.0,804022.1621621621
350032,0.4130987524986267,,804039.1891891892
350033,,2.0,804042.5945945946
350050,0.41311874985694885,,804079.4634146341
350051,,2.0,804081.8536585366
350060,0.413138747215271,,804103.3658536585
350061,,2.0,804105.756097561
350067,0.41315874457359314,,804120.0975609756
350068,,2.0,804122.487804878
350075,0.4131787419319153,,804139.2195121951
350076,,2.0,804141.6097560975
350091,0.4131987392902374,,804175.7333333333
350092,,2.0,804178.3777777777
350102,0.41321873664855957,,804204.8222222222
350103,,2.0,804207.4666666667
350112,0.4132387340068817,,804231.2666666667
350113,,2.0,804233.911111111
350122,0.41325873136520386,,804257.7111111111
350123,,2.0,804260.3555555556
350141,0.4132687449455261,,804285.0909090909
350142,,1.0,804286.5636363636
350154,0.4132787585258484,,804304.2363636363
350155,,1.0,804305.7090909091
350166,0.41328877210617065,,804321.9090909091
350167,,1.0,804323.3818181818
350179,0.4132987856864929,,804341.0545454546
350180,,1.0,804342.5272727272
350193,0.4133087992668152,,804366.6666666666
350194,,1.0,804368.9333333333
350206,0.41331881284713745,,804396.1333333333
350207,,1.0,804398.4
350217,0.4133288264274597,,804421.0666666667
350218,,1.0,804423.3333333334
350226,0.413338840007782,,804441.4666666667
350227,,1.0,804443.7333333333
350241,0.41334885358810425,,804470.9333333333
350242,,1.0,804473.2
350249,0.4133588671684265,,804489.0666666667
350250,,1.0,804491.3333333334
350261,0.4133688807487488,,804516.2666666667
350262,,1.0,804518.5333333333
350273,0.41337889432907104,,804543.4666666667
350274,,1.0,804545.7333333333
350289,0.41337889432907104,,804566.8936170213
350290,,0.0,804568.4680851063
350301,0.41337889432907104,,804585.7872340425
350302,,0.0,804587.3617021276
350314,0.41337889432907104,,804606.2553191489
350315,,0.0,804607.8297872341
350322,0.41337889432907104,,804618.8510638297
350323,,0.0,804620.4255319149
350338,0.41337889432907104,,804646.2608695652
350339,,0.0,804648.2826086957
350348,0.41337889432907104,,804666.4782608695
350349,,0.0,804668.5
350360,0.41337889432907104,,804690.7391304348
350361,,0.0,804692.7608695652
350370,0.41337889432907104,,804710.9565217391
350371,,0.0,804712.9782608695
350393,0.4133889079093933,,804750.1320754717
350394,,1.0,804751.9811320754
350402,0.4133989214897156,,804766.7735849057
350403,,1.0,804768.6226415094
350414,0.41340893507003784,,804788.962264151
350415,,1.0,804790.8113207547
350425,0.4134189486503601,,804809.3018867924
350426,,1.0,804811.1509433963
350437,0.4134189486503601,,804825.5714285715
350438,,0.0,804827.1428571428
350446,0.4134189486503601,,804839.7142857143
350447,,0.0,804841.2857142857
350462,0.4134189486503601,,804864.8571428572
350463,,0.0,804866.4285714285
350476,0.4134189486503601,,804886.8571428572
350477,,0.0,804888.4285714285
350490,0.4134189486503601,,804906.0416666666
350491,,0.0,804907.6458333334
350504,0.4134189486503601,,804928.5
350505,,0.0,804930.1041666666
350515,0.4134189486503601,,804946.1458333334
350516,,0.0,804947.75
350526,0.4134189486503601,,804963.7916666666
350527,,0.0,804965.3958333334
350546,0.4134289622306824,,804991.6153846154
350547,,1.0,804993.1538461539
350556,0.41343897581100464,,805007.0
350557,,1.0,805008.5384615385
350572,0.4134489893913269,,805031.6153846154
350573,,1.0,805033.1538461539
350580,0.41345900297164917,,805043.9230769231
350581,,1.0,805045.4615384615
350595,0.41345900297164917,,805065.25
350596,,0.0,805066.9090909091
350603,0.41345900297164917,,805078.5227272727
350604,,0.0,805080.1818181818
350614,0.41345900297164917,,805096.7727272727
350615,,0.0,805098.4318181818
350626,0.41345900297164917,,805116.6818181818
350627,,0.0,805118.3409090909
350640,0.41346901655197144,,805137.5
350641,,1.0,805139.25
350653,0.4134790301322937,,805160.25
350654,,1.0,805162.0
350660,0.41348904371261597,,805172.5
350661,,1.0,805174.25
350672,0.41349905729293823,,805193.5
350673,,1.0,805195.25
350688,0.4135090708732605,,805220.1428571428
350689,,1.0,805222.0714285715
350695,0.41351908445358276,,805233.6428571428
350696,,1.0,805235.5714285715
350703,0.41352909803390503,,805249.0714285715
350704,,1.0,805251.0
350716,0.4135391116142273,,805274.1428571428
350717,,1.0,805276.0714285715
350733,0.41354912519454956,,805300.8913043478
350734,,1.0,805302.6521739131
350744,0.4135591387748718,,805320.2608695652
350745,,1.0,805322.0217391305
350755,0.4135691523551941,,805339.6304347826
350756,,1.0,805341.3913043478
350764,0.41357916593551636,,805355.4782608695
350765,,1.0,805357.2391304348
350785,0.4135891795158386,,805386.88
350786,,1.0,805388.52
350796,0.4135991930961609,,805404.92
350797,,1.0,805406.56
350806,0.41360920667648315,,805421.32
350807,,1.0,805422.96
350816,0.4136192202568054,,805437.72
350817,,1.0,805439.36
350827,0.41364923119544983,,805468.1025641026
350828,,3.0,805471.9743589744
350840,0.41367924213409424,,805518.4358974359
350841,,3.0,805522.3076923077
350845,0.41370925307273865,,805537.7948717949
350846,,3.0,805541.6666666666
350857,0.41373926401138306,,805584.2564102564
350858,,3.0,805588.1282051282
350873,0.4137492775917053,,805618.2857142857
350874,,1.0,805620.4761904762
350880,0.4137592911720276,,805633.619047619
350881,,1.0,805635.8095238095
350892,0.41376930475234985,,805659.9047619047
350893,,1.0,805662.0952380953
350901,0.4137793183326721,,805679.619047619
350902,,1.0,805681.8095238095
350918,0.41380932927131653,,805727.8372093023
350919,,3.0,805731.2093023256
350930,0.41383934020996094,,805768.3023255814
350931,,3.0,805771.6744186047
350935,0.41386935114860535,,805785.1627906977
350936,,3.0,805788.5348837209
350946,0.41389936208724976,,805822.2558139535
350947,,3.0,805825.6279069767
350965,0.4139193594455719,,805857.7234042553
350966,,2.0,805859.6382978724
350975,0.41393935680389404,,805876.8723404255
350976,,2.0,805878.7872340425
350987,0.4139593541622162,,805899.8510638297
350988,,2.0,805901.7659574468
350995,0.41397935152053833,,805915.1702127659
350996,,2.0,805917.085106383
351012,0.4139893651008606,,805948.8048780488
351013,,1.0,805951.0975609756
351021,0.41399937868118286,,805969.4390243902
351022,,1.0,805971.731707317
351029,0.4140093922615051,,805987.7804878049
351030,,1.0,805990.0731707317
351038,0.4140194058418274,,806008.4146341464
351039,,1.0,806010.7073170731
351053,0.41403940320014954,,806041.1395348837
351054,,2.0,806043.6976744186
351066,0.4140594005584717,,806074.3953488372
351067,,2.0,806076.9534883721
351075,0.4140793979167938,,806097.4186046511
351076,,2.0,806099.976744186
351083,0.41409939527511597,,806117.8837209302
351084,,2.0,806120.4418604651
351097,0.41410940885543823,,806148.25
351098,,1.0,806150.775
351108,0.4141194224357605,,806176.025
351109,,1.0,806178.55
351117,0.41412943601608276,,806198.75
351118,,1.0,806201.275
351125,0.41413944959640503,,806218.95
351126,,1.0,806221.475
351139,0.41413944959640503,,806244.4761904762
351140,,0.0,806246.5238095238
351150,0.41413944959640503,,806267.0
351151,,0.0,806269.0476190476
351159,0.41413944959640503,,806285.4285714285
351160,,0.0,806287.4761904762
351169,0.41413944959640503,,806305.9047619047
351170,,0.0,806307.9523809524
351188,0.41413944959640503,,806333.2978723404
351189,,0.0,806334.8510638297
351198,0.41413944959640503,,806348.8297872341
351199,,0.0,806350.3829787234
351204,0.41413944959640503,,806358.1489361703
351205,,0.0,806359.7021276596
351218,0.41413944959640503,,806379.8936170213
351219,,0.0,806381.4468085107
351238,0.4141594469547272,,806425.1538461539
351239,,2.0,806427.7884615385
351249,0.4141794443130493,,806454.1346153846
351250,,2.0,806456.7692307692
351259,0.41419944167137146,,806480.4807692308
351260,,2.0,806483.1153846154
351272,0.4142194390296936,,806514.7307692308
351273,,2.0,806517.3653846154
351290,0.41422945261001587,,806546.04
351291,,1.0,806547.9
351301,0.41423946619033813,,806566.5
351302,,1.0,806568.36
351315,0.4142494797706604,,806592.54
351316,,1.0,806594.4
351324,0.41425949335098267,,806609.28
351325,,1.0,806611.14
351338,0.4142794907093048,,806639.3829787234
351339,,2.0,806642.0212765958
351348,0.41429948806762695,,806665.7659574468
351349,,2.0,806668.4042553192
351360,0.4143194854259491,,806697.4255319149
351361,,2.0,806700.0638297872
351373,0.41433948278427124,,806731.7234042553
351374,,2.0,806734.3617021276
351386,0.4143594801425934,,806761.2142857143
351387,,2.0,806763.9047619047
351399,0.4143794775009155,,806796.1904761905
351400,,2.0,806798.880952381
351407,0.41439947485923767,,806817.7142857143
351408,,2.0,806820.4047619047
351417,0.4144194722175598,,806844.619047619
351418,,2.0,806847.3095238095
351431,0.41443946957588196,,806874.0476190476
351432,,2.0,806876.4523809524
351439,0.4144594669342041,,806893.2857142857
351440,,2.0,806895.6904761905
351453,0.41447946429252625,,806926.9523809524
351454,,2.0,806929.3571428572
351461,0.4144994616508484,,806946.1904761905
351462,,2.0,806948.5952380953
351482,0.4144994616508484,,806978.88
351483,,0.0,806980.52
351493,0.4144994616508484,,806996.92
351494,,0.0,806998.56
351504,0.4144994616508484,,807014.96
351505,,0.0,807016.6
351513,0.4144994616508484,,807029.72
351514,,0.0,807031.36
351529,0.41451945900917053,,807064.92
351530,,2.0,807067.58
351544,0.4145394563674927,,807104.82
351545,,2.0,807107.48
351554,0.4145594537258148,,807131.42
351555,,2.0,807134.08
351565,0.41457945108413696,,807160.68
351566,,2.0,807163.34
351578,0.41458946466445923,,807188.3548387097
351579,,1.0,807190.8387096775
351585,0.4145994782447815,,807205.7419354839
351586,,1.0,807208.2258064516
351590,0.41460949182510376,,807218.1612903225
351591,,1.0,807220.6451612903
351598,0.414619505405426,,807238.0322580645
351599,,1.0,807240.5161290322
351615,0.41464951634407043,,807277.2727272727
351616,,3.0,807279.9090909091
351628,0.41467952728271484,,807311.5454545454
351629,,3.0,807314.1818181818
351637,0.41470953822135925,,807335.2727272727
351638,,3.0,807337.9090909091
351644,0.41473954916000366,,807353.7272727273
351645,,3.0,807356.3636363636
351655,0.41476956009864807,,807374.4
351656,,3.0,807376.6
351665,0.4147995710372925,,807396.4
351666,,3.0,807398.6
351671,0.4148295819759369,,807409.6
351672,,3.0,807411.8
351686,0.4148595929145813,,807442.6
351687,,3.0,807444.8
351702,0.41486960649490356,,807475.0
351703,,1.0,807477.3333333334
351713,0.41487962007522583,,807500.6666666666
351714,,1.0,807503.0
351727,0.4148896336555481,,807533.3333333334
351728,,1.0,807535.6666666666
351736,0.41489964723587036,,807554.3333333334
351737,,1.0,807556.6666666666
351747,0.41489964723587036,,807569.22
351748,,0.0,807570.68
351764,0.41489964723587036,,807594.04
351765,,0.0,807595.5
351778,0.41489964723587036,,807614.48
351779,,0.0,807615.94
351788,0.41489964723587036,,807629.08
351789,,0.0,807630.54
351802,0.4149196445941925,,807663.1904761905
351803,,2.0,807666.3095238095
351815,0.41493964195251465,,807703.7380952381
351816,,2.0,807706.8571428572
351824,0.4149596393108368,,807731.8095238095
351825,,2.0,807734.9285714285
351832,0.41497963666915894,,807756.7619047619
351833,,2.0,807759.880952381
351848,0.4149896502494812,,807791.2
351849,,1.0,807793.55
351858,0.41499966382980347,,807814.7
351859,,1.0,807817.05
351867,0.41500967741012573,,807835.85
351868,,1.0,807838.2
351874,0.415019690990448,,807852.3
351875,,1.0,807854.65
351885,0.41502970457077026,,807874.243902439
351886,,1.0,807876.7073170731
351896,0.41503971815109253,,807901.3414634146
351897,,1.0,807903.8048780488
351908,0.4150497317314148,,807930.9024390244
351909,,1.0,807933.3658536585
351917,0.41505974531173706,,807953.0731707317
351918,,1.0,807955.5365853659
351933,0.4150697588920593,,807990.5714285715
351934,,1.0,807993.2857142857
351937,0.4150797724723816,,808001.4285714285
351938,,1.0,808004.1428571428
351952,0.41508978605270386,,808042.1428571428
351953,,1.0,808044.8571428572
351961,0.4150997996330261,,808066.5714285715
351962,,1.0,808069.2857142857
351976,0.4151098132133484,,808094.0
351977,,1.0,808096.0
351990,0.41511982679367065,,808122.0
351991,,1.0,808124.0
352000,0.4151298403739929,,808142.0
352001,,1.0,808144.0
352006,0.4151398539543152,,808154.0
352007,,1.0,808156.0
352022,0.4151698648929596,,808191.9512195121
352023,,3.0,808194.7804878049
352032,0.415199875831604,,808220.243902439
352033,,3.0,808223.0731707317
352039,0.4152298867702484,,808240.0487804879
352040,,3.0,808242.8780487805
352049,0.4152598977088928,,808268.3414634146
352050,,3.0,808271.1707317074
352064,0.4152598977088928,,808292.2553191489
352065,,0.0,808293.914893617
352080,0.4152598977088928,,808318.8085106383
352081,,0.0,808320.4680851063
352088,0.4152598977088928,,808332.085106383
352089,,0.0,808333.7446808511
352098,0.4152598977088928,,808348.6808510638
352099,,0.0,808350.340425532
352113,0.4152699112892151,,808373.1951219512
352114,,1.0,808375.1219512195
352124,0.41527992486953735,,808394.3902439025
352125,,1.0,808396.3170731707
352134,0.4152899384498596,,808413.6585365854
352135,,1.0,808415.5853658536
352141,0.4152999520301819,,808427.1463414634
352142,,1.0,808429.0731707317
352153,0.41531994938850403,,808469.7692307692
352154,,2.0,808474.6153846154
352162,0.41533994674682617,,808513.3846153846
352163,,2.0,808518.2307692308
352172,0.4153599441051483,,808561.8461538461
352173,,2.0,808566.6923076923
352182,0.41537994146347046,,808610.3076923077
352183,,2.0,808615.1538461539
352201,0.4153999388217926,,808658.4375
352202,,2.0,808661.0
352214,0.41541993618011475,,808691.75
352215,,2.0,808694.3125
352223,0.4154399335384369,,808714.8125
352224,,2.0,808717.375
352232,0.41545993089675903,,808737.875
352233,,2.0,808740.4375
352249,0.4154699444770813,,808763.8490566037
352250,,1.0,808765.4528301887
352260,0.41547995805740356,,808781.4905660377
352261,,1.0,808783.0943396227
352272,0.41548997163772583,,808800.7358490566
352273,,1.0,808802.3396226416
352287,0.4154999852180481,,808824.7924528302
352288,,1.0,808826.3962264151
352303,0.41550999879837036,,808852.72
352304,,1.0,808854.78
352313,0.4155200123786926,,808873.32
352314,,1.0,808875.38
352324,0.4155300259590149,,808895.98
352325,,1.0,808898.04
352339,0.41554003953933716,,808926.88
352340,,1.0,808928.94
352353,0.4155500531196594,,808951.0
352354,,1.0,808953.0
352360,0.4155600666999817,,808965.0
352361,,1.0,808967.0
352370,0.41557008028030396,,808985.0
352371,,1.0,808987.0
352380,0.4155800938606262,,809005.0
352381,,1.0,809007.0
352400,0.4155800938606262,,809031.8148148148
352401,,0.0,809033.2407407408
352412,0.4155800938606262,,809048.925925926
352413,,0.0,809050.3518518518
352426,0.4155800938606262,,809068.8888888889
352427,,0.0,809070.3148148148
352436,0.4155800938606262,,809083.1481481482
352437,,0.0,809084.574074074
352450,0.4155800938606262,,809105.2857142857
352451,,0.0,809107.2142857143
352460,0.4155800938606262,,809124.5714285715
352461,,0.0,809126.5
352469,0.4155800938606262,,809141.9285714285
352470,,0.0,809143.8571428572
352480,0.4155800938606262,,809163.1428571428
352481,,0.0,809165.0714285715
352496,0.4155800938606262,,809185.25
352497,,0.0,809186.7708333334
352505,0.4155800938606262,,809198.9375
352506,,0.0,809200.4583333334
352515,0.4155800938606262,,809214.1458333334
352516,,0.0,809215.6666666666
352530,0.4155800938606262,,809236.9583333334
352531,,0.0,809238.4791666666
352544,0.4155901074409485,,809259.2857142857
352545,,1.0,809261.2142857143
352554,0.41560012102127075,,809278.5714285715
352555,,1.0,809280.5
352565,0.415610134601593,,809299.7857142857
352566,,1.0,809301.7142857143
352574,0.4156201481819153,,809317.1428571428
352575,,1.0,809319.0714285715
352589,0.41563016176223755,,809341.7209302326
352590,,1.0,809343.6046511628
352602,0.4156401753425598,,809366.2093023256
352603,,1.0,809368.0930232558
352608,0.4156501889228821,,809377.5116279069
352609,,1.0,809379.3953488372
352619,0.41566020250320435,,809398.2325581395
352620,,1.0,809400.1162790698
352639,0.4156801998615265,,809439.0370370371
352640,,2.0,809441.3518518518
352654,0.41570019721984863,,809473.7592592592
352655,,2.0,809476.074074074
352662,0.4157201945781708,,809492.2777777778
352663,,2.0,809494.5925925926
352675,0.4157401919364929,,809522.3703703703
352676,,2.0,809524.6851851852
352690,0.4157401919364929,,809547.9268292683
352691,,0.0,809549.8292682926
352700,0.4157401919364929,,809566.9512195121
352701,,0.0,809568.8536585366
352710,0.4157401919364929,,809585.9756097561
352711,,0.0,809587.8780487805
352718,0.4157401919364929,,809601.1951219512
352719,,0.0,809603.0975609756
352733,0.4157401919364929,,809624.25
352734,,0.0,809626.0
352742,0.4157401919364929,,809640.0
352743,,0.0,809641.75
352756,0.4157401919364929,,809664.5
352757,,0.0,809666.25
352764,0.4157401919364929,,809678.5
352765,,0.0,809680.25
352778,0.4157401919364929,,809701.7674418605
352779,,0.0,809703.7441860465
352789,0.4157401919364929,,809723.5116279069
352790,,0.0,809725.4883720931
352799,0.4157401919364929,,809743.2790697674
352800,,0.0,809745.2558139535
352809,0.4157401919364929,,809763.0465116279
352810,,0.0,809765.023255814
352825,0.41576018929481506,,809797.5714285715
352826,,2.0,809800.119047619
352835,0.4157801866531372,,809823.0476190476
352836,,2.0,809825.5952380953
352844,0.41580018401145935,,809845.9761904762
352845,,2.0,809848.5238095238
352853,0.4158201813697815,,809868.9047619047
352854,,2.0,809871.4523809524
352866,0.41583019495010376,,809901.2368421053
352867,,1.0,809904.2631578947
352875,0.415840208530426,,809928.4736842106
352876,,1.0,809931.5
352882,0.4158502221107483,,809949.6578947369
352883,,1.0,809952.6842105263
352893,0.41586023569107056,,809982.947368421
352894,,1.0,809985.9736842106
352907,0.4158802330493927,,810043.1935483871
352908,,2.0,810048.6129032258
352916,0.41590023040771484,,810091.9677419355
352917,,2.0,810097.3870967742
352920,0.415920227766037,,810113.6451612903
352921,,2.0,810119.0645161291
352926,0.41594022512435913,,810146.1612903225
352927,,2.0,810151.5806451613
352944,0.4159602224826813,,810197.7272727273
352945,,2.0,810200.6363636364
352955,0.4159802198410034,,810229.7272727273
352956,,2.0,810232.6363636364
352964,0.41600021719932556,,810255.9090909091
352965,,2.0,810258.8181818182
352972,0.4160202145576477,,810279.1818181818
352973,,2.0,810282.0909090909
352989,0.4160502254962921,,810318.4285714285
352990,,3.0,810321.0
352999,0.4160802364349365,,810344.1428571428
353000,,3.0,810346.7142857143
353010,0.41611024737358093,,810372.4285714285
353011,,3.0,810375.0
353023,0.41614025831222534,,810405.8571428572
353024,,3.0,810408.4285714285
353040,0.41617026925086975,,810470.0909090909
353041,,3.0,810474.6363636364
353048,0.41620028018951416,,810506.4545454546
353049,,3.0,810511.0
353060,0.41623029112815857,,810561.0
353061,,3.0,810565.5454545454
353069,0.416260302066803,,810601.9090909091
353070,,3.0,810606.4545454546
353085,0.416260302066803,,810637.8421052631
353086,,0.0,810640.0789473684
353093,0.416260302066803,,810655.7368421053
353094,,0.0,810657.9736842106
353100,0.416260302066803,,810671.3947368421
353101,,0.0,810673.6315789474
353109,0.416260302066803,,810691.5263157894
353110,,0.0,810693.7631578947
353128,0.4162903130054474,,810756.0
353129,,3.0,810760.0
353138,0.4163203239440918,,810796.0
353139,,3.0,810800.0
353144,0.4163503348827362,,810820.0
353145,,3.0,810824.0
353161,0.4163803458213806,,810888.0
353162,,3.0,810892.0
353174,0.4163903594017029,,810913.0425531915
353175,,1.0,810914.9361702128
353184,0.41640037298202515,,810931.9787234042
353185,,1.0,810933.8723404255
353199,0.4164103865623474,,810960.3829787234
353200,,1.0,810962.2765957447
353210,0.4164204001426697,,810981.2127659575
353211,,1.0,810983.1063829787
353223,0.4164504110813141,,811031.1538461539
353224,,3.0,811036.282051282
353238,0.4164804220199585,,811108.0769230769
353239,,3.0,811113.2051282051
353244,0.4165104329586029,,811138.8461538461
353245,,3.0,811143.9743589744
353251,0.4165404438972473,,811174.7435897436
353252,,3.0,811179.8717948718
353267,0.4165404438972473,,811201.9411764706
353268,,0.0,811203.3529411765
353277,0.4165404438972473,,811216.0588235294
353278,,0.0,811217.4705882353
353287,0.4165404438972473,,811230.1764705882
353288,,0.0,811231.5882352941
353304,0.4165404438972473,,811254.1764705882
353305,,0.0,811255.5882352941
353323,0.4165404438972473,,811278.7647058824
353324,,0.0,811280.2156862745
353332,0.4165404438972473,,811291.8235294118
353333,,0.0,811293.274509804
353345,0.4165404438972473,,811310.6862745098
353346,,0.0,811312.1372549019
353357,0.4165404438972473,,811328.0980392157
353358,,0.0,811329.5490196078
353378,0.41656044125556946,,811400.5454545454
353379,,2.0,811404.6363636364
353384,0.4165804386138916,,811425.0909090909
353385,,2.0,811429.1818181818
353392,0.41660043597221375,,811457.8181818182
353393,,2.0,811461.9090909091
353403,0.4166204333305359,,811502.8181818182
353404,,2.0,811506.9090909091
353420,0.4166204333305359,,811534.5106382979
353421,,0.0,811536.3191489362
353432,0.4166204333305359,,811556.2127659575
353433,,0.0,811558.0212765958
353444,0.4166204333305359,,811577.914893617
353445,,0.0,811579.7234042553
353452,0.4166204333305359,,811592.3829787234
353453,,0.0,811594.1914893617
353467,0.41663044691085815,,811625.3333333334
353468,,1.0,811628.0
353474,0.4166404604911804,,811644.0
353475,,1.0,811646.6666666666
353481,0.4166504740715027,,811662.6666666666
353482,,1.0,811665.3333333334
353493,0.41666048765182495,,811694.6666666666
353494,,1.0,811697.3333333334
353511,0.4166705012321472,,811730.4230769231
353512,,1.0,811732.5961538461
353521,0.4166805148124695,,811752.1538461539
353522,,1.0,811754.3269230769
353535,0.41669052839279175,,811782.5769230769
353536,,1.0,811784.75
353547,0.416700541973114,,811808.6538461539
353548,,1.0,811810.8269230769
353561,0.4167105555534363,,811838.5
353562,,1.0,811841.05
353572,0.41672056913375854,,811866.55
353573,,1.0,811869.1
353580,0.4167305827140808,,811886.95
353581,,1.0,811889.5
353589,0.4167405962944031,,811909.9
353590,,1.0,811912.45
353600,0.4167605936527252,,811944.4
353601,,2.0,811948.6
353610,0.41678059101104736,,811986.4
353611,,2.0,811990.6
353619,0.4168005883693695,,812024.2
353620,,2.0,812028.4
353626,0.41682058572769165,,812053.6
353627,,2.0,812057.8
353640,0.4168405830860138,,812104.619047619
353641,,2.0,812108.880952381
353646,0.41686058044433594,,812130.1904761905
353647,,2.0,812134.4523809524
353654,0.4168805778026581,,812164.2857142857
353655,,2.0,812168.5476190476
353670,0.4169005751609802,,812232.4761904762
353671,,2.0,812236.7380952381
353685,0.4169105887413025,,812276.5882352941
353686,,1.0,812279.8235294118
353692,0.41692060232162476,,812299.2352941176
353693,,1.0,812302.4705882353
353699,0.416930615901947,,812321.8823529412
353700,,1.0,812325.1176470588
353706,0.4169406294822693,,812344.5294117647
353707,,1.0,812347.7647058824
353723,0.4169406294822693,,812373.0434782609
353724,,0.0,812374.7391304348
353735,0.4169406294822693,,812393.3913043478
353736,,0.0,812395.0869565217
353745,0.4169406294822693,,812410.3478260869
353746,,0.0,812412.0434782609
353754,0.4169406294822693,,812425.6086956522
353755,,0.0,812427.304347826
353771,0.4169406294822693,,812452.8333333334
353772,,0.0,812454.6666666666
353779,0.4169406294822693,,812467.5
353780,,0.0,812469.3333333334
353788,0.4169406294822693,,812484.0
353789,,0.0,812485.8333333334
353798,0.4169406294822693,,812502.3333333334
353799,,0.0,812504.1666666666
353817,0.4169406294822693,,812528.2
353818,,0.0,812529.68
353829,0.4169406294822693,,812545.96
353830,,0.0,812547.44
353837,0.4169406294822693,,812557.8
353838,,0.0,812559.28
353850,0.4169406294822693,,812577.04
353851,,0.0,812578.52
353864,0.41695064306259155,,812604.2105263158
353865,,1.0,812606.6315789474
353872,0.4169606566429138,,812623.5789473684
353873,,1.0,812626.0
353880,0.4169706702232361,,812642.947368421
353881,,1.0,812645.3684210526
353890,0.41698068380355835,,812667.1578947369
353891,,1.0,812669.5789473684
353903,0.41698068380355835,,812687.4883720931
353904,,0.0,812689.2093023256
353915,0.41698068380355835,,812708.1395348837
353916,,0.0,812709.8604651163
353925,0.41698068380355835,,812725.3488372093
353926,,0.0,812727.0697674418
353935,0.41698068380355835,,812742.5581395349
353936,,0.0,812744.2790697674
353949,0.41698068380355835,,812764.717948718
353950,,0.0,812766.5897435897
353961,0.41698068380355835,,812787.1794871795
353962,,0.0,812789.0512820513
353970,0.41698068380355835,,812804.0256410256
353971,,0.0,812805.8974358974
353976,0.41698068380355835,,812815.2564102564
353977,,0.0,812817.1282051282
353991,0.4169906973838806,,812848.512195122
353992,,1.0,812851.1951219512
354000,0.4170007109642029,,812872.6585365854
354001,,1.0,812875.3414634146
354013,0.41701072454452515,,812907.5365853659
354014,,1.0,812910.2195121951
354019,0.4170207381248474,,812923.6341463415
354020,,1.0,812926.3170731707
354033,0.4170307517051697,,812954.8333333334
354034,,1.0,812957.4166666666
354037,0.41704076528549194,,812965.1666666666
354038,,1.0,812967.75
354048,0.4170507788658142,,812993.5833333334
354049,,1.0,812996.1666666666
354057,0.4170607924461365,,813016.8333333334
354058,,1.0,813019.4166666666
354074,0.4170607924461365,,813042.4285714285
354075,,0.0,813044.0
354084,0.4170607924461365,,813058.1428571428
354085,,0.0,813059.7142857143
354093,0.4170607924461365,,813072.2857142857
354094,,0.0,813073.8571428572
354108,0.4170607924461365,,813095.8571428572
354109,,0.0,813097.4285714285
354122,0.41707080602645874,,813124.0
354123,,1.0,813126.5
354130,0.417080819606781,,813144.0
354131,,1.0,813146.5
354138,0.41709083318710327,,813164.0
354139,,1.0,813166.5
354146,0.41710084676742554,,813184.0
354147,,1.0,813186.5
354162,0.4171208441257477,,813220.5
354163,,2.0,813223.125
354177,0.4171408414840698,,813259.875
354178,,2.0,813262.5
354185,0.41716083884239197,,813280.875
354186,,2.0,813283.5
354196,0.4171808362007141,,813309.75
354197,,2.0,813312.375
354217,0.4171808362007141,,813339.6981132076
354218,,0.0,813341.1509433963
354227,0.4171808362007141,,813354.2264150943
354228,,0.0,813355.679245283
354240,0.4171808362007141,,813373.1132075472
354241,,0.0,813374.5660377359
354251,0.4171808362007141,,813389.0943396227
354252,,0.0,813390.5471698113
354267,0.41720083355903625,,813426.6046511628
354268,,2.0,813429.4883720931
354276,0.4172208309173584,,813452.5581395349
354277,,2.0,813455.4418604651
354286,0.41724082827568054,,813481.3953488372
354287,,2.0,813484.2790697674
354296,0.4172608256340027,,813510.2325581395
354297,,2.0,813513.1162790698
354314,0.4172608256340027,,813543.3
354315,,0.0,813545.25
354324,0.4172608256340027,,813562.8
354325,,0.0,813564.75
354330,0.4172608256340027,,813574.5
354331,,0.0,813576.45
354338,0.4172608256340027,,813590.1
354339,,0.0,813592.05
354358,0.41727083921432495,,813624.6382978724
354359,,1.0,813626.5531914893
354367,0.4172808527946472,,813641.8723404255
354368,,1.0,813643.7872340425
354378,0.4172908663749695,,813662.9361702128
354379,,1.0,813664.8510638297
354387,0.41730087995529175,,813680.1702127659
354388,,1.0,813682.085106383
354408,0.4173208773136139,,813728.1276595745
354409,,2.0,813730.7234042553
354419,0.41734087467193604,,813756.6808510638
354420,,2.0,813759.2765957447
354427,0.4173608720302582,,813777.4468085107
354428,,2.0,813780.0425531915
354436,0.4173808693885803,,813800.8085106383
354437,,2.0,813803.4042553192
354454,0.4173908829689026,,813831.2
354455,,1.0,813833.0
354464,0.41740089654922485,,813849.2
354465,,1.0,813851.0
354474,0.4174109101295471,,813867.2
354475,,1.0,813869.0
354483,0.4174209237098694,,813883.4
354484,,1.0,813885.2
354507,0.41743093729019165,,813929.1739130435
354508,,1.0,813931.2826086957
354514,0.4174409508705139,,813943.9347826086
354515,,1.0,813946.0434782609
354521,0.4174509644508362,,813958.695652174
354522,,1.0,813960.804347826
354531,0.41746097803115845,,813979.7826086957
354532,,1.0,813981.8913043478
354552,0.4174709916114807,,814013.0961538461
354553,,1.0,814014.8076923077
354564,0.417481005191803,,814033.6346153846
354565,,1.0,814035.3461538461
354572,0.41749101877212524,,814047.3269230769
354573,,1.0,814049.0384615385
354585,0.4175010323524475,,814069.5769230769
354586,,1.0,814071.2884615385
354605,0.4175310432910919,,814114.2444444444
354606,,3.0,814116.8222222222
354612,0.41756105422973633,,814132.2888888889
354613,,3.0,814134.8666666667
354623,0.41759106516838074,,814160.6444444444
354624,,3.0,814163.2222222222
354632,0.41762107610702515,,814183.8444444444
354633,,3.0,814186.4222222222
354647,0.4176410734653473,,814225.1025641026
354648,,2.0,814228.3846153846
354655,0.41766107082366943,,814251.358974359
354656,,2.0,814254.641025641
354665,0.4176810681819916,,814284.1794871795
354666,,2.0,814287.4615384615
354673,0.4177010655403137,,814310.4358974359
354674,,2.0,814313.717948718
354689,0.4177010655403137,,814341.3157894737
354690,,0.0,814343.3421052631
354697,0.4177010655403137,,814357.5263157894
354698,,0.0,814359.552631579
354706,0.4177010655403137,,814375.7631578947
354707,,0.0,814377.7894736842
354713,0.4177010655403137,,814389.947368421
354714,,0.0,814391.9736842106
354733,0.41773107647895813,,814427.7142857143
354734,,3.0,814429.8214285715
354748,0.41776108741760254,,814459.3214285715
354749,,3.0,814461.4285714285
354759,0.41779109835624695,,814482.5
354760,,3.0,814484.6071428572
354771,0.41782110929489136,,814507.7857142857
354772,,3.0,814509.8928571428
354785,0.41782110929489136,,814529.380952381
354786,,0.0,814531.119047619
354795,0.41782110929489136,,814546.7619047619
354796,,0.0,814548.5
354802,0.41782110929489136,,814558.9285714285
354803,,0.0,814560.6666666666
354815,0.41782110929489136,,814581.5238095238
354816,,0.0,814583.2619047619
354834,0.4178311228752136,,814611.4130434783
354835,,1.0,814613.1739130435
354842,0.4178411364555359,,814625.5
354843,,1.0,814627.2608695652
354855,0.41785115003585815,,814648.3913043478
354856,,1.0,814650.1521739131
354863,0.4178611636161804,,814662.4782608695
354864,,1.0,814664.2391304348
354873,0.4178711771965027,,814677.875
354874,,1.0,814679.8541666666
354884,0.41788119077682495,,814699.6458333334
354885,,1.0,814701.625
354895,0.4178912043571472,,814721.4166666666
354896,,1.0,814723.3958333334
354913,0.4179012179374695,,814757.0416666666
354914,,1.0,814759.0208333334
354932,0.41791123151779175,,814786.1086956522
354933,,1.0,814787.7826086957
354944,0.417921245098114,,814806.195652174
354945,,1.0,814807.8695652174
354954,0.4179312586784363,,814822.9347826086
354955,,1.0,814824.6086956522
354961,0.41794127225875854,,814834.6521739131
354962,,1.0,814836.3260869565
354974,0.4179512858390808,,814852.4375
354975,,1.0,814854.0416666666
354991,0.4179612994194031,,814879.7083333334
354992,,1.0,814881.3125
355000,0.41797131299972534,,814894.1458333334
355001,,1.0,814895.75
355011,0.4179813265800476,,814911.7916666666
355012,,1.0,814913.3958333334
355023,0.4179913401603699,,814935.4210526316
355024,,1.0,814937.9736842106
355032,0.41800135374069214,,814958.3947368421
355033,,1.0,814960.947368421
355042,0.4180113673210144,,814983.9210526316
355043,,1.0,814986.4736842106
355051,0.41802138090133667,,815006.8947368421
355052,,1.0,815009.447368421
355068,0.4180413782596588,,815067.25
355069,,2.0,815071.5
355076,0.41806137561798096,,815101.25
355077,,2.0,815105.5
355082,0.4180813729763031,,815126.75
355083,,2.0,815131.0
355089,0.41810137033462524,,815156.5
355090,,2.0,815160.75
355103,0.4181113839149475,,815185.9302325582
355104,,1.0,815188.023255814
355112,0.4181213974952698,,815204.7674418605
355113,,1.0,815206.8604651163
355124,0.41813141107559204,,815229.8837209302
355125,,1.0,815231.976744186
355134,0.4181414246559143,,815250.8139534884
355135,,1.0,815252.9069767442
355151,0.4181514382362366,,815277.1276595745
355152,,1.0,815278.8297872341
355163,0.41816145181655884,,815297.5531914893
355164,,1.0,815299.2553191489
355174,0.4181714653968811,,815316.2765957447
355175,,1.0,815317.9787234042
355183,0.41818147897720337,,815331.5957446808
355184,,1.0,815333.2978723404
355198,0.41819149255752563,,815357.0
355199,,1.0,815359.0
355208,0.4182015061378479,,815377.0
355209,,1.0,815379.0
355218,0.41821151971817017,,815397.0
355219,,1.0,815399.0
355229,0.41822153329849243,,815419.0
355230,,1.0,815421.0
355245,0.4182415306568146,,815458.5102040817
355246,,2.0,815461.4693877551
355257,0.4182615280151367,,815494.0204081633
355258,,2.0,815496.9795918367
355270,0.41828152537345886,,815532.4897959183
355271,,2.0,815535.4489795918
355280,0.418301522731781,,815562.081632653
355281,,2.0,815565.0408163265
355292,0.41831153631210327,,815591.7777777778
355293,,1.0,815594.75
355299,0.41832154989242554,,815612.5833333334
355300,,1.0,815615.5555555555
355307,0.4183315634727478,,815636.3611111111
355308,,1.0,815639.3333333334
355318,0.41834157705307007,,815669.0555555555
355319,,1.0,815672.0277777778
355333,0.41835159063339233,,815696.4761904762
355334,,1.0,815698.4285714285
355338,0.4183616042137146,,815706.2380952381
355339,,1.0,815708.1904761905
355348,0.41837161779403687,,815725.7619047619
355349,,1.0,815727.7142857143
355362,0.41838163137435913,,815753.0952380953
355363,,1.0,815755.0476190476
355381,0.41841164231300354,,815779.659574468
355382,,3.0,815781.1702127659
355390,0.41844165325164795,,815793.2553191489
355391,,3.0,815794.7659574468
355400,0.41847166419029236,,815808.3617021276
355401,,3.0,815809.8723404255
355411,0.41850167512893677,,815824.9787234042
355412,,3.0,815826.4893617021
355424,0.41850167512893677,,815844.5
355425,,0.0,815846.3333333334
355437,0.41850167512893677,,815868.3333333334
355438,,0.0,815870.1666666666
355446,0.41850167512893677,,815884.8333333334
355447,,0.0,815886.6666666666
355455,0.41850167512893677,,815901.3333333334
355456,,0.0,815903.1666666666
355471,0.41851168870925903,,815928.6923076923
355472,,1.0,815930.6666666666
355477,0.4185217022895813,,815940.5384615385
355478,,1.0,815942.5128205129
355488,0.41853171586990356,,815962.2564102564
355489,,1.0,815964.2307692308
355496,0.41854172945022583,,815978.0512820513
355497,,1.0,815980.0256410256
355513,0.418561726808548,,816007.4583333334
355514,,2.0,816009.4166666666
355522,0.4185817241668701,,816025.0833333334
355523,,2.0,816027.0416666666
355534,0.41860172152519226,,816048.5833333334
355535,,2.0,816050.5416666666
355546,0.4186217188835144,,816072.0833333334
355547,,2.0,816074.0416666666
355561,0.4186217188835144,,816095.5
355562,,0.0,816097.2727272727
355574,0.4186217188835144,,816118.5454545454
355575,,0.0,816120.3181818182
355583,0.4186217188835144,,816134.5
355584,,0.0,816136.2727272727
355592,0.4186217188835144,,816150.4545454546
355593,,0.0,816152.2272727273
355606,0.41863173246383667,,816175.0869565217
355607,,1.0,816177.195652174
355618,0.41864174604415894,,816200.3913043478
355619,,1.0,816202.5
355629,0.4186517596244812,,816223.5869565217
355630,,1.0,816225.695652174
355640,0.41866177320480347,,816246.7826086957
355641,,1.0,816248.8913043478
355658,0.4186917841434479,,816324.6842105263
355659,,3.0,816329.947368421
355666,0.4187217950820923,,816366.7894736842
355667,,3.0,816372.052631579
355674,0.4187518060207367,,816408.8947368421
355675,,3.0,816414.1578947369
355680,0.4187818169593811,,816440.4736842106
355681,,3.0,816445.7368421053
355694,0.4187818169593811,,816468.1111111111
355695,,0.0,816469.8222222222
355701,0.4187818169593811,,816480.088888889
355702,,0.0,816481.8
355710,0.4187818169593811,,816495.4888888889
355711,,0.0,816497.2
355727,0.4187818169593811,,816524.5777777778
355728,,0.0,816526.2888888889
355745,0.4187818169593811,,816551.4347826086
355746,,0.0,816553.1086956522
355755,0.4187818169593811,,816568.1739130435
355756,,0.0,816569.8478260869
355764,0.4187818169593811,,816583.2391304348
355765,,0.0,816584.9130434783
355775,0.4187818169593811,,816601.6521739131
355776,,0.0,816603.3260869565
355794,0.41879183053970337,,816631.1764705882
355795,,1.0,816632.9215686275
355808,0.41880184412002563,,816655.6078431372
355809,,1.0,816657.3529411765
355819,0.4188118577003479,,816674.8039215687
355820,,1.0,816676.5490196078
355828,0.41882187128067017,,816690.5098039216
355829,,1.0,816692.2549019608
355843,0.4188418686389923,,816730.025
355844,,2.0,816733.3
355851,0.41886186599731445,,816756.225
355852,,2.0,816759.5
355861,0.4188818633556366,,816788.975
355862,,2.0,816792.25
355870,0.41890186071395874,,816818.45
355871,,2.0,816821.725
355887,0.41890186071395874,,816848.2790697674
355888,,0.0,816850.0697674418
355898,0.41890186071395874,,816867.976744186
355899,,0.0,816869.7674418605
355905,0.41890186071395874,,816880.5116279069
355906,,0.0,816882.3023255814
355915,0.41890186071395874,,816898.4186046511
355916,,0.0,816900.2093023256
355934,0.418911874294281,,816925.7735849057
355935,,1.0,816927.358490566
355945,0.41892188787460327,,816943.2075471698
355946,,1.0,816944.7924528302
355958,0.41893190145492554,,816963.8113207547
355959,,1.0,816965.3962264151
355970,0.4189419150352478,,816982.8301886793
355971,,1.0,816984.4150943396
355981,0.4189419150352478,,816998.6976744186
355982,,0.0,817000.5116279069
355997,0.4189419150352478,,817027.7209302326
355998,,0.0,817029.5348837209
356007,0.4189419150352478,,817045.8604651163
356008,,0.0,817047.6744186047
356015,0.4189419150352478,,817060.3720930233
356016,,0.0,817062.1860465116
356034,0.4189419150352478,,817086.3469387755
356035,,0.0,817087.8367346938
356048,0.4189419150352478,,817107.2040816327
356049,,0.0,817108.693877551
356058,0.4189419150352478,,817122.1020408163
356059,,0.0,817123.5918367347
356066,0.4189419150352478,,817134.0204081633
356067,,0.0,817135.5102040817
356083,0.4189419150352478,,817157.8541666666
356084,,0.0,817159.4583333334
356094,0.4189419150352478,,817175.5
356095,,0.0,817177.1041666666
356106,0.4189419150352478,,817194.75
356107,,0.0,817196.3541666666
356116,0.4189419150352478,,817210.7916666666
356117,,0.0,817212.3958333334
356137,0.4189419150352478,,817238.5555555555
356138,,0.0,817240.0
356153,0.4189419150352478,,817261.6666666666
356154,,0.0,817263.1111111111
356165,0.4189419150352478,,817279.0
356166,,0.0,817280.4444444445
356172,0.4189419150352478,,817289.1111111111
356173,,0.0,817290.5555555555
356186,0.41895192861557007,,817321.7222222222
356187,,1.0,817324.6944444445
356195,0.41896194219589233,,817348.4722222222
356196,,1.0,817351.4444444445
356202,0.4189719557762146,,817369.2777777778
356203,,1.0,817372.25
356210,0.41898196935653687,,817393.0555555555
356211,,1.0,817396.0277777778
356220,0.41899198293685913,,817410.8604651163
356221,,1.0,817412.8372093023
356233,0.4190019965171814,,817436.5581395349
356234,,1.0,817438.5348837209
356240,0.41901201009750366,,817450.3953488372
356241,,1.0,817452.3720930233
356255,0.4190220236778259,,817480.0465116279
356256,,1.0,817482.023255814
356275,0.4190320372581482,,817519.8260869565
356276,,1.0,817522.0652173914
356282,0.41904205083847046,,817535.5
356283,,1.0,817537.7391304348
356294,0.4190520644187927,,817562.3695652174
356295,,1.0,817564.6086956522
356303,0.419062077999115,,817582.5217391305
356304,,1.0,817584.7608695652
356318,0.4190920889377594,,817635.8888888889
356319,,3.0,817640.3333333334
356326,0.4191220998764038,,817671.4444444445
356327,,3.0,817675.8888888889
356337,0.4191521108150482,,817720.3333333334
356338,,3.0,817724.7777777778
356350,0.4191821217536926,,817778.1111111111
356351,,3.0,817782.5555555555
356365,0.4191921353340149,,817811.3023255814
356366,,1.0,817813.5116279069
356378,0.41920214891433716,,817840.023255814
356379,,1.0,817842.2325581395
356386,0.4192121624946594,,817857.6976744186
356387,,1.0,817859.9069767442
356395,0.4192221760749817,,817877.5813953489
356396,,1.0,817879.7906976744
356411,0.4192521870136261,,817935.3333333334
356412,,3.0,817939.7777777778
356418,0.4192821979522705,,817966.4444444445
356419,,3.0,817970.8888888889
356432,0.4193122088909149,,818028.6666666666
356433,,3.0,818033.1111111111
356442,0.4193422198295593,,818073.1111111111
356443,,3.0,818077.5555555555
356457,0.4193422198295593,,818100.25
356458,,0.0,818101.9090909091
356463,0.4193422198295593,,818110.2045454546
356464,,0.0,818111.8636363636
356477,0.4193422198295593,,818133.4318181818
356478,,0.0,818135.0909090909
356488,0.4193422198295593,,818151.6818181818
356489,,0.0,818153.3409090909
356506,0.4193422198295593,,818177.0
356507,,0.0,818178.5714285715
356514,0.4193422198295593,,818189.5714285715
356515,,0.0,818191.1428571428
356527,0.4193422198295593,,818210.0
356528,,0.0,818211.5714285715
356539,0.4193422198295593,,818228.8571428572
356540,,0.0,818230.4285714285
356557,0.4193522334098816,,818263.85
356558,,1.0,818266.125
356565,0.41936224699020386,,818282.05
356566,,1.0,818284.325
356572,0.4193722605705261,,818297.975
356573,,1.0,818300.25
356581,0.4193822741508484,,818318.45
356582,,1.0,818320.725
356600,0.41940227150917053,,818354.5625
356601,,2.0,818356.6666666666
356609,0.4194222688674927,,818373.5
356610,,2.0,818375.6041666666
356620,0.4194422662258148,,818396.6458333334
356621,,2.0,818398.75
356631,0.41946226358413696,,818419.7916666666
356632,,2.0,818421.8958333334
356649,0.41947227716445923,,818459.4883720931
356650,,1.0,818462.023255814
356656,0.4194822907447815,,818477.2325581395
356657,,1.0,818479.7674418605
356662,0.41949230432510376,,818492.4418604651
356663,,1.0,818494.976744186
356676,0.419502317905426,,818527.9302325582
356677,,1.0,818530.4651162791
356692,0.4195123314857483,,818566.7297297297
356693,,1.0,818569.5405405406
356698,0.41952234506607056,,818583.5945945946
356699,,1.0,818586.4054054054
356706,0.4195323586463928,,818606.0810810811
356707,,1.0,818608.8918918918
356715,0.4195423722267151,,818631.3783783783
356716,,1.0,818634.1891891892
356730,0.41955238580703735,,818662.1025641026
356731,,1.0,818664.3846153846
356738,0.4195623993873596,,818680.358974359
356739,,1.0,818682.641025641
356748,0.4195724129676819,,818703.1794871795
356749,,1.0,818705.4615384615
356756,0.41958242654800415,,818721.4358974359
356757,,1.0,818723.717948718
356779,0.41961243748664856,,818777.4583333334
356780,,3.0,818780.1666666666
356791,0.41964244842529297,,818809.9583333334
356792,,3.0,818812.6666666666
356797,0.4196724593639374,,818826.2083333334
356798,,3.0,818828.9166666666
356806,0.4197024703025818,,818850.5833333334
356807,,3.0,818853.2916666666
356824,0.41972246766090393,,818887.85
356825,,2.0,818890.125
356831,0.4197424650192261,,818903.775
356832,,2.0,818906.05
356838,0.4197624623775482,,818919.7
356839,,2.0,818921.975
356848,0.41978245973587036,,818942.45
356849,,2.0,818944.725
356867,0.41978245973587036,,818971.8863636364
356868,,0.0,818973.5454545454
356875,0.41978245973587036,,818985.1590909091
356876,,0.0,818986.8181818182
356885,0.41978245973587036,,819001.75
356886,,0.0,819003.4090909091
356894,0.41978245973587036,,819016.6818181818
356895,,0.0,819018.3409090909
356908,0.4197924733161926,,819039.3181818182
356909,,1.0,819041.25
356918,0.4198024868965149,,819058.6363636364
356919,,1.0,819060.5681818182
356928,0.41981250047683716,,819077.9545454546
356929,,1.0,819079.8863636364
356940,0.4198225140571594,,819101.1363636364
356941,,1.0,819103.0681818182
356956,0.4198225140571594,,819125.8571428572
356957,,0.0,819127.5952380953
356966,0.4198225140571594,,819143.2380952381
356967,,0.0,819144.9761904762
356976,0.4198225140571594,,819160.619047619
356977,,0.0,819162.3571428572
356984,0.4198225140571594,,819174.5238095238
356985,,0.0,819176.2619047619
357001,0.4198225140571594,,819200.0697674418
357002,,0.0,819201.7674418605
357011,0.4198225140571594,,819217.0465116279
357012,,0.0,819218.7441860465
357021,0.4198225140571594,,819234.023255814
357022,,0.0,819235.7209302326
357029,0.4198225140571594,,819247.6046511628
357030,,0.0,819249.3023255814
357048,0.4198325276374817,,819285.2391304348
357049,,1.0,819287.5217391305
357057,0.41984254121780396,,819305.7826086957
357058,,1.0,819308.0652173914
357069,0.4198525547981262,,819333.1739130435
357070,,1.0,819335.4565217391
357077,0.4198625683784485,,819351.4347826086
357078,,1.0,819353.7173913043
357091,0.41987258195877075,,819380.4736842106
357092,,1.0,819382.9210526316
357099,0.419882595539093,,819400.052631579
357100,,1.0,819402.5
357110,0.4198926091194153,,819426.9736842106
357111,,1.0,819429.4210526316
357117,0.41990262269973755,,819444.1052631579
357118,,1.0,819446.552631579
357133,0.4199126362800598,,819478.4782608695
357134,,1.0,819480.9347826086
357142,0.4199226498603821,,819500.5869565217
357143,,1.0,819503.0434782609
357154,0.41993266344070435,,819530.0652173914
357155,,1.0,819532.5217391305
357165,0.4199426770210266,,819557.0869565217
357166,,1.0,819559.5434782609
357183,0.4199426770210266,,819588.8947368421
357184,,0.0,819590.8157894737
357188,0.4199426770210266,,819598.5
357189,,0.0,819600.4210526316
357196,0.4199426770210266,,819613.8684210526
357197,,0.0,819615.7894736842
357205,0.4199426770210266,,819631.1578947369
357206,,0.0,819633.0789473684
357222,0.4199526906013489,,819661.9512195121
357223,,1.0,819664.0243902439
357232,0.41996270418167114,,819682.6829268293
357233,,1.0,819684.756097561
357242,0.4199727177619934,,819703.4146341464
357243,,1.0,819705.487804878
357248,0.4199827313423157,,819715.8536585366
357249,,1.0,819717.9268292683
357267,0.4200127422809601,,819772.6315789474
357268,,3.0,819776.1403508772
357278,0.4200427532196045,,819811.2280701754
357279,,3.0,819814.7368421053
357293,0.4200727641582489,,819863.8596491228
357294,,3.0,819867.3684210526
357307,0.4201027750968933,,819912.9824561403
357308,,3.0,819916.4912280702
357324,0.4201027750968933,,819940.28
357325,,0.0,819941.84
357333,0.4201027750968933,,819954.32
357334,,0.0,819955.88
357344,0.4201027750968933,,819971.48
357345,,0.0,819973.04
357359,0.4201027750968933,,819994.88
357360,,0.0,819996.44
357377,0.4201127886772156,,820030.5581395349
357378,,1.0,820032.8837209302
357388,0.42012280225753784,,820056.1395348837
357389,,1.0,820058.4651162791
357395,0.4201328158378601,,820072.4186046511
357396,,1.0,820074.7441860465
357404,0.4201428294181824,,820093.3488372093
357405,,1.0,820095.6744186047
357422,0.4201728403568268,,820127.5217391305
357423,,3.0,820129.6304347826
357433,0.4202028512954712,,820150.7173913043
357434,,3.0,820152.8260869565
357443,0.4202328622341156,,820171.804347826
357444,,3.0,820173.9130434783
357452,0.42026287317276,,820190.7826086957
357453,,3.0,820192.8913043478
357469,0.4202928841114044,,820251.5217391305
357470,,3.0,820255.8695652174
357477,0.42032289505004883,,820286.304347826
357478,,3.0,820290.6521739131
357483,0.42035290598869324,,820312.3913043478
357484,,3.0,820316.7391304348
357500,0.42038291692733765,,820386.304347826
357501,,3.0,820390.6521739131
357512,0.42038291692733765,,820409.6666666666
357513,,0.0,820411.5
357521,0.42038291692733765,,820426.1666666666
357522,,0.0,820428.0
357531,0.42038291692733765,,820444.5
357532,,0.0,820446.3333333334
357544,0.42038291692733765,,820468.3333333334
357545,,0.0,820470.1666666666
357561,0.4203929305076599,,820502.0238095238
357562,,1.0,820504.3333333334
357570,0.4204029440879822,,820522.8095238095
357571,,1.0,820525.119047619
357580,0.42041295766830444,,820545.9047619047
357581,,1.0,820548.2142857143
357588,0.4204229712486267,,820564.380952381
357589,,1.0,820566.6904761905
357605,0.420432984828949,,820592.0208333334
357606,,1.0,820593.7916666666
357616,0.42044299840927124,,820611.5
357617,,1.0,820613.2708333334
357628,0.4204530119895935,,820632.75
357629,,1.0,820634.5208333334
357638,0.42046302556991577,,820650.4583333334
357639,,1.0,820652.2291666666
357652,0.4204930365085602,,820687.1578947369
357653,,3.0,820690.4736842106
357662,0.4205230474472046,,820720.3157894737
357663,,3.0,820723.6315789474
357672,0.420553058385849,,820753.4736842106
357673,,3.0,820756.7894736842
357678,0.4205830693244934,,820773.3684210526
357679,,3.0,820776.6842105263
357695,0.4205930829048157,,820806.9069767442
357696,,1.0,820808.976744186
357705,0.42060309648513794,,820827.6046511628
357706,,1.0,820829.6744186047
357716,0.4206131100654602,,820850.3720930233
357717,,1.0,820852.4418604651
357723,0.42062312364578247,,820864.8604651163
357724,,1.0,820866.9302325582
357740,0.42063313722610474,,820893.6734693878
357741,,1.0,820895.5714285715
357752,0.420643150806427,,820916.4489795918
357753,,1.0,820918.3469387755
357764,0.42065316438674927,,820939.224489796
357765,,1.0,820941.1224489796
357774,0.42066317796707153,,820958.2040816327
357775,,1.0,820960.1020408163
357791,0.4206831753253937,,820998.3409090909
357792,,2.0,821001.1363636364
357800,0.4207031726837158,,821023.5
357801,,2.0,821026.2954545454
357809,0.42072317004203796,,821048.6590909091
357810,,2.0,821051.4545454546
357820,0.4207431674003601,,821079.4090909091
357821,,2.0,821082.2045454546
357835,0.4207431674003601,,821100.4
357836,,0.0,821101.8
357846,0.4207431674003601,,821115.8
357847,,0.0,821117.2
357860,0.4207431674003601,,821135.4
357861,,0.0,821136.8
357877,0.4207431674003601,,821159.2
357878,,0.0,821160.6
357894,0.4207531809806824,,821184.75
357895,,1.0,821186.5
357906,0.42076319456100464,,821205.75
357907,,1.0,821207.5
357915,0.4207732081413269,,821221.5
357916,,1.0,821223.25
357923,0.42078322172164917,,821235.5
357924,,1.0,821237.25
357942,0.4208032190799713,,821266.4528301887
357943,,2.0,821268.283018868
357956,0.42082321643829346,,821292.0754716981
357957,,2.0,821293.9056603773
357968,0.4208432137966156,,821314.037735849
357969,,2.0,821315.8679245283
357978,0.42086321115493774,,821332.3396226416
357979,,2.0,821334.1698113207
357995,0.42086321115493774,,821356.6304347826
357996,,0.0,821358.2173913043
358006,0.42086321115493774,,821374.0869565217
358007,,0.0,821375.6739130435
358018,0.42086321115493774,,821393.1304347826
358019,,0.0,821394.7173913043
358026,0.42086321115493774,,821405.8260869565
358027,,0.0,821407.4130434783
358036,0.42086321115493774,,821421.7894736842
358037,,0.0,821423.9210526316
358046,0.42086321115493774,,821443.1052631579
358047,,0.0,821445.2368421053
358057,0.42086321115493774,,821466.552631579
358058,,0.0,821468.6842105263
358066,0.42086321115493774,,821485.7368421053
358067,,0.0,821487.8684210526
358084,0.42087322473526,,821520.7391304348
358085,,1.0,821522.9347826086
358092,0.4208832383155823,,821538.304347826
358093,,1.0,821540.5
358103,0.42089325189590454,,821562.4565217391
358104,,1.0,821564.6521739131
358114,0.4209032654762268,,821586.6086956522
358115,,1.0,821588.804347826
358128,0.4209132790565491,,821615.6153846154
358129,,1.0,821618.0769230769
358138,0.42092329263687134,,821640.2307692308
358139,,1.0,821642.6923076923
358145,0.4209333062171936,,821657.4615384615
358146,,1.0,821659.9230769231
358155,0.42094331979751587,,821682.0769230769
358156,,1.0,821684.5384615385
358170,0.42094331979751587,,821704.6458333334
358171,,0.0,821706.25
358183,0.42094331979751587,,821725.5
358184,,0.0,821727.1041666666
358193,0.42094331979751587,,821741.5416666666
358194,,0.0,821743.1458333334
358205,0.42094331979751587,,821760.7916666666
358206,,0.0,821762.3958333334
358226,0.42095333337783813,,821790.4807692308
358227,,1.0,821792.0384615385
358231,0.4209633469581604,,821798.2692307692
358232,,1.0,821799.8269230769
358243,0.42097336053848267,,821816.9615384615
358244,,1.0,821818.5192307692
358259,0.42098337411880493,,821841.8846153846
358260,,1.0,821843.4423076923
358276,0.42098337411880493,,821866.4897959183
358277,,0.0,821868.1428571428
358287,0.42098337411880493,,821884.6734693878
358288,,0.0,821886.3265306122
358296,0.42098337411880493,,821899.5510204082
358297,,0.0,821901.2040816327
358310,0.42098337411880493,,821922.693877551
358311,,0.0,821924.3469387755
358327,0.4209933876991272,,821959.8
358328,,1.0,821962.4
358337,0.42100340127944946,,821985.8
358338,,1.0,821988.4
358343,0.42101341485977173,,822001.4
358344,,1.0,822004.0
358352,0.421023428440094,,822024.8
358353,,1.0,822027.4
358370,0.42103344202041626,,822063.95
358371,,1.0,822066.375
358379,0.4210434556007385,,822085.775
358380,,1.0,822088.2
358384,0.4210534691810608,,822097.9
358385,,1.0,822100.325
358394,0.42106348276138306,,822122.15
358395,,1.0,822124.575
358414,0.4210734963417053,,822154.7551020408
358415,,1.0,822156.4897959183
358424,0.4210835099220276,,822172.1020408163
358425,,1.0,822173.8367346938
358434,0.42109352350234985,,822189.4489795918
358435,,1.0,822191.1836734693
358445,0.4211035370826721,,822208.5306122449
358446,,1.0,822210.2653061225
358463,0.42112353444099426,,822267.3636363636
358464,,2.0,822271.3181818182
358474,0.4211435317993164,,822310.8636363636
358475,,2.0,822314.8181818182
358484,0.42116352915763855,,822350.4090909091
358485,,2.0,822354.3636363636
358491,0.4211835265159607,,822378.0909090909
358492,,2.0,822382.0454545454
358505,0.4211835265159607,,822406.2631578947
358506,,0.0,822408.2894736842
358515,0.4211835265159607,,822426.5263157894
358516,,0.0,822428.552631579
358524,0.4211835265159607,,822444.7631578947
358525,,0.0,822446.7894736842
358531,0.4211835265159607,,822458.947368421
358532,,0.0,822460.9736842106
358543,0.42119354009628296,,822486.0857142857
358544,,1.0,822488.9714285714
358553,0.4212035536766052,,822514.9428571429
358554,,1.0,822517.8285714285
358560,0.4212135672569275,,822535.1428571428
358561,,1.0,822538.0285714286
358568,0.42122358083724976,,822558.2285714286
358569,,1.0,822561.1142857143
358585,0.4212435781955719,,822606.575
358586,,2.0,822609.85
358594,0.42126357555389404,,822636.05
358595,,2.0,822639.325
358605,0.4212835729122162,,822672.075
358606,,2.0,822675.35
358610,0.42130357027053833,,822688.45
358611,,2.0,822691.725
358632,0.42133358120918274,,822736.7857142857
358633,,3.0,822739.1071428572
358644,0.42136359214782715,,822764.6428571428
358645,,3.0,822766.9642857143
358659,0.42139360308647156,,822799.4642857143
358660,,3.0,822801.7857142857
358668,0.42142361402511597,,822820.3571428572
358669,,3.0,822822.6785714285
358684,0.42143362760543823,,822849.5333333333
358685,,1.0,822851.5777777778
358695,0.4214436411857605,,822872.0222222222
358696,,1.0,822874.0666666667
358706,0.42145365476608276,,822894.5111111111
358707,,1.0,822896.5555555555
358715,0.42146366834640503,,822912.911111111
358716,,1.0,822914.9555555555
358727,0.4214736819267273,,822934.8604651163
358728,,1.0,822937.0930232558
358738,0.42148369550704956,,822959.4186046511
358739,,1.0,822961.6511627907
358747,0.4214937090873718,,822979.5116279069
358748,,1.0,822981.7441860465
358760,0.4215037226676941,,823008.5348837209
358761,,1.0,823010.7674418605
358774,0.4215037226676941,,823031.717948718
358775,,0.0,823033.5897435897
358781,0.4215037226676941,,823044.8205128205
358782,,0.0,823046.6923076923
358792,0.4215037226676941,,823065.4102564103
358793,,0.0,823067.282051282
358801,0.4215037226676941,,823082.2564102564
358802,,0.0,823084.1282051282
358819,0.42151373624801636,,823107.8076923077
358820,,1.0,823109.3653846154
358830,0.4215237498283386,,823124.9423076923
358831,,1.0,823126.5
358844,0.4215337634086609,,823146.75
358845,,1.0,823148.3076923077
358855,0.42154377698898315,,823163.8846153846
358856,,1.0,823165.4423076923
358867,0.42157378792762756,,823188.8181818182
358868,,3.0,823191.5454545454
358876,0.421603798866272,,823213.3636363636
358877,,3.0,823216.0909090909
358887,0.4216338098049164,,823243.3636363636
358888,,3.0,823246.0909090909
358901,0.4216638207435608,,823281.5454545454
358902,,3.0,823284.2727272727
358923,0.42167383432388306,,823318.224489796
358924,,1.0,823319.9591836735
358930,0.4216838479042053,,823330.3673469388
358931,,1.0,823332.1020408163
358944,0.4216938614845276,,823354.6530612245
358945,,1.0,823356.387755102
358952,0.42170387506484985,,823368.5306122449
358953,,1.0,823370.2653061225
358970,0.42170387506484985,,823395.4347826086
358971,,0.0,823397.1086956522
358982,0.42170387506484985,,823415.5217391305
358983,,0.0,823417.195652174
358994,0.42170387506484985,,823435.6086956522
358995,,0.0,823437.2826086957
359000,0.42170387506484985,,823445.6521739131
359001,,0.0,823447.3260869565
359012,0.42170387506484985,,823463.3255813953
359013,,0.0,823465.1162790698
359026,0.42170387506484985,,823488.3953488372
359027,,0.0,823490.1860465116
359035,0.42170387506484985,,823504.5116279069
359036,,0.0,823506.3023255814
359045,0.42170387506484985,,823522.4186046511
359046,,0.0,823524.2093023256
359061,0.4217138886451721,,823547.7959183673
359062,,1.0,823549.612244898
359070,0.4217239022254944,,823564.1428571428
359071,,1.0,823565.9591836735
359081,0.42173391580581665,,823584.1224489796
359082,,1.0,823585.9387755102
359096,0.4217439293861389,,823611.3673469388
359097,,1.0,823613.1836734693
359111,0.4217539429664612,,823639.9512195121
359112,,1.0,823642.2195121951
359125,0.42176395654678345,,823671.7073170731
359126,,1.0,823673.9756097561
359134,0.4217739701271057,,823692.1219512195
359135,,1.0,823694.3902439025
359139,0.421783983707428,,823703.4634146341
359140,,1.0,823705.731707317
359158,0.421783983707428,,823734.25
359159,,0.0,823736.0
359165,0.421783983707428,,823746.5
359166,,0.0,823748.25
359176,0.421783983707428,,823765.75
359177,,0.0,823767.5
359185,0.421783983707428,,823781.5
359186,,0.0,823783.25
359203,0.421783983707428,,823808.4347826086
359204,,0.0,823810.1086956522
359216,0.421783983707428,,823830.195652174
359217,,0.0,823831.8695652174
359224,0.421783983707428,,823843.5869565217
359225,,0.0,823845.2608695652
359233,0.421783983707428,,823858.6521739131
359234,,0.0,823860.3260869565
359252,0.421783983707428,,823887.1086956522
359253,,0.0,823888.7826086957
359260,0.421783983707428,,823900.5
359261,,0.0,823902.1739130435
359271,0.421783983707428,,823918.9130434783
359272,,0.0,823920.5869565217
359281,0.421783983707428,,823935.6521739131
359282,,0.0,823937.3260869565
359295,0.421783983707428,,823960.0
359296,,0.0,823962.1
359303,0.421783983707428,,823976.8
359304,,0.0,823978.9
359313,0.421783983707428,,823997.8
359314,,0.0,823999.9
359323,0.421783983707428,,824018.8
359324,,0.0,824020.9
359336,0.42179399728775024,,824040.2653061225
359337,,1.0,824042.1836734693
359350,0.4218040108680725,,824067.1224489796
359351,,1.0,824069.0408163265
359362,0.4218140244483948,,824090.1428571428
359363,,1.0,824092.0612244898
359374,0.42182403802871704,,824113.1632653062
359375,,1.0,824115.081632653
359392,0.42182403802871704,,824141.2666666667
359393,,0.0,824143.0
359399,0.42182403802871704,,824153.4
359400,,0.0,824155.1333333333
359408,0.42182403802871704,,824169.0
359409,,0.0,824170.7333333333
359421,0.42182403802871704,,824191.5333333333
359422,,0.0,824193.2666666667
359437,0.4218440353870392,,824225.1224489796
359438,,2.0,824227.6326530612
359452,0.42186403274536133,,824262.775510204
359453,,2.0,824265.2857142857
359460,0.42188403010368347,,824282.8571428572
359461,,2.0,824285.3673469388
359472,0.4219040274620056,,824312.9795918367
359473,,2.0,824315.4897959183
359490,0.42192402482032776,,824354.2727272727
359491,,2.0,824356.8636363636
359497,0.4219440221786499,,824372.4090909091
359498,,2.0,824375.0
359506,0.42196401953697205,,824395.7272727273
359507,,2.0,824398.3181818182
359518,0.4219840168952942,,824426.8181818182
359519,,2.0,824429.4090909091
359536,0.42200401425361633,,824480.487804878
359537,,2.0,824483.9512195121
359546,0.4220240116119385,,824515.1219512195
359547,,2.0,824518.5853658536
359554,0.4220440089702606,,824542.8292682926
359555,,2.0,824546.2926829269
359561,0.42206400632858276,,824567.0731707317
359562,,2.0,824570.5365853659
359577,0.4220940172672272,,824607.4285714285
359578,,3.0,824610.2142857143
359585,0.4221240282058716,,824629.7142857143
359586,,3.0,824632.5
359598,0.422154039144516,,824665.9285714285
359599,,3.0,824668.7142857143
359605,0.4221840500831604,,824685.4285714285
359606,,3.0,824688.2142857143
359623,0.4221840500831604,,824717.0
359624,,0.0,824718.8571428572
359631,0.4221840500831604,,824731.8571428572
359632,,0.0,824733.7142857143
359640,0.4221840500831604,,824748.5714285715
359641,,0.0,824750.4285714285
359649,0.4221840500831604,,824765.2857142857
359650,,0.0,824767.1428571428
359667,0.42219406366348267,,824794.6666666666
359668,,1.0,824796.5
359675,0.42220407724380493,,824809.3333333334
359676,,1.0,824811.1666666666
359681,0.4222140908241272,,824820.3333333334
359682,,1.0,824822.1666666666
359693,0.42222410440444946,,824842.3333333334
359694,,1.0,824844.1666666666
359710,0.42222410440444946,,824870.4883720931
359711,,0.0,824872.3720930233
359720,0.42222410440444946,,824889.3255813953
359721,,0.0,824891.2093023256
359730,0.42222410440444946,,824908.1627906977
359731,,0.0,824910.0465116279
359738,0.42222410440444946,,824923.2325581395
359739,,0.0,824925.1162790698
359753,0.42223411798477173,,824947.7209302326
359754,,1.0,824949.6046511628
359766,0.422244131565094,,824972.2093023256
359767,,1.0,824974.0930232558
359774,0.42225414514541626,,824987.2790697674
359775,,1.0,824989.1627906977
359783,0.4222641587257385,,825004.2325581395
359784,,1.0,825006.1162790698
359798,0.42228415608406067,,825040.4883720931
359799,,2.0,825043.4418604651
359811,0.4223041534423828,,825078.8837209302
359812,,2.0,825081.8372093023
359822,0.42232415080070496,,825111.3720930233
359823,,2.0,825114.3255813953
359828,0.4223441481590271,,825129.0930232558
359829,,2.0,825132.0465116279
359842,0.42235416173934937,,825154.756097561
359843,,1.0,825156.731707317
359851,0.42236417531967163,,825172.5365853659
359852,,1.0,825174.512195122
359862,0.4223741888999939,,825194.268292683
359863,,1.0,825196.243902439
359871,0.42238420248031616,,825212.0487804879
359872,,1.0,825214.0243902439
359886,0.4224041998386383,,825242.2926829269
359887,,2.0,825244.6829268293
359897,0.42242419719696045,,825268.5853658536
359898,,2.0,825270.9756097561
359904,0.4224441945552826,,825285.3170731707
359905,,2.0,825287.7073170731
359914,0.42246419191360474,,825309.2195121951
359915,,2.0,825311.6097560975
359930,0.422474205493927,,825335.0
359931,,1.0,825336.75
359943,0.42248421907424927,,825357.75
359944,,1.0,825359.5
359950,0.42249423265457153,,825370.0
359951,,1.0,825371.75
359960,0.4225042462348938,,825387.5
359961,,1.0,825389.25
359972,0.4225042462348938,,825408.5135135135
359973,,0.0,825410.7027027027
359979,0.4225042462348938,,825423.8378378379
359980,,0.0,825426.027027027
359987,0.4225042462348938,,825441.3513513514
359988,,0.0,825443.5405405406
359999,0.4225042462348938,,825467.6216216217
360000,,0.0,825469.8108108108
360017,0.42251425981521606,,825500.2978723404
360018,,1.0,825502.3191489362
360028,0.42252427339553833,,825522.5319148937
360029,,1.0,825524.5531914893
360038,0.4225342869758606,,825542.7446808511
360039,,1.0,825544.7659574468
360048,0.42254430055618286,,825562.9574468085
360049,,1.0,825564.9787234042
360066,0.4225543141365051,,825595.8936170213
360067,,1.0,825597.9574468085
360076,0.4225643277168274,,825616.5319148937
360077,,1.0,825618.5957446808
360087,0.42257434129714966,,825639.2340425532
360088,,1.0,825641.2978723404
360097,0.4225843548774719,,825659.8723404255
360098,,1.0,825661.9361702128
360116,0.4225843548774719,,825690.25
360117,,0.0,825692.0
360125,0.4225843548774719,,825706.0
360126,,0.0,825707.75
360133,0.4225843548774719,,825720.0
360134,,0.0,825721.75
360143,0.4225843548774719,,825737.5
360144,,0.0,825739.25
360159,0.42260435223579407,,825768.5454545454
360160,,2.0,825770.8409090909
360168,0.4226243495941162,,825789.2045454546
360169,,2.0,825791.5
360178,0.42264434695243835,,825812.1590909091
360179,,2.0,825814.4545454546
360189,0.4226643443107605,,825837.4090909091
360190,,2.0,825839.7045454546
360208,0.4226643443107605,,825865.1
360209,,0.0,825866.64
360216,0.4226643443107605,,825877.42
360217,,0.0,825878.96
360229,0.4226643443107605,,825897.44
360230,,0.0,825898.98
360241,0.4226643443107605,,825915.92
360242,,0.0,825917.46
360254,0.42267435789108276,,825937.6923076923
360255,,1.0,825939.7692307692
360266,0.42268437147140503,,825962.6153846154
360267,,1.0,825964.6923076923
360275,0.4226943850517273,,825981.3076923077
360276,,1.0,825983.3846153846
360282,0.42270439863204956,,825995.8461538461
360283,,1.0,825997.9230769231
360297,0.42273440957069397,,826018.8867924528
360298,,3.0,826020.6037735849
360315,0.4227644205093384,,826049.7924528302
360316,,3.0,826051.5094339623
360328,0.4227944314479828,,826072.1132075472
360329,,3.0,826073.8301886793
360337,0.4228244423866272,,826087.5660377359
360338,,3.0,826089.283018868
360351,0.42283445596694946,,826107.0416666666
360352,,1.0,826108.6458333334
360362,0.42284446954727173,,826124.6875
360363,,1.0,826126.2916666666
360373,0.422854483127594,,826142.3333333334
360374,,1.0,826143.9375
360387,0.42286449670791626,,826164.7916666666
360388,,1.0,826166.3958333334
360404,0.4228745102882385,,826195.1063829787
360405,,1.0,826197.1914893617
360418,0.4228845238685608,,826224.2978723404
360419,,1.0,826226.3829787234
360426,0.42289453744888306,,826240.9787234042
360427,,1.0,826243.0638297872
360436,0.4229045510292053,,826261.8297872341
360437,,1.0,826263.914893617
360452,0.4229145646095276,,826291.7872340425
360453,,1.0,826293.9361702128
360463,0.42292457818984985,,826315.4255319149
360464,,1.0,826317.5744680851
360474,0.4229345917701721,,826339.0638297872
360475,,1.0,826341.2127659575
360485,0.4229446053504944,,826362.7021276596
360486,,1.0,826364.8510638297
360504,0.4229746162891388,,826423.25
360505,,3.0,826427.0
360513,0.4230046272277832,,826457.0
360514,,3.0,826460.75
360521,0.4230346381664276,,826487.0
360522,,3.0,826490.75
360531,0.423064649105072,,826524.5
360532,,3.0,826528.25
360550,0.4230746626853943,,826565.0681818182
360551,,1.0,826567.2727272727
360558,0.42308467626571655,,826582.7045454546
360559,,1.0,826584.9090909091
360566,0.4230946898460388,,826600.3409090909
360567,,1.0,826602.5454545454
360577,0.4231047034263611,,826624.5909090909
360578,,1.0,826626.7954545454
360593,0.4231347143650055,,826678.304347826
360594,,3.0,826682.4130434783
360602,0.4231647253036499,,826715.2826086957
360603,,3.0,826719.3913043478
360615,0.4231947362422943,,826768.695652174
360616,,3.0,826772.804347826
360625,0.4232247471809387,,826809.7826086957
360626,,3.0,826813.8913043478
360637,0.423234760761261,,826837.8974358974
360638,,1.0,826840.3846153846
360646,0.42324477434158325,,826860.282051282
360647,,1.0,826862.7692307692
360654,0.4232547879219055,,826880.1794871795
360655,,1.0,826882.6666666666
360666,0.4232648015022278,,826910.0256410256
360667,,1.0,826912.5128205129
360685,0.4232648015022278,,826938.2978723404
360686,,0.0,826939.8510638297
360695,0.4232648015022278,,826953.8297872341
360696,,0.0,826955.3829787234
360707,0.4232648015022278,,826972.4680851063
360708,,0.0,826974.0212765958
360715,0.4232648015022278,,826984.8936170213
360716,,0.0,826986.4468085107
360733,0.4232648015022278,,827008.6037735849
360734,,0.0,827010.0754716981
360746,0.4232648015022278,,827027.7358490566
360747,,0.0,827029.2075471698
360760,0.4232648015022278,,827048.3396226416
360761,,0.0,827049.8113207547
360770,0.4232648015022278,,827063.0566037736
360771,,0.0,827064.5283018867
360786,0.42327481508255005,,827088.0909090909
360787,,1.0,827089.9318181818
360797,0.4232848286628723,,827108.3409090909
360798,,1.0,827110.1818181818
360809,0.4232948422431946,,827130.4318181818
360810,,1.0,827132.2727272727
360816,0.42330485582351685,,827143.3181818182
360817,,1.0,827145.1590909091
360831,0.4233148694038391,,827168.2280701754
360832,,1.0,827170.1578947369
360848,0.4233248829841614,,827201.0350877193
360849,,1.0,827202.9649122807
360863,0.42333489656448364,,827229.9824561403
360864,,1.0,827231.9122807018
360875,0.4233449101448059,,827253.1403508772
360876,,1.0,827255.0701754387
360887,0.4233549237251282,,827275.5142857142
360888,,1.0,827277.8285714285
360896,0.42336493730545044,,827296.3428571429
360897,,1.0,827298.6571428571
360905,0.4233749508857727,,827317.1714285715
360906,,1.0,827319.4857142858
360912,0.42338496446609497,,827333.3714285714
360913,,1.0,827335.6857142857
360926,0.42339497804641724,,827354.7346938775
360927,,1.0,827356.4081632653
360939,0.4234049916267395,,827376.4897959183
360940,,1.0,827378.1632653062
360954,0.42341500520706177,,827401.5918367347
360955,,1.0,827403.2653061225
360963,0.42342501878738403,,827416.6530612245
360964,,1.0,827418.3265306122
360976,0.42342501878738403,,827437.55
360977,,0.0,827439.5
360983,0.42342501878738403,,827451.2
360984,,0.0,827453.15
360996,0.42342501878738403,,827476.55
360997,,0.0,827478.5
361005,0.42342501878738403,,827494.1
361006,,0.0,827496.05
361022,0.42342501878738403,,827519.2978723404
361023,,0.0,827520.9361702128
361031,0.42342501878738403,,827534.0425531915
361032,,0.0,827535.6808510638
361041,0.42342501878738403,,827550.4255319149
361042,,0.0,827552.0638297872
361054,0.42342501878738403,,827571.7234042553
361055,,0.0,827573.3617021276
361069,0.4234450161457062,,827601.0652173914
361070,,2.0,827603.4347826086
361080,0.4234650135040283,,827627.1304347826
361081,,2.0,827629.5
361094,0.42348501086235046,,827660.304347826
361095,,2.0,827662.6739130435
361102,0.4235050082206726,,827679.2608695652
361103,,2.0,827681.6304347826
361114,0.4235150218009949,,827700.9523809524
361115,,1.0,827703.0714285715
361126,0.42352503538131714,,827726.380952381
361127,,1.0,827728.5
361135,0.4235350489616394,,827745.4523809524
361136,,1.0,827747.5714285715
361146,0.42354506254196167,,827768.7619047619
361147,,1.0,827770.880952381
361166,0.42355507612228394,,827812.8297872341
361167,,1.0,827815.3191489362
361176,0.4235650897026062,,827837.7234042553
361177,,1.0,827840.2127659575
361186,0.42357510328292847,,827862.6170212766
361187,,1.0,827865.1063829787
361195,0.42358511686325073,,827885.0212765958
361196,,1.0,827887.5106382979
361216,0.42358511686325073,,827913.4150943396
361217,,0.0,827914.7924528302
361226,0.42358511686325073,,827927.1886792453
361227,,0.0,827928.5660377359
361239,0.42358511686325073,,827945.0943396227
361240,,0.0,827946.4716981133
361250,0.42358511686325073,,827960.2452830189
361251,,0.0,827961.6226415094
361265,0.42358511686325073,,827986.2571428572
361266,,0.0,827988.3714285714
361271,0.42358511686325073,,827998.9428571429
361272,,0.0,828001.0571428571
361279,0.42358511686325073,,828015.8571428572
361280,,0.0,828017.9714285714
361287,0.42358511686325073,,828032.7714285714
361288,,0.0,828034.8857142857
361303,0.423595130443573,,828062.8666666667
361304,,1.0,828065.0222222222
361315,0.42360514402389526,,828088.7333333333
361316,,1.0,828090.8888888889
361323,0.42361515760421753,,828105.9777777778
361324,,1.0,828108.1333333333
361334,0.4236251711845398,,828129.6888888889
361335,,1.0,828131.8444444444
361348,0.4236251711845398,,828155.0810810811
361349,,0.0,828157.1891891892
361354,0.4236251711845398,,828167.7297297297
361355,,0.0,828169.8378378379
361360,0.4236251711845398,,828180.3783783783
361361,,0.0,828182.4864864865
361373,0.4236251711845398,,828207.7837837838
361374,,0.0,828209.8918918918
361394,0.42363518476486206,,828256.3658536585
361395,,1.0,828258.9756097561
361402,0.4236451983451843,,828277.243902439
361403,,1.0,828279.8536585366
361408,0.4236552119255066,,828292.9024390244
361409,,1.0,828295.512195122
361416,0.42366522550582886,,828313.7804878049
361417,,1.0,828316.3902439025
361430,0.4236752390861511,,828342.5135135135
361431,,1.0,828344.8648648649
361438,0.4236852526664734,,828361.3243243244
361439,,1.0,828363.6756756756
361447,0.42369526624679565,,828382.4864864865
361448,,1.0,828384.8378378379
361455,0.4237052798271179,,828401.2972972973
361456,,1.0,828403.6486486486
361464,0.4237152934074402,,828415.625
361465,,1.0,828417.55
361477,0.42372530698776245,,828440.65
361478,,1.0,828442.575
361487,0.4237353205680847,,828459.9
361488,,1.0,828461.825
361497,0.423745334148407,,828479.15
361498,,1.0,828481.075
361514,0.423745334148407,,828503.1914893617
361515,,0.0,828504.7446808511
361524,0.423745334148407,,828518.7234042553
361525,,0.0,828520.2765957447
361536,0.423745334148407,,828537.3617021276
361537,,0.0,828538.914893617
361546,0.423745334148407,,828552.8936170213
361547,,0.0,828554.4468085107
361559,0.423745334148407,,828571.3
361560,,0.0,828573.0
361572,0.423745334148407,,828593.4
361573,,0.0,828595.1
361583,0.423745334148407,,828612.1
361584,,0.0,828613.8
361598,0.423745334148407,,828637.6
361599,,0.0,828639.3
361611,0.42375534772872925,,828666.0540540541
361612,,1.0,828668.8378378379
361617,0.4237653613090515,,828682.7567567568
361618,,1.0,828685.5405405406
361627,0.4237753748893738,,828710.5945945946
361628,,1.0,828713.3783783783
361637,0.42378538846969604,,828738.4324324324
361638,,1.0,828741.2162162162
361658,0.4238053858280182,,828780.3720930233
361659,,2.0,828782.5116279069
361665,0.42382538318634033,,828795.3488372093
361666,,2.0,828797.4883720931
361675,0.4238453805446625,,828816.7441860465
361676,,2.0,828818.8837209302
361682,0.4238653779029846,,828831.7209302326
361683,,2.0,828833.8604651163
361696,0.4238653779029846,,828855.756097561
361697,,0.0,828857.731707317
361707,0.4238653779029846,,828877.487804878
361708,,0.0,828879.4634146341
361715,0.4238653779029846,,828893.2926829269
361716,,0.0,828895.268292683
361725,0.4238653779029846,,828913.0487804879
361726,,0.0,828915.0243902439
361740,0.4238653779029846,,828937.9268292683
361741,,0.0,828939.8292682926
361749,0.4238653779029846,,828955.0487804879
361750,,0.0,828956.9512195121
361761,0.4238653779029846,,828977.8780487805
361762,,0.0,828979.7804878049
361768,0.4238653779029846,,828991.1951219512
361769,,0.0,828993.0975609756
361780,0.4238653779029846,,829011.6486486486
361781,,0.0,829013.7297297297
361789,0.4238653779029846,,829030.3783783783
361790,,0.0,829032.4594594594
361796,0.4238653779029846,,829044.9459459459
361797,,0.0,829047.027027027
361807,0.4238653779029846,,829067.8378378379
361808,,0.0,829069.9189189189
361826,0.4238753914833069,,829100.1707317074
361827,,1.0,829102.0487804879
361835,0.42388540506362915,,829117.0731707317
361836,,1.0,829118.9512195121
361842,0.4238954186439514,,829130.2195121951
361843,,1.0,829132.0975609756
361850,0.4239054322242737,,829145.243902439
361851,,1.0,829147.1219512195
361867,0.42391544580459595,,829171.8913043478
361868,,1.0,829173.6521739131
361881,0.4239254593849182,,829196.5434782609
361882,,1.0,829198.304347826
361889,0.4239354729652405,,829210.6304347826
361890,,1.0,829212.3913043478
361898,0.42394548654556274,,829226.4782608695
361899,,1.0,829228.2391304348
361910,0.423955500125885,,829250.25
361911,,1.0,829252.78125
361915,0.4239655137062073,,829262.90625
361916,,1.0,829265.4375
361923,0.42397552728652954,,829283.15625
361924,,1.0,829285.6875
361932,0.4239855408668518,,829305.9375
361933,,1.0,829308.46875
361946,0.42400553822517395,,829348.5
361947,,2.0,829352.25
361956,0.4240255355834961,,829386.0
361957,,2.0,829389.75
361963,0.42404553294181824,,829412.25
361964,,2.0,829416.0
361970,0.4240655303001404,,829438.5
361971,,2.0,829442.25
361991,0.42407554388046265,,829477.62
361992,,1.0,829479.48
362003,0.4240855574607849,,829499.94
362004,,1.0,829501.8
362013,0.4240955710411072,,829518.54
362014,,1.0,829520.4
362022,0.42410558462142944,,829535.28
362023,,1.0,829537.14
362036,0.42410558462142944,,829554.8695652174
362037,,0.0,829556.4565217391
362050,0.42410558462142944,,829577.0869565217
362051,,0.0,829578.6739130435
362062,0.42410558462142944,,829596.1304347826
362063,,0.0,829597.7173913043
362070,0.42410558462142944,,829608.8260869565
362071,,0.0,829610.4130434783
362086,0.4241155982017517,,829630.8571428572
362087,,1.0,829632.4285714285
362096,0.424125611782074,,829646.5714285715
362097,,1.0,829648.1428571428
362109,0.42413562536239624,,829667.0
362110,,1.0,829668.5714285715
362121,0.4241456389427185,,829685.8571428572
362122,,1.0,829687.4285714285
362137,0.42415565252304077,,829720.9024390244
362138,,1.0,829723.5609756098
362147,0.42416566610336304,,829747.487804878
362148,,1.0,829750.1463414634
362156,0.4241756796836853,,829771.4146341464
362157,,1.0,829774.0731707317
362164,0.42418569326400757,,829792.6829268293
362165,,1.0,829795.3414634146
362181,0.42419570684432983,,829822.5555555555
362182,,1.0,829824.4444444445
362193,0.4242057204246521,,829845.2222222222
362194,,1.0,829847.1111111111
362203,0.42421573400497437,,829864.1111111111
362204,,1.0,829866.0
362211,0.42422574758529663,,829879.2222222222
362212,,1.0,829881.1111111111
362224,0.42425575852394104,,829915.5384615385
362225,,3.0,829919.1538461539
362236,0.42428576946258545,,829958.9230769231
362237,,3.0,829962.5384615385
362252,0.42431578040122986,,830016.7692307692
362253,,3.0,830020.3846153846
362265,0.42434579133987427,,830063.7692307692
362266,,3.0,830067.3846153846
362281,0.42435580492019653,,830095.0
362282,,1.0,830097.0
362290,0.4243658185005188,,830113.0
362291,,1.0,830115.0
362300,0.42437583208084106,,830133.0
362301,,1.0,830135.0
362311,0.42438584566116333,,830155.0
362312,,1.0,830157.0
362324,0.4243958592414856,,830177.2368421053
362325,,1.0,830179.2631578947
362334,0.42440587282180786,,830197.5
362335,,1.0,830199.5263157894
362343,0.4244158864021301,,830215.7368421053
362344,,1.0,830217.7631578947
362351,0.4244258999824524,,830231.947368421
362352,,1.0,830233.9736842106
362367,0.4244258999824524,,830257.4883720931
362368,,0.0,830259.2790697674
362375,0.4244258999824524,,830271.8139534884
362376,,0.0,830273.6046511628
362386,0.4244258999824524,,830291.5116279069
362387,,0.0,830293.3023255814
362396,0.4244258999824524,,830309.4186046511
362397,,0.0,830311.2093023256
362413,0.42443591356277466,,830337.4883720931
362414,,1.0,830339.3720930233
362421,0.4244459271430969,,830352.5581395349
362422,,1.0,830354.4418604651
362430,0.4244559407234192,,830369.5116279069
362431,,1.0,830371.3953488372
362441,0.42446595430374146,,830390.2325581395
362442,,1.0,830392.1162790698
362454,0.4244859516620636,,830415.6346153846
362455,,2.0,830418.0384615385
362465,0.42450594902038574,,830442.0769230769
362466,,2.0,830444.4807692308
362481,0.4245259463787079,,830480.5384615385
362482,,2.0,830482.9423076923
362495,0.42454594373703003,,830514.1923076923
362496,,2.0,830516.5961538461
362512,0.42454594373703003,,830543.7
362513,,0.0,830545.6
362520,0.42454594373703003,,830558.9
362521,,0.0,830560.8
362528,0.42454594373703003,,830574.1
362529,,0.0,830576.0
362537,0.42454594373703003,,830591.2
362538,,0.0,830593.1
362553,0.4245559573173523,,830618.7073170731
362554,,1.0,830620.6829268293
362560,0.42456597089767456,,830632.5365853659
362561,,1.0,830634.512195122
362571,0.4245759844779968,,830654.268292683
362572,,1.0,830656.243902439
362580,0.4245859980583191,,830672.0487804879
362581,,1.0,830674.0243902439
362596,0.42459601163864136,,830702.4545454546
362597,,1.0,830704.6590909091
362604,0.4246060252189636,,830720.0909090909
362605,,1.0,830722.2954545454
362614,0.4246160387992859,,830742.1363636364
362615,,1.0,830744.3409090909
362626,0.42462605237960815,,830768.5909090909
362627,,1.0,830770.7954545454
362639,0.42462605237960815,,830788.4
362640,,0.0,830790.1111111111
362648,0.42462605237960815,,830803.8
362649,,0.0,830805.5111111111
362658,0.42462605237960815,,830820.911111111
362659,,0.0,830822.6222222223
362673,0.42462605237960815,,830846.5777777778
362674,,0.0,830848.2888888889
362688,0.42462605237960815,,830867.2857142857
362689,,0.0,830868.8571428572
362698,0.42462605237960815,,830883.0
362699,,0.0,830884.5714285715
362710,0.42462605237960815,,830901.8571428572
362711,,0.0,830903.4285714285
362724,0.42462605237960815,,830923.8571428572
362725,,0.0,830925.4285714285
362740,0.42462605237960815,,830949.5365853659
362741,,0.0,830951.4146341464
362749,0.42462605237960815,,830966.4390243902
362750,,0.0,830968.3170731707
362756,0.42462605237960815,,830979.5853658536
362757,,0.0,830981.4634146341
362767,0.42462605237960815,,831000.243902439
362768,,0.0,831002.1219512195
362789,0.42462605237960815,,831042.7391304348
362790,,0.0,831044.8913043478
362798,0.42462605237960815,,831062.1086956522
362799,,0.0,831064.2608695652
362807,0.42462605237960815,,831081.4782608695
362808,,0.0,831083.6304347826
362815,0.42462605237960815,,831098.695652174
362816,,0.0,831100.8478260869
362827,0.4246460497379303,,831125.5454545454
362828,,2.0,831128.3636363636
362840,0.42466604709625244,,831162.1818181818
362841,,2.0,831165.0
362849,0.4246860444545746,,831187.5454545454
362850,,2.0,831190.3636363636
362861,0.42470604181289673,,831221.3636363636
362862,,2.0,831224.1818181818
362878,0.424716055393219,,831254.2093023256
362879,,1.0,831256.3023255814
362887,0.42472606897354126,,831273.0465116279
362888,,1.0,831275.1395348837
362895,0.4247360825538635,,831289.7906976744
362896,,1.0,831291.8837209302
362906,0.4247460961341858,,831312.8139534884
362907,,1.0,831314.9069767442
362922,0.42475610971450806,,831343.1538461539
362923,,1.0,831345.3333333334
362930,0.4247661232948303,,831360.5897435897
362931,,1.0,831362.7692307692
362941,0.4247761368751526,,831384.5641025641
362942,,1.0,831386.7435897436
362947,0.42478615045547485,,831397.641025641
362948,,1.0,831399.8205128205
362966,0.42478615045547485,,831425.1
362967,,0.0,831426.64
362977,0.42478615045547485,,831442.04
362978,,0.0,831443.58
362986,0.42478615045547485,,831455.9
362987,,0.0,831457.44
362999,0.42478615045547485,,831475.92
363000,,0.0,831477.46
363013,0.4247961640357971,,831498.756097561
363014,,1.0,831500.731707317
363025,0.4248061776161194,,831522.4634146341
363026,,1.0,831524.4390243902
363034,0.42481619119644165,,831540.243902439
363035,,1.0,831542.2195121951
363042,0.4248262047767639,,831556.0487804879
363043,,1.0,831558.0243902439
363055,0.4248262047767639,,831575.75
363056,,0.0,831577.5
363066,0.4248262047767639,,831595.0
363067,,0.0,831596.75
363077,0.4248262047767639,,831614.25
363078,,0.0,831616.0
363088,0.4248262047767639,,831633.5
363089,,0.0,831635.25
363100,0.42484620213508606,,831660.5555555555
363101,,2.0,831663.5
363110,0.4248661994934082,,831690.0
363111,,2.0,831692.9444444445
363117,0.42488619685173035,,831710.6111111111
363118,,2.0,831713.5555555555
363126,0.4249061942100525,,831737.1111111111
363127,,2.0,831740.0555555555
363141,0.42491620779037476,,831772.5428571429
363142,,1.0,831775.2285714286
363147,0.424926221370697,,831788.6571428571
363148,,1.0,831791.3428571429
363156,0.4249362349510193,,831812.8285714285
363157,,1.0,831815.5142857142
363163,0.42494624853134155,,831831.6285714286
363164,,1.0,831834.3142857143
363178,0.4249562621116638,,831859.22
363179,,1.0,831861.24
363188,0.4249662756919861,,831879.42
363189,,1.0,831881.44
363202,0.42497628927230835,,831907.7
363203,,1.0,831909.72
363215,0.4249863028526306,,831933.96
363216,,1.0,831935.98
363230,0.4249963164329529,,831961.5714285715
363231,,1.0,831963.7142857143
363237,0.42500633001327515,,831976.5714285715
363238,,1.0,831978.7142857143
363248,0.4250163435935974,,832000.1428571428
363249,,1.0,832002.2857142857
363259,0.4250263571739197,,832023.7142857143
363260,,1.0,832025.8571428572
363277,0.4250463545322418,,832058.9302325582
363278,,2.0,832061.1395348837
363286,0.42506635189056396,,832078.8139534884
363287,,2.0,832081.023255814
363296,0.4250863492488861,,832100.9069767442
363297,,2.0,832103.1162790698
363304,0.42510634660720825,,832118.5813953489
363305,,2.0,832120.7906976744
363318,0.4251163601875305,,832139.2
363319,,1.0,832140.82
363331,0.4251263737678528,,832160.26
363332,,1.0,832161.88
363347,0.42513638734817505,,832186.18
363348,,1.0,832187.8
363356,0.4251464009284973,,832200.76
363357,,1.0,832202.38
363373,0.4251464009284973,,832227.1111111111
363374,,0.0,832228.8888888889
363382,0.4251464009284973,,832243.1111111111
363383,,0.0,832244.8888888889
363391,0.4251464009284973,,832259.1111111111
363392,,0.0,832260.8888888889
363403,0.4251464009284973,,832280.4444444445
363404,,0.0,832282.2222222222
363421,0.4251564145088196,,832311.7142857143
363422,,1.0,832313.693877551
363431,0.42516642808914185,,832331.5102040817
363432,,1.0,832333.4897959183
363442,0.4251764416694641,,832353.2857142857
363443,,1.0,832355.2653061225
363454,0.4251864552497864,,832377.0408163265
363455,,1.0,832379.0204081633
363469,0.4251864552497864,,832401.5897435897
363470,,0.0,832403.4615384615
363479,0.4251864552497864,,832420.3076923077
363480,,0.0,832422.1794871795
363484,0.4251864552497864,,832429.6666666666
363485,,0.0,832431.5384615385
363495,0.4251864552497864,,832450.2564102564
363496,,0.0,832452.1282051282
363515,0.42519646883010864,,832479.3913043478
363516,,1.0,832480.9782608695
363526,0.4252064824104309,,832496.8478260869
363527,,1.0,832498.4347826086
363536,0.4252164959907532,,832512.7173913043
363537,,1.0,832514.304347826
363543,0.42522650957107544,,832523.8260869565
363544,,1.0,832525.4130434783
363557,0.4252365231513977,,832545.7804878049
363558,,1.0,832547.6585365854
363567,0.42524653673171997,,832564.5609756098
363568,,1.0,832566.4390243902
363579,0.42525655031204224,,832587.0975609756
363580,,1.0,832588.9756097561
363586,0.4252665638923645,,832600.243902439
363587,,1.0,832602.1219512195
363606,0.42528656125068665,,832660.9302325582
363607,,2.0,832664.4883720931
363616,0.4253065586090088,,832696.5116279069
363617,,2.0,832700.0697674418
363625,0.42532655596733093,,832728.5348837209
363626,,2.0,832732.0930232558
363631,0.4253465533256531,,832749.8837209302
363632,,2.0,832753.4418604651
363645,0.4253665506839752,,832779.6829268293
363646,,2.0,832781.9512195121
363655,0.42538654804229736,,832802.3658536585
363656,,2.0,832804.6341463415
363666,0.4254065454006195,,832827.3170731707
363667,,2.0,832829.5853658536
363674,0.42542654275894165,,832845.4634146341
363675,,2.0,832847.731707317
363687,0.42542654275894165,,832865.8478260869
363688,,0.0,832867.6086956522
363700,0.42542654275894165,,832888.7391304348
363701,,0.0,832890.5
363710,0.42542654275894165,,832906.3478260869
363711,,0.0,832908.1086956522
363722,0.42542654275894165,,832927.4782608695
363723,,0.0,832929.2391304348
363734,0.4254465401172638,,832955.8205128205
363735,,2.0,832958.9230769231
363746,0.42546653747558594,,832993.0512820513
363747,,2.0,832996.1538461539
363754,0.4254865348339081,,833017.8717948718
363755,,2.0,833020.9743589744
363763,0.4255065321922302,,833045.7948717949
363764,,2.0,833048.8974358974
363775,0.4255165457725525,,833074.1714285715
363776,,1.0,833076.9428571429
363784,0.42552655935287476,,833099.1142857143
363785,,1.0,833101.8857142857
363791,0.425536572933197,,833118.5142857142
363792,,1.0,833121.2857142857
363800,0.4255465865135193,,833143.4571428571
363801,,1.0,833146.2285714286
363819,0.42555660009384155,,833176.7173913043
363820,,1.0,833178.5652173914
363830,0.4255666136741638,,833197.0434782609
363831,,1.0,833198.8913043478
363837,0.4255766272544861,,833209.9782608695
363838,,1.0,833211.8260869565
363848,0.42558664083480835,,833230.304347826
363849,,1.0,833232.1521739131
363866,0.42558664083480835,,833255.2916666666
363867,,0.0,833256.8125
363878,0.42558664083480835,,833273.5416666666
363879,,0.0,833275.0625
363887,0.42558664083480835,,833287.2291666666
363888,,0.0,833288.75
363898,0.42558664083480835,,833303.9583333334
363899,,0.0,833305.4791666666
363916,0.42561665177345276,,833321.0
363917,,3.0,833322.0
363928,0.42564666271209717,,833333.0
363929,,3.0,833334.0
363946,0.4256766736507416,,833351.0
363947,,3.0,833352.0
363957,0.425706684589386,,833362.0
363958,,3.0,833363.0
363974,0.42571669816970825,,833386.75
363975,,1.0,833388.5
363984,0.4257267117500305,,833404.25
363985,,1.0,833406.0
363993,0.4257367253303528,,833420.0
363994,,1.0,833421.75
364003,0.42574673891067505,,833437.5
364004,,1.0,833439.25
364020,0.42574673891067505,,833463.9411764706
364021,,0.0,833465.7058823529
364030,0.42574673891067505,,833481.5882352941
364031,,0.0,833483.3529411765
364044,0.42574673891067505,,833506.2941176471
364045,,0.0,833508.0588235294
364056,0.42574673891067505,,833527.4705882353
364057,,0.0,833529.2352941176
364069,0.4257567524909973,,833554.5945945946
364070,,1.0,833557.2162162162
364078,0.4257667660713196,,833578.1891891892
364079,,1.0,833580.8108108108
364087,0.42577677965164185,,833601.7837837838
364088,,1.0,833604.4054054054
364095,0.4257867932319641,,833622.7567567568
364096,,1.0,833625.3783783783
364115,0.4257867932319641,,833656.0
364116,,0.0,833657.75
364124,0.4257867932319641,,833671.75
364125,,0.0,833673.5
364133,0.4257867932319641,,833687.5
364134,,0.0,833689.25
364141,0.4257867932319641,,833701.5
364142,,0.0,833703.25
364156,0.4257867932319641,,833722.6458333334
364157,,0.0,833724.25
364167,0.4257867932319641,,833740.2916666666
364168,,0.0,833741.8958333334
364179,0.4257867932319641,,833759.5416666666
364180,,0.0,833761.1458333334
364191,0.4257867932319641,,833778.7916666666
364192,,0.0,833780.3958333334
364207,0.4257968068122864,,833812.1621621621
364208,,1.0,833814.6756756756
364215,0.42580682039260864,,833832.2702702703
364216,,1.0,833834.7837837838
364222,0.4258168339729309,,833849.8648648649
364223,,1.0,833852.3783783783
364230,0.4258268475532532,,833869.972972973
364231,,1.0,833872.4864864865
364252,0.42583686113357544,,833913.0
364253,,1.0,833915.1111111111
364260,0.4258468747138977,,833929.8888888889
364261,,1.0,833932.0
364269,0.42585688829421997,,833948.8888888889
364270,,1.0,833951.0
364277,0.42586690187454224,,833965.7777777778
364278,,1.0,833967.8888888889
364292,0.4258769154548645,,833996.0930232558
364293,,1.0,833998.4651162791
364300,0.42588692903518677,,834015.0697674418
364301,,1.0,834017.4418604651
364307,0.42589694261550903,,834031.6744186047
364308,,1.0,834034.0465116279
364322,0.4259069561958313,,834067.2558139535
364323,,1.0,834069.6279069767
364343,0.4259369671344757,,834091.775510204
364344,,3.0,834092.9387755102
364351,0.4259669780731201,,834101.081632653
364352,,3.0,834102.2448979592
364360,0.4259969890117645,,834111.5510204082
364361,,3.0,834112.7142857143
364373,0.42602699995040894,,834126.6734693878
364374,,3.0,834127.8367346938
364387,0.4260370135307312,,834154.918367347
364388,,1.0,834157.5102040817
364399,0.42604702711105347,,834186.0204081633
364400,,1.0,834188.612244898
364410,0.42605704069137573,,834214.5306122449
364411,,1.0,834217.1224489796
364424,0.426067054271698,,834250.8163265307
364425,,1.0,834253.4081632653
364440,0.42607706785202026,,834286.0
364441,,1.0,834288.5
364449,0.42608708143234253,,834308.5
364450,,1.0,834311.0
364462,0.4260970950126648,,834341.0
364463,,1.0,834343.5
364470,0.42610710859298706,,834361.0
364471,,1.0,834363.5
364485,0.42610710859298706,,834389.375
364486,,0.0,834391.5
364495,0.42610710859298706,,834410.625
364496,,0.0,834412.75
364502,0.42610710859298706,,834425.5
364503,,0.0,834427.625
364512,0.42610710859298706,,834446.75
364513,,0.0,834448.875
364525,0.4261271059513092,,834484.6923076923
364526,,2.0,834488.4358974359
364536,0.42614710330963135,,834525.8717948718
364537,,2.0,834529.6153846154
364545,0.4261671006679535,,834559.5641025641
364546,,2.0,834563.3076923077
364553,0.42618709802627563,,834589.5128205129
364554,,2.0,834593.2564102564
364572,0.4261971116065979,,834628.1764705882
364573,,1.0,834630.2549019608
364586,0.42620712518692017,,834657.274509804
364587,,1.0,834659.3529411765
364594,0.42621713876724243,,834673.9019607843
364595,,1.0,834675.9803921569
364606,0.4262271523475647,,834698.8431372549
364607,,1.0,834700.9215686275
364623,0.42623716592788696,,834735.6585365854
364624,,1.0,834738.1707317074
364628,0.42624717950820923,,834748.2195121951
364629,,1.0,834750.731707317
364636,0.4262571930885315,,834768.3170731707
364637,,1.0,834770.8292682926
364649,0.42626720666885376,,834800.9756097561
364650,,1.0,834803.487804878
364662,0.42626720666885376,,834824.6923076923
364663,,0.0,834826.7692307692
364671,0.42626720666885376,,834843.3846153846
364672,,0.0,834845.4615384615
364679,0.42626720666885376,,834860.0
364680,,0.0,834862.0769230769
364690,0.42626720666885376,,834882.8461538461
364691,,0.0,834884.9230769231
364715,0.426277220249176,,834920.393442623
364716,,1.0,834921.9836065574
364726,0.4262872338294983,,834937.8852459016
364727,,1.0,834939.475409836
364745,0.42629724740982056,,834968.0983606557
364746,,1.0,834969.6885245901
364753,0.4263072609901428,,834980.8196721311
364754,,1.0,834982.4098360656
364766,0.4263072609901428,,835001.7906976744
364767,,0.0,835003.7674418605
364780,0.4263072609901428,,835029.4651162791
364781,,0.0,835031.4418604651
364787,0.4263072609901428,,835043.3023255814
364788,,0.0,835045.2790697674
364798,0.4263072609901428,,835065.0465116279
364799,,0.0,835067.023255814
364806,0.42633727192878723,,835081.5263157894
364807,,3.0,835084.6578947369
364819,0.42636728286743164,,835122.2368421053
364820,,3.0,835125.3684210526
364833,0.42639729380607605,,835166.0789473684
364834,,3.0,835169.2105263158
364838,0.42642730474472046,,835181.7368421053
364839,,3.0,835184.8684210526
364852,0.4264473021030426,,835241.1428571428
364853,,2.0,835246.4571428571
364859,0.42646729946136475,,835278.3428571429
364860,,2.0,835283.6571428571
364867,0.4264872968196869,,835320.8571428572
364868,,2.0,835326.1714285715
364875,0.42650729417800903,,835363.3714285714
364876,,2.0,835368.6857142857
364884,0.42650729417800903,,835383.8717948718
364885,,0.0,835385.8461538461
364892,0.42650729417800903,,835399.6666666666
364893,,0.0,835401.641025641
364903,0.42650729417800903,,835421.3846153846
364904,,0.0,835423.358974359
364916,0.42650729417800903,,835447.0512820513
364917,,0.0,835449.0256410256
364936,0.4265173077583313,,835476.8909090909
364937,,1.0,835478.509090909
364945,0.42652732133865356,,835491.4545454546
364946,,1.0,835493.0727272728
364960,0.42653733491897583,,835515.7272727273
364961,,1.0,835517.3454545455
364973,0.4265473484992981,,835536.7636363637
364974,,1.0,835538.3818181818
364990,0.42655736207962036,,835570.55
364991,,1.0,835572.9
364999,0.4265673756599426,,835591.7
365000,,1.0,835594.05
365006,0.4265773892402649,,835608.15
365007,,1.0,835610.5
365015,0.42658740282058716,,835629.3
365016,,1.0,835631.65
365029,0.4265974164009094,,835657.6585365854
365030,,1.0,835660.0243902439
365038,0.4266074299812317,,835678.9512195121
365039,,1.0,835681.3170731707
365048,0.42661744356155396,,835702.6097560975
365049,,1.0,835704.9756097561
365058,0.4266274571418762,,835726.268292683
365059,,1.0,835728.6341463415
365073,0.4266274571418762,,835751.1666666666
365074,,0.0,835753.0
365081,0.4266274571418762,,835765.8333333334
365082,,0.0,835767.6666666666
365092,0.4266274571418762,,835786.0
365093,,0.0,835787.8333333334
365102,0.4266274571418762,,835804.3333333334
365103,,0.0,835806.1666666666
365115,0.42664745450019836,,835831.4
365116,,2.0,835834.0
365123,0.4266674518585205,,835852.2
365124,,2.0,835854.8
365139,0.42668744921684265,,835893.8
365140,,2.0,835896.4
365149,0.4267074465751648,,835919.8
365150,,2.0,835922.4
365169,0.42671746015548706,,835950.1428571428
365170,,1.0,835951.7142857143
365178,0.4267274737358093,,835964.2857142857
365179,,1.0,835965.8571428572
365190,0.4267374873161316,,835983.1428571428
365191,,1.0,835984.7142857143
365200,0.42674750089645386,,835998.8571428572
365201,,1.0,836000.4285714285
365211,0.42674750089645386,,836014.775
365212,,0.0,836016.6
365222,0.42674750089645386,,836034.85
365223,,0.0,836036.675
365231,0.42674750089645386,,836051.275
365232,,0.0,836053.1
365242,0.42674750089645386,,836071.35
365243,,0.0,836073.175
365261,0.4267575144767761,,836106.224489796
365262,,1.0,836108.306122449
365270,0.4267675280570984,,836124.9591836735
365271,,1.0,836127.0408163265
365282,0.42677754163742065,,836149.9387755102
365283,,1.0,836152.0204081633
365293,0.4267875552177429,,836172.8367346938
365294,,1.0,836174.918367347
365306,0.4267975687980652,,836195.4615384615
365307,,1.0,836197.5128205129
365316,0.42680758237838745,,836215.9743589744
365317,,1.0,836218.0256410256
365325,0.4268175959587097,,836234.4358974359
365326,,1.0,836236.4871794871
365334,0.426827609539032,,836252.8974358974
365335,,1.0,836254.9487179487
365348,0.42683762311935425,,836288.1428571428
365349,,1.0,836291.2571428572
365355,0.4268476366996765,,836309.9428571429
365356,,1.0,836313.0571428571
365362,0.4268576502799988,,836331.7428571428
365363,,1.0,836334.8571428572
365371,0.42686766386032104,,836359.7714285714
365372,,1.0,836362.8857142857
365388,0.42686766386032104,,836387.4897959183
365389,,0.0,836389.1428571428
365396,0.42686766386032104,,836400.7142857143
365397,,0.0,836402.3673469388
365411,0.42686766386032104,,836425.5102040817
365412,,0.0,836427.1632653062
365422,0.42686766386032104,,836443.693877551
365423,,0.0,836445.3469387755
365438,0.42686766386032104,,836469.0909090909
365439,,0.0,836470.9318181818
365451,0.42686766386032104,,836493.0227272727
365452,,0.0,836494.8636363636
365458,0.42686766386032104,,836505.9090909091
365459,,0.0,836507.75
365468,0.42686766386032104,,836524.3181818182
365469,,0.0,836526.1590909091
365480,0.42689767479896545,,836556.8780487805
365481,,3.0,836560.487804878
365485,0.42692768573760986,,836574.9268292683
365486,,3.0,836578.5365853659
365496,0.4269576966762543,,836614.6341463415
365497,,3.0,836618.243902439
365511,0.4269877076148987,,836668.7804878049
365512,,3.0,836672.3902439025
365527,0.42699772119522095,,836699.28
365528,,1.0,836701.22
365536,0.4270077347755432,,836716.74
365537,,1.0,836718.68
365553,0.4270177483558655,,836749.72
365554,,1.0,836751.66
365563,0.42702776193618774,,836769.12
365564,,1.0,836771.06
365578,0.42702776193618774,,836791.0212765958
365579,,0.0,836792.659574468
365590,0.42702776193618774,,836810.6808510638
365591,,0.0,836812.3191489362
365604,0.42702776193618774,,836833.6170212766
365605,,0.0,836835.2553191489
365612,0.42702776193618774,,836846.7234042553
365613,,0.0,836848.3617021276
365630,0.42702776193618774,,836877.0454545454
365631,,0.0,836878.9772727273
365640,0.42702776193618774,,836896.3636363636
365641,,0.0,836898.2954545454
365648,0.42702776193618774,,836911.8181818182
365649,,0.0,836913.75
365658,0.42702776193618774,,836931.1363636364
365659,,0.0,836933.0681818182
365674,0.42703777551651,,836963.6530612245
365675,,1.0,836966.0408163265
365686,0.4270477890968323,,836992.306122449
365687,,1.0,836994.693877551
365696,0.42705780267715454,,837016.1836734693
365697,,1.0,837018.5714285715
365709,0.4270678162574768,,837047.224489796
365710,,1.0,837049.612244898
365721,0.4270778298377991,,837071.5348837209
365722,,1.0,837073.976744186
365731,0.42708784341812134,,837095.9534883721
365732,,1.0,837098.3953488372
365740,0.4270978569984436,,837117.9302325582
365741,,1.0,837120.3720930233
365754,0.42710787057876587,,837152.1162790698
365755,,1.0,837154.5581395349
365766,0.42711788415908813,,837175.4761904762
365767,,1.0,837177.7857142857
365775,0.4271278977394104,,837196.2619047619
365776,,1.0,837198.5714285715
365789,0.42713791131973267,,837228.5952380953
365790,,1.0,837230.9047619047
365798,0.42714792490005493,,837249.380952381
365799,,1.0,837251.6904761905
365812,0.4271579384803772,,837284.8571428572
365813,,1.0,837287.9428571429
365823,0.42716795206069946,,837318.8
365824,,1.0,837321.8857142857
365830,0.42717796564102173,,837340.4
365831,,1.0,837343.4857142858
365835,0.427187979221344,,837355.8285714285
365836,,1.0,837358.9142857143
365849,0.427187979221344,,837380.3333333334
365850,,0.0,837382.1666666666
365859,0.427187979221344,,837398.6666666666
365860,,0.0,837400.5
365865,0.427187979221344,,837409.6666666666
365866,,0.0,837411.5
365879,0.427187979221344,,837435.3333333334
365880,,0.0,837437.1666666666
365900,0.42719799280166626,,837482.0930232558
365901,,1.0,837484.6279069767
365907,0.4272080063819885,,837499.8372093023
365908,,1.0,837502.3720930233
365917,0.4272180199623108,,837525.1860465116
365918,,1.0,837527.7209302326
365924,0.42722803354263306,,837542.9302325582
365925,,1.0,837545.4651162791
365937,0.42722803354263306,,837566.4615384615
365938,,0.0,837568.5128205129
365944,0.42722803354263306,,837580.8205128205
365945,,0.0,837582.8717948718
365953,0.42722803354263306,,837599.282051282
365954,,0.0,837601.3333333334
365965,0.42722803354263306,,837623.8974358974
365966,,0.0,837625.9487179487
365981,0.42722803354263306,,837648.6511627907
365982,,0.0,837650.3720930233
365992,0.42722803354263306,,837667.5813953489
365993,,0.0,837669.3023255814
366001,0.42722803354263306,,837683.0697674418
366002,,0.0,837684.7906976744
366010,0.42722803354263306,,837698.5581395349
366011,,0.0,837700.2790697674
366028,0.42725804448127747,,837738.088888889
366029,,3.0,837740.6666666666
366036,0.4272880554199219,,837758.7111111111
366037,,3.0,837761.2888888889
366047,0.4273180663585663,,837787.0666666667
366048,,3.0,837789.6444444444
366057,0.4273480772972107,,837812.8444444444
366058,,3.0,837815.4222222222
366072,0.4273480772972107,,837837.0
366073,,0.0,837838.7272727273
366083,0.4273480772972107,,837856.0
366084,,0.0,837857.7272727273
366095,0.4273480772972107,,837876.7272727273
366096,,0.0,837878.4545454546
366103,0.4273480772972107,,837890.5454545454
366104,,0.0,837892.2727272727
366122,0.4273480772972107,,837922.1707317074
366123,,0.0,837924.0487804879
366129,0.4273480772972107,,837935.3170731707
366130,,0.0,837937.1951219512
366137,0.4273480772972107,,837950.3414634146
366138,,0.0,837952.2195121951
366146,0.4273480772972107,,837967.243902439
366147,,0.0,837969.1219512195
366163,0.42735809087753296,,837992.9555555555
366164,,1.0,837994.6444444444
366174,0.4273681044578552,,838011.5333333333
366175,,1.0,838013.2222222222
366184,0.4273781180381775,,838028.4222222222
366185,,1.0,838030.1111111111
366193,0.42738813161849976,,838043.6222222223
366194,,1.0,838045.3111111111
366207,0.42738813161849976,,838064.5609756098
366208,,0.0,838066.3170731707
366218,0.42738813161849976,,838083.8780487805
366219,,0.0,838085.6341463415
366227,0.42738813161849976,,838099.6829268293
366228,,0.0,838101.4390243902
366236,0.42738813161849976,,838115.487804878
366237,,0.0,838117.243902439
366253,0.42741814255714417,,838146.5
366254,,3.0,838148.6153846154
366265,0.4274481534957886,,838171.8846153846
366266,,3.0,838174.0
366279,0.427478164434433,,838201.5
366280,,3.0,838203.6153846154
366290,0.4275081753730774,,838224.7692307692
366291,,3.0,838226.8846153846
366307,0.4275081753730774,,838249.6304347826
366308,,0.0,838251.2173913043
366318,0.4275081753730774,,838267.0869565217
366319,,0.0,838268.6739130435
366328,0.4275081753730774,,838282.9565217391
366329,,0.0,838284.5434782609
366338,0.4275081753730774,,838298.8260869565
366339,,0.0,838300.4130434783
366353,0.4275081753730774,,838321.5853658536
366354,,0.0,838323.3658536585
366362,0.4275081753730774,,838337.6097560975
366363,,0.0,838339.3902439025
366372,0.4275081753730774,,838355.4146341464
366373,,0.0,838357.1951219512
366381,0.4275081753730774,,838371.4390243902
366382,,0.0,838373.2195121951
366400,0.4275081753730774,,838399.8863636364
366401,,0.0,838401.5454545454
366410,0.4275081753730774,,838416.4772727273
366411,,0.0,838418.1363636364
366418,0.4275081753730774,,838429.75
366419,,0.0,838431.4090909091
366427,0.4275081753730774,,838444.6818181818
366428,,0.0,838446.3409090909
366444,0.42751818895339966,,838476.5365853659
366445,,1.0,838478.731707317
366452,0.4275282025337219,,838494.0975609756
366453,,1.0,838496.2926829269
366461,0.4275382161140442,,838513.8536585366
366462,,1.0,838516.0487804879
366470,0.42754822969436646,,838533.6097560975
366471,,1.0,838535.8048780488
366482,0.42754822969436646,,838553.5675675676
366483,,0.0,838555.5135135135
366490,0.42754822969436646,,838569.1351351351
366491,,0.0,838571.0810810811
366498,0.42754822969436646,,838584.7027027027
366499,,0.0,838586.6486486486
366509,0.42754822969436646,,838606.1081081082
366510,,0.0,838608.0540540541
366527,0.42754822969436646,,838634.9268292683
366528,,0.0,838636.7073170731
366535,0.42754822969436646,,838649.1707317074
366536,,0.0,838650.9512195121
366542,0.42754822969436646,,838661.6341463415
366543,,0.0,838663.4146341464
366552,0.42754822969436646,,838679.4390243902
366553,,0.0,838681.2195121951
366564,0.4275682270526886,,838701.7906976744
366565,,2.0,838704.1395348837
366572,0.42758822441101074,,838720.5813953489
366573,,2.0,838722.9302325582
366586,0.4276082217693329,,838753.4651162791
366587,,2.0,838755.8139534884
366597,0.42762821912765503,,838779.3023255814
366598,,2.0,838781.6511627907
366614,0.4276482164859772,,838814.3333333334
366615,,2.0,838816.6666666666
366627,0.4276682138442993,,838844.6666666666
366628,,2.0,838847.0
366637,0.42768821120262146,,838868.0
366638,,2.0,838870.3333333334
366647,0.4277082085609436,,838891.3333333334
366648,,2.0,838893.6666666666
366660,0.4277082085609436,,838913.325
366661,,0.0,838915.25
366666,0.4277082085609436,,838924.875
366667,,0.0,838926.8
366674,0.4277082085609436,,838940.275
366675,,0.0,838942.2
366689,0.4277082085609436,,838969.15
366690,,0.0,838971.075
366704,0.42772820591926575,,839003.3170731707
366705,,2.0,839006.0731707317
366713,0.4277482032775879,,839028.1219512195
366714,,2.0,839030.8780487805
366722,0.42776820063591003,,839052.9268292683
366723,,2.0,839055.6829268293
366732,0.4277881979942322,,839080.487804878
366733,,2.0,839083.243902439
366747,0.4277881979942322,,839112.8292682926
366748,,0.0,839115.268292683
366756,0.4277881979942322,,839134.7804878049
366757,,0.0,839137.2195121951
366766,0.4277881979942322,,839159.1707317074
366767,,0.0,839161.6097560975
366775,0.4277881979942322,,839181.1219512195
366776,,0.0,839183.5609756098
366791,0.42779821157455444,,839213.4285714285
366792,,1.0,839215.7142857143
366798,0.4278082251548767,,839229.4285714285
366799,,1.0,839231.7142857143
366806,0.427818238735199,,839247.7142857143
366807,,1.0,839250.0
366819,0.42782825231552124,,839277.4285714285
366820,,1.0,839279.7142857143
366835,0.4278382658958435,,839314.5263157894
366836,,1.0,839317.2368421053
366843,0.42784827947616577,,839336.2105263158
366844,,1.0,839338.9210526316
366851,0.42785829305648804,,839357.8947368421
366852,,1.0,839360.6052631579
366859,0.4278683066368103,,839379.5789473684
366860,,1.0,839382.2894736842
366876,0.4278683066368103,,839404.7708333334
366877,,0.0,839406.2916666666
366885,0.4278683066368103,,839418.4583333334
366886,,0.0,839419.9791666666
366894,0.4278683066368103,,839432.1458333334
366895,,0.0,839433.6666666666
366909,0.4278683066368103,,839454.9583333334
366910,,0.0,839456.4791666666
366928,0.4278683066368103,,839483.4651162791
366929,,0.0,839485.1627906977
366937,0.4278683066368103,,839498.7441860465
366938,,0.0,839500.4418604651
366947,0.4278683066368103,,839515.7209302326
366948,,0.0,839517.4186046511
366954,0.4278683066368103,,839527.6046511628
366955,,0.0,839529.3023255814
366969,0.42787832021713257,,839552.175
366970,,1.0,839554.1
366977,0.42788833379745483,,839567.575
366978,,1.0,839569.5
366991,0.4278983473777771,,839594.525
366992,,1.0,839596.45
366996,0.42790836095809937,,839604.15
366997,,1.0,839606.075
367008,0.42791837453842163,,839624.9523809524
367009,,1.0,839627.0714285715
367018,0.4279283881187439,,839646.1428571428
367019,,1.0,839648.2619047619
367030,0.42793840169906616,,839671.5714285715
367031,,1.0,839673.6904761905
367040,0.4279484152793884,,839692.7619047619
367041,,1.0,839694.880952381
367051,0.4279584288597107,,839714.8
367052,,1.0,839717.3428571429
367060,0.42796844244003296,,839737.6857142857
367061,,1.0,839740.2285714286
367069,0.4279784560203552,,839760.5714285715
367070,,1.0,839763.1142857143
367077,0.4279884696006775,,839780.9142857143
367078,,1.0,839783.4571428571
367096,0.4279884696006775,,839814.5365853659
367097,,0.0,839816.4390243902
367104,0.4279884696006775,,839829.756097561
367105,,0.0,839831.6585365854
367113,0.4279884696006775,,839846.8780487805
367114,,0.0,839848.7804878049
367120,0.4279884696006775,,839860.1951219512
367121,,0.0,839862.0975609756
367138,0.42799848318099976,,839896.4680851063
367139,,1.0,839898.7872340425
367152,0.428008496761322,,839928.9361702128
367153,,1.0,839931.2553191489
367163,0.4280185103416443,,839954.4468085107
367164,,1.0,839956.7659574468
367169,0.42802852392196655,,839968.3617021276
367170,,1.0,839970.6808510638
367181,0.42802852392196655,,839988.8048780488
367182,,0.0,839990.7804878049
367191,0.42802852392196655,,840008.5609756098
367192,,0.0,840010.5365853659
367202,0.42802852392196655,,840030.2926829269
367203,,0.0,840032.268292683
367212,0.42802852392196655,,840050.0487804879
367213,,0.0,840052.0243902439
367228,0.42802852392196655,,840075.1304347826
367229,,0.0,840076.8913043478
367242,0.42802852392196655,,840099.7826086957
367243,,0.0,840101.5434782609
367252,0.42802852392196655,,840117.3913043478
367253,,0.0,840119.1521739131
367260,0.42802852392196655,,840131.4782608695
367261,,0.0,840133.2391304348
367273,0.4280385375022888,,840157.3846153846
367274,,1.0,840159.8717948718
367279,0.4280485510826111,,840172.3076923077
367280,,1.0,840174.7948717949
367294,0.42805856466293335,,840209.6153846154
367295,,1.0,840212.1025641026
367301,0.4280685782432556,,840227.0256410256
367302,,1.0,840229.5128205129
367314,0.4280685782432556,,840249.325
367315,,0.0,840251.25
367322,0.4280685782432556,,840264.725
367323,,0.0,840266.65
367331,0.4280685782432556,,840282.05
367332,,0.0,840283.975
367343,0.4280685782432556,,840305.15
367344,,0.0,840307.075
367360,0.4280785918235779,,840344.0204081633
367361,,1.0,840346.7142857143
367377,0.42808860540390015,,840389.8163265307
367378,,1.0,840392.5102040817
367385,0.4280986189842224,,840411.3673469388
367386,,1.0,840414.0612244898
367394,0.4281086325645447,,840435.612244898
367395,,1.0,840438.306122449
367412,0.4281086325645447,,840464.4347826086
367413,,0.0,840466.1086956522
367418,0.4281086325645447,,840474.4782608695
367419,,0.0,840476.1521739131
367430,0.4281086325645447,,840494.5652173914
367431,,0.0,840496.2391304348
367442,0.4281086325645447,,840514.6521739131
367443,,0.0,840516.3260869565
367456,0.4281086325645447,,840537.3181818182
367457,,0.0,840539.25
367464,0.4281086325645447,,840552.7727272727
367465,,0.0,840554.7045454546
367478,0.4281086325645447,,840579.8181818182
367479,,0.0,840581.75
367488,0.4281086325645447,,840599.1363636364
367489,,0.0,840601.0681818182
367504,0.4281086325645447,,840626.1
367505,,0.0,840628.025
367515,0.4281086325645447,,840647.275
367516,,0.0,840649.2
367521,0.4281086325645447,,840658.825
367522,,0.0,840660.75
367530,0.4281086325645447,,840676.15
367531,,0.0,840678.075
367544,0.4281286299228668,,840724.6153846154
367545,,2.0,840729.0769230769
367555,0.42814862728118896,,840773.6923076923
367556,,2.0,840778.1538461539
367563,0.4281686246395111,,840809.3846153846
367564,,2.0,840813.8461538461
367571,0.42818862199783325,,840845.0769230769
367572,,2.0,840849.5384615385
367587,0.4281986355781555,,840883.268292683
367588,,1.0,840885.7073170731
367598,0.4282086491584778,,840910.0975609756
367599,,1.0,840912.5365853659
367605,0.42821866273880005,,840927.1707317074
367606,,1.0,840929.6097560975
367614,0.4282286763191223,,840949.1219512195
367615,,1.0,840951.5609756098
367627,0.4282286763191223,,840970.5
367628,,0.0,840972.3333333334
367637,0.4282286763191223,,840988.8333333334
367638,,0.0,840990.6666666666
367648,0.4282286763191223,,841009.0
367649,,0.0,841010.8333333334
367658,0.4282286763191223,,841027.3333333334
367659,,0.0,841029.1666666666
367676,0.4282286763191223,,841052.56
367677,,0.0,841054.1
367689,0.4282286763191223,,841072.58
367690,,0.0,841074.12
367698,0.4282286763191223,,841086.44
367699,,0.0,841087.98
367710,0.4282286763191223,,841104.92
367711,,0.0,841106.46
367724,0.4282386898994446,,841133.3488372093
367725,,1.0,841135.8837209302
367735,0.42824870347976685,,841161.2325581395
367736,,1.0,841163.7674418605
367741,0.4282587170600891,,841176.4418604651
367742,,1.0,841178.976744186
367755,0.4282687306404114,,841211.9302325582
367756,,1.0,841214.4651162791
367769,0.42827874422073364,,841234.9069767442
367770,,1.0,841236.6976744186
367777,0.4282887578010559,,841249.2325581395
367778,,1.0,841251.023255814
367787,0.4282987713813782,,841267.1395348837
367788,,1.0,841268.9302325582
367800,0.42830878496170044,,841290.4186046511
367801,,1.0,841292.2093023256
367821,0.4283187985420227,,841326.98
367822,,1.0,841328.92
367834,0.42832881212234497,,841352.2
367835,,1.0,841354.14
367841,0.42833882570266724,,841365.78
367842,,1.0,841367.72
367852,0.4283488392829895,,841387.12
367853,,1.0,841389.06
367868,0.4283488392829895,,841414.1428571428
367869,,0.0,841416.0714285715
367878,0.4283488392829895,,841433.4285714285
367879,,0.0,841435.3571428572
367887,0.4283488392829895,,841450.7857142857
367888,,0.0,841452.7142857143
367896,0.4283488392829895,,841468.1428571428
367897,,0.0,841470.0714285715
367911,0.42835885286331177,,841491.25
367912,,1.0,841493.0
367923,0.42836886644363403,,841512.25
367924,,1.0,841514.0
367933,0.4283788800239563,,841529.75
367934,,1.0,841531.5
367942,0.42838889360427856,,841545.5
367943,,1.0,841547.25
367954,0.42838889360427856,,841565.6486486486
367955,,0.0,841567.7297297297
367964,0.42838889360427856,,841586.4594594594
367965,,0.0,841588.5405405406
367977,0.42838889360427856,,841613.5135135135
367978,,0.0,841615.5945945946
367981,0.42838889360427856,,841621.8378378379
367982,,0.0,841623.9189189189
367991,0.42838889360427856,,841640.4705882353
367992,,0.0,841642.8823529412
368000,0.42838889360427856,,841662.1764705882
368001,,0.0,841664.5882352941
368006,0.42838889360427856,,841676.6470588235
368007,,0.0,841679.0588235294
368017,0.42838889360427856,,841703.1764705882
368018,,0.0,841705.5882352941
368034,0.42839890718460083,,841734.2708333334
368035,,1.0,841736.2916666666
368044,0.4284089207649231,,841754.4791666666
368045,,1.0,841756.5
368055,0.42841893434524536,,841776.7083333334
368056,,1.0,841778.7291666666
368067,0.4284289479255676,,841800.9583333334
368068,,1.0,841802.9791666666
368085,0.4284389615058899,,841839.487804878
368086,,1.0,841841.9512195121
368095,0.42844897508621216,,841864.1219512195
368096,,1.0,841866.5853658536
368103,0.4284589886665344,,841883.8292682926
368104,,1.0,841886.2926829269
368110,0.4284690022468567,,841901.0731707317
368111,,1.0,841903.5365853659
368130,0.4284690022468567,,841927.2413793104
368131,,0.0,841928.5689655172
368143,0.4284690022468567,,841944.5
368144,,0.0,841945.8275862068
368158,0.4284690022468567,,841964.4137931034
368159,,0.0,841965.7413793104
368170,0.4284690022468567,,841980.3448275862
368171,,0.0,841981.6724137932
368188,0.42847901582717896,,842018.4883720931
368189,,1.0,842021.023255814
368197,0.4284890294075012,,842041.3023255814
368198,,1.0,842043.8372093023
368206,0.4284990429878235,,842064.1162790698
368207,,1.0,842066.6511627907
368215,0.42850905656814575,,842086.9302325582
368216,,1.0,842089.4651162791
368231,0.42850905656814575,,842110.4137931034
368232,,0.0,842111.948275862
368246,0.42850905656814575,,842133.4310344828
368247,,0.0,842134.9655172414
368261,0.42850905656814575,,842156.448275862
368262,,0.0,842157.9827586206
368275,0.42850905656814575,,842177.9310344828
368276,,0.0,842179.4655172414
368289,0.42850905656814575,,842198.380952381
368290,,0.0,842200.119047619
368299,0.42850905656814575,,842215.7619047619
368300,,0.0,842217.5
368310,0.42850905656814575,,842234.880952381
368311,,0.0,842236.619047619
368319,0.42850905656814575,,842250.5238095238
368320,,0.0,842252.2619047619
368336,0.428519070148468,,842279.1136363636
368337,,1.0,842281.0454545454
368350,0.4285290837287903,,842306.1590909091
368351,,1.0,842308.0909090909
368357,0.42853909730911255,,842319.6818181818
368358,,1.0,842321.6136363636
368365,0.4285491108894348,,842335.1363636364
368366,,1.0,842337.0681818182
368380,0.4285591244697571,,842370.1666666666
368381,,1.0,842373.0
368391,0.42856913805007935,,842401.3333333334
368392,,1.0,842404.1666666666
368398,0.4285791516304016,,842421.1666666666
368399,,1.0,842424.0
368409,0.4285891652107239,,842452.3333333334
368410,,1.0,842455.1666666666
368423,0.4285891652107239,,842478.2631578947
368424,,0.0,842480.2894736842
368430,0.4285891652107239,,842492.447368421
368431,,0.0,842494.4736842106
368440,0.4285891652107239,,842512.7105263158
368441,,0.0,842514.7368421053
368449,0.4285891652107239,,842530.947368421
368450,,0.0,842532.9736842106
368465,0.4285891652107239,,842552.1764705882
368466,,0.0,842553.6078431372
368479,0.4285891652107239,,842572.2156862745
368480,,0.0,842573.6470588235
368492,0.4285891652107239,,842590.8235294118
368493,,0.0,842592.2549019608
368502,0.4285891652107239,,842605.1372549019
368503,,0.0,842606.568627451
368522,0.4285891652107239,,842639.6363636364
368523,,0.0,842641.6136363636
368530,0.4285891652107239,,842655.4545454546
368531,,0.0,842657.4318181818
368538,0.4285891652107239,,842671.2727272727
368539,,0.0,842673.25
368548,0.4285891652107239,,842691.0454545454
368549,,0.0,842693.0227272727
368564,0.4285891652107239,,842714.0434782609
368565,,0.0,842715.6304347826
368575,0.4285891652107239,,842731.5
368576,,0.0,842733.0869565217
368584,0.4285891652107239,,842745.7826086957
368585,,0.0,842747.3695652174
368596,0.4285891652107239,,842764.8260869565
368597,,0.0,842766.4130434783
368608,0.4285891652107239,,842783.4
368609,,0.0,842785.325
368621,0.4285891652107239,,842808.425
368622,,0.0,842810.35
368630,0.4285891652107239,,842825.75
368631,,0.0,842827.675
368638,0.4285891652107239,,842841.15
368639,,0.0,842843.075
368655,0.4285891652107239,,842867.5952380953
368656,,0.0,842869.3333333334
368665,0.4285891652107239,,842884.9761904762
368666,,0.0,842886.7142857143
368674,0.4285891652107239,,842900.619047619
368675,,0.0,842902.3571428572
368682,0.4285891652107239,,842914.5238095238
368683,,0.0,842916.2619047619
368693,0.4285891652107239,,842932.175
368694,,0.0,842934.2
368699,0.4285891652107239,,842944.325
368700,,0.0,842946.35
368714,0.4285891652107239,,842974.7
368715,,0.0,842976.725
368724,0.4285891652107239,,842994.95
368725,,0.0,842996.975
368739,0.428609162569046,,843041.7777777778
368740,,2.0,843045.6666666666
368750,0.42862915992736816,,843084.5555555555
368751,,2.0,843088.4444444445
368758,0.4286491572856903,,843115.6666666666
368759,,2.0,843119.5555555555
368771,0.42866915464401245,,843166.2222222222
368772,,2.0,843170.1111111111
368788,0.4286791682243347,,843201.695652174
368789,,1.0,843203.8260869565
368797,0.428689181804657,,843220.8695652174
368798,,1.0,843223.0
368806,0.42869919538497925,,843240.0434782609
368807,,1.0,843242.1739130435
368819,0.4287092089653015,,843267.7391304348
368820,,1.0,843269.8695652174
368829,0.4287092089653015,,843283.5714285715
368830,,0.0,843285.5
368845,0.4287092089653015,,843314.4285714285
368846,,0.0,843316.3571428572
368856,0.4287092089653015,,843335.6428571428
368857,,0.0,843337.5714285715
368863,0.4287092089653015,,843349.1428571428
368864,,0.0,843351.0714285715
368877,0.4287092089653015,,843376.8235294118
368878,,0.0,843379.2058823529
368884,0.4287092089653015,,843393.5
368885,,0.0,843395.8823529412
368890,0.4287092089653015,,843407.7941176471
368891,,0.0,843410.1764705882
368899,0.4287092089653015,,843429.2352941176
368900,,0.0,843431.6176470588
368921,0.4287192225456238,,843473.2
368922,,1.0,843475.3777777777
368928,0.42872923612594604,,843488.4444444445
368929,,1.0,843490.6222222223
368936,0.4287392497062683,,843505.8666666667
368937,,1.0,843508.0444444445
368946,0.4287492632865906,,843527.6444444444
368947,,1.0,843529.8222222222
368958,0.42875927686691284,,843553.4736842106
368959,,1.0,843556.1578947369
368969,0.4287692904472351,,843583.0
368970,,1.0,843585.6842105263
368977,0.4287793040275574,,843604.4736842106
368978,,1.0,843607.1578947369
368986,0.42878931760787964,,843628.6315789474
368987,,1.0,843631.3157894737
369007,0.42878931760787964,,843662.56
369008,,0.0,843664.24
369016,0.42878931760787964,,843677.68
369017,,0.0,843679.36
369028,0.42878931760787964,,843697.84
369029,,0.0,843699.52
369038,0.42878931760787964,,843714.64
369039,,0.0,843716.32
369054,0.4287993311882019,,843744.2325581395
369055,,1.0,843746.4186046511
369063,0.42880934476852417,,843763.9069767442
369064,,1.0,843766.0930232558
369072,0.42881935834884644,,843783.5813953489
369073,,1.0,843785.7674418605
369083,0.4288293719291687,,843807.6279069767
369084,,1.0,843809.8139534884
369103,0.42883938550949097,,843840.1739130435
369104,,1.0,843841.9347826086
369112,0.42884939908981323,,843856.0217391305
369113,,1.0,843857.7826086957
369121,0.4288594126701355,,843871.8695652174
369122,,1.0,843873.6304347826
369131,0.42886942625045776,,843889.4782608695
369132,,1.0,843891.2391304348
369144,0.42886942625045776,,843912.7027027027
369145,,0.0,843914.8918918918
369155,0.42886942625045776,,843936.7837837838
369156,,0.0,843938.972972973
369162,0.42886942625045776,,843952.1081081082
369163,,0.0,843954.2972972973
369170,0.42886942625045776,,843969.6216216217
369171,,0.0,843971.8108108108
369183,0.42886942625045776,,843992.2368421053
369184,,0.0,843994.2631578947
369192,0.42886942625045776,,844010.4736842106
369193,,0.0,844012.5
369200,0.42886942625045776,,844026.6842105263
369201,,0.0,844028.7105263158
369210,0.42886942625045776,,844046.947368421
369211,,0.0,844048.9736842106
369224,0.42887943983078003,,844070.7777777778
369225,,1.0,844072.7555555556
369239,0.4288894534111023,,844100.4444444445
369240,,1.0,844102.4222222222
369248,0.42889946699142456,,844118.2444444444
369249,,1.0,844120.2222222222
369257,0.4289094805717468,,844136.0444444445
369258,,1.0,844138.0222222222
369274,0.4289194941520691,,844167.9361702128
369275,,1.0,844170.085106383
369283,0.42892950773239136,,844187.2765957447
369284,,1.0,844189.4255319149
369293,0.4289395213127136,,844208.7659574468
369294,,1.0,844210.914893617
369306,0.4289495348930359,,844236.7021276596
369307,,1.0,844238.8510638297
369324,0.42895954847335815,,844272.2765957447
369325,,1.0,844274.5106382979
369337,0.4289695620536804,,844301.3191489362
369338,,1.0,844303.5531914893
369345,0.4289795756340027,,844319.1914893617
369346,,1.0,844321.4255319149
369355,0.42898958921432495,,844341.5319148937
369356,,1.0,844343.7659574468
369370,0.4289996027946472,,844374.5
369371,,1.0,844377.0909090909
369378,0.4290096163749695,,844395.2272727273
369379,,1.0,844397.8181818182
369393,0.42901962995529175,,844434.0909090909
369394,,1.0,844436.6818181818
369401,0.429029643535614,,844454.8181818182
369402,,1.0,844457.4090909091
369418,0.4290396571159363,,844493.6666666666
369419,,1.0,844496.2564102564
369426,0.42904967069625854,,844514.3846153846
369427,,1.0,844516.9743589744
369433,0.4290596842765808,,844532.5128205129
369434,,1.0,844535.1025641026
369442,0.4290696978569031,,844555.8205128205
369443,,1.0,844558.4102564103
369458,0.4290696978569031,,844584.1818181818
369459,,0.0,844586.1136363636
369470,0.4290696978569031,,844607.3636363636
369471,,0.0,844609.2954545454
369481,0.4290696978569031,,844628.6136363636
369482,,0.0,844630.5454545454
369488,0.4290696978569031,,844642.1363636364
369489,,0.0,844644.0681818182
369502,0.42907971143722534,,844667.4893617021
369503,,1.0,844669.6382978724
369515,0.4290897250175476,,844695.4255319149
369516,,1.0,844697.5744680851
369525,0.4290997385978699,,844716.914893617
369526,,1.0,844719.0638297872
369537,0.42910975217819214,,844742.7021276596
369538,,1.0,844744.8510638297
369551,0.4291197657585144,,844774.1052631579
369552,,1.0,844776.8157894737
369559,0.42912977933883667,,844795.7894736842
369560,,1.0,844798.5
369569,0.42913979291915894,,844822.8947368421
369570,,1.0,844825.6052631579
369577,0.4291498064994812,,844844.5789473684
369578,,1.0,844847.2894736842
369598,0.42915982007980347,,844882.5531914893
369599,,1.0,844884.4680851063
369608,0.42916983366012573,,844901.7021276596
369609,,1.0,844903.6170212766
369616,0.429179847240448,,844917.0212765958
369617,,1.0,844918.9361702128
369626,0.42918986082077026,,844936.1702127659
369627,,1.0,844938.085106383
369639,0.42919987440109253,,844958.0
369640,,1.0,844960.0
369652,0.4292098879814148,,844984.0
369653,,1.0,844986.0
369662,0.42921990156173706,,845004.0
369663,,1.0,845006.0
369675,0.4292299151420593,,845030.0
369676,,1.0,845032.0
369687,0.4292399287223816,,845054.6315789474
369688,,1.0,845057.2105263158
369697,0.42924994230270386,,845080.4210526316
369698,,1.0,845083.0
369708,0.4292599558830261,,845108.7894736842
369709,,1.0,845111.3684210526
369715,0.4292699694633484,,845126.8421052631
369716,,1.0,845129.4210526316
369733,0.42927998304367065,,845161.8421052631
369734,,1.0,845163.9736842106
369741,0.4292899966239929,,845178.8947368421
369742,,1.0,845181.0263157894
369746,0.4293000102043152,,845189.552631579
369747,,1.0,845191.6842105263
369755,0.42931002378463745,,845208.7368421053
369756,,1.0,845210.8684210526
369772,0.4293200373649597,,845234.4897959183
369773,,1.0,845236.1428571428
369782,0.429330050945282,,845251.0204081633
369783,,1.0,845252.6734693878
369794,0.42934006452560425,,845270.8571428572
369795,,1.0,845272.5102040817
369806,0.4293500781059265,,845290.693877551
369807,,1.0,845292.3469387755
369823,0.42937007546424866,,845322.2075471698
369824,,2.0,845324.3773584906
369836,0.4293900728225708,,845350.4150943396
369837,,2.0,845352.5849056604
369849,0.42941007018089294,,845378.6226415094
369850,,2.0,845380.7924528302
369861,0.4294300675392151,,845404.6603773584
369862,,2.0,845406.8301886793
369882,0.42944008111953735,,845440.7115384615
369883,,1.0,845442.5769230769
369890,0.4294500946998596,,845455.6346153846
369891,,1.0,845457.5
369902,0.4294601082801819,,845478.0192307692
369903,,1.0,845479.8846153846
369915,0.42947012186050415,,845502.2692307692
369916,,1.0,845504.1346153846
369932,0.4294801354408264,,845532.2954545454
369933,,1.0,845534.3181818182
369942,0.4294901490211487,,845552.5227272727
369943,,1.0,845554.5454545454
369952,0.42950016260147095,,845572.75
369953,,1.0,845574.7727272727
369961,0.4295101761817932,,845590.9545454546
369962,,1.0,845592.9772727273
369980,0.42953017354011536,,845630.4545454546
369981,,2.0,845632.8181818182
369990,0.4295501708984375,,845654.0909090909
369991,,2.0,845656.4545454546
369999,0.42957016825675964,,845675.3636363636
370000,,2.0,845677.7272727273
370007,0.4295901656150818,,845694.2727272727
370008,,2.0,845696.6363636364
370026,0.4295901656150818,,845717.8793103448
370027,,0.0,845719.1379310344
370041,0.4295901656150818,,845736.7586206896
370042,,0.0,845738.0172413794
370053,0.4295901656150818,,845751.8620689656
370054,,0.0,845753.1206896552
370067,0.4295901656150818,,845769.4827586206
370068,,0.0,845770.7413793104
370084,0.4295901656150818,,845792.8541666666
370085,,0.0,845794.4583333334
370095,0.4295901656150818,,845810.5
370096,,0.0,845812.1041666666
370104,0.4295901656150818,,845824.9375
370105,,0.0,845826.5416666666
370117,0.4295901656150818,,845845.7916666666
370118,,0.0,845847.3958333334
370133,0.4295901656150818,,845868.659574468
370134,,0.0,845870.2978723404
370147,0.4295901656150818,,845891.5957446808
370148,,0.0,845893.2340425532
370156,0.4295901656150818,,845906.340425532
370157,,0.0,845907.9787234042
370166,0.4295901656150818,,845922.7234042553
370167,,0.0,845924.3617021276
370184,0.4296201765537262,,845952.1578947369
370185,,3.0,845954.0263157894
370190,0.4296501874923706,,845963.3684210526
370191,,3.0,845965.2368421053
370198,0.429680198431015,,845978.3157894737
370199,,3.0,845980.1842105263
370206,0.4297102093696594,,845993.2631578947
370207,,3.0,845995.1315789474
370232,0.4297102093696594,,846027.25
370233,,0.0,846028.625
370243,0.4297102093696594,,846042.375
370244,,0.0,846043.75
370256,0.4297102093696594,,846060.25
370257,,0.0,846061.625
370264,0.4297102093696594,,846071.25
370265,,0.0,846072.625
370282,0.4297102093696594,,846097.4285714285
370283,,0.0,846099.1020408163
370296,0.4297102093696594,,846120.8571428572
370297,,0.0,846122.5306122449
370308,0.4297102093696594,,846140.9387755102
370309,,0.0,846142.612244898
370315,0.4297102093696594,,846152.6530612245
370316,,0.0,846154.3265306122
370338,0.4297102093696594,,846187.4081632653
370339,,0.0,846189.0612244898
370345,0.4297102093696594,,846198.9795918367
370346,,0.0,846200.6326530612
370358,0.4297102093696594,,846220.4693877551
370359,,0.0,846222.1224489796
370366,0.4297102093696594,,846233.693877551
370367,,0.0,846235.3469387755
370386,0.4297102093696594,,846264.1627906977
370387,,0.0,846265.8604651163
370394,0.4297102093696594,,846277.7441860465
370395,,0.0,846279.4418604651
370404,0.4297102093696594,,846294.7209302326
370405,,0.0,846296.4186046511
370411,0.4297102093696594,,846306.6046511628
370412,,0.0,846308.3023255814
370428,0.4297102093696594,,846330.02
370429,,0.0,846331.56
370444,0.4297102093696594,,846354.66
370445,,0.0,846356.2
370452,0.4297102093696594,,846366.98
370453,,0.0,846368.52
370463,0.4297102093696594,,846383.92
370464,,0.0,846385.46
370478,0.4297202229499817,,846410.375
370479,,1.0,846412.5
370486,0.42973023653030396,,846427.375
370487,,1.0,846429.5
370498,0.4297402501106262,,846452.875
370499,,1.0,846455.0
370513,0.4297502636909485,,846484.75
370514,,1.0,846486.875
370525,0.4297502636909485,,846502.6888888889
370526,,0.0,846504.4
370539,0.4297502636909485,,846526.6444444444
370540,,0.0,846528.3555555556
370550,0.4297502636909485,,846545.4666666667
370551,,0.0,846547.1777777778
370560,0.4297502636909485,,846562.5777777778
370561,,0.0,846564.2888888889
370579,0.42976027727127075,,846598.1428571428
370580,,1.0,846600.2857142857
370589,0.429770290851593,,846619.5714285715
370590,,1.0,846621.7142857143
370601,0.4297803044319153,,846645.2857142857
370602,,1.0,846647.4285714285
370611,0.42979031801223755,,846666.7142857143
370612,,1.0,846668.8571428572
370625,0.4298003315925598,,846688.6086956522
370626,,1.0,846690.3695652174
370637,0.4298103451728821,,846709.7391304348
370638,,1.0,846711.5
370648,0.42982035875320435,,846729.1086956522
370649,,1.0,846730.8695652174
370659,0.4298303723335266,,846748.4782608695
370660,,1.0,846750.2391304348
370676,0.4298403859138489,,846777.0714285715
370677,,1.0,846779.0
370681,0.42985039949417114,,846786.7142857143
370682,,1.0,846788.6428571428
370690,0.4298604130744934,,846804.0714285715
370691,,1.0,846806.0
370703,0.4298704266548157,,846829.1428571428
370704,,1.0,846831.0714285715
370716,0.4298904240131378,,846870.3333333334
370717,,2.0,846874.4814814815
370722,0.42991042137145996,,846895.2222222222
370723,,2.0,846899.3703703703
370728,0.4299304187297821,,846920.1111111111
370729,,2.0,846924.2592592592
370732,0.42995041608810425,,846936.7037037037
370733,,2.0,846940.8518518518
370746,0.42995041608810425,,846961.3636363636
370747,,0.0,846963.0
370760,0.42995041608810425,,846984.2727272727
370761,,0.0,846985.9090909091
370769,0.42995041608810425,,846999.0
370770,,0.0,847000.6363636364
370778,0.42995041608810425,,847013.7272727273
370779,,0.0,847015.3636363636
370797,0.42995041608810425,,847041.3333333334
370798,,0.0,847042.9555555555
370808,0.42995041608810425,,847059.1777777778
370809,,0.0,847060.8
370818,0.42995041608810425,,847075.4
370819,,0.0,847077.0222222222
370825,0.42995041608810425,,847086.7555555556
370826,,0.0,847088.3777777777
370844,0.42995041608810425,,847113.804347826
370845,,0.0,847115.3913043478
370854,0.42995041608810425,,847129.6739130435
370855,,0.0,847131.2608695652
370863,0.42995041608810425,,847143.9565217391
370864,,0.0,847145.5434782609
370873,0.42995041608810425,,847159.8260869565
370874,,0.0,847161.4130434783
370890,0.42995041608810425,,847183.8541666666
370891,,0.0,847185.4583333334
370901,0.42995041608810425,,847201.5
370902,,0.0,847203.1041666666
370911,0.42995041608810425,,847217.5416666666
370912,,0.0,847219.1458333334
370923,0.42995041608810425,,847236.7916666666
370924,,0.0,847238.3958333334
370940,0.42995041608810425,,847261.088888889
370941,,0.0,847262.7111111111
370952,0.42995041608810425,,847280.5555555555
370953,,0.0,847282.1777777778
370962,0.42995041608810425,,847296.7777777778
370963,,0.0,847298.4
370970,0.42995041608810425,,847309.7555555556
370971,,0.0,847311.3777777777
370984,0.42995041608810425,,847330.1111111111
370985,,0.0,847331.8222222222
370994,0.42995041608810425,,847347.2222222222
370995,,0.0,847348.9333333333
371003,0.42995041608810425,,847362.6222222223
371004,,0.0,847364.3333333334
371017,0.42995041608810425,,847386.5777777778
371018,,0.0,847388.2888888889
371034,0.42995041608810425,,847411.2978723404
371035,,0.0,847412.9361702128
371040,0.42995041608810425,,847421.1276595745
371041,,0.0,847422.7659574468
371052,0.42995041608810425,,847440.7872340425
371053,,0.0,847442.4255319149
371066,0.42995041608810425,,847463.7234042553
371067,,0.0,847465.3617021276
371084,0.4299604296684265,,847494.1923076923
371085,,1.0,847496.1346153846
371097,0.4299704432487488,,847519.4423076923
371098,,1.0,847521.3846153846
371109,0.42998045682907104,,847542.75
371110,,1.0,847544.6923076923
371120,0.4299904704093933,,847564.1153846154
371121,,1.0,847566.0576923077
371137,0.4299904704093933,,847586.2
371138,,0.0,847587.6
371151,0.4299904704093933,,847605.8
371152,,0.0,847607.2
371161,0.4299904704093933,,847619.8
371162,,0.0,847621.2
371177,0.4299904704093933,,847642.2
371178,,0.0,847643.6
371194,0.4299904704093933,,847668.8333333334
371195,,0.0,847670.6666666666
371202,0.4299904704093933,,847683.5
371203,,0.0,847685.3333333334
371213,0.4299904704093933,,847703.6666666666
371214,,0.0,847705.5
371221,0.4299904704093933,,847718.3333333334
371222,,0.0,847720.1666666666
371236,0.4300004839897156,,847750.8378378379
371237,,1.0,847753.4594594594
371244,0.43001049757003784,,847771.8108108108
371245,,1.0,847774.4324324324
371252,0.4300205111503601,,847792.7837837838
371253,,1.0,847795.4054054054
371260,0.4300305247306824,,847813.7567567568
371261,,1.0,847816.3783783783
371279,0.43004053831100464,,847846.1276595745
371280,,1.0,847847.9361702128
371291,0.4300505518913269,,847867.8297872341
371292,,1.0,847869.6382978724
371301,0.43006056547164917,,847885.914893617
371302,,1.0,847887.7234042553
371309,0.43007057905197144,,847900.3829787234
371310,,1.0,847902.1914893617
371326,0.4300905764102936,,847934.16
371327,,2.0,847936.48
371340,0.4301105737686157,,847966.64
371341,,2.0,847968.96
371350,0.43013057112693787,,847989.84
371351,,2.0,847992.16
371361,0.43015056848526,,848015.36
371362,,2.0,848017.68
371379,0.4301605820655823,,848043.9555555555
371380,,1.0,848045.6666666666
371386,0.43017059564590454,,848055.9333333333
371387,,1.0,848057.6444444444
371395,0.4301806092262268,,848071.3333333334
371396,,1.0,848073.0444444445
371408,0.4301906228065491,,848093.5777777778
371409,,1.0,848095.2888888889
371423,0.4302106201648712,,848118.5416666666
371424,,2.0,848120.5
371433,0.43023061752319336,,848138.125
371434,,2.0,848140.0833333334
371447,0.4302506148815155,,848165.5416666666
371448,,2.0,848167.5
371458,0.43027061223983765,,848187.0833333334
371459,,2.0,848189.0416666666
371476,0.4302906095981598,,848244.5652173914
371477,,2.0,848248.3913043478
371487,0.43031060695648193,,848286.6521739131
371488,,2.0,848290.4782608695
371496,0.4303306043148041,,848321.0869565217
371497,,2.0,848324.9130434783
371506,0.4303506016731262,,848359.3478260869
371507,,2.0,848363.1739130435
371519,0.43038061261177063,,848409.8571428572
371520,,3.0,848414.619047619
371528,0.43041062355041504,,848452.7142857143
371529,,3.0,848457.4761904762
371540,0.43044063448905945,,848509.8571428572
371541,,3.0,848514.619047619
371550,0.43047064542770386,,848557.4761904762
371551,,3.0,848562.2380952381
371564,0.43047064542770386,,848584.2340425532
371565,,0.0,848585.9574468085
371571,0.43047064542770386,,848596.2978723404
371572,,0.0,848598.0212765958
371584,0.43047064542770386,,848618.7021276596
371585,,0.0,848620.4255319149
371599,0.43047064542770386,,848644.5531914893
371600,,0.0,848646.2765957447
371612,0.4304806590080261,,848666.6585365854
371613,,1.0,848668.731707317
371623,0.4304906725883484,,848689.4634146341
371624,,1.0,848691.5365853659
371632,0.43050068616867065,,848708.1219512195
371633,,1.0,848710.1951219512
371642,0.4305106997489929,,848728.8536585366
371643,,1.0,848730.9268292683
371655,0.4305207133293152,,848754.552631579
371656,,1.0,848756.947368421
371666,0.43053072690963745,,848780.8947368421
371667,,1.0,848783.2894736842
371674,0.4305407404899597,,848800.052631579
371675,,1.0,848802.447368421
371682,0.430550754070282,,848819.2105263158
371683,,1.0,848821.6052631579
371704,0.43056076765060425,,848860.3829787234
371705,,1.0,848862.4042553192
371712,0.4305707812309265,,848876.5531914893
371713,,1.0,848878.5744680851
371723,0.4305807948112488,,848898.7872340425
371724,,1.0,848900.8085106383
371731,0.43059080839157104,,848914.9574468085
371732,,1.0,848916.9787234042
371752,0.43059080839157104,,848945.0
371753,,0.0,848946.5294117647
371757,0.43059080839157104,,848952.6470588235
371758,,0.0,848954.1764705882
371770,0.43059080839157104,,848972.5294117647
371771,,0.0,848974.0588235294
371784,0.43059080839157104,,848993.9411764706
371785,,0.0,848995.4705882353
371797,0.4306008219718933,,849018.0789473684
371798,,1.0,849020.4210526316
371805,0.4306108355522156,,849036.8157894737
371806,,1.0,849039.1578947369
371814,0.43062084913253784,,849057.8947368421
371815,,1.0,849060.2368421053
371824,0.4306308627128601,,849081.3157894737
371825,,1.0,849083.6578947369
371841,0.4306408762931824,,849117.7441860465
371842,,1.0,849120.1860465116
371849,0.43065088987350464,,849137.2790697674
371850,,1.0,849139.7209302326
371860,0.4306609034538269,,849164.1395348837
371861,,1.0,849166.5813953489
371869,0.43067091703414917,,849186.1162790698
371870,,1.0,849188.5581395349
371884,0.43068093061447144,,849213.2391304348
371885,,1.0,849215.2608695652
371896,0.4306909441947937,,849237.5
371897,,1.0,849239.5217391305
371906,0.43070095777511597,,849257.7173913043
371907,,1.0,849259.7391304348
371917,0.43071097135543823,,849279.9565217391
371918,,1.0,849281.9782608695
371937,0.4307209849357605,,849310.6666666666
371938,,1.0,849312.3333333334
371951,0.43073099851608276,,849334.0
371952,,1.0,849335.6666666666
371962,0.43074101209640503,,849352.3333333334
371963,,1.0,849354.0
371970,0.4307510256767273,,849365.6666666666
371971,,1.0,849367.3333333334
371988,0.4307510256767273,,849391.0
371989,,0.0,849392.5714285715
372003,0.4307510256767273,,849414.5714285715
372004,,0.0,849416.1428571428
372011,0.4307510256767273,,849427.1428571428
372012,,0.0,849428.7142857143
372021,0.4307510256767273,,849442.8571428572
372022,,0.0,849444.4285714285
372040,0.4307510256767273,,849470.5192307692
372041,,0.0,849472.1538461539
372047,0.4307510256767273,,849481.9615384615
372048,,0.0,849483.5961538461
372063,0.4307510256767273,,849508.1153846154
372064,,0.0,849509.75
372075,0.4307510256767273,,849527.7307692308
372076,,0.0,849529.3653846154
372091,0.43076103925704956,,849555.2666666667
372092,,1.0,849557.2888888889
372102,0.4307710528373718,,849577.5111111111
372103,,1.0,849579.5333333333
372113,0.4307810664176941,,849599.7555555556
372114,,1.0,849601.7777777778
372122,0.43079107999801636,,849617.9555555555
372123,,1.0,849619.9777777778
372134,0.43079107999801636,,849639.5135135135
372135,,0.0,849641.7027027027
372142,0.43079107999801636,,849657.027027027
372143,,0.0,849659.2162162162
372151,0.43079107999801636,,849676.7297297297
372152,,0.0,849678.9189189189
372161,0.43079107999801636,,849698.6216216217
372162,,0.0,849700.8108108108
372175,0.43082109093666077,,849753.0
372176,,3.0,849758.0
372184,0.4308511018753052,,849798.0
372185,,3.0,849803.0
372191,0.4308811128139496,,849833.0
372192,,3.0,849838.0
372203,0.430911123752594,,849893.0
372204,,3.0,849898.0
372218,0.430911123752594,,849925.0
372219,,0.0,849927.0
372231,0.430911123752594,,849951.0
372232,,0.0,849953.0
372239,0.430911123752594,,849967.0
372240,,0.0,849969.0
372247,0.430911123752594,,849983.0
372248,,0.0,849985.0
372269,0.43092113733291626,,850024.6
372270,,1.0,850026.6888888889
372277,0.4309311509132385,,850041.3111111111
372278,,1.0,850043.4
372285,0.4309411644935608,,850058.0222222222
372286,,1.0,850060.1111111111
372294,0.43095117807388306,,850076.8222222222
372295,,1.0,850078.911111111
372306,0.43095117807388306,,850095.243902439
372307,,0.0,850097.0243902439
372314,0.43095117807388306,,850109.487804878
372315,,0.0,850111.268292683
372321,0.43095117807388306,,850121.9512195121
372322,,0.0,850123.731707317
372337,0.43095117807388306,,850150.4390243902
372338,,0.0,850152.2195121951
372352,0.43095117807388306,,850172.6744186047
372353,,0.0,850174.3720930233
372362,0.43095117807388306,,850189.6511627907
372363,,0.0,850191.3488372093
372370,0.43095117807388306,,850203.2325581395
372371,,0.0,850204.9302325582
372382,0.43095117807388306,,850223.6046511628
372383,,0.0,850225.3023255814
372398,0.43095117807388306,,850247.0869565217
372399,,0.0,850248.7608695652
372408,0.43095117807388306,,850263.8260869565
372409,,0.0,850265.5
372420,0.43095117807388306,,850283.9130434783
372421,,0.0,850285.5869565217
372430,0.43095117807388306,,850300.6521739131
372431,,0.0,850302.3260869565
372449,0.4309611916542053,,850339.3333333334
372450,,1.0,850341.6888888889
372457,0.4309712052345276,,850358.1777777778
372458,,1.0,850360.5333333333
372467,0.43098121881484985,,850381.7333333333
372468,,1.0,850384.088888889
372477,0.4309912323951721,,850405.2888888889
372478,,1.0,850407.6444444444
372493,0.4309912323951721,,850428.6382978724
372494,,0.0,850430.1914893617
372505,0.4309912323951721,,850447.2765957447
372506,,0.0,850448.8297872341
372516,0.4309912323951721,,850464.3617021276
372517,,0.0,850465.914893617
372526,0.4309912323951721,,850479.8936170213
372527,,0.0,850481.4468085107
372543,0.4309912323951721,,850508.025
372544,,0.0,850509.95
372551,0.4309912323951721,,850523.425
372552,,0.0,850525.35
372561,0.4309912323951721,,850542.675
372562,,0.0,850544.6
372568,0.4309912323951721,,850556.15
372569,,0.0,850558.075
372580,0.4310012459754944,,850580.4
372581,,1.0,850582.95
372591,0.43101125955581665,,850608.45
372592,,1.0,850611.0
372602,0.4310212731361389,,850636.5
372603,,1.0,850639.05
372610,0.4310312867164612,,850656.9
372611,,1.0,850659.45
372625,0.43104130029678345,,850689.2380952381
372626,,1.0,850691.7142857143
372632,0.4310513138771057,,850706.5714285715
372633,,1.0,850709.0476190476
372644,0.431061327457428,,850736.2857142857
372645,,1.0,850738.7619047619
372654,0.43107134103775024,,850761.0476190476
372655,,1.0,850763.5238095238
372670,0.43110135197639465,,850794.0
372671,,3.0,850796.3333333334
372680,0.43113136291503906,,850817.3333333334
372681,,3.0,850819.6666666666
372689,0.43116137385368347,,850838.3333333334
372690,,3.0,850840.6666666666
372698,0.4311913847923279,,850859.3333333334
372699,,3.0,850861.6666666666
372714,0.43120139837265015,,850898.1538461539
372715,,1.0,850901.0
372724,0.4312114119529724,,850926.6153846154
372725,,1.0,850929.4615384615
372728,0.4312214255332947,,850938.0
372729,,1.0,850940.8461538461
372739,0.43123143911361694,,850969.3076923077
372740,,1.0,850972.1538461539
372750,0.4312414526939392,,850995.4166666666
372751,,1.0,850998.3333333334
372760,0.4312514662742615,,851024.5833333334
372761,,1.0,851027.5
372768,0.43126147985458374,,851047.9166666666
372769,,1.0,851050.8333333334
372777,0.431271493434906,,851074.1666666666
372778,,1.0,851077.0833333334
372791,0.431271493434906,,851098.3333333334
372792,,0.0,851100.1666666666
372799,0.431271493434906,,851113.0
372800,,0.0,851114.8333333334
372809,0.431271493434906,,851131.3333333334
372810,,0.0,851133.1666666666
372821,0.431271493434906,,851153.3333333334
372822,,0.0,851155.1666666666
372838,0.431271493434906,,851179.75
372839,,0.0,851181.5
372851,0.431271493434906,,851202.5
372852,,0.0,851204.25
372855,0.431271493434906,,851209.5
372856,,0.0,851211.25
372867,0.431271493434906,,851230.5
372868,,0.0,851232.25
372880,0.43128150701522827,,851256.5
372881,,1.0,851259.0
372887,0.43129152059555054,,851274.0
372888,,1.0,851276.5
372893,0.4313015341758728,,851289.0
372894,,1.0,851291.5
372903,0.43131154775619507,,851314.0
372904,,1.0,851316.5
372919,0.4313315451145172,,851350.8
372920,,2.0,851353.45
372929,0.43135154247283936,,851377.3
372930,,2.0,851379.95
372936,0.4313715398311615,,851395.85
372937,,2.0,851398.5
372945,0.43139153718948364,,851419.7
372946,,2.0,851422.35
372964,0.4314015507698059,,851457.4418604651
372965,,1.0,851459.6046511628
372969,0.4314115643501282,,851468.2558139535
372970,,1.0,851470.4186046511
372980,0.43142157793045044,,851492.0465116279
372981,,1.0,851494.2093023256
372990,0.4314315915107727,,851513.6744186047
372991,,1.0,851515.8372093023
373006,0.4314315915107727,,851538.3720930233
373007,,0.0,851540.0697674418
373018,0.4314315915107727,,851558.7441860465
373019,,0.0,851560.4418604651
373025,0.4314315915107727,,851570.6279069767
373026,,0.0,851572.3255813953
373035,0.4314315915107727,,851587.6046511628
373036,,0.0,851589.3023255814
373051,0.4314315915107727,,851607.2222222222
373052,,0.0,851608.574074074
373065,0.4314315915107727,,851626.1481481482
373066,,0.0,851627.5
373078,0.4314315915107727,,851643.7222222222
373079,,0.0,851645.074074074
373091,0.4314315915107727,,851661.2962962963
373092,,0.0,851662.6481481482
373106,0.4314315915107727,,851684.3902439025
373107,,0.0,851686.243902439
373115,0.4314315915107727,,851701.0731707317
373116,,0.0,851702.9268292683
373125,0.4314315915107727,,851719.6097560975
373126,,0.0,851721.4634146341
373134,0.4314315915107727,,851736.2926829269
373135,,0.0,851738.1463414634
373145,0.4314315915107727,,851751.6136363636
373146,,0.0,851753.2727272727
373156,0.4314315915107727,,851769.8636363636
373157,,0.0,851771.5227272727
373164,0.4314315915107727,,851783.1363636364
373165,,0.0,851784.7954545454
373180,0.4314315915107727,,851809.6818181818
373181,,0.0,851811.3409090909
373192,0.43144160509109497,,851828.8048780488
373193,,1.0,851830.7804878049
373201,0.43145161867141724,,851846.5853658536
373202,,1.0,851848.5609756098
373211,0.4314616322517395,,851866.3414634146
373212,,1.0,851868.3170731707
373223,0.43147164583206177,,851890.0487804879
373224,,1.0,851892.0243902439
373233,0.43147164583206177,,851904.6829268293
373234,,0.0,851906.4634146341
373245,0.43147164583206177,,851926.0487804879
373246,,0.0,851927.8292682926
373256,0.43147164583206177,,851945.6341463415
373257,,0.0,851947.4146341464
373266,0.43147164583206177,,851963.4390243902
373267,,0.0,851965.2195121951
373285,0.4314916431903839,,852006.0566037736
373286,,2.0,852008.6603773584
373300,0.43151164054870605,,852045.1132075472
373301,,2.0,852047.716981132
373309,0.4315316379070282,,852068.5471698113
373310,,2.0,852071.1509433963
373321,0.43155163526535034,,852099.7924528302
373322,,2.0,852102.3962264151
373336,0.4315616488456726,,852129.6052631579
373337,,1.0,852131.8421052631
373343,0.4315716624259949,,852145.2631578947
373344,,1.0,852147.5
373351,0.43158167600631714,,852163.1578947369
373352,,1.0,852165.3947368421
373361,0.4315916895866394,,852185.5263157894
373362,,1.0,852187.7631578947
373378,0.43161168694496155,,852226.7391304348
373379,,2.0,852229.5652173914
373389,0.4316316843032837,,852257.8260869565
373390,,2.0,852260.6521739131
373398,0.43165168166160583,,852283.2608695652
373399,,2.0,852286.0869565217
373409,0.431671679019928,,852314.3478260869
373410,,2.0,852317.1739130435
373425,0.43168169260025024,,852345.6
373426,,1.0,852347.7333333333
373434,0.4316917061805725,,852364.8
373435,,1.0,852366.9333333333
373445,0.4317017197608948,,852388.2666666667
373446,,1.0,852390.4
373456,0.43171173334121704,,852411.7333333333
373457,,1.0,852413.8666666667
373474,0.43171173334121704,,852443.0
373475,,0.0,852444.9285714285
373483,0.43171173334121704,,852460.3571428572
373484,,0.0,852462.2857142857
373489,0.43171173334121704,,852471.9285714285
373490,,0.0,852473.8571428572
373500,0.43171173334121704,,852493.1428571428
373501,,0.0,852495.0714285715
373518,0.43174174427986145,,852517.8108108108
373519,,3.0,852519.2972972973
373524,0.43177175521850586,,852526.7297297297
373525,,3.0,852528.2162162162
373532,0.43180176615715027,,852538.6216216217
373533,,3.0,852540.1081081082
373539,0.4318317770957947,,852549.027027027
373540,,3.0,852550.5135135135
373552,0.4318317770957947,,852572.0571428571
373553,,0.0,852574.2857142857
373563,0.4318317770957947,,852596.5714285715
373564,,0.0,852598.8
373568,0.4318317770957947,,852607.7142857143
373569,,0.0,852609.9428571429
373576,0.4318317770957947,,852625.5428571429
373577,,0.0,852627.7714285714
373592,0.43184179067611694,,852662.0
373593,,1.0,852664.6666666666
373603,0.4318518042564392,,852691.3333333334
373604,,1.0,852694.0
373613,0.4318618178367615,,852718.0
373614,,1.0,852720.6666666666
373620,0.43187183141708374,,852736.6666666666
373621,,1.0,852739.3333333334
373635,0.431881844997406,,852765.5277777778
373636,,1.0,852767.6666666666
373641,0.43189185857772827,,852778.3611111111
373642,,1.0,852780.5
373649,0.43190187215805054,,852795.4722222222
373650,,1.0,852797.6111111111
373658,0.4319118857383728,,852814.7222222222
373659,,1.0,852816.8611111111
373675,0.43193188309669495,,852848.5454545454
373676,,2.0,852850.8181818182
373684,0.4319518804550171,,852869.0
373685,,2.0,852871.2727272727
373696,0.43197187781333923,,852896.2727272727
373697,,2.0,852898.5454545454
373704,0.4319918751716614,,852914.4545454546
373705,,2.0,852916.7272727273
373725,0.4320218861103058,,852992.9130434783
373726,,3.0,852997.2608695652
373735,0.4320518970489502,,853036.3913043478
373736,,3.0,853040.7391304348
373744,0.4320819079875946,,853075.5217391305
373745,,3.0,853079.8695652174
373752,0.432111918926239,,853110.304347826
373753,,3.0,853114.6521739131
373768,0.4321219325065613,,853152.5384615385
373769,,1.0,853155.3333333334
373777,0.43213194608688354,,853177.6923076923
373778,,1.0,853180.4871794871
373784,0.4321419596672058,,853197.2564102564
373785,,1.0,853200.0512820513
373793,0.4321519732475281,,853222.4102564103
373794,,1.0,853225.2051282051
373807,0.43216198682785034,,853252.1025641026
373808,,1.0,853254.5128205129
373815,0.4321720004081726,,853271.3846153846
373816,,1.0,853273.7948717949
373824,0.4321820139884949,,853293.0769230769
373825,,1.0,853295.4871794871
373834,0.43219202756881714,,853317.1794871795
373835,,1.0,853319.5897435897
373854,0.4322120249271393,,853364.5531914893
373855,,2.0,853367.2127659575
373864,0.4322320222854614,,853391.1489361703
373865,,2.0,853393.8085106383
373873,0.43225201964378357,,853415.085106383
373874,,2.0,853417.7446808511
373883,0.4322720170021057,,853441.6808510638
373884,,2.0,853444.340425532
373899,0.4322720170021057,,853469.5365853659
373900,,0.0,853471.4146341464
373912,0.4322720170021057,,853493.9512195121
373913,,0.0,853495.8292682926
373918,0.4322720170021057,,853505.2195121951
373919,,0.0,853507.0975609756
373926,0.4322720170021057,,853520.243902439
373927,,0.0,853522.1219512195
373940,0.432282030582428,,853552.6046511628
373941,,1.0,853555.4651162791
373952,0.43229204416275024,,853586.9302325582
373953,,1.0,853589.7906976744
373964,0.4323020577430725,,853621.2558139535
373965,,1.0,853624.1162790698
373971,0.4323120713233948,,853641.2790697674
373972,,1.0,853644.1395348837
373985,0.4323420822620392,,853675.6666666666
373986,,3.0,853678.5333333333
373998,0.4323720932006836,,853712.9333333333
373999,,3.0,853715.8
374009,0.432402104139328,,853744.4666666667
374010,,3.0,853747.3333333334
374018,0.4324321150779724,,853770.2666666667
374019,,3.0,853773.1333333333
374041,0.4324421286582947,,853813.2083333334
374042,,1.0,853815.1666666666
374047,0.43245214223861694,,853824.9583333334
374048,,1.0,853826.9166666666
374056,0.4324621558189392,,853842.5833333334
374057,,1.0,853844.5416666666
374068,0.4324721693992615,,853866.0833333334
374069,,1.0,853868.0416666666
374091,0.4324721693992615,,853901.5319148937
374092,,0.0,853903.1914893617
374098,0.4324721693992615,,853913.1489361703
374099,,0.0,853914.8085106383
374106,0.4324721693992615,,853926.4255319149
374107,,0.0,853928.085106383
374117,0.4324721693992615,,853944.6808510638
374118,,0.0,853946.340425532
374133,0.43248218297958374,,853972.3
374134,,1.0,853974.325
374140,0.432492196559906,,853986.475
374141,,1.0,853988.5
374151,0.43250221014022827,,854008.75
374152,,1.0,854010.775
374159,0.43251222372055054,,854024.95
374160,,1.0,854026.975
374171,0.43251222372055054,,854044.4
374172,,0.0,854046.325
374178,0.43251222372055054,,854057.875
374179,,0.0,854059.8
374188,0.43251222372055054,,854077.125
374189,,0.0,854079.05
374201,0.43251222372055054,,854102.15
374202,,0.0,854104.075
374223,0.43251222372055054,,854142.679245283
374224,,0.0,854144.716981132
374234,0.43251222372055054,,854165.0943396227
374235,,0.0,854167.1320754717
374244,0.43251222372055054,,854185.4716981133
374245,,0.0,854187.5094339623
374256,0.43251222372055054,,854209.9245283019
374257,,0.0,854211.962264151
374268,0.43251222372055054,,854231.8461538461
374269,,0.0,854234.0769230769
374278,0.43251222372055054,,854254.1538461539
374279,,0.0,854256.3846153846
374289,0.43251222372055054,,854278.6923076923
374290,,0.0,854280.9230769231
374297,0.43251222372055054,,854296.5384615385
374298,,0.0,854298.7692307692
374314,0.4325222373008728,,854329.4186046511
374315,,1.0,854331.6046511628
374324,0.43253225088119507,,854351.2790697674
374325,,1.0,854353.4651162791
374333,0.43254226446151733,,854370.9534883721
374334,,1.0,854373.1395348837
374342,0.4325522780418396,,854390.6279069767
374343,,1.0,854392.8139534884
374358,0.4325522780418396,,854418.6923076923
374359,,0.0,854420.6666666666
374367,0.4325522780418396,,854436.4615384615
374368,,0.0,854438.4358974359
374377,0.4325522780418396,,854456.2051282051
374378,,0.0,854458.1794871795
374383,0.4325522780418396,,854468.0512820513
374384,,0.0,854470.0256410256
374401,0.43256229162216187,,854496.2857142857
374402,,1.0,854498.0204081633
374412,0.43257230520248413,,854515.3673469388
374413,,1.0,854517.1020408163
374424,0.4325823187828064,,854536.1836734693
374425,,1.0,854537.918367347
374434,0.43259233236312866,,854553.5306122449
374435,,1.0,854555.2653061225
374451,0.43259233236312866,,854579.5952380953
374452,,0.0,854581.3333333334
374459,0.43259233236312866,,854593.5
374460,,0.0,854595.2380952381
374470,0.43259233236312866,,854612.619047619
374471,,0.0,854614.3571428572
374478,0.43259233236312866,,854626.5238095238
374479,,0.0,854628.2619047619
374491,0.4326023459434509,,854649.1842105263
374492,,1.0,854651.3157894737
374504,0.4326123595237732,,854676.8947368421
374505,,1.0,854679.0263157894
374510,0.43262237310409546,,854689.6842105263
374511,,1.0,854691.8157894737
374518,0.4326323866844177,,854706.7368421053
374519,,1.0,854708.8684210526
374538,0.43264240026474,,854768.6666666666
374539,,1.0,854772.2708333334
374545,0.43265241384506226,,854793.8958333334
374546,,1.0,854797.5
374557,0.4326624274253845,,854837.1458333334
374558,,1.0,854840.75
374568,0.4326724410057068,,854876.7916666666
374569,,1.0,854880.3958333334
374583,0.43269243836402893,,854907.5
374584,,2.0,854909.6363636364
374596,0.4327124357223511,,854935.2727272727
374597,,2.0,854937.4090909091
374606,0.4327324330806732,,854956.6363636364
374607,,2.0,854958.7727272727
374614,0.43275243043899536,,854973.7272727273
374615,,2.0,854975.8636363636
374628,0.43275243043899536,,854994.5217391305
374629,,0.0,854996.1739130435
374636,0.43275243043899536,,855007.7391304348
374637,,0.0,855009.3913043478
374646,0.43275243043899536,,855024.2608695652
374647,,0.0,855025.9130434783
374662,0.43275243043899536,,855050.695652174
374663,,0.0,855052.3478260869
374674,0.43275243043899536,,855068.3255813953
374675,,0.0,855070.1162790698
374686,0.43275243043899536,,855089.8139534884
374687,,0.0,855091.6046511628
374699,0.43275243043899536,,855113.0930232558
374700,,0.0,855114.8837209302
374707,0.43275243043899536,,855127.4186046511
374708,,0.0,855129.2093023256
374723,0.4327724277973175,,855166.7142857143
374724,,2.0,855169.6904761905
374732,0.43279242515563965,,855193.5
374733,,2.0,855196.4761904762
374741,0.4328124225139618,,855220.2857142857
374742,,2.0,855223.2619047619
374751,0.43283241987228394,,855250.0476190476
374752,,2.0,855253.0238095238
374764,0.43283241987228394,,855278.2631578947
374765,,0.0,855280.7368421053
374772,0.43283241987228394,,855298.052631579
374773,,0.0,855300.5263157894
374781,0.43283241987228394,,855320.3157894737
374782,,0.0,855322.7894736842
374791,0.43283241987228394,,855345.052631579
374792,,0.0,855347.5263157894
374805,0.4328424334526062,,855379.2105263158
374806,,1.0,855382.1315789474
374815,0.43285244703292847,,855408.4210526316
374816,,1.0,855411.3421052631
374826,0.43286246061325073,,855440.552631579
374827,,1.0,855443.4736842106
374831,0.432872474193573,,855455.1578947369
374832,,1.0,855458.0789473684
374847,0.432872474193573,,855484.6923076923
374848,,0.0,855486.6666666666
374855,0.432872474193573,,855500.4871794871
374856,,0.0,855502.4615384615
374864,0.432872474193573,,855518.2564102564
374865,,0.0,855520.2307692308
374872,0.432872474193573,,855534.0512820513
374873,,0.0,855536.0256410256
374891,0.432872474193573,,855563.3333333334
374892,,0.0,855565.0222222222
374899,0.432872474193573,,855576.8444444444
374900,,0.0,855578.5333333333
374911,0.432872474193573,,855597.1111111111
374912,,0.0,855598.8
374919,0.432872474193573,,855610.6222222223
374920,,0.0,855612.3111111111
374932,0.432872474193573,,855631.7692307692
374933,,0.0,855633.7435897436
374942,0.432872474193573,,855651.5128205129
374943,,0.0,855653.4871794871
374951,0.432872474193573,,855669.282051282
374952,,0.0,855671.2564102564
374960,0.432872474193573,,855687.0512820513
374961,,0.0,855689.0256410256
374973,0.43288248777389526,,855711.925
374974,,1.0,855714.25
374980,0.43289250135421753,,855728.2
374981,,1.0,855730.525
374992,0.4329025149345398,,855756.1
374993,,1.0,855758.425
375002,0.43291252851486206,,855779.35
375003,,1.0,855781.675
375021,0.4329225420951843,,855820.4285714285
375022,,1.0,855822.8571428572
375033,0.4329325556755066,,855849.5714285715
375034,,1.0,855852.0
375041,0.43294256925582886,,855869.0
375042,,1.0,855871.4285714285
375046,0.4329525828361511,,855881.1428571428
375047,,1.0,855883.5714285715
375061,0.4329525828361511,,855906.5897435897
375062,,0.0,855908.4615384615
375069,0.4329525828361511,,855921.5641025641
375070,,0.0,855923.4358974359
375078,0.4329525828361511,,855938.4102564103
375079,,0.0,855940.282051282
375087,0.4329525828361511,,855955.2564102564
375088,,0.0,855957.1282051282
375103,0.4329525828361511,,855979.3720930233
375104,,0.0,855981.0697674418
375116,0.4329525828361511,,856001.4418604651
375117,,0.0,856003.1395348837
375124,0.4329525828361511,,856015.023255814
375125,,0.0,856016.7209302326
375132,0.4329525828361511,,856028.6046511628
375133,,0.0,856030.3023255814
375151,0.4329625964164734,,856063.7857142857
375152,,1.0,856065.9047619047
375159,0.43297260999679565,,856080.7380952381
375160,,1.0,856082.8571428572
375166,0.4329826235771179,,856095.5714285715
375167,,1.0,856097.6904761905
375176,0.4329926371574402,,856116.7619047619
375177,,1.0,856118.880952381
375193,0.4330226480960846,,856176.3191489362
375194,,3.0,856180.5744680851
375205,0.433052659034729,,856227.3829787234
375206,,3.0,856231.6382978724
375214,0.4330826699733734,,856265.6808510638
375215,,3.0,856269.9361702128
375225,0.4331126809120178,,856312.4893617021
375226,,3.0,856316.7446808511
375238,0.4331126809120178,,856335.8695652174
375239,,0.0,856337.5217391305
375251,0.4331126809120178,,856357.3478260869
375252,,0.0,856359.0
375260,0.4331126809120178,,856372.2173913043
375261,,0.0,856373.8695652174
375273,0.4331126809120178,,856393.695652174
375274,,0.0,856395.3478260869
375282,0.4331226944923401,,856409.1428571428
375283,,1.0,856411.5714285715
375289,0.43313270807266235,,856426.1428571428
375290,,1.0,856428.5714285715
375297,0.4331427216529846,,856445.5714285715
375298,,1.0,856448.0
375310,0.4331527352333069,,856477.1428571428
375311,,1.0,856479.5714285715
375325,0.4331827461719513,,856511.3333333334
375326,,3.0,856514.0
375337,0.4332127571105957,,856543.3333333334
375338,,3.0,856546.0
375349,0.4332427680492401,,856575.3333333334
375350,,3.0,856578.0
375357,0.4332727789878845,,856596.6666666666
375358,,3.0,856599.3333333334
375374,0.4332727789878845,,856625.9318181818
375375,,0.0,856627.7727272727
375384,0.4332727789878845,,856644.3409090909
375385,,0.0,856646.1818181818
375396,0.4332727789878845,,856666.4318181818
375397,,0.0,856668.2727272727
375403,0.4332727789878845,,856679.3181818182
375404,,0.0,856681.1590909091
375419,0.4332727789878845,,856706.6923076923
375420,,0.0,856708.6666666666
375426,0.4332727789878845,,856720.5128205129
375427,,0.0,856722.4871794871
375438,0.4332727789878845,,856744.2051282051
375439,,0.0,856746.1794871795
375444,0.4332727789878845,,856756.0512820513
375445,,0.0,856758.0256410256
375464,0.43330278992652893,,856828.085106383
375465,,3.0,856832.340425532
375475,0.43333280086517334,,856874.8936170213
375476,,3.0,856879.1489361703
375482,0.43336281180381775,,856904.6808510638
375483,,3.0,856908.9361702128
375493,0.43339282274246216,,856951.4893617021
375494,,3.0,856955.7446808511
375508,0.4334028363227844,,856981.7555555556
375509,,1.0,856983.7333333333
375520,0.4334128499031067,,857005.4888888889
375521,,1.0,857007.4666666667
375531,0.43342286348342896,,857027.2444444444
375532,,1.0,857029.2222222222
375540,0.4334328770637512,,857045.0444444445
375541,,1.0,857047.0222222222
375559,0.43346288800239563,,857114.2173913043
375560,,3.0,857118.5652173914
375567,0.43349289894104004,,857149.0
375568,,3.0,857153.3478260869
375577,0.43352290987968445,,857192.4782608695
375578,,3.0,857196.8260869565
375588,0.43355292081832886,,857240.304347826
375589,,3.0,857244.6521739131
375605,0.433572918176651,,857286.6734693878
375606,,2.0,857289.5714285715
375616,0.43359291553497314,,857318.5510204082
375617,,2.0,857321.4489795918
375630,0.4336129128932953,,857359.1224489796
375631,,2.0,857362.0204081633
375639,0.43363291025161743,,857385.2040816327
375640,,2.0,857388.1020408163
375657,0.43363291025161743,,857414.9555555555
375658,,0.0,857416.6666666666
375665,0.43363291025161743,,857428.6444444444
375666,,0.0,857430.3555555556
375680,0.43363291025161743,,857454.3111111111
375681,,0.0,857456.0222222222
375686,0.43363291025161743,,857464.5777777778
375687,,0.0,857466.2888888889
375700,0.4336429238319397,,857486.3333333334
375701,,1.0,857488.1666666666
375708,0.43365293741226196,,857501.0
375709,,1.0,857502.8333333334
375722,0.43366295099258423,,857526.6666666666
375723,,1.0,857528.5
375730,0.4336729645729065,,857541.3333333334
375731,,1.0,857543.1666666666
375744,0.4336729645729065,,857563.0
375745,,0.0,857564.8
375754,0.4336729645729065,,857581.0
375755,,0.0,857582.8
375764,0.4336729645729065,,857599.0
375765,,0.0,857600.8
375772,0.4336729645729065,,857613.4
375773,,0.0,857615.2
375789,0.43368297815322876,,857643.9069767442
375790,,1.0,857645.976744186
375798,0.433692991733551,,857662.5348837209
375799,,1.0,857664.6046511628
375807,0.4337030053138733,,857681.1627906977
375808,,1.0,857683.2325581395
375817,0.43371301889419556,,857701.8604651163
375818,,1.0,857703.9302325582
375831,0.43374302983283997,,857754.7804878049
375832,,3.0,857759.6585365854
375840,0.4337730407714844,,857798.6829268293
375841,,3.0,857803.5609756098
375853,0.4338030517101288,,857862.0975609756
375854,,3.0,857866.9756097561
375860,0.4338330626487732,,857896.243902439
375861,,3.0,857901.1219512195
375873,0.4338630735874176,,857946.0
375874,,3.0,857950.4444444445
375884,0.433893084526062,,857994.8888888889
375885,,3.0,857999.3333333334
375897,0.4339230954647064,,858052.6666666666
375898,,3.0,858057.1111111111
375907,0.43395310640335083,,858097.1111111111
375908,,3.0,858101.5555555555
375925,0.43395310640335083,,858128.0
375926,,0.0,858129.5714285715
375940,0.43395310640335083,,858151.5714285715
375941,,0.0,858153.1428571428
375952,0.43395310640335083,,858170.4285714285
375953,,0.0,858172.0
375958,0.43395310640335083,,858179.8571428572
375959,,0.0,858181.4285714285
375970,0.43398311734199524,,858220.2093023256
375971,,3.0,858224.8604651163
375983,0.43401312828063965,,858280.6744186047
375984,,3.0,858285.3255813953
375996,0.43404313921928406,,858341.1395348837
375997,,3.0,858345.7906976744
376003,0.43407315015792847,,858373.6976744186
376004,,3.0,858378.3488372093
376015,0.43407315015792847,,858397.243902439
376016,,0.0,858399.0243902439
376022,0.43407315015792847,,858409.7073170731
376023,,0.0,858411.487804878
376036,0.43407315015792847,,858434.6341463415
376037,,0.0,858436.4146341464
376046,0.43407315015792847,,858452.4390243902
376047,,0.0,858454.2195121951
376065,0.4341031610965729,,858524.1818181818
376066,,3.0,858528.7272727273
376069,0.4341331720352173,,858542.3636363636
376070,,3.0,858546.9090909091
376084,0.4341631829738617,,858610.5454545454
376085,,3.0,858615.0909090909
376092,0.4341931939125061,,858646.9090909091
376093,,3.0,858651.4545454546
376104,0.4342232048511505,,858674.4
376105,,3.0,858676.7
376115,0.4342532157897949,,858699.7
376116,,3.0,858702.0
376122,0.43428322672843933,,858715.8
376123,,3.0,858718.1
376134,0.43431323766708374,,858743.4
376135,,3.0,858745.7
376148,0.434323251247406,,858766.8372093023
376149,,1.0,858768.7209302326
376159,0.43433326482772827,,858787.5581395349
376160,,1.0,858789.4418604651
376167,0.43434327840805054,,858802.6279069767
376168,,1.0,858804.5116279069
376179,0.4343532919883728,,858825.2325581395
376180,,1.0,858827.1162790698
376195,0.4343833029270172,,858882.3333333334
376196,,3.0,858886.7777777778
376202,0.4344133138656616,,858913.4444444445
376203,,3.0,858917.8888888889
376214,0.43444332480430603,,858966.7777777778
376215,,3.0,858971.2222222222
376226,0.43447333574295044,,859020.1111111111
376227,,3.0,859024.5555555555
376241,0.43447333574295044,,859047.8222222222
376242,,0.0,859049.5333333333
376252,0.43447333574295044,,859066.6444444444
376253,,0.0,859068.3555555556
376261,0.43447333574295044,,859082.0444444445
376262,,0.0,859083.7555555556
376273,0.43447333574295044,,859102.5777777778
376274,,0.0,859104.2888888889
376288,0.4344833493232727,,859147.8611111111
376289,,1.0,859151.6666666666
376295,0.43449336290359497,,859174.5
376296,,1.0,859178.3055555555
376302,0.43450337648391724,,859201.1388888889
376303,,1.0,859204.9444444445
376311,0.4345133900642395,,859235.3888888889
376312,,1.0,859239.1944444445
376324,0.4345133900642395,,859259.9024390244
376325,,0.0,859261.7804878049
376334,0.4345133900642395,,859278.6829268293
376335,,0.0,859280.5609756098
376344,0.4345133900642395,,859297.4634146341
376345,,0.0,859299.3414634146
376354,0.4345133900642395,,859316.243902439
376355,,0.0,859318.1219512195
376368,0.4345133900642395,,859334.2592592592
376369,,0.0,859335.6851851852
376381,0.4345133900642395,,859352.7962962963
376382,,0.0,859354.2222222222
376393,0.4345133900642395,,859369.9074074074
376394,,0.0,859371.3333333334
376410,0.4345133900642395,,859394.1481481482
376411,,0.0,859395.574074074
376428,0.4345133900642395,,859422.6666666666
376429,,0.0,859424.5
376435,0.4345133900642395,,859435.5
376436,,0.0,859437.3333333334
376444,0.4345133900642395,,859452.0
376445,,0.0,859453.8333333334
376454,0.4345133900642395,,859470.3333333334
376455,,0.0,859472.1666666666
376469,0.4345133900642395,,859491.085106383
376470,,0.0,859492.6382978724
376479,0.4345133900642395,,859506.6170212766
376480,,0.0,859508.1702127659
376490,0.4345133900642395,,859523.7021276596
376491,,0.0,859525.2553191489
376503,0.4345133900642395,,859543.8936170213
376504,,0.0,859545.4468085107
376520,0.43452340364456177,,859571.0217391305
376521,,1.0,859572.8695652174
376532,0.43453341722488403,,859593.195652174
376533,,1.0,859595.0434782609
376543,0.4345434308052063,,859613.5217391305
376544,,1.0,859615.3695652174
376551,0.43455344438552856,,859628.304347826
376552,,1.0,859630.1521739131
376565,0.43455344438552856,,859651.756097561
376566,,0.0,859653.731707317
376570,0.43455344438552856,,859661.6341463415
376571,,0.0,859663.6097560975
376582,0.43455344438552856,,859685.3414634146
376583,,0.0,859687.3170731707
376594,0.43455344438552856,,859709.0487804879
376595,,0.0,859711.0243902439
376610,0.43456345796585083,,859738.5789473684
376611,,1.0,859740.7105263158
376617,0.4345734715461731,,859753.5
376618,,1.0,859755.6315789474
376627,0.43458348512649536,,859774.8157894737
376628,,1.0,859776.947368421
376634,0.4345934987068176,,859789.7368421053
376635,,1.0,859791.8684210526
376649,0.4345934987068176,,859814.25
376650,,0.0,859816.0909090909
376659,0.4345934987068176,,859832.6590909091
376660,,0.0,859834.5
376666,0.4345934987068176,,859845.5454545454
376667,,0.0,859847.3863636364
376680,0.4345934987068176,,859871.3181818182
376681,,0.0,859873.1590909091
376690,0.4345934987068176,,859887.6486486486
376691,,0.0,859889.7567567568
376699,0.4345934987068176,,859906.6216216217
376700,,0.0,859908.7297297297
376708,0.4345934987068176,,859925.5945945946
376709,,0.0,859927.7027027027
376719,0.4345934987068176,,859948.7837837838
376720,,0.0,859950.8918918918
376737,0.4346035122871399,,859978.6226415094
376738,,1.0,859980.4528301887
376748,0.43461352586746216,,859998.7547169811
376749,,1.0,860000.5849056604
376764,0.4346235394477844,,860028.037735849
376765,,1.0,860029.8679245283
376774,0.4346335530281067,,860046.3396226416
376775,,1.0,860048.1698113207
376794,0.43464356660842896,,860073.2452830189
376795,,1.0,860074.6981132076
376806,0.4346535801887512,,860090.679245283
376807,,1.0,860092.1320754717
376818,0.4346635937690735,,860108.1132075472
376819,,1.0,860109.5660377359
376829,0.43467360734939575,,860124.0943396227
376830,,1.0,860125.5471698113
376844,0.43467360734939575,,860145.5777777778
376845,,0.0,860147.2666666667
376854,0.43467360734939575,,860162.4666666667
376855,,0.0,860164.1555555556
376864,0.43467360734939575,,860179.3555555556
376865,,0.0,860181.0444444445
376876,0.43467360734939575,,860199.6222222223
376877,,0.0,860201.3111111111
376893,0.43467360734939575,,860227.4146341464
376894,,0.0,860229.2926829269
376901,0.43467360734939575,,860242.4390243902
376902,,0.0,860244.3170731707
376908,0.43467360734939575,,860255.5853658536
376909,,0.0,860257.4634146341
376919,0.43467360734939575,,860276.243902439
376920,,0.0,860278.1219512195
376937,0.434683620929718,,860310.6486486486
376938,,1.0,860312.8378378379
376946,0.4346936345100403,,860330.3513513514
376947,,1.0,860332.5405405406
376951,0.43470364809036255,,860341.2972972973
376952,,1.0,860343.4864864865
376958,0.4347136616706848,,860356.6216216217
376959,,1.0,860358.8108108108
376970,0.4347236752510071,,860377.2105263158
376971,,1.0,860379.2368421053
376977,0.43473368883132935,,860391.3947368421
376978,,1.0,860393.4210526316
376986,0.4347437024116516,,860409.6315789474
376987,,1.0,860411.6578947369
376998,0.4347537159919739,,860433.947368421
376999,,1.0,860435.9736842106
377017,0.43476372957229614,,860473.1
377018,,1.0,860475.44
377028,0.4347737431526184,,860498.84
377029,,1.0,860501.18
377039,0.4347837567329407,,860524.58
377040,,1.0,860526.92
377050,0.43479377031326294,,860550.32
377051,,1.0,860552.66
377062,0.43482378125190735,,860576.9534883721
377063,,3.0,860579.6976744186
377072,0.43485379219055176,,860604.3953488372
377073,,3.0,860607.1395348837
377079,0.43488380312919617,,860623.6046511628
377080,,3.0,860626.3488372093
377095,0.4349138140678406,,860667.5116279069
377096,,3.0,860670.2558139535
377111,0.4349138140678406,,860695.0
377112,,0.0,860696.8333333334
377123,0.4349138140678406,,860717.0
377124,,0.0,860718.8333333334
377131,0.4349138140678406,,860731.6666666666
377132,,0.0,860733.5
377139,0.4349138140678406,,860746.3333333334
377140,,0.0,860748.1666666666
377154,0.4349138140678406,,860768.6744186047
377155,,0.0,860770.3720930233
377163,0.4349138140678406,,860783.9534883721
377164,,0.0,860785.6511627907
377174,0.4349138140678406,,860802.6279069767
377175,,0.0,860804.3255813953
377184,0.4349138140678406,,860819.6046511628
377185,,0.0,860821.3023255814
377199,0.43492382764816284,,860854.6585365854
377200,,1.0,860857.5365853659
377208,0.4349338412284851,,860880.5609756098
377209,,1.0,860883.4390243902
377220,0.4349438548088074,,860915.0975609756
377221,,1.0,860917.9756097561
377227,0.43495386838912964,,860935.243902439
377228,,1.0,860938.1219512195
377244,0.4349638819694519,,860967.3421052631
377245,,1.0,860969.3684210526
377255,0.43497389554977417,,860989.6315789474
377256,,1.0,860991.6578947369
377262,0.43498390913009644,,861003.8157894737
377263,,1.0,861005.8421052631
377267,0.4349939227104187,,861013.947368421
377268,,1.0,861015.9736842106
377281,0.43501392006874084,,861042.75
377282,,2.0,861045.225
377290,0.435033917427063,,861065.025
377291,,2.0,861067.5
377300,0.43505391478538513,,861089.775
377301,,2.0,861092.25
377309,0.4350739121437073,,861112.05
377310,,2.0,861114.525
377326,0.4350739121437073,,861137.8541666666
377327,,0.0,861139.4583333334
377339,0.4350739121437073,,861158.7083333334
377340,,0.0,861160.3125
377351,0.4350739121437073,,861177.9583333334
377352,,0.0,861179.5625
377359,0.4350739121437073,,861190.7916666666
377360,,0.0,861192.3958333334
377374,0.4350739121437073,,861211.4565217391
377375,,0.0,861213.0434782609
377382,0.4350739121437073,,861224.1521739131
377383,,0.0,861225.7391304348
377399,0.4350739121437073,,861251.1304347826
377400,,0.0,861252.7173913043
377407,0.4350739121437073,,861263.8260869565
377408,,0.0,861265.4130434783
377424,0.43508392572402954,,861305.7291666666
377425,,1.0,861308.7083333334
377434,0.4350939393043518,,861335.5208333334
377435,,1.0,861338.5
377450,0.4351039528846741,,861383.1875
377451,,1.0,861386.1666666666
377457,0.43511396646499634,,861404.0416666666
377458,,1.0,861407.0208333334
377474,0.43511396646499634,,861437.4054054054
377475,,0.0,861439.5135135135
377483,0.43511396646499634,,861456.3783783783
377484,,0.0,861458.4864864865
377491,0.43511396646499634,,861473.2432432432
377492,,0.0,861475.3513513514
377496,0.43511396646499634,,861483.7837837838
377497,,0.0,861485.8918918918
377510,0.43511396646499634,,861507.7435897436
377511,,0.0,861509.717948718
377518,0.43511396646499634,,861523.5384615385
377519,,0.0,861525.5128205129
377528,0.43511396646499634,,861543.282051282
377529,,0.0,861545.2564102564
377537,0.43511396646499634,,861561.0512820513
377538,,0.0,861563.0256410256
377551,0.43511396646499634,,861581.7391304348
377552,,0.0,861583.4130434783
377562,0.43511396646499634,,861600.1521739131
377563,,0.0,861601.8260869565
377573,0.43511396646499634,,861618.5652173914
377574,,0.0,861620.2391304348
377585,0.43511396646499634,,861638.6521739131
377586,,0.0,861640.3260869565
377602,0.43511396646499634,,861667.4090909091
377603,,0.0,861669.3636363636
377614,0.43511396646499634,,861690.8636363636
377615,,0.0,861692.8181818182
377625,0.43511396646499634,,861712.3636363636
377626,,0.0,861714.3181818182
377631,0.43511396646499634,,861724.0909090909
377632,,0.0,861726.0454545454
377644,0.4351339638233185,,861754.1428571428
377645,,2.0,861757.0476190476
377653,0.4351539611816406,,861780.2857142857
377654,,2.0,861783.1904761905
377666,0.43517395853996277,,861818.0476190476
377667,,2.0,861820.9523809524
377675,0.4351939558982849,,861844.1904761905
377676,,2.0,861847.0952380953
377690,0.4352039694786072,,861869.58
377691,,1.0,861871.36
377702,0.43521398305892944,,861890.94
377703,,1.0,861892.72
377716,0.4352239966392517,,861915.86
377717,,1.0,861917.64
377727,0.435234010219574,,861935.44
377728,,1.0,861937.22
377739,0.43524402379989624,,861968.9354838709
377740,,1.0,861972.6774193548
377745,0.4352540373802185,,861991.3870967742
377746,,1.0,861995.1290322581
377751,0.43526405096054077,,862013.8387096775
377752,,1.0,862017.5806451613
377760,0.43527406454086304,,862047.5161290322
377761,,1.0,862051.2580645161
377777,0.4352940618991852,,862084.8235294118
377778,,2.0,862087.1176470588
377790,0.4353140592575073,,862114.6470588235
377791,,2.0,862116.9411764706
377803,0.43533405661582947,,862144.4705882353
377804,,2.0,862146.7647058824
377813,0.4353540539741516,,862167.4117647059
377814,,2.0,862169.7058823529
377827,0.4353540539741516,,862193.7948717949
377828,,0.0,862195.9743589744
377834,0.4353540539741516,,862209.0512820513
377835,,0.0,862211.2307692308
377843,0.4353540539741516,,862228.6666666666
377844,,0.0,862230.8461538461
377854,0.4353540539741516,,862252.641025641
377855,,0.0,862254.8205128205
377874,0.4353540539741516,,862281.32
377875,,0.0,862282.84
377884,0.4353540539741516,,862296.52
377885,,0.0,862298.04
377893,0.4353540539741516,,862310.2
377894,,0.0,862311.72
377906,0.4353540539741516,,862329.96
377907,,0.0,862331.48
377922,0.4353640675544739,,862356.4545454546
377923,,1.0,862358.4090909091
377934,0.43537408113479614,,862379.9090909091
377935,,1.0,862381.8636363636
377944,0.4353840947151184,,862399.4545454546
377945,,1.0,862401.4090909091
377952,0.4353941082954407,,862415.0909090909
377953,,1.0,862417.0454545454
377966,0.4353941082954407,,862440.3888888889
377967,,0.0,862442.5277777778
377978,0.4353941082954407,,862466.0555555555
377979,,0.0,862468.1944444445
377985,0.4353941082954407,,862481.0277777778
377986,,0.0,862483.1666666666
377990,0.4353941082954407,,862491.7222222222
377991,,0.0,862493.8611111111
378002,0.43540412187576294,,862524.8
378003,,1.0,862528.4
378011,0.4354141354560852,,862557.2
378012,,1.0,862560.8
378020,0.43542414903640747,,862589.6
378021,,1.0,862593.2
378027,0.43543416261672974,,862614.8
378028,,1.0,862618.4
378049,0.435444176197052,,862667.0
378050,,1.0,862669.5
378058,0.43545418977737427,,862689.5
378059,,1.0,862692.0
378069,0.43546420335769653,,862717.0
378070,,1.0,862719.5
378079,0.4354742169380188,,862742.0
378080,,1.0,862744.5
378095,0.43548423051834106,,862770.7073170731
378096,,1.0,862772.6829268293
378102,0.43549424409866333,,862784.5365853659
378103,,1.0,862786.512195122
378115,0.4355042576789856,,862810.2195121951
378116,,1.0,862812.1951219512
378122,0.43551427125930786,,862824.0487804879
378123,,1.0,862826.0243902439
378133,0.4355242848396301,,862854.7105263158
378134,,1.0,862858.5263157894
378140,0.4355342984199524,,862881.4210526316
378141,,1.0,862885.2368421053
378149,0.43554431200027466,,862915.7631578947
378150,,1.0,862919.5789473684
378162,0.4355543255805969,,862965.3684210526
378163,,1.0,862969.1842105263
378177,0.43558433651924133,,863017.0
378178,,3.0,863021.0
378192,0.43561434745788574,,863077.0
378193,,3.0,863081.0
378201,0.43564435839653015,,863113.0
378202,,3.0,863117.0
378214,0.43567436933517456,,863165.0
378215,,3.0,863169.0
378230,0.43570438027381897,,863188.5744680851
378231,,3.0,863189.8723404255
378240,0.4357343912124634,,863201.5531914893
378241,,3.0,863202.8510638297
378257,0.4357644021511078,,863223.6170212766
378258,,3.0,863224.914893617
378263,0.4357944130897522,,863231.4042553192
378264,,3.0,863232.7021276596
378280,0.4358244240283966,,863290.5217391305
378281,,3.0,863294.8695652174
378292,0.435854434967041,,863342.695652174
378293,,3.0,863347.0434782609
378300,0.4358844459056854,,863377.4782608695
378301,,3.0,863381.8260869565
378311,0.43591445684432983,,863425.304347826
378312,,3.0,863429.6521739131
378327,0.43591445684432983,,863455.7142857143
378328,,0.0,863457.5238095238
378337,0.43591445684432983,,863473.8095238095
378338,,0.0,863475.619047619
378346,0.43591445684432983,,863490.0952380953
378347,,0.0,863491.9047619047
378355,0.43591445684432983,,863506.380952381
378356,,0.0,863508.1904761905
378371,0.435934454202652,,863561.7142857143
378372,,2.0,863566.0238095238
378379,0.4359544515609741,,863596.1904761905
378380,,2.0,863600.5
378389,0.43597444891929626,,863639.2857142857
378390,,2.0,863643.5952380953
378399,0.4359944462776184,,863682.380952381
378400,,2.0,863686.6904761905
378410,0.4360044598579407,,863716.7894736842
378411,,1.0,863720.4736842106
378419,0.43601447343826294,,863749.947368421
378420,,1.0,863753.6315789474
378427,0.4360244870185852,,863779.4210526316
378428,,1.0,863783.1052631579
378439,0.43603450059890747,,863823.6315789474
378440,,1.0,863827.3157894737
378454,0.4360645115375519,,863848.6511627907
378455,,3.0,863850.2558139535
378468,0.4360945224761963,,863871.1162790698
378469,,3.0,863872.7209302326
378475,0.4361245334148407,,863882.3488372093
378476,,3.0,863883.9534883721
378484,0.4361545443534851,,863896.7906976744
378485,,3.0,863898.3953488372
378501,0.4361645579338074,,863938.1875
378502,,1.0,863941.125
378515,0.43617457151412964,,863979.3125
378516,,1.0,863982.25
378526,0.4361845850944519,,864011.625
378527,,1.0,864014.5625
378534,0.43619459867477417,,864035.125
378535,,1.0,864038.0625
378555,0.4362246096134186,,864072.96
378556,,3.0,864074.84
378564,0.436254620552063,,864089.88
378565,,3.0,864091.76
378575,0.4362846314907074,,864110.56
378576,,3.0,864112.44
378586,0.4363146424293518,,864131.24
378587,,3.0,864133.12
378603,0.4363146424293518,,864157.4042553192
378604,,0.0,864159.1276595745
378615,0.4363146424293518,,864178.085106383
378616,,0.0,864179.8085106383
378627,0.4363146424293518,,864198.7659574468
378628,,0.0,864200.4893617021
378635,0.4363146424293518,,864212.5531914893
378636,,0.0,864214.2765957447
378651,0.4363246560096741,,864235.5918367347
378652,,1.0,864237.224489796
378662,0.43633466958999634,,864253.5510204082
378663,,1.0,864255.1836734693
378675,0.4363446831703186,,864274.775510204
378676,,1.0,864276.4081632653
378686,0.43635469675064087,,864292.7346938775
378687,,1.0,864294.3673469388
378703,0.43635469675064087,,864324.6666666666
378704,,0.0,864326.8717948718
378714,0.43635469675064087,,864348.9230769231
378715,,0.0,864351.1282051282
378719,0.43635469675064087,,864359.9487179487
378720,,0.0,864362.1538461539
378727,0.43635469675064087,,864377.5897435897
378728,,0.0,864379.7948717949
378745,0.43636471033096313,,864415.32
378746,,1.0,864417.7
378753,0.4363747239112854,,864434.36
378754,,1.0,864436.74
378765,0.43638473749160767,,864462.92
378766,,1.0,864465.3
378779,0.43639475107192993,,864496.24
378780,,1.0,864498.62
378794,0.43639475107192993,,864517.94
378795,,0.0,864519.48
378808,0.43639475107192993,,864539.5
378809,,0.0,864541.04
378822,0.43639475107192993,,864561.06
378823,,0.0,864562.6
378831,0.43639475107192993,,864574.92
378832,,0.0,864576.46
378844,0.43639475107192993,,864593.2
378845,,0.0,864594.8888888889
378854,0.43639475107192993,,864610.088888889
378855,,0.0,864611.7777777778
378866,0.43639475107192993,,864630.3555555556
378867,,0.0,864632.0444444445
378878,0.43639475107192993,,864650.6222222223
378879,,0.0,864652.3111111111
378893,0.43642476201057434,,864686.1020408163
378894,,3.0,864689.0204081633
378903,0.43645477294921875,,864715.2857142857
378904,,3.0,864718.2040816327
378918,0.43648478388786316,,864759.0612244898
378919,,3.0,864761.9795918367
378929,0.43651479482650757,,864791.1632653062
378930,,3.0,864794.081632653
378948,0.436544805765152,,864829.3529411765
378949,,3.0,864831.5098039216
378957,0.4365748167037964,,864848.7647058824
378958,,3.0,864850.9215686275
378968,0.4366048276424408,,864872.4901960784
378969,,3.0,864874.6470588235
378982,0.4366348385810852,,864902.6862745098
378983,,3.0,864904.8431372549
378997,0.4366348385810852,,864924.4565217391
378998,,0.0,864926.0434782609
379010,0.4366348385810852,,864945.0869565217
379011,,0.0,864946.6739130435
379018,0.4366348385810852,,864957.7826086957
379019,,0.0,864959.3695652174
379030,0.4366348385810852,,864976.8260869565
379031,,0.0,864978.4130434783
379052,0.4366648495197296,,865028.6
379053,,3.0,865031.3
379062,0.436694860458374,,865055.6
379063,,3.0,865058.3
379072,0.43672487139701843,,865082.6
379073,,3.0,865085.3
379082,0.43675488233566284,,865109.6
379083,,3.0,865112.3
379099,0.4367648959159851,,865139.9803921569
379100,,1.0,865141.9019607843
379109,0.4367749094963074,,865159.1960784313
379110,,1.0,865161.1176470588
379121,0.43678492307662964,,865182.2549019608
379122,,1.0,865184.1764705882
379135,0.4367949366569519,,865209.1568627451
379136,,1.0,865211.0784313725
379150,0.43681493401527405,,865232.8
379151,,2.0,865234.6
379161,0.4368349313735962,,865252.6
379162,,2.0,865254.4
379172,0.43685492873191833,,865272.4
379173,,2.0,865274.2
379182,0.4368749260902405,,865290.4
379183,,2.0,865292.2
379197,0.4369049370288849,,865313.1860465116
379198,,3.0,865314.9302325582
379206,0.4369349479675293,,865328.8837209302
379207,,3.0,865330.6279069767
379217,0.4369649589061737,,865348.0697674418
379218,,3.0,865349.8139534884
379227,0.4369949698448181,,865365.5116279069
379228,,3.0,865367.2558139535
379240,0.4369949698448181,,865382.5882352941
379241,,0.0,865384.0980392157
379254,0.4369949698448181,,865403.725490196
379255,,0.0,865405.2352941176
379270,0.4369949698448181,,865427.8823529412
379271,,0.0,865429.3921568628
379280,0.4369949698448181,,865442.9803921569
379281,,0.0,865444.4901960784
379299,0.43701496720314026,,865477.5625
379300,,2.0,865479.6666666666
379306,0.4370349645614624,,865492.2916666666
379307,,2.0,865494.3958333334
379319,0.43705496191978455,,865519.6458333334
379320,,2.0,865521.75
379330,0.4370749592781067,,865542.7916666666
379331,,2.0,865544.8958333334
379351,0.4370749592781067,,865575.0869565217
379352,,0.0,865576.7391304348
379359,0.4370749592781067,,865588.304347826
379360,,0.0,865589.9565217391
379369,0.4370749592781067,,865604.8260869565
379370,,0.0,865606.4782608695
379378,0.4370749592781067,,865619.695652174
379379,,0.0,865621.3478260869
379391,0.43708497285842896,,865645.1860465116
379392,,1.0,865647.6511627907
379405,0.4370949864387512,,865679.6976744186
379406,,1.0,865682.1627906977
379412,0.4371050000190735,,865696.9534883721
379413,,1.0,865699.4186046511
379423,0.43711501359939575,,865724.0697674418
379424,,1.0,865726.5348837209
379439,0.437125027179718,,865754.5319148937
379440,,1.0,865756.659574468
379451,0.4371350407600403,,865780.0638297872
379452,,1.0,865782.1914893617
379463,0.43714505434036255,,865805.5957446808
379464,,1.0,865807.7234042553
379472,0.4371550679206848,,865824.7446808511
379473,,1.0,865826.8723404255
379491,0.4371550679206848,,865851.6470588235
379492,,0.0,865853.1568627451
379503,0.4371550679206848,,865869.7647058824
379504,,0.0,865871.274509804
379515,0.4371550679206848,,865887.8823529412
379516,,0.0,865889.3921568628
379525,0.4371550679206848,,865902.9803921569
379526,,0.0,865904.4901960784
379535,0.4371650815010071,,865925.2972972973
379536,,1.0,865928.5135135135
379544,0.43717509508132935,,865954.2432432432
379545,,1.0,865957.4594594594
379555,0.4371851086616516,,865989.6216216217
379556,,1.0,865992.8378378379
379564,0.4371951222419739,,866018.5675675676
379565,,1.0,866021.7837837838
379579,0.437215119600296,,866056.1666666666
379580,,2.0,866059.0
379589,0.43723511695861816,,866084.5
379590,,2.0,866087.3333333334
379601,0.4372551143169403,,866118.5
379602,,2.0,866121.3333333334
379608,0.43727511167526245,,866138.3333333334
379609,,2.0,866141.1666666666
379623,0.4372851252555847,,866161.6458333334
379624,,1.0,866163.25
379638,0.437295138835907,,866185.7083333334
379639,,1.0,866187.3125
379648,0.43730515241622925,,866201.75
379649,,1.0,866203.3541666666
379658,0.4373151659965515,,866217.7916666666
379659,,1.0,866219.3958333334
379674,0.4373151659965515,,866240.9090909091
379675,,0.0,866242.5681818182
379685,0.4373151659965515,,866259.1590909091
379686,,0.0,866260.8181818182
379693,0.4373151659965515,,866272.4318181818
379694,,0.0,866274.0909090909
379704,0.4373151659965515,,866290.6818181818
379705,,0.0,866292.3409090909
379725,0.43733516335487366,,866341.7446808511
379726,,2.0,866344.5531914893
379735,0.4373551607131958,,866369.8297872341
379736,,2.0,866372.6382978724
379743,0.43737515807151794,,866392.2978723404
379744,,2.0,866395.1063829787
379753,0.4373951554298401,,866420.3829787234
379754,,2.0,866423.1914893617
379767,0.43740516901016235,,866444.7804878049
379768,,1.0,866446.6585365854
379774,0.4374151825904846,,866457.9268292683
379775,,1.0,866459.8048780488
379783,0.4374251961708069,,866474.8292682926
379784,,1.0,866476.7073170731
379796,0.43743520975112915,,866499.243902439
379797,,1.0,866501.1219512195
379815,0.4374452233314514,,866530.7173913043
379816,,1.0,866532.5652173914
379823,0.4374552369117737,,866545.5
379824,,1.0,866547.3478260869
379833,0.43746525049209595,,866563.9782608695
379834,,1.0,866565.8260869565
379844,0.4374752640724182,,866584.304347826
379845,,1.0,866586.1521739131
379861,0.4374752640724182,,866612.9736842106
379862,,0.0,866614.8947368421
379867,0.4374752640724182,,866624.5
379868,,0.0,866626.4210526316
379876,0.4374752640724182,,866641.7894736842
379877,,0.0,866643.7105263158
379884,0.4374752640724182,,866657.1578947369
379885,,0.0,866659.0789473684
379900,0.4374852776527405,,866685.2608695652
379901,,1.0,866687.2826086957
379911,0.43749529123306274,,866707.5
379912,,1.0,866709.5217391305
379922,0.437505304813385,,866729.7391304348
379923,,1.0,866731.7608695652
379932,0.4375153183937073,,866749.9565217391
379933,,1.0,866751.9782608695
379945,0.4375153183937073,,866770.8461538461
379946,,0.0,866772.717948718
379954,0.4375153183937073,,866787.6923076923
379955,,0.0,866789.5641025641
379963,0.4375153183937073,,866804.5384615385
379964,,0.0,866806.4102564103
379973,0.4375153183937073,,866823.2564102564
379974,,0.0,866825.1282051282
379987,0.43752533197402954,,866847.8695652174
379988,,1.0,866849.9565217391
380000,0.4375353455543518,,866875.0
380001,,1.0,866877.0869565217
380009,0.4375453591346741,,866893.7826086957
380010,,1.0,866895.8695652174
380021,0.43755537271499634,,866918.8260869565
380022,,1.0,866920.9130434783
380036,0.4375653862953186,,866945.2619047619
380037,,1.0,866947.2857142857
380044,0.43757539987564087,,866961.4523809524
380045,,1.0,866963.4761904762
380056,0.43758541345596313,,866985.7380952381
380057,,1.0,866987.7619047619
380065,0.4375954270362854,,867003.9523809524
380066,,1.0,867005.9761904762
380078,0.43760544061660767,,867027.4210526316
380079,,1.0,867029.5789473684
380090,0.43761545419692993,,867053.3157894737
380091,,1.0,867055.4736842106
380095,0.4376254677772522,,867064.1052631579
380096,,1.0,867066.2631578947
380105,0.43763548135757446,,867085.6842105263
380106,,1.0,867087.8421052631
380119,0.43763548135757446,,867109.4594594594
380120,,0.0,867111.4054054054
380130,0.43763548135757446,,867130.8648648649
380131,,0.0,867132.8108108108
380138,0.43763548135757446,,867146.4324324324
380139,,0.0,867148.3783783783
380144,0.43763548135757446,,867158.1081081082
380145,,0.0,867160.0540540541
380166,0.43764549493789673,,867192.3
380167,,1.0,867193.9833333333
380182,0.437655508518219,,867219.2333333333
380183,,1.0,867220.9166666666
380192,0.43766552209854126,,867236.0666666667
380193,,1.0,867237.75
380206,0.4376755356788635,,867259.6333333333
380207,,1.0,867261.3166666667
380223,0.4376855492591858,,867284.25
380224,,1.0,867285.8846153846
380235,0.43769556283950806,,867303.8653846154
380236,,1.0,867305.5
380246,0.4377055764198303,,867321.8461538461
380247,,1.0,867323.4807692308
380260,0.4377155900001526,,867344.7307692308
380261,,1.0,867346.3653846154
380277,0.4377155900001526,,867372.4146341464
380278,,0.0,867374.2926829269
380285,0.4377155900001526,,867387.4390243902
380286,,0.0,867389.3170731707
380296,0.4377155900001526,,867408.0975609756
380297,,0.0,867409.9756097561
380303,0.4377155900001526,,867421.243902439
380304,,0.0,867423.1219512195
380322,0.4377155900001526,,867453.9285714285
380323,,0.0,867455.8571428572
380327,0.4377155900001526,,867463.5714285715
380328,,0.0,867465.5
380338,0.4377155900001526,,867484.7857142857
380339,,0.0,867486.7142857143
380347,0.4377155900001526,,867502.1428571428
380348,,0.0,867504.0714285715
380360,0.43772560358047485,,867535.7209302326
380361,,1.0,867539.023255814
380368,0.4377356171607971,,867562.1395348837
380369,,1.0,867565.4418604651
380381,0.4377456307411194,,867605.0697674418
380382,,1.0,867608.3720930233
380392,0.43775564432144165,,867641.3953488372
380393,,1.0,867644.6976744186
380406,0.43775564432144165,,867664.5909090909
380407,,0.0,867666.25
380413,0.43775564432144165,,867676.2045454546
380414,,0.0,867677.8636363636
380426,0.43775564432144165,,867697.7727272727
380427,,0.0,867699.4318181818
380438,0.43775564432144165,,867717.6818181818
380439,,0.0,867719.3409090909
380453,0.4377656579017639,,867767.3157894737
380454,,1.0,867771.5263157894
380461,0.4377756714820862,,867801.0
380462,,1.0,867805.2105263158
380471,0.43778568506240845,,867843.1052631579
380472,,1.0,867847.3157894737
380478,0.4377956986427307,,867872.5789473684
380479,,1.0,867876.7894736842
380490,0.437805712223053,,867894.5
380491,,1.0,867896.1875
380506,0.43781572580337524,,867921.5
380507,,1.0,867923.1875
380517,0.4378257393836975,,867940.0625
380518,,1.0,867941.75
380528,0.4378357529640198,,867958.625
380529,,1.0,867960.3125
380543,0.4378357529640198,,867980.6744186047
380544,,0.0,867982.3720930233
380554,0.4378357529640198,,867999.3488372093
380555,,0.0,868001.0465116279
380562,0.4378357529640198,,868012.9302325582
380563,,0.0,868014.6279069767
380573,0.4378357529640198,,868031.6046511628
380574,,0.0,868033.3023255814
380590,0.4378357529640198,,868056.7608695652
380591,,0.0,868058.4347826086
380600,0.4378357529640198,,868073.5
380601,,0.0,868075.1739130435
380611,0.4378357529640198,,868091.9130434783
380612,,0.0,868093.5869565217
380621,0.4378357529640198,,868108.6521739131
380622,,0.0,868110.3260869565
380635,0.4378357529640198,,868131.7435897436
380636,,0.0,868133.717948718
380645,0.4378357529640198,,868151.4871794871
380646,,0.0,868153.4615384615
380654,0.4378357529640198,,868169.2564102564
380655,,0.0,868171.2307692308
380662,0.4378357529640198,,868185.0512820513
380663,,0.0,868187.0256410256
380676,0.43784576654434204,,868213.75
380677,,1.0,868216.225
380685,0.4378557801246643,,868236.025
380686,,1.0,868238.5
380696,0.4378657937049866,,868263.25
380697,,1.0,868265.725
380704,0.43787580728530884,,868283.05
380705,,1.0,868285.525
380724,0.4378858208656311,,868321.2307692308
380725,,1.0,868323.3076923077
380736,0.43789583444595337,,868346.1538461539
380737,,1.0,868348.2307692308
380745,0.43790584802627563,,868364.8461538461
380746,,1.0,868366.9230769231
380758,0.4379158616065979,,868391.8461538461
380759,,1.0,868393.9230769231
380774,0.43792587518692017,,868417.36
380775,,1.0,868419.14
380783,0.43793588876724243,,868433.38
380784,,1.0,868435.16
380797,0.4379459023475647,,868458.3
380798,,1.0,868460.08
380810,0.43795591592788696,,868481.44
380811,,1.0,868483.22
380824,0.43795591592788696,,868504.25
380825,,0.0,868506.175
380832,0.43795591592788696,,868519.65
380833,,0.0,868521.575
380842,0.43795591592788696,,868538.9
380843,,0.0,868540.825
380852,0.43795591592788696,,868558.15
380853,,0.0,868560.075
380871,0.43798592686653137,,868587.0
380872,,3.0,868588.6666666666
380884,0.4380159378051758,,868608.6666666666
380885,,3.0,868610.3333333334
380891,0.4380459487438202,,868620.3333333334
380892,,3.0,868622.0
380902,0.4380759596824646,,868638.6666666666
380903,,3.0,868640.3333333334
380917,0.4380759596824646,,868658.7291666666
380918,,0.0,868660.25
380928,0.4380759596824646,,868675.4583333334
380929,,0.0,868676.9791666666
380939,0.4380759596824646,,868692.1875
380940,,0.0,868693.7083333334
380952,0.4380759596824646,,868711.9583333334
380953,,0.0,868713.4791666666
380965,0.43808597326278687,,868743.8
380966,,1.0,868747.0
380975,0.43809598684310913,,868775.8
380976,,1.0,868779.0
380980,0.4381060004234314,,868791.8
380981,,1.0,868795.0
380989,0.43811601400375366,,868820.6
380990,,1.0,868823.8
381007,0.43811601400375366,,868849.9361702128
381008,,0.0,868851.5744680851
381018,0.43811601400375366,,868867.9574468085
381019,,0.0,868869.5957446808
381028,0.43811601400375366,,868884.340425532
381029,,0.0,868885.9787234042
381038,0.43811601400375366,,868900.7234042553
381039,,0.0,868902.3617021276
381055,0.4381260275840759,,868929.7291666666
381056,,1.0,868931.7083333334
381063,0.4381360411643982,,868945.5625
381064,,1.0,868947.5416666666
381073,0.43814605474472046,,868965.3541666666
381074,,1.0,868967.3333333334
381088,0.4381560683250427,,868995.0416666666
381089,,1.0,868997.0208333334
381103,0.43818607926368713,,869056.8947368421
381104,,3.0,869062.1578947369
381111,0.43821609020233154,,869099.0
381112,,3.0,869104.2631578947
381118,0.43824610114097595,,869135.8421052631
381119,,3.0,869141.1052631579
381128,0.43827611207962036,,869188.4736842106
381129,,3.0,869193.7368421053
381142,0.4382861256599426,,869223.0
381143,,1.0,869225.4
381154,0.4382961392402649,,869251.8
381155,,1.0,869254.2
381163,0.43830615282058716,,869273.4
381164,,1.0,869275.8
381175,0.4383161664009094,,869302.2
381176,,1.0,869304.6
381193,0.4383161664009094,,869330.1428571428
381194,,0.0,869331.7959183673
381206,0.4383161664009094,,869351.6326530612
381207,,0.0,869353.2857142857
381217,0.4383161664009094,,869369.8163265307
381218,,0.0,869371.4693877551
381226,0.4383161664009094,,869384.693877551
381227,,0.0,869386.3469387755
381246,0.4383261799812317,,869426.9090909091
381247,,1.0,869429.3409090909
381253,0.43833619356155396,,869443.9318181818
381254,,1.0,869446.3636363636
381263,0.4383462071418762,,869468.25
381264,,1.0,869470.6818181818
381272,0.4383562207221985,,869490.1363636364
381273,,1.0,869492.5681818182
381289,0.4383862316608429,,869545.9803921569
381290,,3.0,869549.9019607843
381298,0.4384162425994873,,869581.274509804
381299,,3.0,869585.1960784313
381312,0.4384462535381317,,869636.1764705882
381313,,3.0,869640.0980392157
381325,0.4384762644767761,,869687.1568627451
381326,,3.0,869691.0784313725
381346,0.43850627541542053,,869721.0666666667
381347,,3.0,869722.6
381353,0.43853628635406494,,869731.8
381354,,3.0,869733.3333333334
381362,0.43856629729270935,,869745.6
381363,,3.0,869747.1333333333
381372,0.43859630823135376,,869760.9333333333
381373,,3.0,869762.4666666667
381389,0.438606321811676,,869789.1136363636
381390,,1.0,869791.0454545454
381398,0.4386163353919983,,869806.5
381399,,1.0,869808.4318181818
381405,0.43862634897232056,,869820.0227272727
381406,,1.0,869821.9545454546
381418,0.4386363625526428,,869845.1363636364
381419,,1.0,869847.0681818182
381438,0.4386463761329651,,869876.0
381439,,1.0,869877.6875
381446,0.43865638971328735,,869889.5
381447,,1.0,869891.1875
381456,0.4386664032936096,,869906.375
381457,,1.0,869908.0625
381468,0.4386764168739319,,869926.625
381469,,1.0,869928.3125
381485,0.4387064278125763,,869989.0909090909
381486,,3.0,869993.6363636364
381493,0.4387364387512207,,870025.4545454546
381494,,3.0,870030.0
381504,0.4387664496898651,,870075.4545454546
381505,,3.0,870080.0
381514,0.4387964606285095,,870120.9090909091
381515,,3.0,870125.4545454546
381528,0.4387964606285095,,870148.7804878049
381529,,0.0,870150.6585365854
381539,0.4387964606285095,,870169.4390243902
381540,,0.0,870171.3170731707
381549,0.4387964606285095,,870188.2195121951
381550,,0.0,870190.0975609756
381557,0.4387964606285095,,870203.243902439
381558,,0.0,870205.1219512195
381573,0.4388064742088318,,870246.0
381574,,1.0,870249.25
381582,0.43881648778915405,,870275.25
381583,,1.0,870278.5
381593,0.4388265013694763,,870311.0
381594,,1.0,870314.25
381603,0.4388365149497986,,870343.5
381604,,1.0,870346.75
381617,0.43884652853012085,,870380.2272727273
381618,,1.0,870383.25
381626,0.4388565421104431,,870407.4318181818
381627,,1.0,870410.4545454546
381640,0.4388665556907654,,870449.75
381641,,1.0,870452.7727272727
381649,0.43887656927108765,,870476.9545454546
381650,,1.0,870479.9772727273
381666,0.4388965666294098,,870522.2888888889
381667,,2.0,870525.3111111111
381678,0.43891656398773193,,870558.5555555555
381679,,2.0,870561.5777777778
381689,0.4389365613460541,,870591.8
381690,,2.0,870594.8222222222
381696,0.4389565587043762,,870612.9555555555
381697,,2.0,870615.9777777778
381716,0.43898656964302063,,870688.5652173914
381717,,3.0,870692.9130434783
381728,0.43901658058166504,,870740.7391304348
381729,,3.0,870745.0869565217
381736,0.43904659152030945,,870775.5217391305
381737,,3.0,870779.8695652174
381744,0.43907660245895386,,870810.304347826
381745,,3.0,870814.6521739131
381761,0.43910661339759827,,870889.2702702703
381762,,3.0,870894.6756756756
381769,0.4391366243362427,,870932.5135135135
381770,,3.0,870937.9189189189
381775,0.4391666352748871,,870964.9459459459
381776,,3.0,870970.3513513514
381783,0.4391966462135315,,871008.1891891892
381784,,3.0,871013.5945945946
381799,0.4391966462135315,,871041.6046511628
381800,,0.0,871043.4883720931
381811,0.4391966462135315,,871064.2093023256
381812,,0.0,871066.0930232558
381819,0.4391966462135315,,871079.2790697674
381820,,0.0,871081.1627906977
381828,0.4391966462135315,,871096.2325581395
381829,,0.0,871098.1162790698
381850,0.43920665979385376,,871137.2
381851,,1.0,871139.2666666667
381859,0.439216673374176,,871155.8
381860,,1.0,871157.8666666667
381865,0.4392266869544983,,871168.2
381866,,1.0,871170.2666666667
381875,0.43923670053482056,,871188.8666666667
381876,,1.0,871190.9333333333
381891,0.43926671147346497,,871246.3333333334
381892,,3.0,871250.7777777778
381899,0.4392967224121094,,871281.8888888889
381900,,3.0,871286.3333333334
381911,0.4393267333507538,,871335.2222222222
381912,,3.0,871339.6666666666
381922,0.4393567442893982,,871384.1111111111
381923,,3.0,871388.5555555555
381936,0.43936675786972046,,871413.2272727273
381937,,1.0,871415.25
381946,0.4393767714500427,,871433.4545454546
381947,,1.0,871435.4772727273
381956,0.439386785030365,,871453.6818181818
381957,,1.0,871455.7045454546
381968,0.43939679861068726,,871477.9545454546
381969,,1.0,871479.9772727273
381983,0.43939679861068726,,871503.4634146341
381984,,0.0,871505.4146341464
381994,0.43939679861068726,,871524.9268292683
381995,,0.0,871526.8780487805
382001,0.43939679861068726,,871538.5853658536
382002,,0.0,871540.5365853659
382011,0.43939679861068726,,871558.0975609756
382012,,0.0,871560.0487804879
382025,0.4394068121910095,,871590.4615384615
382026,,1.0,871593.3076923077
382034,0.4394168257713318,,871616.0769230769
382035,,1.0,871618.9230769231
382044,0.43942683935165405,,871644.5384615385
382045,,1.0,871647.3846153846
382052,0.4394368529319763,,871667.3076923077
382053,,1.0,871670.1538461539
382065,0.4394368529319763,,871686.14
382066,,0.0,871687.6
382076,0.4394368529319763,,871702.2
382077,,0.0,871703.66
382090,0.4394368529319763,,871722.64
382091,,0.0,871724.1
382104,0.4394368529319763,,871743.08
382105,,0.0,871744.54
382115,0.4394468665122986,,871762.8378378379
382116,,1.0,871765.2432432432
382130,0.43945688009262085,,871798.9189189189
382131,,1.0,871801.3243243244
382135,0.4394668936729431,,871810.9459459459
382136,,1.0,871813.3513513514
382143,0.4394769072532654,,871830.1891891892
382144,,1.0,871832.5945945946
382154,0.4394969046115875,,871865.4
382155,,2.0,871869.7428571428
382161,0.43951690196990967,,871895.8
382162,,2.0,871900.1428571428
382170,0.4395368993282318,,871934.8857142857
382171,,2.0,871939.2285714286
382180,0.43955689668655396,,871978.3142857143
382181,,2.0,871982.6571428571
382198,0.43955689668655396,,872010.8
382199,,0.0,872012.5
382205,0.43955689668655396,,872022.7
382206,,0.0,872024.4
382221,0.43955689668655396,,872049.9
382222,,0.0,872051.6
382232,0.43955689668655396,,872068.6
382233,,0.0,872070.3
382249,0.4395669102668762,,872098.0
382250,,1.0,872100.0
382258,0.4395769238471985,,872116.0
382259,,1.0,872118.0
382267,0.43958693742752075,,872134.0
382268,,1.0,872136.0
382279,0.439596951007843,,872158.0
382280,,1.0,872160.0
382299,0.439596951007843,,872185.6923076923
382300,,0.0,872187.1730769231
382314,0.439596951007843,,872207.9038461539
382315,,0.0,872209.3846153846
382324,0.439596951007843,,872222.7115384615
382325,,0.0,872224.1923076923
382333,0.439596951007843,,872236.0384615385
382334,,0.0,872237.5192307692
382346,0.4396069645881653,,872255.9024390244
382347,,1.0,872257.7804878049
382353,0.43961697816848755,,872269.0487804879
382354,,1.0,872270.9268292683
382364,0.4396269917488098,,872289.7073170731
382365,,1.0,872291.5853658536
382376,0.4396370053291321,,872312.243902439
382377,,1.0,872314.1219512195
382387,0.4396370053291321,,872328.5348837209
382388,,0.0,872330.3255813953
382395,0.4396370053291321,,872342.8604651163
382396,,0.0,872344.6511627907
382409,0.4396370053291321,,872367.9302325582
382410,,0.0,872369.7209302326
382421,0.4396370053291321,,872389.4186046511
382422,,0.0,872391.2093023256
382443,0.4396370053291321,,872418.6666666666
382444,,0.0,872420.0925925926
382453,0.4396370053291321,,872432.925925926
382454,,0.0,872434.3518518518
382462,0.4396370053291321,,872445.7592592592
382463,,0.0,872447.1851851852
382477,0.4396370053291321,,872467.1481481482
382478,,0.0,872468.574074074
382493,0.4396370053291321,,872488.6382978724
382494,,0.0,872490.1914893617
382502,0.4396370053291321,,872502.6170212766
382503,,0.0,872504.1702127659
382512,0.4396370053291321,,872518.1489361703
382513,,0.0,872519.7021276596
382526,0.4396370053291321,,872539.8936170213
382527,,0.0,872541.4468085107
382548,0.4396370053291321,,872570.5094339623
382549,,0.0,872572.037735849
382557,0.4396370053291321,,872584.2641509434
382558,,0.0,872585.7924528302
382568,0.4396370053291321,,872601.0754716981
382569,,0.0,872602.6037735849
382581,0.4396370053291321,,872620.9433962264
382582,,0.0,872622.4716981133
382596,0.43964701890945435,,872645.7441860465
382597,,1.0,872647.7209302326
382606,0.4396570324897766,,872665.5116279069
382607,,1.0,872667.4883720931
382617,0.4396670460700989,,872687.2558139535
382618,,1.0,872689.2325581395
382626,0.43967705965042114,,872705.0465116279
382627,,1.0,872707.023255814
382642,0.4396970570087433,,872749.4651162791
382643,,2.0,872752.8372093023
382652,0.43971705436706543,,872783.1860465116
382653,,2.0,872786.5581395349
382658,0.4397370517253876,,872803.4186046511
382659,,2.0,872806.7906976744
382671,0.4397570490837097,,872847.2558139535
382672,,2.0,872850.6279069767
382691,0.4397570490837097,,872882.6511627907
382692,,0.0,872884.4418604651
382701,0.4397570490837097,,872900.5581395349
382702,,0.0,872902.3488372093
382709,0.4397570490837097,,872914.8837209302
382710,,0.0,872916.6744186047
382716,0.4397570490837097,,872927.4186046511
382717,,0.0,872929.2093023256
382731,0.439767062664032,,872954.447368421
382732,,1.0,872956.5789473684
382740,0.43977707624435425,,872973.6315789474
382741,,1.0,872975.7631578947
382746,0.4397870898246765,,872986.4210526316
382747,,1.0,872988.552631579
382756,0.4397971034049988,,873007.7368421053
382757,,1.0,873009.8684210526
382777,0.43980711698532104,,873041.0961538461
382778,,1.0,873042.8076923077
382788,0.4398171305656433,,873059.9230769231
382789,,1.0,873061.6346153846
382802,0.4398271441459656,,873083.8846153846
382803,,1.0,873085.5961538461
382810,0.43983715772628784,,873097.5769230769
382811,,1.0,873099.2884615385
382830,0.4398471713066101,,873136.0638297872
382831,,1.0,873138.2553191489
382840,0.4398571848869324,,873157.9787234042
382841,,1.0,873160.1702127659
382850,0.43986719846725464,,873179.8936170213
382851,,1.0,873182.085106383
382859,0.4398772120475769,,873199.6170212766
382860,,1.0,873201.8085106383
382875,0.43988722562789917,,873239.6756756756
382876,,1.0,873242.6486486486
382881,0.43989723920822144,,873257.5135135135
382882,,1.0,873260.4864864865
382890,0.4399072527885437,,873284.2702702703
382891,,1.0,873287.2432432432
382898,0.43991726636886597,,873308.0540540541
382899,,1.0,873311.027027027
382913,0.43992727994918823,,873336.275
382914,,1.0,873338.3
382920,0.4399372935295105,,873350.45
382921,,1.0,873352.475
382930,0.43994730710983276,,873370.7
382931,,1.0,873372.725
382940,0.43995732069015503,,873390.95
382941,,1.0,873392.975
382953,0.4399673342704773,,873415.8285714285
382954,,1.0,873418.1428571428
382961,0.43997734785079956,,873434.3428571429
382962,,1.0,873436.6571428571
382968,0.4399873614311218,,873450.5428571429
382969,,1.0,873452.8571428572
382977,0.4399973750114441,,873471.3714285714
382978,,1.0,873473.6857142857
382991,0.4399973750114441,,873495.7435897436
382992,,0.0,873497.717948718
383002,0.4399973750114441,,873517.4615384615
383003,,0.0,873519.4358974359
383008,0.4399973750114441,,873529.3076923077
383009,,0.0,873531.282051282
383018,0.4399973750114441,,873549.0512820513
383019,,0.0,873551.0256410256
383039,0.4399973750114441,,873580.8510638297
383040,,0.0,873582.4893617021
383045,0.4399973750114441,,873590.6808510638
383046,,0.0,873592.3191489362
383055,0.4399973750114441,,873607.0638297872
383056,,0.0,873608.7021276596
383067,0.4399973750114441,,873626.7234042553
383068,,0.0,873628.3617021276
383082,0.4399973750114441,,873652.3055555555
383083,,0.0,873654.3333333334
383090,0.4399973750114441,,873668.5277777778
383091,,0.0,873670.5555555555
383098,0.4399973750114441,,873684.75
383099,,0.0,873686.7777777778
383105,0.4399973750114441,,873698.9444444445
383106,,0.0,873700.9722222222
383120,0.44000738859176636,,873725.275
383121,,1.0,873727.3
383130,0.4400174021720886,,873745.525
383131,,1.0,873747.55
383137,0.4400274157524109,,873759.7
383138,,1.0,873761.725
383147,0.44003742933273315,,873779.95
383148,,1.0,873781.975
383163,0.44003742933273315,,873802.48
383164,,0.0,873804.02
383174,0.44003742933273315,,873819.42
383175,,0.0,873820.96
383186,0.44003742933273315,,873837.9
383187,,0.0,873839.44
383199,0.44003742933273315,,873857.92
383200,,0.0,873859.46
383216,0.44003742933273315,,873881.8541666666
383217,,0.0,873883.4583333334
383226,0.44003742933273315,,873897.8958333334
383227,,0.0,873899.5
383235,0.44003742933273315,,873912.3333333334
383236,,0.0,873913.9375
383249,0.44003742933273315,,873934.7916666666
383250,,0.0,873936.3958333334
383265,0.44003742933273315,,873958.8571428572
383266,,0.0,873960.5952380953
383274,0.44003742933273315,,873974.5
383275,,0.0,873976.2380952381
383282,0.44003742933273315,,873988.4047619047
383283,,0.0,873990.1428571428
383293,0.44003742933273315,,874007.5238095238
383294,,0.0,874009.2619047619
383310,0.4400474429130554,,874035.5555555555
383311,,1.0,874037.4444444445
383320,0.4400574564933777,,874054.4444444445
383321,,1.0,874056.3333333334
383328,0.44006747007369995,,874069.5555555555
383329,,1.0,874071.4444444445
383340,0.4400774836540222,,874092.2222222222
383341,,1.0,874094.1111111111
383353,0.4400874972343445,,874112.1162790698
383354,,1.0,874113.9069767442
383366,0.44009751081466675,,874135.3953488372
383367,,1.0,874137.1860465116
383378,0.440107524394989,,874156.8837209302
383379,,1.0,874158.6744186047
383385,0.4401175379753113,,874169.4186046511
383386,,1.0,874171.2093023256
383399,0.44012755155563354,,874189.9565217391
383400,,1.0,874191.6521739131
383414,0.4401375651359558,,874215.3913043478
383415,,1.0,874217.0869565217
383421,0.4401475787162781,,874227.2608695652
383422,,1.0,874228.9565217391
383433,0.44015759229660034,,874247.6086956522
383434,,1.0,874249.304347826
383451,0.44015759229660034,,874278.641025641
383452,,0.0,874280.6153846154
383456,0.44015759229660034,,874288.5128205129
383457,,0.0,874290.4871794871
383464,0.44015759229660034,,874304.3076923077
383465,,0.0,874306.282051282
383474,0.44015759229660034,,874324.0512820513
383475,,0.0,874326.0256410256
383491,0.44015759229660034,,874349.5681818182
383492,,0.0,874351.2272727273
383501,0.44015759229660034,,874366.1590909091
383502,,0.0,874367.8181818182
383508,0.44015759229660034,,874377.7727272727
383509,,0.0,874379.4318181818
383520,0.44015759229660034,,874397.6818181818
383521,,0.0,874399.3409090909
383537,0.44015759229660034,,874425.6315789474
383538,,0.0,874427.5263157894
383545,0.44015759229660034,,874440.7894736842
383546,,0.0,874442.6842105263
383553,0.44015759229660034,,874455.947368421
383554,,0.0,874457.8421052631
383560,0.44015759229660034,,874469.2105263158
383561,,0.0,874471.1052631579
383573,0.44015759229660034,,874489.6829268293
383574,,0.0,874491.5365853659
383583,0.44015759229660034,,874508.2195121951
383584,,0.0,874510.0731707317
383595,0.44015759229660034,,874530.4634146341
383596,,0.0,874532.3170731707
383603,0.44015759229660034,,874545.2926829269
383604,,0.0,874547.1463414634
383620,0.44015759229660034,,874568.7708333334
383621,,0.0,874570.2916666666
383631,0.44015759229660034,,874585.5
383632,,0.0,874587.0208333334
383645,0.44015759229660034,,874606.7916666666
383646,,0.0,874608.3125
383653,0.44015759229660034,,874618.9583333334
383654,,0.0,874620.4791666666
383678,0.44015759229660034,,874650.0
383679,,0.0,874651.3333333334
383687,0.44015759229660034,,874662.0
383688,,0.0,874663.3333333334
383703,0.44015759229660034,,874683.3333333334
383704,,0.0,874684.6666666666
383712,0.44015759229660034,,874695.3333333334
383713,,0.0,874696.6666666666
383729,0.44015759229660034,,874721.8333333334
383730,,0.0,874723.6666666666
383735,0.44015759229660034,,874732.8333333334
383736,,0.0,874734.6666666666
383745,0.44015759229660034,,874751.1666666666
383746,,0.0,874753.0
383756,0.44015759229660034,,874771.3333333334
383757,,0.0,874773.1666666666
383771,0.4401775896549225,,874807.75
383772,,2.0,874810.7272727273
383779,0.44019758701324463,,874831.5681818182
383780,,2.0,874834.5454545454
383793,0.4402175843715668,,874873.25
383794,,2.0,874876.2272727273
383802,0.4402375817298889,,874900.0454545454
383803,,2.0,874903.0227272727
383820,0.4402375817298889,,874929.2272727273
383821,,0.0,874930.8863636364
383831,0.4402375817298889,,874947.4772727273
383832,,0.0,874949.1363636364
383839,0.4402375817298889,,874960.75
383840,,0.0,874962.4090909091
383848,0.4402375817298889,,874975.6818181818
383849,,0.0,874977.3409090909
383866,0.4402475953102112,,875005.2926829269
383867,,1.0,875007.1707317074
383872,0.44025760889053345,,875016.5609756098
383873,,1.0,875018.4390243902
383880,0.4402676224708557,,875031.5853658536
383881,,1.0,875033.4634146341
383891,0.440277636051178,,875052.243902439
383892,,1.0,875054.1219512195
383906,0.440277636051178,,875073.085106383
383907,,0.0,875074.6382978724
383916,0.440277636051178,,875088.6170212766
383917,,0.0,875090.1702127659
383927,0.440277636051178,,875105.7021276596
383928,,0.0,875107.2553191489
383940,0.440277636051178,,875125.8936170213
383941,,0.0,875127.4468085107
383957,0.440277636051178,,875152.1463414634
383958,,0.0,875153.9268292683
383966,0.440277636051178,,875168.1707317074
383967,,0.0,875169.9512195121
383973,0.440277636051178,,875180.6341463415
383974,,0.0,875182.4146341464
383983,0.440277636051178,,875198.4390243902
383984,,0.0,875200.2195121951
383998,0.440277636051178,,875218.8235294118
383999,,0.0,875220.3529411765
384011,0.440277636051178,,875238.7058823529
384012,,0.0,875240.2352941176
384025,0.440277636051178,,875260.1176470588
384026,,0.0,875261.6470588235
384036,0.440277636051178,,875276.9411764706
384037,,0.0,875278.4705882353
384048,0.440277636051178,,875295.7948717949
384049,,0.0,875297.7692307692
384057,0.440277636051178,,875313.5641025641
384058,,0.0,875315.5384615385
384067,0.440277636051178,,875333.3076923077
384068,,0.0,875335.282051282
384077,0.440277636051178,,875353.0512820513
384078,,0.0,875355.0256410256
384092,0.440277636051178,,875374.085106383
384093,,0.0,875375.6382978724
384105,0.440277636051178,,875394.2765957447
384106,,0.0,875395.8297872341
384117,0.440277636051178,,875412.914893617
384118,,0.0,875414.4680851063
384126,0.440277636051178,,875426.8936170213
384127,,0.0,875428.4468085107
384142,0.4402976334095001,,875470.8
384143,,2.0,875474.2
384151,0.44031763076782227,,875501.4
384152,,2.0,875504.8
384161,0.4403376281261444,,875535.4
384162,,2.0,875538.8
384173,0.44035762548446655,,875576.2
384174,,2.0,875579.6
384185,0.44035762548446655,,875597.8
384186,,0.0,875599.65
384193,0.44035762548446655,,875612.6
384194,,0.0,875614.45
384203,0.44035762548446655,,875631.1
384204,,0.0,875632.95
384215,0.44035762548446655,,875653.3
384216,,0.0,875655.15
384239,0.4403776228427887,,875706.0909090909
384240,,2.0,875708.5454545454
384249,0.44039762020111084,,875730.6363636364
384250,,2.0,875733.0909090909
384254,0.440417617559433,,875742.9090909091
384255,,2.0,875745.3636363636
384261,0.4404376149177551,,875760.0909090909
384262,,2.0,875762.5454545454
384276,0.4404476284980774,,875782.4339622641
384277,,1.0,875784.0188679246
384287,0.44045764207839966,,875799.8679245283
384288,,1.0,875801.4528301887
384302,0.4404676556587219,,875823.641509434
384303,,1.0,875825.2264150943
384316,0.4404776692390442,,875845.8301886793
384317,,1.0,875847.4150943396
384334,0.4404776692390442,,875871.7111111111
384335,,0.0,875873.3333333334
384343,0.4404776692390442,,875886.3111111111
384344,,0.0,875887.9333333333
384353,0.4404776692390442,,875902.5333333333
384354,,0.0,875904.1555555556
384363,0.4404776692390442,,875918.7555555556
384364,,0.0,875920.3777777777
384380,0.4404776692390442,,875945.1463414634
384381,,0.0,875946.9268292683
384389,0.4404776692390442,,875961.1707317074
384390,,0.0,875962.9512195121
384399,0.4404776692390442,,875978.9756097561
384400,,0.0,875980.756097561
384406,0.4404776692390442,,875991.4390243902
384407,,0.0,875993.2195121951
384421,0.4404776692390442,,876014.9047619047
384422,,0.0,876016.7142857143
384432,0.4404776692390442,,876034.8095238095
384433,,0.0,876036.619047619
384442,0.4404776692390442,,876052.9047619047
384443,,0.0,876054.7142857143
384450,0.4404776692390442,,876067.380952381
384451,,0.0,876069.1904761905
384471,0.4404776692390442,,876094.8653846154
384472,,0.0,876096.2692307692
384483,0.4404776692390442,,876111.7115384615
384484,,0.0,876113.1153846154
384496,0.4404776692390442,,876129.9615384615
384497,,0.0,876131.3653846154
384504,0.4404776692390442,,876141.1923076923
384505,,0.0,876142.5961538461
384516,0.4404776692390442,,876160.6153846154
384517,,0.0,876162.6923076923
384525,0.4404776692390442,,876179.3076923077
384526,,0.0,876181.3846153846
384536,0.4404776692390442,,876202.1538461539
384537,,0.0,876204.2307692308
384545,0.4404776692390442,,876220.8461538461
384546,,0.0,876222.9230769231
384566,0.4404776692390442,,876252.3478260869
384567,,0.0,876253.9565217391
384577,0.4404776692390442,,876270.0434782609
384578,,0.0,876271.6521739131
384586,0.4404776692390442,,876284.5217391305
384587,,0.0,876286.1304347826
384593,0.4404776692390442,,876295.7826086957
384594,,0.0,876297.3913043478
384610,0.4404776692390442,,876316.9056603773
384611,,0.0,876318.283018868
384624,0.4404776692390442,,876336.1886792453
384625,,0.0,876337.5660377359
384636,0.4404776692390442,,876352.716981132
384637,,0.0,876354.0943396227
384648,0.4404776692390442,,876369.2452830189
384649,,0.0,876370.6226415094
384662,0.4405076801776886,,876415.4782608695
384663,,3.0,876419.8260869565
384677,0.440537691116333,,876480.695652174
384678,,3.0,876485.0434782609
384685,0.4405677020549774,,876515.4782608695
384686,,3.0,876519.8260869565
384696,0.4405977129936218,,876563.304347826
384697,,3.0,876567.6521739131
384714,0.4405977129936218,,876597.6666666666
384715,,0.0,876599.5
384727,0.4405977129936218,,876621.5
384728,,0.0,876623.3333333334
384733,0.4405977129936218,,876632.5
384734,,0.0,876634.3333333334
384740,0.4405977129936218,,876645.3333333334
384741,,0.0,876647.1666666666
384756,0.44061771035194397,,876673.0
384757,,2.0,876675.0
384769,0.4406377077102661,,876699.0
384770,,2.0,876701.0
384774,0.44065770506858826,,876709.0
384775,,2.0,876711.0
384783,0.4406777024269104,,876727.0
384784,,2.0,876729.0
384805,0.4406777024269104,,876757.4489795918
384806,,0.0,876758.918367347
384813,0.4406777024269104,,876769.2040816327
384814,,0.0,876770.6734693878
384827,0.4406777024269104,,876789.775510204
384828,,0.0,876791.2448979592
384834,0.4406777024269104,,876800.0612244898
384835,,0.0,876801.5306122449
384849,0.4406777024269104,,876820.6458333334
384850,,0.0,876822.25
384860,0.4406777024269104,,876838.2916666666
384861,,0.0,876839.8958333334
384875,0.4406777024269104,,876862.3541666666
384876,,0.0,876863.9583333334
384884,0.4406777024269104,,876876.7916666666
384885,,0.0,876878.3958333334
384896,0.44068771600723267,,876895.4285714285
384897,,1.0,876897.3571428572
384907,0.44069772958755493,,876916.6428571428
384908,,1.0,876918.5714285715
384917,0.4407077431678772,,876935.9285714285
384918,,1.0,876937.8571428572
384928,0.44071775674819946,,876957.1428571428
384929,,1.0,876959.0714285715
384946,0.44071775674819946,,876982.56
384947,,0.0,876984.1
384958,0.44071775674819946,,877001.04
384959,,0.0,877002.58
384970,0.44071775674819946,,877019.52
384971,,0.0,877021.06
384980,0.44071775674819946,,877034.92
384981,,0.0,877036.46
384992,0.44072777032852173,,877057.4285714285
384993,,1.0,877059.8571428572
385003,0.440737783908844,,877084.1428571428
385004,,1.0,877086.5714285715
385012,0.44074779748916626,,877106.0
385013,,1.0,877108.4285714285
385024,0.4407578110694885,,877135.1428571428
385025,,1.0,877137.5714285715
385038,0.4407678246498108,,877159.0243902439
385039,,1.0,877160.9268292683
385048,0.44077783823013306,,877178.0487804879
385049,,1.0,877179.9512195121
385057,0.4407878518104553,,877195.1707317074
385058,,1.0,877197.0731707317
385067,0.4407978653907776,,877214.1951219512
385068,,1.0,877216.0975609756
385086,0.44080787897109985,,877243.1086956522
385087,,1.0,877244.7826086957
385097,0.4408178925514221,,877261.5217391305
385098,,1.0,877263.195652174
385107,0.4408279061317444,,877278.2608695652
385108,,1.0,877279.9347826086
385115,0.44083791971206665,,877291.6521739131
385116,,1.0,877293.3260869565
385125,0.4408479332923889,,877313.4736842106
385126,,1.0,877316.552631579
385136,0.4408579468727112,,877347.3421052631
385137,,1.0,877350.4210526316
385146,0.44086796045303345,,877378.1315789474
385147,,1.0,877381.2105263158
385155,0.4408779740333557,,877405.8421052631
385156,,1.0,877408.9210526316
385165,0.440887987613678,,877426.625
385166,,1.0,877429.0625
385174,0.44089800119400024,,877448.5625
385175,,1.0,877451.0
385179,0.4409080147743225,,877460.75
385180,,1.0,877463.1875
385189,0.4409180283546448,,877485.125
385190,,1.0,877487.5625
385206,0.44092804193496704,,877522.2045454546
385207,,1.0,877524.6818181818
385217,0.4409380555152893,,877549.4545454546
385218,,1.0,877551.9318181818
385225,0.4409480690956116,,877569.2727272727
385226,,1.0,877571.75
385235,0.44095808267593384,,877594.0454545454
385236,,1.0,877596.5227272727
385253,0.44095808267593384,,877620.7446808511
385254,,0.0,877622.2978723404
385264,0.44095808267593384,,877637.8297872341
385265,,0.0,877639.3829787234
385273,0.44095808267593384,,877651.8085106383
385274,,0.0,877653.3617021276
385284,0.44095808267593384,,877668.8936170213
385285,,0.0,877670.4468085107
385297,0.44095808267593384,,877689.2894736842
385298,,0.0,877691.2105263158
385307,0.44095808267593384,,877708.5
385308,,0.0,877710.4210526316
385315,0.44095808267593384,,877723.8684210526
385316,,0.0,877725.7894736842
385324,0.44095808267593384,,877741.1578947369
385325,,0.0,877743.0789473684
385337,0.44095808267593384,,877762.325
385338,,0.0,877764.25
385346,0.44095808267593384,,877779.65
385347,,0.0,877781.575
385355,0.44095808267593384,,877796.975
385356,,0.0,877798.9
385366,0.44095808267593384,,877818.15
385367,,0.0,877820.075
385385,0.44095808267593384,,877843.4705882353
385386,,0.0,877844.9019607843
385399,0.44095808267593384,,877863.5098039216
385400,,0.0,877864.9411764706
385407,0.44095808267593384,,877874.9607843137
385408,,0.0,877876.3921568628
385419,0.44095808267593384,,877892.1372549019
385420,,0.0,877893.568627451
385431,0.4409680962562561,,877909.7272727273
385432,,1.0,877911.5681818182
385444,0.44097810983657837,,877933.6590909091
385445,,1.0,877935.5
385453,0.44098812341690063,,877950.2272727273
385454,,1.0,877952.0681818182
385465,0.4409981369972229,,877972.3181818182
385466,,1.0,877974.1590909091
385480,0.4409981369972229,,877993.8444444444
385481,,0.0,877995.4666666667
385494,0.4409981369972229,,878016.5555555555
385495,,0.0,878018.1777777778
385506,0.4409981369972229,,878036.0222222222
385507,,0.0,878037.6444444444
385512,0.4409981369972229,,878045.7555555556
385513,,0.0,878047.3777777777
385530,0.44101813435554504,,878073.4255319149
385531,,2.0,878075.1702127659
385541,0.4410381317138672,,878092.6170212766
385542,,2.0,878094.3617021276
385549,0.44105812907218933,,878106.5744680851
385550,,2.0,878108.3191489362
385561,0.4410781264305115,,878127.5106382979
385562,,2.0,878129.2553191489
385577,0.4410781264305115,,878148.4117647059
385578,,0.0,878149.8627450981
385590,0.4410781264305115,,878167.274509804
385591,,0.0,878168.725490196
385604,0.4410781264305115,,878187.5882352941
385605,,0.0,878189.0392156863
385614,0.4410781264305115,,878202.0980392157
385615,,0.0,878203.5490196078
385633,0.44108814001083374,,878241.3
385634,,1.0,878243.72
385641,0.441098153591156,,878260.66
385642,,1.0,878263.08
385656,0.44110816717147827,,878296.96
385657,,1.0,878299.38
385666,0.44111818075180054,,878321.16
385667,,1.0,878323.58
385678,0.44111818075180054,,878340.8
385679,,0.0,878342.65
385691,0.44111818075180054,,878364.85
385692,,0.0,878366.7
385701,0.44111818075180054,,878383.35
385702,,0.0,878385.2
385708,0.44111818075180054,,878396.3
385709,,0.0,878398.15
385722,0.44111818075180054,,878418.25
385723,,0.0,878420.075
385732,0.44111818075180054,,878436.5
385733,,0.0,878438.325
385740,0.44111818075180054,,878451.1
385741,,0.0,878452.925
385750,0.44111818075180054,,878469.35
385751,,0.0,878471.175
385765,0.4411281943321228,,878492.9047619047
385766,,1.0,878494.7142857143
385773,0.44113820791244507,,878507.380952381
385774,,1.0,878509.1904761905
385782,0.44114822149276733,,878523.6666666666
385783,,1.0,878525.4761904762
385794,0.4411582350730896,,878545.380952381
385795,,1.0,878547.1904761905
385810,0.4411582350730896,,878568.1020408163
385811,,0.0,878569.693877551
385822,0.4411582350730896,,878587.2040816327
385823,,0.0,878588.7959183673
385833,0.4411582350730896,,878604.7142857143
385834,,0.0,878606.306122449
385845,0.4411582350730896,,878623.8163265307
385846,,0.0,878625.4081632653
385865,0.44117823243141174,,878652.8461538461
385866,,2.0,878654.4615384615
385875,0.4411982297897339,,878669.0
385876,,2.0,878670.6153846154
385887,0.44121822714805603,,878688.3846153846
385888,,2.0,878690.0
385899,0.4412382245063782,,878707.7692307692
385900,,2.0,878709.3846153846
385922,0.4412382245063782,,878736.8113207547
385923,,0.0,878738.1698113207
385933,0.4412382245063782,,878751.7547169811
385934,,0.0,878753.1132075472
385944,0.4412382245063782,,878766.6981132076
385945,,0.0,878768.0566037736
385954,0.4412382245063782,,878780.283018868
385955,,0.0,878781.641509434
385970,0.44124823808670044,,878804.2727272727
385971,,1.0,878806.0454545454
385978,0.4412582516670227,,878818.4545454546
385979,,1.0,878820.2272727273
385987,0.44126826524734497,,878834.4090909091
385988,,1.0,878836.1818181818
386000,0.44127827882766724,,878857.4545454546
386001,,1.0,878859.2272727273
386011,0.4412882924079895,,878875.5675675676
386012,,1.0,878877.6486486486
386022,0.44129830598831177,,878898.4594594594
386023,,1.0,878900.5405405406
386031,0.44130831956863403,,878917.1891891892
386032,,1.0,878919.2702702703
386039,0.4413183331489563,,878933.8378378379
386040,,1.0,878935.9189189189
386052,0.4413183331489563,,878956.2368421053
386053,,0.0,878958.2631578947
386062,0.4413183331489563,,878976.5
386063,,0.0,878978.5263157894
386070,0.4413183331489563,,878992.7105263158
386071,,0.0,878994.7368421053
386079,0.4413183331489563,,879010.947368421
386080,,0.0,879012.9736842106
386095,0.4413183331489563,,879036.3658536585
386096,,0.0,879038.1463414634
386105,0.4413183331489563,,879054.1707317074
386106,,0.0,879055.9512195121
386114,0.4413183331489563,,879070.1951219512
386115,,0.0,879071.9756097561
386122,0.4413183331489563,,879084.4390243902
386123,,0.0,879086.2195121951
386138,0.4413183331489563,,879110.8571428572
386139,,0.0,879112.7619047619
386150,0.4413183331489563,,879133.7142857143
386151,,0.0,879135.619047619
386158,0.4413183331489563,,879148.9523809524
386159,,0.0,879150.8571428572
386166,0.4413183331489563,,879164.1904761905
386167,,0.0,879166.0952380953
386183,0.4413183331489563,,879189.088888889
386184,,0.0,879190.7111111111
386191,0.4413183331489563,,879202.0666666667
386192,,0.0,879203.6888888889
386205,0.4413183331489563,,879224.7777777778
386206,,0.0,879226.4
386213,0.4413183331489563,,879237.7555555556
386214,,0.0,879239.3777777777
386235,0.4413183331489563,,879264.8965517242
386236,,0.0,879266.224137931
386248,0.4413183331489563,,879282.1551724138
386249,,0.0,879283.4827586206
386259,0.4413183331489563,,879296.7586206896
386260,,0.0,879298.0862068966
386273,0.4413183331489563,,879315.3448275862
386274,,0.0,879316.6724137932
386290,0.4413183331489563,,879340.6808510638
386291,,0.0,879342.4255319149
386305,0.4413183331489563,,879366.8510638297
386306,,0.0,879368.5957446808
386312,0.4413183331489563,,879379.0638297872
386313,,0.0,879380.8085106383
386322,0.4413183331489563,,879396.5106382979
386323,,0.0,879398.2553191489
386336,0.4413183331489563,,879420.8108108108
386337,,0.0,879422.8918918918
386344,0.4413183331489563,,879437.4594594594
386345,,0.0,879439.5405405406
386351,0.4413183331489563,,879452.027027027
386352,,0.0,879454.1081081082
386361,0.4413183331489563,,879472.8378378379
386362,,0.0,879474.9189189189
386380,0.44132834672927856,,879505.0555555555
386381,,1.0,879506.925925926
386392,0.44133836030960083,,879527.5
386393,,1.0,879529.3703703703
386404,0.4413483738899231,,879549.9444444445
386405,,1.0,879551.8148148148
386417,0.44135838747024536,,879574.2592592592
386418,,1.0,879576.1296296297
386434,0.44135838747024536,,879600.3260869565
386435,,0.0,879602.0434782609
386443,0.44135838747024536,,879615.7826086957
386444,,0.0,879617.5
386455,0.44135838747024536,,879636.3913043478
386456,,0.0,879638.1086956522
386465,0.44135838747024536,,879653.5652173914
386466,,0.0,879655.2826086957
386478,0.44135838747024536,,879673.1162790698
386479,,0.0,879674.9069767442
386486,0.44135838747024536,,879687.4418604651
386487,,0.0,879689.2325581395
386500,0.44135838747024536,,879712.5116279069
386501,,0.0,879714.3023255814
386510,0.44135838747024536,,879730.4186046511
386511,,0.0,879732.2093023256
386526,0.44135838747024536,,879757.1818181818
386527,,0.0,879759.1136363636
386538,0.44135838747024536,,879780.3636363636
386539,,0.0,879782.2954545454
386546,0.44135838747024536,,879795.8181818182
386547,,0.0,879797.75
386556,0.44135838747024536,,879815.1363636364
386557,,0.0,879817.0681818182
386574,0.4413783848285675,,879864.5813953489
386575,,2.0,879867.8372093023
386583,0.44139838218688965,,879893.8837209302
386584,,2.0,879897.1395348837
386593,0.4414183795452118,,879926.4418604651
386594,,2.0,879929.6976744186
386601,0.44143837690353394,,879952.4883720931
386602,,2.0,879955.7441860465
386614,0.44143837690353394,,879975.0434782609
386615,,0.0,879976.8260869565
386624,0.44143837690353394,,879992.8695652174
386625,,0.0,879994.6521739131
386638,0.44143837690353394,,880017.8260869565
386639,,0.0,880019.6086956522
386649,0.44143837690353394,,880037.4347826086
386650,,0.0,880039.2173913043
386662,0.4414483904838562,,880058.3863636364
386663,,1.0,880060.3181818182
386675,0.44145840406417847,,880083.5
386676,,1.0,880085.4318181818
386684,0.44146841764450073,,880100.8863636364
386685,,1.0,880102.8181818182
386695,0.441478431224823,,880122.1363636364
386696,,1.0,880124.0681818182
386708,0.441478431224823,,880142.0243902439
386709,,0.0,880143.8048780488
386717,0.441478431224823,,880158.0487804879
386718,,0.0,880159.8292682926
386727,0.441478431224823,,880175.8536585366
386728,,0.0,880177.6341463415
386738,0.441478431224823,,880195.4390243902
386739,,0.0,880197.2195121951
386757,0.441478431224823,,880224.1162790698
386758,,0.0,880225.7906976744
386764,0.441478431224823,,880235.8372093023
386765,,0.0,880237.5116279069
386773,0.441478431224823,,880250.9069767442
386774,,0.0,880252.5813953489
386783,0.441478431224823,,880267.6511627907
386784,,0.0,880269.3255813953
386796,0.441478431224823,,880290.9090909091
386797,,0.0,880293.1212121212
386804,0.441478431224823,,880308.6060606061
386805,,0.0,880310.8181818182
386810,0.441478431224823,,880321.8787878788
386811,,0.0,880324.0909090909
386818,0.441478431224823,,880339.5757575758
386819,,0.0,880341.7878787878
386829,0.441478431224823,,880358.5675675676
386830,,0.0,880360.6486486486
386838,0.441478431224823,,880377.2972972973
386839,,0.0,880379.3783783783
386850,0.441478431224823,,880402.2702702703
386851,,0.0,880404.3513513514
386857,0.441478431224823,,880416.8378378379
386858,,0.0,880418.9189189189
386869,0.441478431224823,,880434.2727272727
386870,,0.0,880435.9318181818
386882,0.441478431224823,,880455.8409090909
386883,,0.0,880457.5
386890,0.441478431224823,,880469.1136363636
386891,,0.0,880470.7727272727
386903,0.441478431224823,,880490.6818181818
386904,,0.0,880492.3409090909
386922,0.441478431224823,,880516.8125
386923,,0.0,880518.3333333334
386932,0.441478431224823,,880532.0208333334
386933,,0.0,880533.5416666666
386946,0.441478431224823,,880553.3125
386947,,0.0,880554.8333333334
386953,0.441478431224823,,880563.9583333334
386954,,0.0,880565.4791666666
386971,0.441478431224823,,880587.0392156863
386972,,0.0,880588.4705882353
386983,0.441478431224823,,880604.2156862745
386984,,0.0,880605.6470588235
386995,0.441478431224823,,880621.3921568628
386996,,0.0,880622.8235294118
387006,0.441478431224823,,880637.1372549019
387007,,0.0,880638.568627451
387019,0.44148844480514526,,880667.0
387020,,1.0,880670.0
387031,0.44149845838546753,,880703.0
387032,,1.0,880706.0
387036,0.4415084719657898,,880718.0
387037,,1.0,880721.0
387049,0.44151848554611206,,880757.0
387050,,1.0,880760.0
387066,0.4415384829044342,,880787.4081632653
387067,,2.0,880789.2857142857
387077,0.44155848026275635,,880808.0612244898
387078,,2.0,880809.9387755102
387090,0.4415784776210785,,880832.4693877551
387091,,2.0,880834.3469387755
387100,0.44159847497940063,,880851.2448979592
387101,,2.0,880853.1224489796
387117,0.44159847497940063,,880877.0697674418
387118,,0.0,880878.7674418605
387125,0.44159847497940063,,880890.6511627907
387126,,0.0,880892.3488372093
387134,0.44159847497940063,,880905.9302325582
387135,,0.0,880907.6279069767
387145,0.44159847497940063,,880924.6046511628
387146,,0.0,880926.3023255814
387159,0.44159847497940063,,880943.2083333334
387160,,0.0,880944.7291666666
387171,0.44159847497940063,,880961.4583333334
387172,,0.0,880962.9791666666
387183,0.44159847497940063,,880979.7083333334
387184,,0.0,880981.2291666666
387195,0.44159847497940063,,880997.9583333334
387196,,0.0,880999.4791666666
387210,0.44159847497940063,,881021.35
387211,,0.0,881023.2
387214,0.44159847497940063,,881028.75
387215,,0.0,881030.6
387227,0.44159847497940063,,881052.8
387228,,0.0,881054.65
387237,0.44159847497940063,,881071.3
387238,,0.0,881073.15
387254,0.44159847497940063,,881093.98
387255,,0.0,881095.44
387267,0.44159847497940063,,881112.96
387268,,0.0,881114.42
387277,0.44159847497940063,,881127.56
387278,,0.0,881129.02
387289,0.44159847497940063,,881145.08
387290,,0.0,881146.54
387311,0.44159847497940063,,881173.2692307692
387312,,0.0,881174.6730769231
387321,0.44159847497940063,,881187.3076923077
387322,,0.0,881188.7115384615
387333,0.44159847497940063,,881204.1538461539
387334,,0.0,881205.5576923077
387343,0.44159847497940063,,881218.1923076923
387344,,0.0,881219.5961538461
387359,0.4416084885597229,,881244.2173913043
387360,,1.0,881246.1521739131
387372,0.44161850214004517,,881269.3695652174
387373,,1.0,881271.304347826
387381,0.44162851572036743,,881286.7826086957
387382,,1.0,881288.7173913043
387391,0.4416385293006897,,881306.1304347826
387392,,1.0,881308.0652173914
387407,0.4416385293006897,,881330.8571428572
387408,,0.0,881332.5952380953
387415,0.4416385293006897,,881344.7619047619
387416,,0.0,881346.5
387427,0.4416385293006897,,881365.619047619
387428,,0.0,881367.3571428572
387435,0.4416385293006897,,881379.5238095238
387436,,0.0,881381.2619047619
387446,0.44164854288101196,,881400.0
387447,,1.0,881402.4285714285
387453,0.44165855646133423,,881417.0
387454,,1.0,881419.4285714285
387462,0.4416685700416565,,881438.8571428572
387463,,1.0,881441.2857142857
387472,0.44167858362197876,,881463.1428571428
387473,,1.0,881465.5714285715
387485,0.44167858362197876,,881484.5
387486,,0.0,881486.3333333334
387495,0.44167858362197876,,881502.8333333334
387496,,0.0,881504.6666666666
387505,0.44167858362197876,,881521.1666666666
387506,,0.0,881523.0
387516,0.44167858362197876,,881541.3333333334
387517,,0.0,881543.1666666666
387533,0.44167858362197876,,881566.9555555555
387534,,0.0,881568.6444444444
387543,0.44167858362197876,,881583.8444444444
387544,,0.0,881585.5333333333
387551,0.44167858362197876,,881597.3555555556
387552,,0.0,881599.0444444445
387563,0.44167858362197876,,881617.6222222223
387564,,0.0,881619.3111111111
387580,0.44167858362197876,,881641.1914893617
387581,,0.0,881642.7446808511
387590,0.44167858362197876,,881656.7234042553
387591,,0.0,881658.2765957447
387605,0.44167858362197876,,881680.0212765958
387606,,0.0,881681.5744680851
387612,0.44167858362197876,,881690.8936170213
387613,,0.0,881692.4468085107
387630,0.44167858362197876,,881716.7111111111
387631,,0.0,881718.3333333334
387635,0.44167858362197876,,881724.8222222222
387636,,0.0,881726.4444444445
387646,0.44167858362197876,,881742.6666666666
387647,,0.0,881744.2888888889
387659,0.44167858362197876,,881763.7555555556
387660,,0.0,881765.3777777777
387675,0.44167858362197876,,881789.5365853659
387676,,0.0,881791.4146341464
387684,0.44167858362197876,,881806.4390243902
387685,,0.0,881808.3170731707
387695,0.44167858362197876,,881827.0975609756
387696,,0.0,881828.9756097561
387702,0.44167858362197876,,881840.243902439
387703,,0.0,881842.1219512195
387718,0.44167858362197876,,881863.4666666667
387719,,0.0,881865.088888889
387728,0.44167858362197876,,881879.6888888889
387729,,0.0,881881.3111111111
387739,0.44167858362197876,,881897.5333333333
387740,,0.0,881899.1555555556
387749,0.44167858362197876,,881913.7555555556
387750,,0.0,881915.3777777777
387760,0.4416985809803009,,881943.2972972973
387761,,2.0,881947.0540540541
387767,0.44171857833862305,,881969.5945945946
387768,,2.0,881973.3513513514
387777,0.4417385756969452,,882007.1621621621
387778,,2.0,882010.9189189189
387788,0.44175857305526733,,882048.4864864865
387789,,2.0,882052.2432432432
387813,0.44175857305526733,,882090.4042553192
387814,,0.0,882092.0425531915
387822,0.44175857305526733,,882105.1489361703
387823,,0.0,882106.7872340425
387831,0.44175857305526733,,882119.8936170213
387832,,0.0,882121.5319148937
387837,0.44175857305526733,,882129.7234042553
387838,,0.0,882131.3617021276
387854,0.44175857305526733,,882156.2790697674
387855,,0.0,882158.0697674418
387862,0.44175857305526733,,882170.6046511628
387863,,0.0,882172.3953488372
387874,0.44175857305526733,,882192.0930232558
387875,,0.0,882193.8837209302
387882,0.44175857305526733,,882206.4186046511
387883,,0.0,882208.2093023256
387895,0.4417685866355896,,882227.7692307692
387896,,1.0,882229.7435897436
387904,0.44177860021591187,,882245.5384615385
387905,,1.0,882247.5128205129
387914,0.44178861379623413,,882265.282051282
387915,,1.0,882267.2564102564
387923,0.4417986273765564,,882283.0512820513
387924,,1.0,882285.0256410256
387939,0.4418286383152008,,882341.5454545454
387940,,3.0,882346.0909090909
387947,0.4418586492538452,,882377.9090909091
387948,,3.0,882382.4545454546
387957,0.4418886601924896,,882423.3636363636
387958,,3.0,882427.9090909091
387969,0.44191867113113403,,882477.9090909091
387970,,3.0,882482.4545454546
387986,0.44191867113113403,,882508.7608695652
387987,,0.0,882510.4347826086
387995,0.44191867113113403,,882523.8260869565
387996,,0.0,882525.5
388007,0.44191867113113403,,882543.9130434783
388008,,0.0,882545.5869565217
388017,0.44191867113113403,,882560.6521739131
388018,,0.0,882562.3260869565
388032,0.4419286847114563,,882584.1666666666
388033,,1.0,882586.0
388043,0.44193869829177856,,882604.3333333334
388044,,1.0,882606.1666666666
388050,0.44194871187210083,,882617.1666666666
388051,,1.0,882619.0
388061,0.4419587254524231,,882637.3333333334
388062,,1.0,882639.1666666666
388074,0.4419587254524231,,882658.7692307692
388075,,0.0,882660.7435897436
388081,0.4419587254524231,,882672.5897435897
388082,,0.0,882674.5641025641
388090,0.4419587254524231,,882690.358974359
388091,,0.0,882692.3333333334
388102,0.4419587254524231,,882714.0512820513
388103,,0.0,882716.0256410256
388118,0.4419587254524231,,882738.2666666667
388119,,0.0,882739.9555555555
388125,0.4419587254524231,,882750.088888889
388126,,0.0,882751.7777777778
388137,0.4419587254524231,,882770.3555555556
388138,,0.0,882772.0444444445
388149,0.4419587254524231,,882790.6222222223
388150,,0.0,882792.3111111111
388167,0.4419587254524231,,882818.5
388168,,0.0,882820.25
388174,0.4419587254524231,,882830.75
388175,,0.0,882832.5
388185,0.4419587254524231,,882850.0
388186,,0.0,882851.75
388195,0.4419587254524231,,882867.5
388196,,0.0,882869.25
388208,0.44196873903274536,,882891.7391304348
388209,,1.0,882894.0434782609
388221,0.4419787526130676,,882921.695652174
388222,,1.0,882924.0
388235,0.4419887661933899,,882953.9565217391
388236,,1.0,882956.2608695652
388243,0.44199877977371216,,882972.3913043478
388244,,1.0,882974.695652174
388260,0.44202879071235657,,883018.3636363636
388261,,3.0,883021.5454545454
388270,0.442058801651001,,883050.1818181818
388271,,3.0,883053.3636363636
388283,0.4420888125896454,,883091.5454545454
388284,,3.0,883094.7272727273
388289,0.4421188235282898,,883110.6363636364
388290,,3.0,883113.8181818182
388304,0.4421488344669342,,883176.4594594594
388305,,3.0,883181.8648648649
388311,0.4421788454055786,,883214.2972972973
388312,,3.0,883219.7027027027
388318,0.442208856344223,,883252.1351351351
388319,,3.0,883257.5405405406
388328,0.44223886728286743,,883306.1891891892
388329,,3.0,883311.5945945946
388342,0.44223886728286743,,883337.8108108108
388343,,0.0,883339.8918918918
388353,0.44223886728286743,,883360.7027027027
388354,,0.0,883362.7837837838
388359,0.44223886728286743,,883373.1891891892
388360,,0.0,883375.2702702703
388367,0.44223886728286743,,883389.8378378379
388368,,0.0,883391.9189189189
388380,0.44223886728286743,,883411.7692307692
388381,,0.0,883413.7435897436
388388,0.44223886728286743,,883427.5641025641
388389,,0.0,883429.5384615385
388399,0.44223886728286743,,883449.282051282
388400,,0.0,883451.2564102564
388408,0.44223886728286743,,883467.0512820513
388409,,0.0,883469.0256410256
388423,0.44226887822151184,,883493.268292683
388424,,3.0,883495.2926829269
388433,0.44229888916015625,,883513.512195122
388434,,3.0,883515.5365853659
388444,0.44232890009880066,,883535.7804878049
388445,,3.0,883537.8048780488
388451,0.44235891103744507,,883549.9512195121
388452,,3.0,883551.9756097561
388469,0.44236892461776733,,883587.5416666666
388470,,1.0,883589.9375
388478,0.4423789381980896,,883609.1041666666
388479,,1.0,883611.5
388488,0.44238895177841187,,883633.0625
388489,,1.0,883635.4583333334
388501,0.44239896535873413,,883664.2083333334
388502,,1.0,883666.6041666666
388517,0.4424089789390564,,883689.9411764706
388518,,1.0,883691.6862745098
388528,0.44241899251937866,,883709.1372549019
388529,,1.0,883710.8823529412
388545,0.4424290060997009,,883738.8039215687
388546,,1.0,883740.5490196078
388554,0.4424390196800232,,883754.5098039216
388555,,1.0,883756.2549019608
388572,0.44244903326034546,,883787.9310344828
388573,,1.0,883790.0689655172
388588,0.4424590468406677,,883822.1379310344
388589,,1.0,883824.275862069
388603,0.44246906042099,,883854.2068965518
388604,,1.0,883856.3448275862
388614,0.44247907400131226,,883877.724137931
388615,,1.0,883879.8620689656
388631,0.44247907400131226,,883905.2790697674
388632,,0.0,883907.0697674418
388640,0.44247907400131226,,883921.3953488372
388641,,0.0,883923.1860465116
388648,0.44247907400131226,,883935.7209302326
388649,,0.0,883937.5116279069
388659,0.44247907400131226,,883955.4186046511
388660,,0.0,883957.2093023256
388677,0.4424890875816345,,883983.1276595745
388678,,1.0,883984.8510638297
388686,0.4424991011619568,,883998.6382978724
388687,,1.0,884000.3617021276
388694,0.44250911474227905,,884012.4255319149
388695,,1.0,884014.1489361703
388708,0.4425191283226013,,884036.5531914893
388709,,1.0,884038.2765957447
388722,0.4425191283226013,,884055.8695652174
388723,,0.0,884057.4565217391
388730,0.4425191283226013,,884068.5652173914
388731,,0.0,884070.1521739131
388739,0.4425191283226013,,884082.8478260869
388740,,0.0,884084.4347826086
388756,0.4425191283226013,,884109.8260869565
388757,,0.0,884111.4130434783
388770,0.4425491392612457,,884154.6666666666
388771,,3.0,884158.8333333334
388781,0.44257915019989014,,884200.5
388782,,3.0,884204.6666666666
388790,0.44260916113853455,,884238.0
388791,,3.0,884242.1666666666
388806,0.44263917207717896,,884304.6666666666
388807,,3.0,884308.8333333334
388820,0.44263917207717896,,884332.7297297297
388821,,0.0,884334.7027027027
388828,0.44263917207717896,,884348.5135135135
388829,,0.0,884350.4864864865
388838,0.44263917207717896,,884368.2432432432
388839,,0.0,884370.2162162162
388845,0.44263917207717896,,884382.0540540541
388846,,0.0,884384.027027027
388856,0.44263917207717896,,884401.96875
388857,,0.0,884404.25
388867,0.44263917207717896,,884427.0625
388868,,0.0,884429.34375
388873,0.44263917207717896,,884440.75
388874,,0.0,884443.03125
388879,0.44263917207717896,,884454.4375
388880,,0.0,884456.71875
388896,0.44263917207717896,,884483.4146341464
388897,,0.0,884485.2926829269
388905,0.44263917207717896,,884500.3170731707
388906,,0.0,884502.1951219512
388912,0.44263917207717896,,884513.4634146341
388913,,0.0,884515.3414634146
388922,0.44263917207717896,,884532.243902439
388923,,0.0,884534.1219512195
388939,0.4426491856575012,,884572.8775510204
388940,,1.0,884575.7142857143
388948,0.4426591992378235,,884598.4081632653
388949,,1.0,884601.2448979592
388960,0.44266921281814575,,884632.4489795918
388961,,1.0,884635.2857142857
388973,0.442679226398468,,884669.3265306122
388974,,1.0,884672.1632653062
388984,0.442679226398468,,884689.175
388985,,0.0,884691.2
388995,0.442679226398468,,884711.45
388996,,0.0,884713.475
389006,0.442679226398468,,884733.725
389007,,0.0,884735.75
389015,0.442679226398468,,884751.95
389016,,0.0,884753.975
389033,0.4426892399787903,,884782.4444444445
389034,,1.0,884784.3333333334
389044,0.44269925355911255,,884803.2222222222
389045,,1.0,884805.1111111111
389052,0.4427092671394348,,884818.3333333334
389053,,1.0,884820.2222222222
389062,0.4427192807197571,,884837.2222222222
389063,,1.0,884839.1111111111
389078,0.4427192807197571,,884868.0
389079,,0.0,884870.25
389083,0.4427192807197571,,884879.25
389084,,0.0,884881.5
389091,0.4427192807197571,,884897.25
389092,,0.0,884899.5
389100,0.4427192807197571,,884917.5
389101,,0.0,884919.75
389116,0.4427392780780792,,884979.0
389117,,2.0,884983.75
389122,0.44275927543640137,,885007.5
389123,,2.0,885012.25
389130,0.4427792727947235,,885045.5
389131,,2.0,885050.25
389138,0.44279927015304565,,885083.5
389139,,2.0,885088.25
389155,0.44279927015304565,,885112.7708333334
389156,,0.0,885114.2916666666
389168,0.44279927015304565,,885132.5416666666
389169,,0.0,885134.0625
389178,0.44279927015304565,,885147.75
389179,,0.0,885149.2708333334
389188,0.44279927015304565,,885162.9583333334
389189,,0.0,885164.4791666666
389208,0.44279927015304565,,885194.0
389209,,0.0,885195.75
389221,0.44279927015304565,,885216.75
389222,,0.0,885218.5
389229,0.44279927015304565,,885230.75
389230,,0.0,885232.5
389238,0.44279927015304565,,885246.5
389239,,0.0,885248.25
389248,0.44279927015304565,,885261.4666666667
389249,,0.0,885263.3777777777
389258,0.44279927015304565,,885280.5777777778
389259,,0.0,885282.4888888889
389275,0.44279927015304565,,885313.0666666667
389276,,0.0,885314.9777777778
389285,0.44279927015304565,,885332.1777777778
389286,,0.0,885334.088888889
389299,0.44279927015304565,,885354.4090909091
389300,,0.0,885356.25
389309,0.44279927015304565,,885372.8181818182
389310,,0.0,885374.6590909091
389321,0.44279927015304565,,885394.9090909091
389322,,0.0,885396.75
389331,0.44279927015304565,,885413.3181818182
389332,,0.0,885415.1590909091
389348,0.44279927015304565,,885442.0714285715
389349,,0.0,885444.0
389358,0.44279927015304565,,885461.3571428572
389359,,0.0,885463.2857142857
389369,0.44279927015304565,,885482.5714285715
389370,,0.0,885484.5
389375,0.44279927015304565,,885494.1428571428
389376,,0.0,885496.0714285715
389388,0.44279927015304565,,885516.2368421053
389389,,0.0,885518.2631578947
389400,0.44279927015304565,,885540.552631579
389401,,0.0,885542.5789473684
389407,0.44279927015304565,,885554.7368421053
389408,,0.0,885556.7631578947
389415,0.44279927015304565,,885570.947368421
389416,,0.0,885572.9736842106
389426,0.44279927015304565,,885587.775
389427,,0.0,885589.6
389436,0.44279927015304565,,885606.025
389437,,0.0,885607.85
389449,0.44279927015304565,,885629.75
389450,,0.0,885631.575
389457,0.44279927015304565,,885644.35
389458,,0.0,885646.175
389477,0.44279927015304565,,885673.6666666666
389478,,0.0,885675.2708333334
389488,0.44279927015304565,,885691.3125
389489,,0.0,885692.9166666666
389496,0.44279927015304565,,885704.1458333334
389497,,0.0,885705.75
389507,0.44279927015304565,,885721.7916666666
389508,,0.0,885723.3958333334
389522,0.44279927015304565,,885744.25
389523,,0.0,885746.0
389532,0.44279927015304565,,885761.75
389533,,0.0,885763.5
389544,0.44279927015304565,,885782.75
389545,,0.0,885784.5
389553,0.44279927015304565,,885798.5
389554,,0.0,885800.25
389573,0.44279927015304565,,885825.8367346938
389574,,0.0,885827.3265306122
389582,0.44279927015304565,,885839.2448979592
389583,,0.0,885840.7346938775
389595,0.44279927015304565,,885858.612244898
389596,,0.0,885860.1020408163
389604,0.44279927015304565,,885872.0204081633
389605,,0.0,885873.5102040817
389619,0.44279927015304565,,885894.25
389620,,0.0,885896.0
389630,0.44279927015304565,,885913.5
389631,,0.0,885915.25
389640,0.44279927015304565,,885931.0
389641,,0.0,885932.75
389650,0.44279927015304565,,885948.5
389651,,0.0,885950.25
389660,0.44279927015304565,,885964.8823529412
389661,,0.0,885967.0294117647
389667,0.44279927015304565,,885979.9117647059
389668,,0.0,885982.0588235294
389674,0.44279927015304565,,885994.9411764706
389675,,0.0,885997.0882352941
389686,0.44279927015304565,,886020.7058823529
389687,,0.0,886022.8529411765
389699,0.44279927015304565,,886039.6
389700,,0.0,886041.2222222222
389708,0.44279927015304565,,886054.2
389709,,0.0,886055.8222222222
389725,0.44279927015304565,,886081.7777777778
389726,,0.0,886083.4
389733,0.44279927015304565,,886094.7555555556
389734,,0.0,886096.3777777777
389755,0.44279927015304565,,886125.75
389756,,0.0,886127.2916666666
389766,0.44279927015304565,,886142.7083333334
389767,,0.0,886144.25
389777,0.44279927015304565,,886159.6666666666
389778,,0.0,886161.2083333334
389783,0.44279927015304565,,886168.9166666666
389784,,0.0,886170.4583333334
389796,0.4428092837333679,,886193.4772727273
389797,,1.0,886195.8636363636
389810,0.4428192973136902,,886226.8863636364
389811,,1.0,886229.2727272727
389819,0.44282931089401245,,886248.3636363636
389820,,1.0,886250.75
389829,0.4428393244743347,,886272.2272727273
389830,,1.0,886274.6136363636
389842,0.4428393244743347,,886295.0
389843,,0.0,886297.0
389854,0.4428393244743347,,886319.0
389855,,0.0,886321.0
389863,0.4428393244743347,,886337.0
389864,,0.0,886339.0
389869,0.4428393244743347,,886349.0
389870,,0.0,886351.0
389884,0.4428393244743347,,886372.25
389885,,0.0,886374.0
389894,0.4428393244743347,,886389.75
389895,,0.0,886391.5
389905,0.4428393244743347,,886409.0
389906,,0.0,886410.75
389915,0.4428393244743347,,886426.5
389916,,0.0,886428.25
389927,0.4428393244743347,,886446.0
389928,,0.0,886448.0
389937,0.4428393244743347,,886466.0
389938,,0.0,886468.0
389946,0.4428393244743347,,886484.0
389947,,0.0,886486.0
389956,0.4428393244743347,,886504.0
389957,,0.0,886506.0
389973,0.4428393244743347,,886528.8541666666
389974,,0.0,886530.4583333334
389981,0.4428393244743347,,886541.6875
389982,,0.0,886543.2916666666
389995,0.4428393244743347,,886564.1458333334
389996,,0.0,886565.75
390006,0.4428393244743347,,886581.7916666666
390007,,0.0,886583.3958333334
390019,0.4428393244743347,,886601.3255813953
390020,,0.0,886603.1395348837
390033,0.4428393244743347,,886626.7209302326
390034,,0.0,886628.5348837209
390041,0.4428393244743347,,886641.2325581395
390042,,0.0,886643.0465116279
390051,0.4428393244743347,,886659.3720930233
390052,,0.0,886661.1860465116
390065,0.4428393244743347,,886680.9069767442
390066,,0.0,886682.6976744186
390072,0.4428393244743347,,886693.4418604651
390073,,0.0,886695.2325581395
390082,0.4428393244743347,,886711.3488372093
390083,,0.0,886713.1395348837
390096,0.4428393244743347,,886736.4186046511
390097,,0.0,886738.2093023256
390110,0.4428393244743347,,886756.0416666666
390111,,0.0,886757.6458333334
390123,0.4428393244743347,,886776.8958333334
390124,,0.0,886778.5
390133,0.4428393244743347,,886792.9375
390134,,0.0,886794.5416666666
390146,0.4428393244743347,,886813.7916666666
390147,,0.0,886815.3958333334
390158,0.4428393244743347,,886832.7948717949
390159,,0.0,886834.7692307692
390167,0.4428393244743347,,886850.5641025641
390168,,0.0,886852.5384615385
390177,0.4428393244743347,,886870.3076923077
390178,,0.0,886872.282051282
390187,0.4428393244743347,,886890.0512820513
390188,,0.0,886892.0256410256
390208,0.4428393244743347,,886918.5555555555
390209,,0.0,886920.0
390220,0.4428393244743347,,886935.8888888889
390221,,0.0,886937.3333333334
390232,0.4428393244743347,,886953.2222222222
390233,,0.0,886954.6666666666
390243,0.4428393244743347,,886969.1111111111
390244,,0.0,886970.5555555555
390260,0.4428393244743347,,886992.1914893617
390261,,0.0,886993.7446808511
390270,0.4428393244743347,,887007.7234042553
390271,,0.0,887009.2765957447
390281,0.4428393244743347,,887024.8085106383
390282,,0.0,887026.3617021276
390292,0.4428393244743347,,887041.8936170213
390293,,0.0,887043.4468085107
390308,0.4428393244743347,,887061.5
390309,,0.0,887062.875
390324,0.4428393244743347,,887083.5
390325,,0.0,887084.875
390337,0.4428393244743347,,887101.375
390338,,0.0,887102.75
390350,0.4428393244743347,,887119.25
390351,,0.0,887120.625
390366,0.4428393244743347,,887146.3157894737
390367,,0.0,887148.3421052631
390373,0.4428393244743347,,887160.5
390374,,0.0,887162.5263157894
390379,0.4428393244743347,,887172.6578947369
390380,,0.0,887174.6842105263
390390,0.4428393244743347,,887194.947368421
390391,,0.0,887196.9736842106
390409,0.4428393244743347,,887222.0555555555
390410,,0.0,887223.5925925926
390420,0.4428393244743347,,887238.9629629629
390421,,0.0,887240.5
390433,0.4428393244743347,,887258.9444444445
390434,,0.0,887260.4814814815
390446,0.4428393244743347,,887278.925925926
390447,,0.0,887280.4629629629
390466,0.442849338054657,,887309.0
390467,,1.0,887310.6875
390472,0.44285935163497925,,887319.125
390473,,1.0,887320.8125
390484,0.4428693652153015,,887339.375
390485,,1.0,887341.0625
390496,0.4428793787956238,,887359.625
390497,,1.0,887361.3125
390514,0.4428993761539459,,887411.6181818182
390515,,2.0,887415.0909090909
390531,0.44291937351226807,,887470.6545454545
390532,,2.0,887474.1272727273
390545,0.4429393708705902,,887519.2727272727
390546,,2.0,887522.7454545455
390553,0.44295936822891235,,887547.0545454546
390554,,2.0,887550.5272727272
390572,0.44295936822891235,,887585.1538461539
390573,,0.0,887587.2307692308
390579,0.44295936822891235,,887599.6923076923
390580,,0.0,887601.7692307692
390589,0.44295936822891235,,887620.4615384615
390590,,0.0,887622.5384615385
390594,0.44295936822891235,,887630.8461538461
390595,,0.0,887632.9230769231
390608,0.44295936822891235,,887654.7297297297
390609,,0.0,887656.7027027027
390615,0.44295936822891235,,887668.5405405406
390616,,0.0,887670.5135135135
390624,0.44295936822891235,,887686.2972972973
390625,,0.0,887688.2702702703
390633,0.44295936822891235,,887704.0540540541
390634,,0.0,887706.027027027
390648,0.4429693818092346,,887731.1578947369
390649,,1.0,887733.2631578947
390659,0.4429793953895569,,887754.3157894737
390660,,1.0,887756.4210526316
390667,0.44298940896987915,,887771.1578947369
390668,,1.0,887773.2631578947
390673,0.4429994225502014,,887783.7894736842
390674,,1.0,887785.8947368421
390689,0.4429994225502014,,887807.659574468
390690,,0.0,887809.2978723404
390703,0.4429994225502014,,887830.5957446808
390704,,0.0,887832.2340425532
390712,0.4429994225502014,,887845.340425532
390713,,0.0,887846.9787234042
390722,0.4429994225502014,,887861.7234042553
390723,,0.0,887863.3617021276
390737,0.4430094361305237,,887884.6976744186
390738,,1.0,887886.4883720931
390747,0.44301944971084595,,887902.6046511628
390748,,1.0,887904.3953488372
390755,0.4430294632911682,,887916.9302325582
390756,,1.0,887918.7209302326
390767,0.4430394768714905,,887938.4186046511
390768,,1.0,887940.2093023256
390787,0.4430394768714905,,887966.3333333334
390788,,0.0,887967.8541666666
390796,0.4430394768714905,,887980.0208333334
390797,,0.0,887981.5416666666
390805,0.4430394768714905,,887993.7083333334
390806,,0.0,887995.2291666666
390817,0.4430394768714905,,888011.9583333334
390818,,0.0,888013.4791666666
390830,0.4430394768714905,,888030.4
390831,,0.0,888032.1111111111
390842,0.4430394768714905,,888050.9333333333
390843,,0.0,888052.6444444444
390853,0.4430394768714905,,888069.7555555556
390854,,0.0,888071.4666666667
390864,0.4430394768714905,,888088.5777777778
390865,,0.0,888090.2888888889
390880,0.4430394768714905,,888112.6808510638
390881,,0.0,888114.4042553192
390887,0.4430394768714905,,888124.7446808511
390888,,0.0,888126.4680851063
390900,0.4430394768714905,,888147.1489361703
390901,,0.0,888148.8723404255
390913,0.4430394768714905,,888169.5531914893
390914,,0.0,888171.2765957447
390932,0.4430394768714905,,888199.25
390933,,0.0,888201.0
390940,0.4430394768714905,,888213.25
390941,,0.0,888215.0
390950,0.4430394768714905,,888230.75
390951,,0.0,888232.5
390959,0.4430394768714905,,888246.5
390960,,0.0,888248.25
390981,0.4430394768714905,,888274.3157894737
390982,,0.0,888275.6666666666
390994,0.4430394768714905,,888291.8771929825
390995,,0.0,888293.2280701754
391003,0.4430394768714905,,888304.0350877193
391004,,0.0,888305.3859649122
391018,0.4430394768714905,,888324.298245614
391019,,0.0,888325.649122807
391038,0.44304949045181274,,888354.3777777777
391039,,1.0,888356.088888889
391047,0.443059504032135,,888369.7777777778
391048,,1.0,888371.4888888889
391055,0.4430695176124573,,888383.4666666667
391056,,1.0,888385.1777777778
391065,0.44307953119277954,,888400.5777777778
391066,,1.0,888402.2888888889
391084,0.44307953119277954,,888423.9090909091
391085,,0.0,888425.2363636363
391093,0.44307953119277954,,888435.8545454545
391094,,0.0,888437.1818181818
391108,0.44307953119277954,,888455.7636363637
391109,,0.0,888457.0909090909
391122,0.44307953119277954,,888474.3454545455
391123,,0.0,888475.6727272727
391136,0.44307953119277954,,888496.0
391137,,0.0,888497.9
391144,0.44307953119277954,,888511.2
391145,,0.0,888513.1
391152,0.44307953119277954,,888526.4
391153,,0.0,888528.3
391164,0.44307953119277954,,888549.2
391165,,0.0,888551.1
391180,0.4430895447731018,,888578.304347826
391181,,1.0,888580.4130434783
391191,0.4430995583534241,,888601.5
391192,,1.0,888603.6086956522
391202,0.44310957193374634,,888624.695652174
391203,,1.0,888626.804347826
391212,0.4431195855140686,,888645.7826086957
391213,,1.0,888647.8913043478
391228,0.4431195855140686,,888674.972972973
391229,,0.0,888677.0540540541
391235,0.4431195855140686,,888689.5405405406
391236,,0.0,888691.6216216217
391243,0.4431195855140686,,888706.1891891892
391244,,0.0,888708.2702702703
391251,0.4431195855140686,,888722.8378378379
391252,,0.0,888724.9189189189
391271,0.44312959909439087,,888775.0
391272,,1.0,888778.0
391278,0.44313961267471313,,888796.0
391279,,1.0,888799.0
391285,0.4431496262550354,,888817.0
391286,,1.0,888820.0
391291,0.44315963983535767,,888835.0
391292,,1.0,888838.0
391302,0.44315963983535767,,888855.9722222222
391303,,0.0,888858.1111111111
391311,0.44315963983535767,,888875.2222222222
391312,,0.0,888877.3611111111
391318,0.44315963983535767,,888890.1944444445
391319,,0.0,888892.3333333334
391329,0.44315963983535767,,888913.7222222222
391330,,0.0,888915.8611111111
391345,0.44315963983535767,,888936.48
391346,,0.0,888938.02
391360,0.44315963983535767,,888959.58
391361,,0.0,888961.12
391368,0.44315963983535767,,888971.9
391369,,0.0,888973.44
391381,0.44315963983535767,,888991.92
391382,,0.0,888993.46
391399,0.44316965341567993,,889024.7142857143
391400,,1.0,889026.8367346938
391409,0.4431796669960022,,889045.9387755102
391410,,1.0,889048.0612244898
391418,0.44318968057632446,,889065.0408163265
391419,,1.0,889067.1632653062
391432,0.44319969415664673,,889094.7551020408
391433,,1.0,889096.8775510204
391448,0.44319969415664673,,889119.6511627907
391449,,0.0,889121.3720930233
391459,0.44319969415664673,,889138.5813953489
391460,,0.0,889140.3023255814
391467,0.44319969415664673,,889152.3488372093
391468,,0.0,889154.0697674418
391477,0.44319969415664673,,889169.5581395349
391478,,0.0,889171.2790697674
391495,0.443209707736969,,889197.1276595745
391496,,1.0,889198.8510638297
391507,0.44321972131729126,,889217.8085106383
391508,,1.0,889219.5319148937
391518,0.4432297348976135,,889236.7659574468
391519,,1.0,889238.4893617021
391526,0.4432397484779358,,889250.5531914893
391527,,1.0,889252.2765957447
391540,0.4432397484779358,,889269.5319148937
391541,,0.0,889271.085106383
391549,0.4432397484779358,,889283.5106382979
391550,,0.0,889285.0638297872
391564,0.4432397484779358,,889306.8085106383
391565,,0.0,889308.3617021276
391575,0.4432397484779358,,889323.8936170213
391576,,0.0,889325.4468085107
391592,0.4432397484779358,,889346.7407407408
391593,,0.0,889348.2592592592
391606,0.4432397484779358,,889368.0
391607,,0.0,889369.5185185185
391618,0.4432397484779358,,889386.2222222222
391619,,0.0,889387.7407407408
391631,0.4432397484779358,,889405.9629629629
391632,,0.0,889407.4814814815
391647,0.44324976205825806,,889435.8421052631
391648,,1.0,889438.0789473684
391653,0.4432597756385803,,889449.2631578947
391654,,1.0,889451.5
391661,0.4432697892189026,,889467.1578947369
391662,,1.0,889469.3947368421
391671,0.44327980279922485,,889489.5263157894
391672,,1.0,889491.7631578947
391689,0.44327980279922485,,889518.3333333334
391690,,0.0,889520.0714285715
391698,0.44327980279922485,,889533.9761904762
391699,,0.0,889535.7142857143
391704,0.44327980279922485,,889544.4047619047
391705,,0.0,889546.1428571428
391715,0.44327980279922485,,889563.5238095238
391716,,0.0,889565.2619047619
391734,0.44327980279922485,,889594.5
391735,,0.0,889596.3333333334
391743,0.44327980279922485,,889611.0
391744,,0.0,889612.8333333334
391751,0.44327980279922485,,889625.6666666666
391752,,0.0,889627.5
391759,0.44327980279922485,,889640.3333333334
391760,,0.0,889642.1666666666
391778,0.44327980279922485,,889672.5365853659
391779,,0.0,889674.4390243902
391783,0.44327980279922485,,889682.0487804879
391784,,0.0,889683.9512195121
391795,0.44327980279922485,,889704.8780487805
391796,,0.0,889706.7804878049
391802,0.44327980279922485,,889718.1951219512
391803,,0.0,889720.0975609756
391817,0.4432898163795471,,889745.6382978724
391818,,1.0,889747.7872340425
391831,0.4432998299598694,,889775.7234042553
391832,,1.0,889777.8723404255
391844,0.44330984354019165,,889803.659574468
391845,,1.0,889805.8085106383
391851,0.4433198571205139,,889818.7021276596
391852,,1.0,889820.8510638297
391866,0.4433198571205139,,889840.7692307692
391867,,0.0,889842.3846153846
391880,0.4433198571205139,,889863.3846153846
391881,,0.0,889865.0
391894,0.4433198571205139,,889886.0
391895,,0.0,889887.6153846154
391905,0.4433198571205139,,889903.7692307692
391906,,0.0,889905.3846153846
391918,0.4433198571205139,,889927.025
391919,,0.0,889929.25
391928,0.4433198571205139,,889949.275
391929,,0.0,889951.5
391936,0.4433198571205139,,889967.075
391937,,0.0,889969.3
391947,0.4433198571205139,,889991.55
391948,,0.0,889993.775
391961,0.4433198571205139,,890014.1395348837
391962,,0.0,890015.9534883721
391970,0.4433198571205139,,890030.4651162791
391971,,0.0,890032.2790697674
391980,0.4433198571205139,,890048.6046511628
391981,,0.0,890050.4186046511
391992,0.4433198571205139,,890070.3720930233
391993,,0.0,890072.1860465116
392007,0.4433198571205139,,890099.3255813953
392008,,0.0,890101.6279069767
392019,0.4433198571205139,,890126.9534883721
392020,,0.0,890129.2558139535
392027,0.4433198571205139,,890145.3720930233
392028,,0.0,890147.6744186047
392037,0.4433198571205139,,890168.3953488372
392038,,0.0,890170.6976744186
392058,0.4433198571205139,,890199.0
392059,,0.0,890200.5294117647
392071,0.4433198571205139,,890218.8823529412
392072,,0.0,890220.4117647059
392078,0.4433198571205139,,890229.5882352941
392079,,0.0,890231.1176470588
392090,0.4433198571205139,,890247.9411764706
392091,,0.0,890249.4705882353
392104,0.4433198571205139,,890267.976744186
392105,,0.0,890269.6744186047
392122,0.4433198571205139,,890298.5348837209
392123,,0.0,890300.2325581395
392128,0.4433198571205139,,890308.7209302326
392129,,0.0,890310.4186046511
392135,0.4433198571205139,,890320.6046511628
392136,,0.0,890322.3023255814
392153,0.4433198571205139,,890348.5
392154,,0.0,890350.25
392162,0.4433198571205139,,890364.25
392163,,0.0,890366.0
392171,0.4433198571205139,,890380.0
392172,,0.0,890381.75
392181,0.4433198571205139,,890397.5
392182,,0.0,890399.25
392198,0.4433198571205139,,890423.75
392199,,0.0,890425.5
392205,0.4433198571205139,,890436.0
392206,,0.0,890437.75
392218,0.4433198571205139,,890458.75
392219,,0.0,890460.5
392227,0.4433198571205139,,890474.5
392228,,0.0,890476.25
392238,0.4433298707008362,,890490.1333333333
392239,,1.0,890491.8666666667
392248,0.44333988428115845,,890507.4666666667
392249,,1.0,890509.2
392259,0.4433498978614807,,890526.5333333333
392260,,1.0,890528.2666666667
392274,0.443359911441803,,890552.5333333333
392275,,1.0,890554.2666666667
392289,0.443359911441803,,890575.25
392290,,0.0,890577.0
392297,0.443359911441803,,890589.25
392298,,0.0,890591.0
392310,0.443359911441803,,890612.0
392311,,0.0,890613.75
392320,0.443359911441803,,890629.5
392321,,0.0,890631.25
392339,0.44336992502212524,,890656.8235294118
392340,,1.0,890658.4117647059
392352,0.4433799386024475,,890677.4705882353
392353,,1.0,890679.0588235294
392362,0.4433899521827698,,890693.3529411765
392363,,1.0,890694.9411764706
392373,0.44339996576309204,,890710.8235294118
392374,,1.0,890712.4117647059
392388,0.4434099793434143,,890735.175
392389,,1.0,890737.1
392399,0.4434199929237366,,890756.35
392400,,1.0,890758.275
392405,0.44343000650405884,,890767.9
392406,,1.0,890769.825
392415,0.4434400200843811,,890787.15
392416,,1.0,890789.075
392425,0.4434400200843811,,890801.0408163265
392426,,0.0,890802.7142857143
392442,0.4434400200843811,,890829.4897959183
392443,,0.0,890831.1632653062
392454,0.4434400200843811,,890849.5714285715
392455,,0.0,890851.2448979592
392466,0.4434400200843811,,890869.6530612245
392467,,0.0,890871.3265306122
392476,0.4434400200843811,,890884.3846153846
392477,,0.0,890886.282051282
392482,0.4434400200843811,,890895.7692307692
392483,,0.0,890897.6666666666
392495,0.4434400200843811,,890920.4358974359
392496,,0.0,890922.3333333334
392507,0.4434400200843811,,890943.2051282051
392508,,0.0,890945.1025641026
392524,0.44346001744270325,,890999.7027027027
392525,,2.0,891003.7567567568
392531,0.4434800148010254,,891028.0810810811
392532,,2.0,891032.1351351351
392541,0.44350001215934753,,891068.6216216217
392542,,2.0,891072.6756756756
392546,0.4435200095176697,,891088.8918918918
392547,,2.0,891092.9459459459
392560,0.4435200095176697,,891114.3333333334
392561,,0.0,891116.0666666667
392570,0.4435200095176697,,891131.6666666666
392571,,0.0,891133.4
392580,0.4435200095176697,,891149.0
392581,,0.0,891150.7333333333
392593,0.4435200095176697,,891171.5333333333
392594,,0.0,891173.2666666667
392606,0.4435200095176697,,891195.3823529412
392607,,0.0,891197.6470588235
392614,0.4435200095176697,,891213.5
392615,,0.0,891215.7647058824
392621,0.4435200095176697,,891229.3529411765
392622,,0.0,891231.6176470588
392629,0.4435200095176697,,891247.4705882353
392630,,0.0,891249.7352941176
392646,0.4435200095176697,,891276.3333333334
392647,,0.0,891278.2051282051
392656,0.4435200095176697,,891295.0512820513
392657,,0.0,891296.9230769231
392661,0.4435200095176697,,891304.4102564103
392662,,0.0,891306.282051282
392670,0.4435200095176697,,891321.2564102564
392671,,0.0,891323.1282051282
392687,0.4435200095176697,,891347.2083333334
392688,,0.0,891348.9166666666
392699,0.4435200095176697,,891367.7083333334
392700,,0.0,891369.4166666666
392711,0.4435200095176697,,891388.2083333334
392712,,0.0,891389.9166666666
392720,0.4435200095176697,,891403.5833333334
392721,,0.0,891405.2916666666
392739,0.4435200095176697,,891429.3469387755
392740,,0.0,891430.8367346938
392748,0.4435200095176697,,891442.7551020408
392749,,0.0,891444.2448979592
392756,0.4435200095176697,,891454.6734693878
392757,,0.0,891456.1632653062
392771,0.4435200095176697,,891477.0204081633
392772,,0.0,891478.5102040817
392789,0.44353002309799194,,891506.4444444445
392790,,1.0,891508.3333333334
392799,0.4435400366783142,,891525.3333333334
392800,,1.0,891527.2222222222
392810,0.4435500502586365,,891546.1111111111
392811,,1.0,891548.0
392818,0.44356006383895874,,891561.2222222222
392819,,1.0,891563.1111111111
392837,0.443570077419281,,891590.7142857143
392838,,1.0,891592.4285714285
392849,0.44358009099960327,,891611.2857142857
392850,,1.0,891613.0
392861,0.44359010457992554,,891631.8571428572
392862,,1.0,891633.5714285715
392876,0.4436001181602478,,891657.5714285715
392877,,1.0,891659.2857142857
392890,0.4436001181602478,,891678.1111111111
392891,,0.0,891679.8222222222
392900,0.4436001181602478,,891695.2222222222
392901,,0.0,891696.9333333333
392910,0.4436001181602478,,891712.3333333334
392911,,0.0,891714.0444444445
392923,0.4436001181602478,,891734.5777777778
392924,,0.0,891736.2888888889
392939,0.4436001181602478,,891759.0
392940,,0.0,891760.75
392951,0.4436001181602478,,891780.0
392952,,0.0,891781.75
392959,0.4436001181602478,,891794.0
392960,,0.0,891795.75
392969,0.4436001181602478,,891811.5
392970,,0.0,891813.25
392987,0.4436001181602478,,891840.9583333334
392988,,0.0,891842.8125
392997,0.4436001181602478,,891859.5
392998,,0.0,891861.3541666666
393010,0.4436001181602478,,891883.6041666666
393011,,0.0,891885.4583333334
393019,0.4436001181602478,,891900.2916666666
393020,,0.0,891902.1458333334
393035,0.4436001181602478,,891925.3658536585
393036,,0.0,891927.1463414634
393044,0.4436001181602478,,891941.3902439025
393045,,0.0,891943.1707317074
393055,0.4436001181602478,,891960.9756097561
393056,,0.0,891962.756097561
393062,0.4436001181602478,,891973.4390243902
393063,,0.0,891975.2195121951
393079,0.44362011551856995,,892010.75
393080,,2.0,892013.3461538461
393091,0.4436401128768921,,892041.9038461539
393092,,2.0,892044.5
393103,0.44366011023521423,,892073.0576923077
393104,,2.0,892075.6538461539
393116,0.4436801075935364,,892106.8076923077
393117,,2.0,892109.4038461539
393131,0.4436801075935364,,892129.875
393132,,0.0,892131.5
393147,0.4436801075935364,,892155.875
393148,,0.0,892157.5
393156,0.4436801075935364,,892170.5
393157,,0.0,892172.125
393166,0.4436801075935364,,892186.75
393167,,0.0,892188.375
393184,0.44369012117385864,,892216.7555555556
393185,,1.0,892218.6666666666
393196,0.4437001347541809,,892239.6888888889
393197,,1.0,892241.6
393205,0.4437101483345032,,892256.8888888889
393206,,1.0,892258.8
393213,0.44372016191482544,,892272.1777777778
393214,,1.0,892274.088888889
393233,0.44372016191482544,,892302.7826086957
393234,,0.0,892304.4565217391
393242,0.44372016191482544,,892317.8478260869
393243,,0.0,892319.5217391305
393251,0.44372016191482544,,892332.9130434783
393252,,0.0,892334.5869565217
393261,0.44372016191482544,,892349.6521739131
393262,,0.0,892351.3260869565
393280,0.44372016191482544,,892374.7924528302
393281,,0.0,892376.2452830189
393291,0.44372016191482544,,892390.7735849057
393292,,0.0,892392.2264150943
393302,0.44372016191482544,,892406.7547169811
393303,,0.0,892408.2075471698
393316,0.44372016191482544,,892427.0943396227
393317,,0.0,892428.5471698113
393336,0.44372016191482544,,892459.8181818182
393337,,0.0,892461.6818181818
393346,0.44372016191482544,,892478.4545454546
393347,,0.0,892480.3181818182
393352,0.44372016191482544,,892489.6363636364
393353,,0.0,892491.5
393362,0.44372016191482544,,892508.2727272727
393363,,0.0,892510.1363636364
393378,0.44372016191482544,,892529.1764705882
393379,,0.0,892530.6078431372
393392,0.44372016191482544,,892549.2156862745
393393,,0.0,892550.6470588235
393400,0.44372016191482544,,892560.6666666666
393401,,0.0,892562.0980392157
393415,0.44372016191482544,,892582.1372549019
393416,,0.0,892583.568627451
393429,0.44372016191482544,,892604.5555555555
393430,,0.0,892606.5111111111
393440,0.44372016191482544,,892626.0666666667
393441,,0.0,892628.0222222222
393451,0.44372016191482544,,892647.5777777778
393452,,0.0,892649.5333333333
393462,0.44372016191482544,,892669.088888889
393463,,0.0,892671.0444444445
393479,0.44372016191482544,,892699.3421052631
393480,,0.0,892701.3684210526
393486,0.44372016191482544,,892713.5263157894
393487,,0.0,892715.552631579
393495,0.44372016191482544,,892731.7631578947
393496,,0.0,892733.7894736842
393502,0.44372016191482544,,892745.947368421
393503,,0.0,892747.9736842106
393514,0.4437301754951477,,892766.6486486486
393515,,1.0,892768.7297297297
393522,0.44374018907546997,,892783.2972972973
393523,,1.0,892785.3783783783
393532,0.44375020265579224,,892804.1081081082
393533,,1.0,892806.1891891892
393541,0.4437602162361145,,892822.8378378379
393542,,1.0,892824.9189189189
393561,0.4437602162361145,,892856.3333333334
393562,,0.0,892858.1666666666
393566,0.4437602162361145,,892865.5
393567,,0.0,892867.3333333334
393575,0.4437602162361145,,892882.0
393576,,0.0,892883.8333333334
393585,0.4437602162361145,,892900.3333333334
393586,,0.0,892902.1666666666
393605,0.4437602162361145,,892932.9523809524
393606,,0.0,892934.7619047619
393614,0.4437602162361145,,892949.2380952381
393615,,0.0,892951.0476190476
393622,0.4437602162361145,,892963.7142857143
393623,,0.0,892965.5238095238
393629,0.4437602162361145,,892976.380952381
393630,,0.0,892978.1904761905
393645,0.4437602162361145,,893001.2727272727
393646,,0.0,893003.0454545454
393656,0.4437602162361145,,893020.7727272727
393657,,0.0,893022.5454545454
393668,0.4437602162361145,,893042.0454545454
393669,,0.0,893043.8181818182
393675,0.4437602162361145,,893054.4545454546
393676,,0.0,893056.2272727273
393693,0.4437602162361145,,893080.7111111111
393694,,0.0,893082.3333333334
393705,0.4437602162361145,,893100.1777777778
393706,,0.0,893101.8
393714,0.4437602162361145,,893114.7777777778
393715,,0.0,893116.4
393722,0.4437602162361145,,893127.7555555556
393723,,0.0,893129.3777777777
393734,0.4437602162361145,,893144.9047619047
393735,,0.0,893146.6428571428
393743,0.4437602162361145,,893160.5476190476
393744,,0.0,893162.2857142857
393752,0.4437602162361145,,893176.1904761905
393753,,0.0,893177.9285714285
393766,0.4437602162361145,,893200.5238095238
393767,,0.0,893202.2619047619
393783,0.4437602162361145,,893231.4130434783
393784,,0.0,893233.5217391305
393791,0.4437602162361145,,893248.2826086957
393792,,0.0,893250.3913043478
393805,0.4437602162361145,,893277.804347826
393806,,0.0,893279.9130434783
393814,0.4437602162361145,,893296.7826086957
393815,,0.0,893298.8913043478
393829,0.4437602162361145,,893320.6976744186
393830,,0.0,893322.4883720931
393840,0.4437602162361145,,893340.3953488372
393841,,0.0,893342.1860465116
393850,0.4437602162361145,,893358.3023255814
393851,,0.0,893360.0930232558
393859,0.4437602162361145,,893374.4186046511
393860,,0.0,893376.2093023256
393878,0.44377022981643677,,893409.7647058824
393879,,1.0,893411.8823529412
393886,0.44378024339675903,,893426.7058823529
393887,,1.0,893428.8235294118
393900,0.4437902569770813,,893456.3529411765
393901,,1.0,893458.4705882353
393912,0.44380027055740356,,893481.7647058824
393913,,1.0,893483.8823529412
393925,0.44380027055740356,,893501.6428571428
393926,,0.0,893503.380952381
393934,0.44380027055740356,,893517.2857142857
393935,,0.0,893519.0238095238
393946,0.44380027055740356,,893538.1428571428
393947,,0.0,893539.880952381
393956,0.44380027055740356,,893555.5238095238
393957,,0.0,893557.2619047619
393975,0.44380027055740356,,893583.0625
393976,,0.0,893584.6666666666
393988,0.44380027055740356,,893603.9166666666
393989,,0.0,893605.5208333334
393998,0.44380027055740356,,893619.9583333334
393999,,0.0,893621.5625
394006,0.44380027055740356,,893632.7916666666
394007,,0.0,893634.3958333334
394020,0.44381028413772583,,893656.6
394021,,1.0,893658.66
394030,0.4438202977180481,,893677.2
394031,,1.0,893679.26
394043,0.44383031129837036,,893703.98
394044,,1.0,893706.04
394058,0.4438403248786926,,893734.88
394059,,1.0,893736.94
394079,0.4438403248786926,,893766.54
394080,,0.0,893768.16
394090,0.4438403248786926,,893784.36
394091,,0.0,893785.98
394099,0.4438403248786926,,893798.94
394100,,0.0,893800.56
394110,0.4438403248786926,,893816.76
394111,,0.0,893818.38
394127,0.4438403248786926,,893845.6666666666
394128,,0.0,893847.641025641
394136,0.4438403248786926,,893863.4358974359
394137,,0.0,893865.4102564103
394142,0.4438403248786926,,893875.282051282
394143,,0.0,893877.2564102564
394151,0.4438403248786926,,893893.0512820513
394152,,0.0,893895.0256410256
394170,0.4438403248786926,,893924.0
394171,,0.0,893925.8
394176,0.4438403248786926,,893934.8
394177,,0.0,893936.6
394186,0.4438403248786926,,893952.8
394187,,0.0,893954.6
394198,0.4438403248786926,,893974.4
394199,,0.0,893976.2
394218,0.4438503384590149,,894005.9215686275
394219,,1.0,894007.6666666666
394227,0.44386035203933716,,894021.6274509804
394228,,1.0,894023.3725490196
394241,0.4438703656196594,,894046.0588235294
394242,,1.0,894047.8039215687
394251,0.4438803791999817,,894063.5098039216
394252,,1.0,894065.2549019608
394263,0.44389039278030396,,894082.8139534884
394264,,1.0,894084.7906976744
394275,0.4439004063606262,,894106.5348837209
394276,,1.0,894108.5116279069
394285,0.4439104199409485,,894126.3023255814
394286,,1.0,894128.2790697674
394296,0.44392043352127075,,894148.0465116279
394297,,1.0,894150.023255814
394310,0.44392043352127075,,894173.3157894737
394311,,0.0,894175.447368421
394321,0.44392043352127075,,894196.7631578947
394322,,0.0,894198.8947368421
394329,0.44392043352127075,,894213.8157894737
394330,,0.0,894215.947368421
394336,0.44392043352127075,,894228.7368421053
394337,,0.0,894230.8684210526
394355,0.443930447101593,,894263.375
394356,,1.0,894265.4
394364,0.4439404606819153,,894281.6
394365,,1.0,894283.625
394370,0.44395047426223755,,894293.75
394371,,1.0,894295.775
394378,0.4439604878425598,,894309.95
394379,,1.0,894311.975
394394,0.4439604878425598,,894336.1739130435
394395,,0.0,894338.0217391305
394408,0.4439604878425598,,894362.0434782609
394409,,0.0,894363.8913043478
394421,0.4439604878425598,,894386.0652173914
394422,,0.0,894387.9130434783
394426,0.4439604878425598,,894395.304347826
394427,,0.0,894397.1521739131
394444,0.4439604878425598,,894421.0
394445,,0.0,894422.5714285715
394455,0.4439604878425598,,894438.2857142857
394456,,0.0,894439.8571428572
394462,0.4439604878425598,,894449.2857142857
394463,,0.0,894450.8571428572
394477,0.4439604878425598,,894472.8571428572
394478,,0.0,894474.4285714285
394493,0.4439604878425598,,894497.9
394494,,0.0,894499.725
394501,0.4439604878425598,,894512.5
394502,,0.0,894514.325
394507,0.4439604878425598,,894523.45
394508,,0.0,894525.275
394519,0.4439604878425598,,894545.35
394520,,0.0,894547.175
394533,0.4439604878425598,,894566.2727272727
394534,,0.0,894568.0
394544,0.4439604878425598,,894585.2727272727
394545,,0.0,894587.0
394552,0.4439604878425598,,894599.0909090909
394553,,0.0,894600.8181818182
394565,0.4439604878425598,,894621.5454545454
394566,,0.0,894623.2727272727
394579,0.4439604878425598,,894642.2727272727
394580,,0.0,894644.0
394594,0.4439604878425598,,894668.1818181818
394595,,0.0,894669.9090909091
394604,0.4439604878425598,,894685.4545454546
394605,,0.0,894687.1818181818
394611,0.4439604878425598,,894697.5454545454
394612,,0.0,894699.2727272727
394629,0.4439604878425598,,894724.2272727273
394630,,0.0,894725.8863636364
394638,0.4439604878425598,,894739.1590909091
394639,,0.0,894740.8181818182
394649,0.4439604878425598,,894757.4090909091
394650,,0.0,894759.0681818182
394657,0.4439604878425598,,894770.6818181818
394658,,0.0,894772.3409090909
394675,0.4439604878425598,,894801.641025641
394676,,0.0,894803.6153846154
394686,0.4439604878425598,,894823.358974359
394687,,0.0,894825.3333333334
394690,0.4439604878425598,,894831.2564102564
394691,,0.0,894833.2307692308
394698,0.4439604878425598,,894847.0512820513
394699,,0.0,894849.0256410256
394718,0.4439705014228821,,894898.3333333334
394719,,1.0,894901.2916666666
394730,0.44398051500320435,,894933.8333333334
394731,,1.0,894936.7916666666
394740,0.4439905285835266,,894963.4166666666
394741,,1.0,894966.375
394748,0.4440005421638489,,894987.0833333334
394749,,1.0,894990.0416666666
394762,0.4440005421638489,,895010.8260869565
394763,,0.0,895012.6086956522
394777,0.4440005421638489,,895037.5652173914
394778,,0.0,895039.3478260869
394785,0.4440005421638489,,895051.8260869565
394786,,0.0,895053.6086956522
394796,0.4440005421638489,,895071.4347826086
394797,,0.0,895073.2173913043
394812,0.4440005421638489,,895094.44
394813,,0.0,895096.06
394823,0.4440005421638489,,895112.26
394824,,0.0,895113.88
394837,0.4440005421638489,,895134.94
394838,,0.0,895136.56
394848,0.4440005421638489,,895152.76
394849,,0.0,895154.38
394861,0.4440005421638489,,895174.7297297297
394862,,0.0,895176.8108108108
394868,0.4440005421638489,,895189.2972972973
394869,,0.0,895191.3783783783
394878,0.4440005421638489,,895210.1081081082
394879,,0.0,895212.1891891892
394887,0.4440005421638489,,895228.8378378379
394888,,0.0,895230.9189189189
394906,0.4440005421638489,,895261.875
394907,,0.0,895263.8
394914,0.4440005421638489,,895277.275
394915,,0.0,895279.2
394923,0.4440005421638489,,895294.6
394924,,0.0,895296.525
394929,0.4440005421638489,,895306.15
394930,,0.0,895308.075
394940,0.44401055574417114,,895326.0810810811
394941,,1.0,895328.3783783783
394951,0.4440205693244934,,895351.3513513514
394952,,1.0,895353.6486486486
394960,0.4440305829048157,,895372.027027027
394961,,1.0,895374.3243243244
394968,0.44404059648513794,,895390.4054054054
394969,,1.0,895392.7027027027
394984,0.44404059648513794,,895413.6382978724
394985,,0.0,895415.1914893617
394995,0.44404059648513794,,895430.7234042553
394996,,0.0,895432.2765957447
395005,0.44404059648513794,,895446.2553191489
395006,,0.0,895447.8085106383
395017,0.44404059648513794,,895464.8936170213
395018,,0.0,895466.4468085107
395029,0.44404059648513794,,895484.2105263158
395030,,0.0,895486.2368421053
395035,0.44404059648513794,,895496.3684210526
395036,,0.0,895498.3947368421
395045,0.44404059648513794,,895516.6315789474
395046,,0.0,895518.6578947369
395057,0.44404059648513794,,895540.947368421
395058,,0.0,895542.9736842106
395071,0.44404059648513794,,895564.25
395072,,0.0,895566.175
395082,0.44404059648513794,,895585.425
395083,,0.0,895587.35
395090,0.44404059648513794,,895600.825
395091,,0.0,895602.75
395099,0.44404059648513794,,895618.15
395100,,0.0,895620.075
395116,0.44404059648513794,,895648.3421052631
395117,,0.0,895650.3684210526
395125,0.44404059648513794,,895666.5789473684
395126,,0.0,895668.6052631579
395131,0.44404059648513794,,895678.7368421053
395132,,0.0,895680.7631578947
395139,0.44404059648513794,,895694.947368421
395140,,0.0,895696.9736842106
395154,0.44404059648513794,,895716.8444444444
395155,,0.0,895718.4666666667
395164,0.44404059648513794,,895733.0666666667
395165,,0.0,895734.6888888889
395175,0.44404059648513794,,895750.911111111
395176,,0.0,895752.5333333333
395186,0.44404059648513794,,895768.7555555556
395187,,0.0,895770.3777777777
395198,0.44404059648513794,,895788.6486486486
395199,,0.0,895790.7297297297
395207,0.44404059648513794,,895807.3783783783
395208,,0.0,895809.4594594594
395215,0.44404059648513794,,895824.027027027
395216,,0.0,895826.1081081082
395225,0.44404059648513794,,895844.8378378379
395226,,0.0,895846.9189189189
395239,0.4440506100654602,,895868.5652173914
395240,,1.0,895870.5217391305
395253,0.44406062364578247,,895895.9565217391
395254,,1.0,895897.9130434783
395265,0.44407063722610474,,895919.4347826086
395266,,1.0,895921.3913043478
395273,0.444080650806427,,895935.0869565217
395274,,1.0,895937.0434782609
395287,0.444080650806427,,895957.0
395288,,0.0,895958.8
395300,0.444080650806427,,895980.4
395301,,0.0,895982.2
395310,0.444080650806427,,895998.4
395311,,0.0,896000.2
395320,0.444080650806427,,896016.4
395321,,0.0,896018.2
395334,0.444080650806427,,896037.7083333334
395335,,0.0,896039.4791666666
395344,0.444080650806427,,896055.4166666666
395345,,0.0,896057.1875
395357,0.444080650806427,,896078.4375
395358,,0.0,896080.2083333334
395370,0.444080650806427,,896101.4583333334
395371,,0.0,896103.2291666666
395382,0.44409066438674927,,896127.9333333333
395383,,1.0,896130.8
395388,0.44410067796707153,,896145.1333333333
395389,,1.0,896148.0
395396,0.4441106915473938,,896168.0666666667
395397,,1.0,896170.9333333333
395402,0.44412070512771606,,896185.2666666667
395403,,1.0,896188.1333333333
395420,0.44413071870803833,,896222.5
395421,,1.0,896224.75
395428,0.4441407322883606,,896240.5
395429,,1.0,896242.75
395438,0.44415074586868286,,896263.0
395439,,1.0,896265.25
395448,0.4441607594490051,,896285.5
395449,,1.0,896287.75
395467,0.4441607594490051,,896313.8775510204
395468,,0.0,896315.4693877551
395480,0.4441607594490051,,896334.5714285715
395481,,0.0,896336.1632653062
395493,0.4441607594490051,,896355.2653061225
395494,,0.0,896356.8571428572
395499,0.4441607594490051,,896364.8163265307
395500,,0.0,896366.4081632653
395516,0.4441607594490051,,896387.5
395517,,0.0,896389.0
395529,0.4441607594490051,,896407.0
395530,,0.0,896408.5
395539,0.4441607594490051,,896422.0
395540,,0.0,896423.5
395555,0.4441607594490051,,896446.0
395556,,0.0,896447.5
395571,0.4441607594490051,,896470.6
395572,,0.0,896472.4
395580,0.4441607594490051,,896486.8
395581,,0.0,896488.6
395593,0.4441607594490051,,896510.2
395594,,0.0,896512.0
395602,0.4441607594490051,,896526.4
395603,,0.0,896528.2
395618,0.4441607594490051,,896549.0588235294
395619,,0.0,896550.6470588235
395633,0.4441607594490051,,896572.8823529412
395634,,0.0,896574.4705882353
395644,0.4441607594490051,,896590.3529411765
395645,,0.0,896591.9411764706
395655,0.4441607594490051,,896607.8235294118
395656,,0.0,896609.4117647059
395669,0.4441607594490051,,896631.7692307692
395670,,0.0,896633.8461538461
395677,0.4441607594490051,,896648.3846153846
395678,,0.0,896650.4615384615
395687,0.4441607594490051,,896669.1538461539
395688,,0.0,896671.2307692308
395696,0.4441607594490051,,896687.8461538461
395697,,0.0,896689.9230769231
395711,0.4441607594490051,,896709.2857142857
395712,,0.0,896710.8571428572
395724,0.4441607594490051,,896729.7142857143
395725,,0.0,896731.2857142857
395735,0.4441607594490051,,896747.0
395736,,0.0,896748.5714285715
395747,0.4441607594490051,,896765.8571428572
395748,,0.0,896767.4285714285
395762,0.4441607594490051,,896789.25
395763,,0.0,896791.0909090909
395773,0.4441607594490051,,896809.5
395774,,0.0,896811.3409090909
395785,0.4441607594490051,,896831.5909090909
395786,,0.0,896833.4318181818
395793,0.4441607594490051,,896846.3181818182
395794,,0.0,896848.1590909091
395813,0.4441607594490051,,896872.9019607843
395814,,0.0,896874.3333333334
395823,0.4441607594490051,,896887.2156862745
395824,,0.0,896888.6470588235
395835,0.4441607594490051,,896904.3921568628
395836,,0.0,896905.8235294118
395846,0.4441607594490051,,896920.1372549019
395847,,0.0,896921.568627451
395864,0.4441607594490051,,896949.3720930233
395865,,0.0,896951.2558139535
395875,0.4441607594490051,,896970.0930232558
395876,,0.0,896971.976744186
395883,0.4441607594490051,,896985.1627906977
395884,,0.0,896987.0465116279
395891,0.4441607594490051,,897000.2325581395
395892,,0.0,897002.1162790698
395905,0.4441707730293274,,897035.3333333334
395906,,1.0,897038.4666666667
395915,0.44418078660964966,,897066.6666666666
395916,,1.0,897069.8
395925,0.4441908001899719,,897098.0
395926,,1.0,897101.1333333333
395938,0.4442008137702942,,897138.7333333333
395939,,1.0,897141.8666666667
395952,0.4442008137702942,,897165.8108108108
395953,,0.0,897167.8918918918
395961,0.4442008137702942,,897184.5405405406
395962,,0.0,897186.6216216217
395969,0.4442008137702942,,897201.1891891892
395970,,0.0,897203.2702702703
395977,0.4442008137702942,,897217.8378378379
395978,,0.0,897219.9189189189
395994,0.4442008137702942,,897247.6829268293
395995,,0.0,897249.6585365854
396001,0.4442008137702942,,897261.512195122
396002,,0.0,897263.487804878
396010,0.4442008137702942,,897279.2926829269
396011,,0.0,897281.268292683
396020,0.4442008137702942,,897299.0487804879
396021,,0.0,897301.0243902439
396032,0.4442008137702942,,897319.6315789474
396033,,0.0,897321.7105263158
396040,0.4442008137702942,,897336.2631578947
396041,,0.0,897338.3421052631
396050,0.4442008137702942,,897357.052631579
396051,,0.0,897359.1315789474
396060,0.4442008137702942,,897377.8421052631
396061,,0.0,897379.9210526316
396074,0.4442008137702942,,897398.976744186
396075,,0.0,897400.6744186047
396085,0.4442008137702942,,897417.6511627907
396086,,0.0,897419.3488372093
396095,0.4442008137702942,,897434.6279069767
396096,,0.0,897436.3255813953
396105,0.4442008137702942,,897451.6046511628
396106,,0.0,897453.3023255814
396118,0.4442008137702942,,897470.2790697674
396119,,0.0,897471.976744186
396128,0.4442008137702942,,897487.2558139535
396129,,0.0,897488.9534883721
396140,0.4442008137702942,,897507.6279069767
396141,,0.0,897509.3255813953
396150,0.4442008137702942,,897524.6046511628
396151,,0.0,897526.3023255814
396167,0.44421082735061646,,897554.9512195121
396168,,1.0,897557.0243902439
396176,0.4442208409309387,,897573.6097560975
396177,,1.0,897575.6829268293
396186,0.444230854511261,,897594.3414634146
396187,,1.0,897596.4146341464
396193,0.44424086809158325,,897608.8536585366
396194,,1.0,897610.9268292683
396208,0.44424086809158325,,897629.94
396209,,0.0,897631.48
396225,0.44424086809158325,,897656.12
396226,,0.0,897657.66
396237,0.44424086809158325,,897674.6
396238,,0.0,897676.14
396245,0.44424086809158325,,897686.92
396246,,0.0,897688.46
396260,0.4442508816719055,,897718.2857142857
396261,,1.0,897720.8571428572
396266,0.4442608952522278,,897733.7142857143
396267,,1.0,897736.2857142857
396281,0.44427090883255005,,897772.2857142857
396282,,1.0,897774.8571428572
396289,0.4442809224128723,,897792.8571428572
396290,,1.0,897795.4285714285
396303,0.4442809224128723,,897816.4090909091
396304,,0.0,897818.25
396314,0.4442809224128723,,897836.6590909091
396315,,0.0,897838.5
396325,0.4442809224128723,,897856.9090909091
396326,,0.0,897858.75
396335,0.4442809224128723,,897875.3181818182
396336,,0.0,897877.1590909091
396352,0.4442809224128723,,897899.02
396353,,0.0,897900.56
396367,0.4442809224128723,,897922.12
396368,,0.0,897923.66
396377,0.4442809224128723,,897937.52
396378,,0.0,897939.06
396387,0.4442809224128723,,897952.92
396388,,0.0,897954.46
396405,0.4442809224128723,,897980.5
396406,,0.0,897982.25
396415,0.4442809224128723,,897998.0
396416,,0.0,897999.75
396425,0.4442809224128723,,898015.5
396426,,0.0,898017.25
396433,0.4442809224128723,,898029.5
396434,,0.0,898031.25
396452,0.4442809224128723,,898054.4705882353
396453,,0.0,898055.9019607843
396468,0.4442809224128723,,898077.3725490196
396469,,0.0,898078.8039215687
396479,0.4442809224128723,,898093.1176470588
396480,,0.0,898094.5490196078
396486,0.4442809224128723,,898103.1372549019
396487,,0.0,898104.568627451
396503,0.4442809224128723,,898129.9318181818
396504,,0.0,898131.7727272727
396512,0.4442809224128723,,898146.5
396513,,0.0,898148.3409090909
396522,0.4442809224128723,,898164.9090909091
396523,,0.0,898166.75
396532,0.4442809224128723,,898183.3181818182
396533,,0.0,898185.1590909091
396545,0.4442909359931946,,898211.5
396546,,1.0,898214.2222222222
396553,0.44430094957351685,,898233.2777777778
396554,,1.0,898236.0
396562,0.4443109631538391,,898257.7777777778
396563,,1.0,898260.5
396570,0.4443209767341614,,898279.5555555555
396571,,1.0,898282.2777777778
396583,0.4443209767341614,,898300.0652173914
396584,,0.0,898301.7391304348
396592,0.4443209767341614,,898315.1304347826
396593,,0.0,898316.804347826
396604,0.4443209767341614,,898335.2173913043
396605,,0.0,898336.8913043478
396618,0.4443209767341614,,898358.6521739131
396619,,0.0,898360.3260869565
396633,0.4443209767341614,,898382.1666666666
396634,,0.0,898384.0
396644,0.4443209767341614,,898402.3333333334
396645,,0.0,898404.1666666666
396656,0.4443209767341614,,898424.3333333334
396657,,0.0,898426.1666666666
396662,0.4443209767341614,,898435.3333333334
396663,,0.0,898437.1666666666
396681,0.4443209767341614,,898462.5714285715
396682,,0.0,898464.1428571428
396696,0.4443209767341614,,898486.1428571428
396697,,0.0,898487.7142857143
396704,0.4443209767341614,,898498.7142857143
396705,,0.0,898500.2857142857
396713,0.4443209767341614,,898512.8571428572
396714,,0.0,898514.4285714285
396730,0.4443209767341614,,898537.06
396731,,0.0,898538.68
396741,0.4443209767341614,,898554.88
396742,,0.0,898556.5
396756,0.4443209767341614,,898579.18
396757,,0.0,898580.8
396765,0.4443209767341614,,898593.76
396766,,0.0,898595.38
396783,0.4443209767341614,,898621.5
396784,,0.0,898623.25
396790,0.4443209767341614,,898633.75
396791,,0.0,898635.5
396801,0.4443209767341614,,898653.0
396802,,0.0,898654.75
396811,0.4443209767341614,,898670.5
396812,,0.0,898672.25
396827,0.4443209767341614,,898699.6666666666
396828,,0.0,898701.8055555555
396831,0.4443209767341614,,898708.2222222222
396832,,0.0,898710.3611111111
396838,0.4443209767341614,,898723.1944444445
396839,,0.0,898725.3333333334
396849,0.4443209767341614,,898746.7222222222
396850,,0.0,898748.8611111111
396867,0.4443209767341614,,898772.1372549019
396868,,0.0,898773.6470588235
396878,0.4443209767341614,,898788.7450980392
396879,,0.0,898790.2549019608
396890,0.4443209767341614,,898806.8627450981
396891,,0.0,898808.3725490196
396902,0.4443209767341614,,898824.9803921569
396903,,0.0,898826.4901960784
396915,0.4443209767341614,,898845.2894736842
396916,,0.0,898847.2105263158
396927,0.4443209767341614,,898868.3421052631
396928,,0.0,898870.2631578947
396936,0.4443209767341614,,898885.6315789474
396937,,0.0,898887.552631579
396942,0.4443209767341614,,898897.1578947369
396943,,0.0,898899.0789473684
396956,0.4443209767341614,,898919.717948718
396957,,0.0,898921.5897435897
396964,0.4443209767341614,,898934.6923076923
396965,,0.0,898936.5641025641
396971,0.4443209767341614,,898947.7948717949
396972,,0.0,898949.6666666666
396983,0.4443209767341614,,898970.2564102564
396984,,0.0,898972.1282051282
396995,0.4443209767341614,,898990.6857142857
396996,,0.0,898992.7714285714
397003,0.4443209767341614,,899007.3714285714
397004,,0.0,899009.4571428571
397011,0.4443209767341614,,899024.0571428571
397012,,0.0,899026.1428571428
397020,0.4443209767341614,,899042.8285714285
397021,,0.0,899044.9142857143
397033,0.4443209767341614,,899068.65625
397034,,0.0,899071.0625
397039,0.4443209767341614,,899083.09375
397040,,0.0,899085.5
397046,0.4443209767341614,,899099.9375
397047,,0.0,899102.34375
397054,0.4443209767341614,,899119.1875
397055,,0.0,899121.59375
397067,0.4443209767341614,,899140.9024390244
397068,,0.0,899142.7804878049
397077,0.4443209767341614,,899159.6829268293
397078,,0.0,899161.5609756098
397088,0.4443209767341614,,899180.3414634146
397089,,0.0,899182.2195121951
397097,0.4443209767341614,,899197.243902439
397098,,0.0,899199.1219512195
397115,0.4443209767341614,,899222.8076923077
397116,,0.0,899224.3653846154
397129,0.4443209767341614,,899244.6153846154
397130,,0.0,899246.1730769231
397141,0.4443209767341614,,899263.3076923077
397142,,0.0,899264.8653846154
397151,0.4443209767341614,,899278.8846153846
397152,,0.0,899280.4423076923
397163,0.4443209767341614,,899298.2105263158
397164,,0.0,899300.2368421053
397173,0.4443209767341614,,899318.4736842106
397174,,0.0,899320.5
397180,0.4443209767341614,,899332.6578947369
397181,,0.0,899334.6842105263
397191,0.4443209767341614,,899354.947368421
397192,,0.0,899356.9736842106
397207,0.4443209767341614,,899382.1428571428
397208,,0.0,899384.0714285715
397218,0.4443209767341614,,899403.3571428572
397219,,0.0,899405.2857142857
397225,0.4443209767341614,,899416.8571428572
397226,,0.0,899418.7857142857
397235,0.4443209767341614,,899436.1428571428
397236,,0.0,899438.0714285715
397250,0.4443209767341614,,899463.447368421
397251,,0.0,899465.5789473684
397258,0.4443209767341614,,899480.5
397259,,0.0,899482.6315789474
397268,0.4443209767341614,,899501.8157894737
397269,,0.0,899503.947368421
397275,0.4443209767341614,,899516.7368421053
397276,,0.0,899518.8684210526
397293,0.4443209767341614,,899544.2272727273
397294,,0.0,899545.8863636364
397304,0.4443209767341614,,899562.4772727273
397305,,0.0,899564.1363636364
397312,0.4443209767341614,,899575.75
397313,,0.0,899577.4090909091
397321,0.4443209767341614,,899590.6818181818
397322,,0.0,899592.3409090909
397333,0.4443209767341614,,899609.0243902439
397334,,0.0,899610.9024390244
397344,0.4443209767341614,,899629.6829268293
397345,,0.0,899631.5609756098
397355,0.4443209767341614,,899650.3414634146
397356,,0.0,899652.2195121951
397364,0.4443209767341614,,899667.243902439
397365,,0.0,899669.1219512195
397382,0.4443209767341614,,899696.0697674418
397383,,0.0,899697.8604651163
397391,0.4443209767341614,,899712.1860465116
397392,,0.0,899713.976744186
397399,0.4443209767341614,,899726.5116279069
397400,,0.0,899728.3023255814
397409,0.4443209767341614,,899744.4186046511
397410,,0.0,899746.2093023256
397424,0.4443209767341614,,899767.8936170213
397425,,0.0,899769.7021276596
397432,0.4443209767341614,,899782.3617021276
397433,,0.0,899784.1702127659
397444,0.4443209767341614,,899804.0638297872
397445,,0.0,899805.8723404255
397458,0.4443209767341614,,899829.3829787234
397459,,0.0,899831.1914893617
397474,0.4443209767341614,,899849.8
397475,,0.0,899851.2
397488,0.4443209767341614,,899869.4
397489,,0.0,899870.8
397501,0.4443209767341614,,899887.6
397502,,0.0,899889.0
397515,0.4443209767341614,,899907.2
397516,,0.0,899908.6
397529,0.4443209767341614,,899927.5
397530,,0.0,899929.25
397540,0.4443209767341614,,899946.75
397541,,0.0,899948.5
397550,0.4443209767341614,,899964.25
397551,,0.0,899966.0
397561,0.4443209767341614,,899983.5
397562,,0.0,899985.25
397578,0.4443209767341614,,900010.8333333334
397579,,0.0,900012.6666666666
397586,0.4443209767341614,,900025.5
397587,,0.0,900027.3333333334
397597,0.4443209767341614,,900045.6666666666
397598,,0.0,900047.5
397605,0.4443209767341614,,900060.3333333334
397606,,0.0,900062.1666666666
397618,0.4443209767341614,,900086.8292682926
397619,,0.0,900089.3658536585
397629,0.4443209767341614,,900114.731707317
397630,,0.0,900117.268292683
397639,0.4443209767341614,,900140.0975609756
397640,,0.0,900142.6341463415
397648,0.4443209767341614,,900162.9268292683
397649,,0.0,900165.4634146341
397659,0.4443409740924835,,900191.275
397660,,2.0,900194.6
397669,0.44436097145080566,,900224.525
397670,,2.0,900227.85
397678,0.4443809688091278,,900254.45
397679,,2.0,900257.775
397690,0.44440096616744995,,900294.35
397691,,2.0,900297.675
397703,0.44440096616744995,,900321.5714285715
397704,,0.0,900323.8571428572
397710,0.44440096616744995,,900337.5714285715
397711,,0.0,900339.8571428572
397723,0.44440096616744995,,900367.2857142857
397724,,0.0,900369.5714285715
397734,0.44440096616744995,,900392.4285714285
397735,,0.0,900394.7142857143
397748,0.4444109797477722,,900438.5909090909
397749,,1.0,900442.75
397760,0.4444209933280945,,900488.5
397761,,1.0,900492.6590909091
397768,0.44443100690841675,,900521.7727272727
397769,,1.0,900525.9318181818
397780,0.444441020488739,,900571.6818181818
397781,,1.0,900575.8409090909
397799,0.444441020488739,,900607.375
397800,,0.0,900609.2
397806,0.444441020488739,,900620.15
397807,,0.0,900621.975
397815,0.444441020488739,,900636.575
397816,,0.0,900638.4
397822,0.444441020488739,,900649.35
397823,,0.0,900651.175
397845,0.4444710314273834,,900696.1525423729
397846,,3.0,900698.4237288135
397858,0.44450104236602783,,900725.6779661017
397859,,3.0,900727.9491525424
397867,0.44453105330467224,,900746.1186440678
397868,,3.0,900748.3898305085
397883,0.44456106424331665,,900782.4576271187
397884,,3.0,900784.7288135593
397902,0.44456106424331665,,900811.5744680851
397903,,0.0,900813.2127659575
397914,0.44456106424331665,,900831.2340425532
397915,,0.0,900832.8723404255
397920,0.44456106424331665,,900841.0638297872
397921,,0.0,900842.7021276596
397932,0.44456106424331665,,900860.7234042553
397933,,0.0,900862.3617021276
397945,0.4445710778236389,,900889.4
397946,,1.0,900892.2222222222
397957,0.4445810914039612,,900923.2666666667
397958,,1.0,900926.088888889
397968,0.44459110498428345,,900954.3111111111
397969,,1.0,900957.1333333333
397979,0.4446011185646057,,900985.3555555556
397980,,1.0,900988.1777777778
397990,0.4446011185646057,,901004.8205128205
397991,,0.0,901006.7948717949
397999,0.4446011185646057,,901022.5897435897
398000,,0.0,901024.5641025641
398008,0.4446011185646057,,901040.358974359
398009,,0.0,901042.3333333334
398020,0.4446011185646057,,901064.0512820513
398021,,0.0,901066.0256410256
398038,0.4446011185646057,,901103.0
398039,,0.0,901105.5
398047,0.4446011185646057,,901125.5
398048,,0.0,901128.0
398058,0.4446011185646057,,901153.0
398059,,0.0,901155.5
398068,0.4446011185646057,,901178.0
398069,,0.0,901180.5
398088,0.4446011185646057,,901215.380952381
398089,,0.0,901217.4047619047
398095,0.4446011185646057,,901229.5476190476
398096,,0.0,901231.5714285715
398106,0.4446011185646057,,901251.8095238095
398107,,0.0,901253.8333333334
398112,0.4446011185646057,,901263.9523809524
398113,,0.0,901265.9761904762
398130,0.4446011185646057,,901289.56
398131,,0.0,901291.1
398141,0.4446011185646057,,901306.5
398142,,0.0,901308.04
398151,0.4446011185646057,,901321.9
398152,,0.0,901323.44
398164,0.4446011185646057,,901341.92
398165,,0.0,901343.46
398174,0.444611132144928,,901361.7142857143
398175,,1.0,901364.5
398183,0.44462114572525024,,901386.7857142857
398184,,1.0,901389.5714285715
398197,0.4446311593055725,,901425.7857142857
398198,,1.0,901428.5714285715
398208,0.4446411728858948,,901456.4285714285
398209,,1.0,901459.2142857143
398226,0.4446411728858948,,901485.5454545454
398227,,0.0,901487.2272727273
398236,0.4446411728858948,,901502.3636363636
398237,,0.0,901504.0454545454
398246,0.4446411728858948,,901519.1818181818
398247,,0.0,901520.8636363636
398254,0.4446411728858948,,901532.6363636364
398255,,0.0,901534.3181818182
398268,0.4446411728858948,,901552.5909090909
398269,,0.0,901554.25
398277,0.4446411728858948,,901567.5227272727
398278,,0.0,901569.1818181818
398288,0.4446411728858948,,901585.7727272727
398289,,0.0,901587.4318181818
398300,0.4446411728858948,,901605.6818181818
398301,,0.0,901607.3409090909
398315,0.4446411728858948,,901625.06
398316,,0.0,901626.52
398329,0.4446411728858948,,901645.5
398330,,0.0,901646.96
398339,0.4446411728858948,,901660.1
398340,,0.0,901661.56
398352,0.4446411728858948,,901679.08
398353,,0.0,901680.54
398373,0.4446711838245392,,901708.6590909091
398374,,3.0,901710.2272727273
398382,0.4447011947631836,,901722.7727272727
398383,,3.0,901724.3409090909
398389,0.444731205701828,,901733.75
398390,,3.0,901735.3181818182
398398,0.4447612166404724,,901747.8636363636
398399,,3.0,901749.4318181818
398412,0.4447912275791168,,901791.8163265307
398413,,3.0,901795.8979591837
398423,0.44482123851776123,,901836.7142857143
398424,,3.0,901840.7959183673
398438,0.44485124945640564,,901897.9387755102
398439,,3.0,901902.0204081633
398449,0.44488126039505005,,901942.8367346938
398450,,3.0,901946.918367347
398470,0.4448912739753723,,901983.8139534884
398471,,1.0,901985.7441860465
398479,0.4449012875556946,,902001.1860465116
398480,,1.0,902003.1162790698
398484,0.44491130113601685,,902010.8372093023
398485,,1.0,902012.7674418605
398494,0.4449213147163391,,902030.1395348837
398495,,1.0,902032.0697674418
398509,0.4449213147163391,,902067.8461538461
398510,,0.0,902070.9230769231
398516,0.4449213147163391,,902089.3846153846
398517,,0.0,902092.4615384615
398525,0.4449213147163391,,902117.0769230769
398526,,0.0,902120.1538461539
398535,0.4449213147163391,,902147.8461538461
398536,,0.0,902150.9230769231
398550,0.4449213147163391,,902176.3055555555
398551,,0.0,902178.3333333334
398557,0.4449213147163391,,902190.5
398558,,0.0,902192.5277777778
398563,0.4449213147163391,,902202.6666666666
398564,,0.0,902204.6944444445
398573,0.4449213147163391,,902222.9444444445
398574,,0.0,902224.9722222222
398592,0.4449513256549835,,902270.0434782609
398593,,3.0,902272.9130434783
398602,0.44498133659362793,,902298.7391304348
398603,,3.0,902301.6086956522
398611,0.44501134753227234,,902324.5652173914
398612,,3.0,902327.4347826086
398621,0.44504135847091675,,902353.2608695652
398622,,3.0,902356.1304347826
398640,0.44504135847091675,,902397.0
398641,,0.0,902399.5333333333
398650,0.44504135847091675,,902422.3333333334
398651,,0.0,902424.8666666667
398657,0.44504135847091675,,902440.0666666667
398658,,0.0,902442.6
398668,0.44504135847091675,,902467.9333333333
398669,,0.0,902470.4666666667
398682,0.44504135847091675,,902499.8292682926
398683,,0.0,902502.512195122
398690,0.44504135847091675,,902521.2926829269
398691,,0.0,902523.9756097561
398702,0.44504135847091675,,902553.487804878
398703,,0.0,902556.1707317074
398711,0.44504135847091675,,902577.6341463415
398712,,0.0,902580.3170731707
398728,0.44504135847091675,,902604.0212765958
398729,,0.0,902605.6382978724
398738,0.44504135847091675,,902620.1914893617
398739,,0.0,902621.8085106383
398749,0.44504135847091675,,902637.9787234042
398750,,0.0,902639.5957446808
398760,0.44504135847091675,,902655.7659574468
398761,,0.0,902657.3829787234
398773,0.445051372051239,,902688.6052631579
398774,,1.0,902691.8947368421
398782,0.4450613856315613,,902718.2105263158
398783,,1.0,902721.5
398788,0.44507139921188354,,902737.947368421
398789,,1.0,902741.2368421053
398800,0.4450814127922058,,902777.4210526316
398801,,1.0,902780.7105263158
398822,0.4451114237308502,,902854.5882352941
398823,,3.0,902858.5098039216
398832,0.44514143466949463,,902893.8039215687
398833,,3.0,902897.725490196
398842,0.44517144560813904,,902933.0196078431
398843,,3.0,902936.9411764706
398853,0.44520145654678345,,902976.1568627451
398854,,3.0,902980.0784313725
398871,0.44520145654678345,,903009.0697674418
398872,,0.0,903010.8604651163
398880,0.44520145654678345,,903025.1860465116
398881,,0.0,903026.976744186
398891,0.44520145654678345,,903044.8837209302
398892,,0.0,903046.6744186047
398898,0.44520145654678345,,903057.4186046511
398899,,0.0,903059.2093023256
398914,0.44523146748542786,,903113.1739130435
398915,,3.0,903117.5217391305
398924,0.44526147842407227,,903156.6521739131
398925,,3.0,903161.0
398936,0.4452914893627167,,903208.8260869565
398937,,3.0,903213.1739130435
398946,0.4453215003013611,,903252.304347826
398947,,3.0,903256.6521739131
398961,0.44533151388168335,,903289.1875
398962,,1.0,903291.75
398970,0.4453415274620056,,903312.25
398971,,1.0,903314.8125
398980,0.4453515410423279,,903337.875
398981,,1.0,903340.4375
398996,0.44536155462265015,,903378.875
398997,,1.0,903381.4375
399008,0.44539156556129456,,903413.2571428572
399009,,3.0,903416.9142857143
399016,0.44542157649993896,,903442.5142857142
399017,,3.0,903446.1714285715
399025,0.4454515874385834,,903475.4285714285
399026,,3.0,903479.0857142857
399033,0.4454815983772278,,903504.6857142857
399034,,3.0,903508.3428571429
399047,0.44549161195755005,,903550.25
399048,,1.0,903554.075
399056,0.4455016255378723,,903584.675
399057,,1.0,903588.5
399063,0.4455116391181946,,903611.45
399064,,1.0,903615.275
399075,0.44552165269851685,,903657.35
399076,,1.0,903661.175
399086,0.44552165269851685,,903679.6
399087,,0.0,903681.6857142857
399094,0.44552165269851685,,903696.2857142857
399095,,0.0,903698.3714285714
399100,0.44552165269851685,,903708.8
399101,,0.0,903710.8857142857
399112,0.44552165269851685,,903733.8285714285
399113,,0.0,903735.9142857143
399128,0.4455316662788391,,903769.5918367347
399129,,1.0,903772.224489796
399138,0.4455416798591614,,903795.918367347
399139,,1.0,903798.5510204082
399150,0.44555169343948364,,903827.5102040817
399151,,1.0,903830.1428571428
399163,0.4455617070198059,,903861.7346938775
399164,,1.0,903864.3673469388
399180,0.4455917179584503,,903923.5217391305
399181,,3.0,903927.8695652174
399188,0.4456217288970947,,903958.304347826
399189,,3.0,903962.6521739131
399199,0.44565173983573914,,904006.1304347826
399200,,3.0,904010.4782608695
399211,0.44568175077438354,,904058.304347826
399212,,3.0,904062.6521739131
399227,0.44571176171302795,,904118.0638297872
399228,,3.0,904122.3191489362
399238,0.44574177265167236,,904164.8723404255
399239,,3.0,904169.1276595745
399245,0.4457717835903168,,904194.659574468
399246,,3.0,904198.914893617
399260,0.4458017945289612,,904258.4893617021
399261,,3.0,904262.7446808511
399278,0.4458017945289612,,904291.9803921569
399279,,0.0,904293.7647058824
399290,0.4458017945289612,,904313.3921568628
399291,,0.0,904315.1764705882
399300,0.4458017945289612,,904331.2352941176
399301,,0.0,904333.0196078431
399313,0.4458017945289612,,904354.431372549
399314,,0.0,904356.2156862745
399335,0.4458318054676056,,904430.0
399336,,3.0,904434.0
399345,0.44586181640625,,904470.0
399346,,3.0,904474.0
399357,0.4458918273448944,,904518.0
399358,,3.0,904522.0
399365,0.4459218382835388,,904550.0
399366,,3.0,904554.0
399384,0.4459218382835388,,904581.5714285715
399385,,0.0,904583.1428571428
399394,0.4459218382835388,,904597.2857142857
399395,,0.0,904598.8571428572
399405,0.4459218382835388,,904614.5714285715
399406,,0.0,904616.1428571428
399416,0.4459218382835388,,904631.8571428572
399417,,0.0,904633.4285714285
399431,0.4459218382835388,,904661.0408163265
399432,,0.0,904663.4081632653
399447,0.4459218382835388,,904698.918367347
399448,,0.0,904701.2857142857
399460,0.4459218382835388,,904729.693877551
399461,,0.0,904732.0612244898
399467,0.4459218382835388,,904746.2653061225
399468,,0.0,904748.6326530612
399483,0.4459218382835388,,904784.7674418605
399484,,0.0,904787.5813953489
399494,0.4459218382835388,,904815.7209302326
399495,,0.0,904818.5348837209
399505,0.4459218382835388,,904846.6744186047
399506,,0.0,904849.4883720931
399512,0.4459218382835388,,904866.3720930233
399513,,0.0,904869.1860465116
399530,0.4459318518638611,,904909.9166666666
399531,,1.0,904912.625
399540,0.44594186544418335,,904937.0
399541,,1.0,904939.7083333334
399553,0.4459518790245056,,904972.2083333334
399554,,1.0,904974.9166666666
399562,0.4459618926048279,,904996.5833333334
399563,,1.0,904999.2916666666
399583,0.44597190618515015,,905045.18
399584,,1.0,905047.72
399597,0.4459819197654724,,905080.74
399598,,1.0,905083.28
399605,0.4459919333457947,,905101.06
399606,,1.0,905103.6
399614,0.44600194692611694,,905123.92
399615,,1.0,905126.46
399630,0.4460119605064392,,905166.7142857143
399631,,1.0,905169.8571428572
399639,0.4460219740867615,,905195.0
399640,,1.0,905198.1428571428
399646,0.44603198766708374,,905217.0
399647,,1.0,905220.1428571428
399658,0.446042001247406,,905254.7142857143
399659,,1.0,905257.8571428572
399672,0.446042001247406,,905277.976744186
399673,,0.0,905279.6744186047
399677,0.446042001247406,,905286.4651162791
399678,,0.0,905288.1627906977
399688,0.446042001247406,,905305.1395348837
399689,,0.0,905306.8372093023
399703,0.446042001247406,,905330.6046511628
399704,,0.0,905332.3023255814
399716,0.4460720121860504,,905380.1538461539
399717,,3.0,905385.282051282
399726,0.4461020231246948,,905431.4358974359
399727,,3.0,905436.5641025641
399736,0.44613203406333923,,905482.717948718
399737,,3.0,905487.8461538461
399744,0.44616204500198364,,905523.7435897436
399745,,3.0,905528.8717948718
399758,0.4461820423603058,,905578.3902439025
399759,,2.0,905582.8292682926
399770,0.44620203971862793,,905631.6585365854
399771,,2.0,905636.0975609756
399781,0.4462220370769501,,905680.487804878
399782,,2.0,905684.9268292683
399787,0.4462420344352722,,905707.1219512195
399788,,2.0,905711.5609756098
399800,0.4462520480155945,,905734.6279069767
399801,,1.0,905736.6976744186
399810,0.44626206159591675,,905755.3255813953
399811,,1.0,905757.3953488372
399822,0.446272075176239,,905780.1627906977
399823,,1.0,905782.2325581395
399832,0.4462820887565613,,905800.8604651163
399833,,1.0,905802.9302325582
399849,0.4462820887565613,,905843.1333333333
399850,,0.0,905846.0666666667
399860,0.4462820887565613,,905875.4
399861,,0.0,905878.3333333334
399871,0.4462820887565613,,905907.6666666666
399872,,0.0,905910.6
399879,0.4462820887565613,,905931.1333333333
399880,,0.0,905934.0666666667
399895,0.4463120996952057,,905998.5384615385
399896,,3.0,906003.6666666666
399902,0.4463421106338501,,906034.4358974359
399903,,3.0,906039.5641025641
399912,0.4463721215724945,,906085.717948718
399913,,3.0,906090.8461538461
399920,0.4464021325111389,,906126.7435897436
399921,,3.0,906131.8717948718
399939,0.4464321434497833,,906205.1818181818
399940,,3.0,906209.7272727273
399948,0.44646215438842773,,906246.0909090909
399949,,3.0,906250.6363636364
399956,0.44649216532707214,,906282.4545454546
399957,,3.0,906287.0
399966,0.44652217626571655,,906327.9090909091
399967,,3.0,906332.4545454546
399978,0.44652217626571655,,906361.4210526316
399979,,0.0,906364.4736842106
399990,0.44652217626571655,,906398.052631579
399991,,0.0,906401.1052631579
399998,0.44652217626571655,,906422.4736842106
399999,,0.0,906425.5263157894
400006,0.44652217626571655,,906446.8947368421
400007,,0.0,906449.947368421
400020,0.4465321898460388,,906489.6666666666
400021,,1.0,906493.3333333334
400029,0.4465422034263611,,906522.6666666666
400030,,1.0,906526.3333333334
400036,0.44655221700668335,,906548.3333333334
400037,,1.0,906552.0
400047,0.4465622305870056,,906588.6666666666
400048,,1.0,906592.3333333334
400062,0.44659224152565,,906646.0
400063,,3.0,906650.5454545454
400076,0.44662225246429443,,906709.6363636364
400077,,3.0,906714.1818181818
400085,0.44665226340293884,,906750.5454545454
400086,,3.0,906755.0909090909
400093,0.44668227434158325,,906786.9090909091
400094,,3.0,906791.4545454546
400118,0.44668227434158325,,906845.6730769231
400119,,0.0,906848.0384615385
400129,0.44668227434158325,,906871.6923076923
400130,,0.0,906874.0576923077
400140,0.44668227434158325,,906897.7115384615
400141,,0.0,906900.0769230769
400147,0.44668227434158325,,906914.2692307692
400148,,0.0,906916.6346153846
400168,0.4466922879219055,,906950.4130434783
400169,,1.0,906952.2608695652
400176,0.4467023015022278,,906965.195652174
400177,,1.0,906967.0434782609
400184,0.44671231508255005,,906979.9782608695
400185,,1.0,906981.8260869565
400195,0.4467223286628723,,907000.304347826
400196,,1.0,907002.1521739131
400213,0.4467523396015167,,907070.6666666666
400214,,3.0,907075.4285714285
400223,0.44678235054016113,,907118.2857142857
400224,,3.0,907123.0476190476
400231,0.44681236147880554,,907156.380952381
400232,,3.0,907161.1428571428
400239,0.44684237241744995,,907194.4761904762
400240,,3.0,907199.2380952381
400248,0.4468623697757721,,907224.2380952381
400249,,2.0,907228.2857142857
400259,0.44688236713409424,,907268.7619047619
400260,,2.0,907272.8095238095
400270,0.4469023644924164,,907313.2857142857
400271,,2.0,907317.3333333334
400283,0.4469223618507385,,907365.9047619047
400284,,2.0,907369.9523809524
400294,0.44695237278938293,,907411.8378378379
400295,,3.0,907417.2432432432
400300,0.44698238372802734,,907444.2702702703
400301,,3.0,907449.6756756756
400311,0.44701239466667175,,907503.7297297297
400312,,3.0,907509.1351351351
400322,0.44704240560531616,,907563.1891891892
400323,,3.0,907568.5945945946
400337,0.4470624029636383,,907612.6341463415
400338,,2.0,907616.1463414634
400347,0.44708240032196045,,907647.756097561
400348,,2.0,907651.268292683
400356,0.4471023976802826,,907679.3658536585
400357,,2.0,907682.8780487805
400365,0.44712239503860474,,907710.9756097561
400366,,2.0,907714.487804878
400379,0.4471423923969269,,907761.9024390244
400380,,2.0,907766.2926829269
400389,0.447162389755249,,907805.8048780488
400390,,2.0,907810.1951219512
400400,0.44718238711357117,,907854.0975609756
400401,,2.0,907858.487804878
400408,0.4472023844718933,,907889.2195121951
400409,,2.0,907893.6097560975
400425,0.4472323954105377,,907954.5217391305
400426,,3.0,907958.8695652174
400435,0.44726240634918213,,907998.0
400436,,3.0,908002.3478260869
400443,0.44729241728782654,,908032.7826086957
400444,,3.0,908037.1304347826
400456,0.44732242822647095,,908089.304347826
400457,,3.0,908093.6521739131
400469,0.44732242822647095,,908115.7692307692
400470,,0.0,908117.7435897436
400480,0.44732242822647095,,908137.4871794871
400481,,0.0,908139.4615384615
400488,0.44732242822647095,,908153.282051282
400489,,0.0,908155.2564102564
400497,0.44732242822647095,,908171.0512820513
400498,,0.0,908173.0256410256
400510,0.4473424255847931,,908193.6428571428
400511,,2.0,908195.7142857143
400521,0.44736242294311523,,908216.4285714285
400522,,2.0,908218.5
400530,0.4473824203014374,,908235.0714285715
400531,,2.0,908237.1428571428
400541,0.4474024176597595,,908257.8571428572
400542,,2.0,908259.9285714285
400557,0.44742241501808167,,908298.8181818182
400558,,2.0,908301.8863636364
400567,0.4474424123764038,,908329.5
400568,,2.0,908332.5681818182
400576,0.44746240973472595,,908357.1136363636
400577,,2.0,908360.1818181818
400587,0.4474824070930481,,908390.8636363636
400588,,2.0,908393.9318181818
400604,0.4474824070930481,,908432.6744186047
400605,,0.0,908435.4186046511
400617,0.4474824070930481,,908468.3488372093
400618,,0.0,908471.0930232558
400626,0.4474824070930481,,908493.0465116279
400627,,0.0,908495.7906976744
400632,0.4474824070930481,,908509.5116279069
400633,,0.0,908512.2558139535
400646,0.4474824070930481,,908533.8372093023
400647,,0.0,908535.7209302326
400657,0.4474824070930481,,908554.5581395349
400658,,0.0,908556.4418604651
400668,0.4474824070930481,,908575.2790697674
400669,,0.0,908577.1627906977
400677,0.4474824070930481,,908592.2325581395
400678,,0.0,908594.1162790698
400695,0.44749242067337036,,908635.0833333334
400696,,1.0,908637.875
400709,0.4475024342536926,,908674.1666666666
400710,,1.0,908676.9583333334
400718,0.4475124478340149,,908699.2916666666
400719,,1.0,908702.0833333334
400727,0.44752246141433716,,908724.4166666666
400728,,1.0,908727.2083333334
400740,0.44752246141433716,,908753.6511627907
400741,,0.0,908756.2790697674
400752,0.44752246141433716,,908785.1860465116
400753,,0.0,908787.8139534884
400762,0.44752246141433716,,908811.4651162791
400763,,0.0,908814.0930232558
400772,0.44752246141433716,,908837.7441860465
400773,,0.0,908840.3720930233
400788,0.44752246141433716,,908879.0
400789,,0.0,908882.0
400795,0.44752246141433716,,908900.0
400796,,0.0,908903.0
400806,0.44752246141433716,,908933.0
400807,,0.0,908936.0
400815,0.44752246141433716,,908960.0
400816,,0.0,908963.0
400830,0.44755247235298157,,909016.0
400831,,3.0,909020.5454545454
400838,0.447582483291626,,909052.3636363636
400839,,3.0,909056.9090909091
400847,0.4476124942302704,,909093.2727272727
400848,,3.0,909097.8181818182
400861,0.4476425051689148,,909156.9090909091
400862,,3.0,909161.4545454546
400881,0.4476725161075592,,909235.5652173914
400882,,3.0,909239.9130434783
400889,0.4477025270462036,,909270.3478260869
400890,,3.0,909274.695652174
400898,0.447732537984848,,909309.4782608695
400899,,3.0,909313.8260869565
400909,0.44776254892349243,,909357.304347826
400910,,3.0,909361.6521739131
400928,0.4477825462818146,,909426.3488372093
400929,,2.0,909430.3720930233
400934,0.4478025436401367,,909450.4883720931
400935,,2.0,909454.5116279069
400945,0.44782254099845886,,909494.7441860465
400946,,2.0,909498.7674418605
400954,0.447842538356781,,909530.9534883721
400955,,2.0,909534.976744186
400967,0.44785255193710327,,909586.1315789474
400968,,1.0,909591.3684210526
400975,0.44786256551742554,,909628.0263157894
400976,,1.0,909633.2631578947
400985,0.4478725790977478,,909680.3947368421
400986,,1.0,909685.6315789474
400994,0.44788259267807007,,909727.5263157894
400995,,1.0,909732.7631578947
401008,0.44789260625839233,,909766.9361702128
401009,,1.0,909769.8297872341
401022,0.4479026198387146,,909807.4468085107
401023,,1.0,909810.340425532
401031,0.44791263341903687,,909833.4893617021
401032,,1.0,909836.3829787234
401043,0.44792264699935913,,909868.2127659575
401044,,1.0,909871.1063829787
401056,0.4479326605796814,,909909.804347826
401057,,1.0,909913.7826086957
401069,0.44794267416000366,,909961.5217391305
401070,,1.0,909965.5
401083,0.4479526877403259,,910017.2173913043
401084,,1.0,910021.195652174
401091,0.4479627013206482,,910049.0434782609
401092,,1.0,910053.0217391305
401109,0.44797271490097046,,910095.3018867924
401110,,1.0,910098.037735849
401119,0.4479827284812927,,910122.6603773584
401120,,1.0,910125.3962264151
401132,0.447992742061615,,910158.2264150943
401133,,1.0,910160.962264151
401146,0.44800275564193726,,910196.5283018867
401147,,1.0,910199.2641509434
401158,0.44800275564193726,,910225.6097560975
401159,,0.0,910228.5609756098
401171,0.44800275564193726,,910263.9756097561
401172,,0.0,910266.9268292683
401180,0.44800275564193726,,910290.5365853659
401181,,0.0,910293.487804878
401189,0.44800275564193726,,910317.0975609756
401190,,0.0,910320.0487804879
401200,0.44800275564193726,,910337.6
401201,,0.0,910339.6857142857
401208,0.44800275564193726,,910354.2857142857
401209,,0.0,910356.3714285714
401217,0.44800275564193726,,910373.0571428571
401218,,0.0,910375.1428571428
401226,0.44800275564193726,,910391.8285714285
401227,,0.0,910393.9142857143
401242,0.44800275564193726,,910429.6
401243,,0.0,910432.4
401250,0.44800275564193726,,910452.0
401251,,0.0,910454.8
401260,0.44800275564193726,,910480.0
401261,,0.0,910482.8
401273,0.44800275564193726,,910516.4
401274,,0.0,910519.2
401285,0.44800275564193726,,910540.4186046511
401286,,0.0,910542.7209302326
401295,0.44800275564193726,,910563.4418604651
401296,,0.0,910565.7441860465
401308,0.44800275564193726,,910593.3720930233
401309,,0.0,910595.6744186047
401318,0.44800275564193726,,910616.3953488372
401319,,0.0,910618.6976744186
401335,0.44800275564193726,,910645.9736842106
401336,,0.0,910647.8947368421
401342,0.44800275564193726,,910659.4210526316
401343,,0.0,910661.3421052631
401352,0.44800275564193726,,910678.6315789474
401353,,0.0,910680.552631579
401358,0.44800275564193726,,910690.1578947369
401359,,0.0,910692.0789473684
401376,0.4480127692222595,,910731.9555555555
401377,,1.0,910734.6666666666
401388,0.4480227828025818,,910764.4888888889
401389,,1.0,910767.2
401396,0.44803279638290405,,910786.1777777778
401397,,1.0,910788.8888888889
401405,0.4480428099632263,,910810.5777777778
401406,,1.0,910813.2888888889
401421,0.44806280732154846,,910866.5714285715
401422,,2.0,910870.7857142857
401431,0.4480828046798706,,910908.7142857143
401432,,2.0,910912.9285714285
401441,0.44810280203819275,,910950.8571428572
401442,,2.0,910955.0714285715
401449,0.4481227993965149,,910984.5714285715
401450,,2.0,910988.7857142857
401467,0.44813281297683716,,911028.0
401468,,1.0,911030.5
401476,0.4481428265571594,,911050.5
401477,,1.0,911053.0
401489,0.4481528401374817,,911083.0
401490,,1.0,911085.5
401501,0.44816285371780396,,911113.0
401502,,1.0,911115.5
401521,0.4481728672981262,,911164.0408163265
401522,,1.0,911166.918367347
401532,0.4481828808784485,,911195.693877551
401533,,1.0,911198.5714285715
401542,0.44819289445877075,,911224.4693877551
401543,,1.0,911227.3469387755
401552,0.448202908039093,,911253.2448979592
401553,,1.0,911256.1224489796
401567,0.4482129216194153,,911296.9210526316
401568,,1.0,911300.3684210526
401575,0.44822293519973755,,911324.5
401576,,1.0,911327.947368421
401582,0.4482329487800598,,911348.6315789474
401583,,1.0,911352.0789473684
401592,0.4482429623603821,,911383.1052631579
401593,,1.0,911386.552631579
401607,0.4482429623603821,,911424.1891891892
401608,,0.0,911427.2972972973
401617,0.4482429623603821,,911455.2702702703
401618,,0.0,911458.3783783783
401624,0.4482429623603821,,911477.027027027
401625,,0.0,911480.1351351351
401631,0.4482429623603821,,911498.7837837838
401632,,0.0,911501.8918918918
401646,0.44825297594070435,,911549.25
401647,,1.0,911553.2727272727
401656,0.4482629895210266,,911589.4772727273
401657,,1.0,911593.5
401666,0.4482730031013489,,911629.7045454546
401667,,1.0,911633.7272727273
401677,0.44828301668167114,,911673.9545454546
401678,,1.0,911677.9772727273
401696,0.4482930302619934,,911725.8
401697,,1.0,911728.72
401703,0.4483030438423157,,911746.24
401704,,1.0,911749.16
401717,0.44831305742263794,,911787.12
401718,,1.0,911790.04
401729,0.4483230710029602,,911822.16
401730,,1.0,911825.08
401750,0.4483230710029602,,911864.4285714285
401751,,0.0,911866.5714285715
401763,0.4483230710029602,,911892.2857142857
401764,,0.0,911894.4285714285
401775,0.4483230710029602,,911918.0
401776,,0.0,911920.1428571428
401787,0.4483230710029602,,911943.7142857143
401788,,0.0,911945.8571428572
401805,0.44834306836128235,,912020.5789473684
401806,,2.0,912025.7631578947
401812,0.4483630657196045,,912056.8684210526
401813,,2.0,912062.052631579
401821,0.44838306307792664,,912103.5263157894
401822,,2.0,912108.7105263158
401827,0.4484030604362488,,912134.6315789474
401828,,2.0,912139.8157894737
401844,0.44841307401657104,,912177.3617021276
401845,,1.0,912179.8510638297
401857,0.4484230875968933,,912209.7234042553
401858,,1.0,912212.2127659575
401870,0.4484331011772156,,912242.085106383
401871,,1.0,912244.5744680851
401876,0.44844311475753784,,912257.0212765958
401877,,1.0,912259.5106382979
401889,0.4484531283378601,,912286.75
401890,,1.0,912289.5
401902,0.4484631419181824,,912322.5
401903,,1.0,912325.25
401913,0.44847315549850464,,912352.75
401914,,1.0,912355.5
401922,0.4484831690788269,,912377.5
401923,,1.0,912380.25
401935,0.4485131800174713,,912421.2978723404
401936,,3.0,912425.5531914893
401945,0.4485431909561157,,912463.8510638297
401946,,3.0,912468.1063829787
401959,0.44857320189476013,,912523.4255319149
401960,,3.0,912527.6808510638
401971,0.44860321283340454,,912574.4893617021
401972,,3.0,912578.7446808511
401988,0.44860321283340454,,912612.5
401989,,0.0,912614.7692307692
402000,0.44860321283340454,,912639.7307692308
402001,,0.0,912642.0
402012,0.44860321283340454,,912666.9615384615
402013,,0.0,912669.2307692308
402025,0.44860321283340454,,912696.4615384615
402026,,0.0,912698.7307692308
402037,0.4486132264137268,,912727.731707317
402038,,1.0,912731.0731707317
402051,0.4486232399940491,,912774.512195122
402052,,1.0,912777.8536585366
402062,0.44863325357437134,,912811.268292683
402063,,1.0,912814.6097560975
402068,0.4486432671546936,,912831.3170731707
402069,,1.0,912834.6585365854
402082,0.44865328073501587,,912861.2653061225
402083,,1.0,912863.5918367347
402091,0.44866329431533813,,912882.2040816327
402092,,1.0,912884.5306122449
402105,0.4486733078956604,,912914.775510204
402106,,1.0,912917.1020408163
402119,0.44868332147598267,,912947.3469387755
402120,,1.0,912949.6734693878
402138,0.4487133324146271,,913010.775510204
402139,,3.0,913014.693877551
402146,0.4487433433532715,,913042.1224489796
402147,,3.0,913046.0408163265
402152,0.4487733542919159,,913065.6326530612
402153,,3.0,913069.5510204082
402170,0.4488033652305603,,913136.1632653062
402171,,3.0,913140.081632653
402184,0.4488333761692047,,913198.8571428572
402185,,3.0,913204.3428571429
402193,0.4488633871078491,,913248.2285714286
402194,,3.0,913253.7142857143
402200,0.44889339804649353,,913286.6285714286
402201,,3.0,913292.1142857143
402207,0.44892340898513794,,913325.0285714286
402208,,3.0,913330.5142857142
402219,0.4489434063434601,,913363.7333333333
402220,,2.0,913367.2
402228,0.4489634037017822,,913394.9333333333
402229,,2.0,913398.4
402238,0.44898340106010437,,913429.6
402239,,2.0,913433.0666666667
402254,0.4490033984184265,,913485.0666666667
402255,,2.0,913488.5333333333
402267,0.4490033984184265,,913525.3870967742
402268,,0.0,913529.0967741936
402273,0.4490033984184265,,913547.6451612903
402274,,0.0,913551.3548387097
402282,0.4490033984184265,,913581.0322580645
402283,,0.0,913584.7419354839
402287,0.4490033984184265,,913599.5806451613
402288,,0.0,913603.2903225806
402305,0.4490033984184265,,913647.0909090909
402306,,0.0,913649.9545454546
402311,0.4490033984184265,,913664.2727272727
402312,,0.0,913667.1363636364
402323,0.4490033984184265,,913698.6363636364
402324,,0.0,913701.5
402333,0.4490033984184265,,913727.2727272727
402334,,0.0,913730.1363636364
402355,0.4490134119987488,,913772.5217391305
402356,,1.0,913774.7173913043
402363,0.44902342557907104,,913790.0869565217
402364,,1.0,913792.2826086957
402374,0.4490334391593933,,913814.2391304348
402375,,1.0,913816.4347826086
402381,0.4490434527397156,,913829.6086956522
402382,,1.0,913831.804347826
402395,0.44907346367836,,913882.7804878049
402396,,3.0,913887.6585365854
402403,0.4491034746170044,,913921.8048780488
402404,,3.0,913926.6829268293
402412,0.4491334855556488,,913965.7073170731
402413,,3.0,913970.5853658536
402424,0.4491634964942932,,914024.243902439
402425,,3.0,914029.1219512195
402434,0.4491735100746155,,914056.5882352941
402435,,1.0,914060.3529411765
402444,0.44918352365493774,,914094.2352941176
402445,,1.0,914098.0
402453,0.44919353723526,,914128.1176470588
402454,,1.0,914131.8823529412
402460,0.4492035508155823,,914154.4705882353
402461,,1.0,914158.2352941176
402478,0.4492235481739044,,914214.1818181818
402479,,2.0,914217.9090909091
402488,0.44924354553222656,,914251.4545454546
402489,,2.0,914255.1818181818
402497,0.4492635428905487,,914285.0
402498,,2.0,914288.7272727273
402506,0.44928354024887085,,914318.5454545454
402507,,2.0,914322.2727272727
402520,0.44928354024887085,,914364.4615384615
402521,,0.0,914368.3076923077
402527,0.44928354024887085,,914391.3846153846
402528,,0.0,914395.2307692308
402535,0.44928354024887085,,914422.1538461539
402536,,0.0,914426.0
402547,0.44928354024887085,,914468.3076923077
402548,,0.0,914472.1538461539
402566,0.449303537607193,,914529.4905660377
402567,,2.0,914533.0566037736
402580,0.44932353496551514,,914579.4150943396
402581,,2.0,914582.9811320754
402587,0.4493435323238373,,914604.3773584906
402588,,2.0,914607.9433962264
402602,0.4493635296821594,,914657.8679245283
402603,,2.0,914661.4339622641
402619,0.44939354062080383,,914728.4146341464
402620,,3.0,914733.2926829269
402626,0.44942355155944824,,914762.5609756098
402627,,3.0,914767.4390243902
402637,0.44945356249809265,,914816.2195121951
402638,,3.0,914821.0975609756
402645,0.44948357343673706,,914855.243902439
402646,,3.0,914860.1219512195
402658,0.44951358437538147,,914915.0
402659,,3.0,914920.5555555555
402666,0.4495435953140259,,914959.4444444445
402667,,3.0,914965.0
402672,0.4495736062526703,,914992.7777777778
402673,,3.0,914998.3333333334
402683,0.4496036171913147,,915053.8888888889
402684,,3.0,915059.4444444445
402702,0.44961363077163696,,915106.8085106383
402703,,1.0,915109.5957446808
402715,0.44962364435195923,,915143.0425531915
402716,,1.0,915145.8297872341
402724,0.4496336579322815,,915168.1276595745
402725,,1.0,915170.914893617
402732,0.44964367151260376,,915190.4255319149
402733,,1.0,915193.2127659575
402747,0.44967368245124817,,915247.1627906977
402748,,3.0,915251.8139534884
402756,0.4497036933898926,,915289.023255814
402757,,3.0,915293.6744186047
402766,0.449733704328537,,915335.5348837209
402767,,3.0,915340.1860465116
402777,0.4497637152671814,,915386.6976744186
402778,,3.0,915391.3488372093
402792,0.44978371262550354,,915444.5
402793,,2.0,915448.9090909091
402802,0.4498037099838257,,915488.5909090909
402803,,2.0,915493.0
402810,0.4498237073421478,,915523.8636363636
402811,,2.0,915528.2727272727
402823,0.44984370470046997,,915581.1818181818
402824,,2.0,915585.5909090909
402844,0.4498737156391144,,915637.6739130435
402845,,3.0,915640.4782608695
402855,0.4499037265777588,,915668.5217391305
402856,,3.0,915671.3260869565
402864,0.4499337375164032,,915693.7608695652
402865,,3.0,915696.5652173914
402871,0.4499637484550476,,915713.3913043478
402872,,3.0,915716.195652174
402894,0.4499637484550476,,915769.1276595745
402895,,0.0,915771.7659574468
402902,0.4499637484550476,,915790.2340425532
402903,,0.0,915792.8723404255
402911,0.4499637484550476,,915813.9787234042
402912,,0.0,915816.6170212766
402920,0.4499637484550476,,915837.7234042553
402921,,0.0,915840.3617021276
402942,0.449993759393692,,915919.5957446808
402943,,3.0,915923.8510638297
402953,0.4500237703323364,,915966.4042553192
402954,,3.0,915970.659574468
402959,0.45005378127098083,,915991.9361702128
402960,,3.0,915996.1914893617
402969,0.45008379220962524,,916034.4893617021
402970,,3.0,916038.7446808511
402987,0.4500938057899475,,916108.2105263158
402988,,1.0,916112.8684210526
402995,0.4501038193702698,,916145.4736842106
402996,,1.0,916150.1315789474
403003,0.45011383295059204,,916182.7368421053
403004,,1.0,916187.3947368421
403009,0.4501238465309143,,916210.6842105263
403010,,1.0,916215.3421052631
403020,0.4501538574695587,,916251.8181818182
403021,,3.0,916256.3636363636
403034,0.4501838684082031,,916315.4545454546
403035,,3.0,916320.0
403045,0.45021387934684753,,916365.4545454546
403046,,3.0,916370.0
403055,0.45024389028549194,,916410.9090909091
403056,,3.0,916415.4545454546
403074,0.45027390122413635,,916493.1707317074
403075,,3.0,916498.0487804879
403084,0.45030391216278076,,916541.9512195121
403085,,3.0,916546.8292682926
403091,0.45033392310142517,,916576.0975609756
403092,,3.0,916580.9756097561
403098,0.4503639340400696,,916610.243902439
403099,,3.0,916615.1219512195
403113,0.45037394762039185,,916657.7567567568
403114,,1.0,916661.1891891892
403121,0.4503839612007141,,916685.2162162162
403122,,1.0,916688.6486486486
403131,0.4503939747810364,,916719.5405405406
403132,,1.0,916722.972972973
403137,0.45040398836135864,,916740.1351351351
403138,,1.0,916743.5675675676
403153,0.45040398836135864,,916783.5714285715
403154,,0.0,916786.619047619
403162,0.45040398836135864,,916811.0
403163,,0.0,916814.0476190476
403170,0.45040398836135864,,916835.380952381
403171,,0.0,916838.4285714285
403181,0.45040398836135864,,916868.9047619047
403182,,0.0,916871.9523809524
403197,0.45043399930000305,,916930.8139534884
403198,,3.0,916935.4651162791
403203,0.45046401023864746,,916958.7209302326
403204,,3.0,916963.3720930233
403216,0.45049402117729187,,917019.1860465116
403217,,3.0,917023.8372093023
403226,0.4505240321159363,,917065.6976744186
403227,,3.0,917070.3488372093
403238,0.4505540430545807,,917110.5555555555
403239,,3.0,917115.0
403253,0.4505840539932251,,917177.2222222222
403254,,3.0,917181.6666666666
403263,0.4506140649318695,,917221.6666666666
403264,,3.0,917226.1111111111
403273,0.4506440758705139,,917266.1111111111
403274,,3.0,917270.5555555555
403287,0.4506740868091583,,917320.4545454546
403288,,3.0,917325.0
403295,0.45070409774780273,,917356.8181818182
403296,,3.0,917361.3636363636
403311,0.45073410868644714,,917429.5454545454
403312,,3.0,917434.0909090909
403319,0.45076411962509155,,917465.9090909091
403320,,3.0,917470.4545454546
403327,0.45076411962509155,,917490.2
403328,,0.0,917494.0
403334,0.45076411962509155,,917516.8
403335,,0.0,917520.6
403348,0.45076411962509155,,917570.0
403349,,0.0,917573.8
403356,0.45076411962509155,,917600.4
403357,,0.0,917604.2
403374,0.45079413056373596,,917673.1162790698
403375,,3.0,917677.7674418605
403380,0.45082414150238037,,917701.023255814
403381,,3.0,917705.6744186047
403390,0.4508541524410248,,917747.5348837209
403391,,3.0,917752.1860465116
403401,0.4508841633796692,,917798.6976744186
403402,,3.0,917803.3488372093
403416,0.4509141743183136,,917856.8888888889
403417,,3.0,917861.3333333334
403425,0.450944185256958,,917896.8888888889
403426,,3.0,917901.3333333334
403437,0.4509741961956024,,917950.2222222222
403438,,3.0,917954.6666666666
403448,0.4510042071342468,,917999.1111111111
403449,,3.0,918003.5555555555
403469,0.45103421807289124,,918081.9130434783
403470,,3.0,918086.2608695652
403476,0.45106422901153564,,918112.3478260869
403477,,3.0,918116.695652174
403483,0.45109423995018005,,918142.7826086957
403484,,3.0,918147.1304347826
403496,0.45112425088882446,,918199.304347826
403497,,3.0,918203.6521739131
403510,0.45115426182746887,,918262.0540540541
403511,,3.0,918267.4594594594
403518,0.4511842727661133,,918305.2972972973
403519,,3.0,918310.7027027027
403525,0.4512142837047577,,918343.1351351351
403526,,3.0,918348.5405405406
403535,0.4512442946434021,,918397.1891891892
403536,,3.0,918402.5945945946
403551,0.4512743055820465,,918466.5365853659
403552,,3.0,918471.4146341464
403560,0.4513043165206909,,918510.4390243902
403561,,3.0,918515.3170731707
403571,0.4513343274593353,,918564.0975609756
403572,,3.0,918568.9756097561
403578,0.45136433839797974,,918598.243902439
403579,,3.0,918603.1219512195
403594,0.45139434933662415,,918635.8490566037
403595,,3.0,918638.1698113207
403603,0.45142436027526855,,918656.7358490566
403604,,3.0,918659.0566037736
403619,0.45145437121391296,,918693.8679245283
403620,,3.0,918696.1886792453
403633,0.4514843821525574,,918726.358490566
403634,,3.0,918728.679245283
403654,0.4515143930912018,,918799.0
403655,,3.0,918803.0
403665,0.4515444040298462,,918843.0
403666,,3.0,918847.0
403674,0.4515744149684906,,918879.0
403675,,3.0,918883.0
403685,0.451604425907135,,918923.0
403686,,3.0,918927.0
403697,0.4516344368457794,,918984.3333333334
403698,,3.0,918991.0
403705,0.45166444778442383,,919037.6666666666
403706,,3.0,919044.3333333334
403713,0.45169445872306824,,919091.0
403714,,3.0,919097.6666666666
403717,0.45172446966171265,,919117.6666666666
403718,,3.0,919124.3333333334
403733,0.45175448060035706,,919168.2
403734,,3.0,919171.3
403744,0.45178449153900146,,919202.3
403745,,3.0,919205.4
403757,0.4518145024776459,,919242.6
403758,,3.0,919245.7
403769,0.4518445134162903,,919279.8
403770,,3.0,919282.9
403780,0.4518745243549347,,919321.8974358974
403781,,3.0,919327.0256410256
403792,0.4519045352935791,,919383.4358974359
403793,,3.0,919388.5641025641
403801,0.4519345462322235,,919429.5897435897
403802,,3.0,919434.717948718
403810,0.4519645571708679,,919475.7435897436
403811,,3.0,919480.8717948718
403825,0.45199456810951233,,919541.0
403826,,3.0,919546.0
403833,0.45202457904815674,,919581.0
403834,,3.0,919586.0
403841,0.45205458998680115,,919621.0
403842,,3.0,919626.0
403852,0.45208460092544556,,919676.0
403853,,3.0,919681.0
403863,0.45211461186408997,,919723.8378378379
403864,,3.0,919729.2432432432
403874,0.4521446228027344,,919783.2972972973
403875,,3.0,919788.7027027027
403882,0.4521746337413788,,919826.5405405406
403883,,3.0,919831.9459459459
403891,0.4522046446800232,,919875.1891891892
403892,,3.0,919880.5945945946
403908,0.4522346556186676,,919943.7777777778
403909,,3.0,919948.2222222222
403917,0.452264666557312,,919983.7777777778
403918,,3.0,919988.2222222222
403926,0.4522946774959564,,920023.7777777778
403927,,3.0,920028.2222222222
403938,0.45232468843460083,,920077.1111111111
403939,,3.0,920081.5555555555
403956,0.45235469937324524,,920145.5744680851
403957,,3.0,920149.8297872341
403963,0.45238471031188965,,920175.3617021276
403964,,3.0,920179.6170212766
403973,0.45241472125053406,,920217.914893617
403974,,3.0,920222.1702127659
403987,0.45244473218917847,,920277.4893617021
403988,,3.0,920281.7446808511
404002,0.45245474576950073,,920337.2368421053
404003,,1.0,920341.8947368421
404010,0.452464759349823,,920374.5
404011,,1.0,920379.1578947369
404020,0.45247477293014526,,920421.0789473684
404021,,1.0,920425.7368421053
404027,0.45248478651046753,,920453.6842105263
404028,,1.0,920458.3421052631
404039,0.45251479744911194,,920503.0
404040,,3.0,920508.0
404049,0.45254480838775635,,920553.0
404050,,3.0,920558.0
404057,0.45257481932640076,,920593.0
404058,,3.0,920598.0
404069,0.45260483026504517,,920653.0
404070,,3.0,920658.0
404081,0.4526348412036896,,920703.0
404082,,3.0,920708.0
404089,0.452664852142334,,920743.0
404090,,3.0,920748.0
404100,0.4526948630809784,,920798.0
404101,,3.0,920803.0
404111,0.4527248740196228,,920853.0
404112,,3.0,920858.0
404124,0.4527548849582672,,920902.1304347826
404125,,3.0,920906.4782608695
404133,0.4527848958969116,,920941.2608695652
404134,,3.0,920945.6086956522
404146,0.45281490683555603,,920997.7826086957
404147,,3.0,921002.1304347826
404159,0.45284491777420044,,921054.304347826
404160,,3.0,921058.6521739131
404174,0.45287492871284485,,921110.8260869565
404175,,3.0,921115.1739130435
404183,0.45290493965148926,,921149.9565217391
404184,,3.0,921154.304347826
404196,0.45293495059013367,,921206.4782608695
404197,,3.0,921210.8260869565
404207,0.4529649615287781,,921254.304347826
404208,,3.0,921258.6521739131
404227,0.4529949724674225,,921319.1860465116
404228,,3.0,921322.6976744186
404233,0.4530249834060669,,921340.2558139535
404234,,3.0,921343.7674418605
404242,0.4530549943447113,,921371.8604651163
404243,,3.0,921375.3720930233
404252,0.4530850052833557,,921406.976744186
404253,,3.0,921410.4883720931
404272,0.4531150162220001,,921483.5652173914
404273,,3.0,921487.9130434783
404282,0.45314502716064453,,921527.0434782609
404283,,3.0,921531.3913043478
404292,0.45317503809928894,,921570.5217391305
404293,,3.0,921574.8695652174
404300,0.45320504903793335,,921605.304347826
404301,,3.0,921609.6521739131
404315,0.4532150626182556,,921658.0
404316,,1.0,921662.0
404323,0.4532250761985779,,921690.0
404324,,1.0,921694.0
404334,0.45323508977890015,,921734.0
404335,,1.0,921738.0
404345,0.4532451033592224,,921778.0
404346,,1.0,921782.0
404360,0.4532751142978668,,921850.7058823529
404361,,3.0,921856.5882352941
404366,0.45330512523651123,,921886.0
404367,,3.0,921891.8823529412
404373,0.45333513617515564,,921927.1764705882
404374,,3.0,921933.0588235294
404381,0.45336514711380005,,921974.2352941176
404382,,3.0,921980.1176470588
404395,0.45339515805244446,,922012.4705882353
404396,,3.0,922015.1176470588
404407,0.45342516899108887,,922044.2352941176
404408,,3.0,922046.8823529412
404418,0.4534551799297333,,922073.3529411765
404419,,3.0,922076.0
404434,0.4534851908683777,,922115.7058823529
404435,,3.0,922118.3529411765
404454,0.4535152018070221,,922195.4186046511
404455,,3.0,922200.0697674418
404460,0.4535452127456665,,922223.3255813953
404461,,3.0,922227.976744186
404471,0.4535752236843109,,922274.4883720931
404472,,3.0,922279.1395348837
404479,0.4536052346229553,,922311.6976744186
404480,,3.0,922316.3488372093
404498,0.4536052346229553,,922350.6739130435
404499,,0.0,922352.6521739131
404508,0.4536052346229553,,922370.4565217391
404509,,0.0,922372.4347826086
404517,0.4536052346229553,,922388.2608695652
404518,,0.0,922390.2391304348
404527,0.4536052346229553,,922408.0434782609
404528,,0.0,922410.0217391305
404547,0.45363524556159973,,922483.1111111111
404548,,3.0,922487.5555555555
404555,0.45366525650024414,,922518.6666666666
404556,,3.0,922523.1111111111
404566,0.45369526743888855,,922567.5555555555
404567,,3.0,922572.0
404574,0.45372527837753296,,922603.1111111111
404575,,3.0,922607.5555555555
404594,0.45375528931617737,,922680.085106383
404595,,3.0,922684.340425532
404600,0.4537853002548218,,922705.6170212766
404601,,3.0,922709.8723404255
404612,0.4538153111934662,,922756.6808510638
404613,,3.0,922760.9361702128
404623,0.4538453221321106,,922803.4893617021
404624,,3.0,922807.7446808511
404639,0.453875333070755,,922864.1739130435
404640,,3.0,922868.5217391305
404650,0.4539053440093994,,922912.0
404651,,3.0,922916.3478260869
404659,0.4539353549480438,,922951.1304347826
404660,,3.0,922955.4782608695
404671,0.45396536588668823,,923003.304347826
404672,,3.0,923007.6521739131
404692,0.45399537682533264,,923084.340425532
404693,,3.0,923088.5957446808
404699,0.45402538776397705,,923114.1276595745
404700,,3.0,923118.3829787234
404712,0.45405539870262146,,923169.4468085107
404713,,3.0,923173.7021276596
404720,0.45408540964126587,,923203.4893617021
404721,,3.0,923207.7446808511
404736,0.4541154205799103,,923260.9795918367
404737,,3.0,923265.0612244898
404747,0.4541454315185547,,923305.8775510204
404748,,3.0,923309.9591836735
404761,0.4541754424571991,,923363.0204081633
404762,,3.0,923367.1020408163
404771,0.4542054533958435,,923403.8367346938
404772,,3.0,923407.918367347
404790,0.4542354643344879,,923483.4285714285
404791,,3.0,923488.1904761905
404800,0.4542654752731323,,923531.0476190476
404801,,3.0,923535.8095238095
404806,0.45429548621177673,,923559.619047619
404807,,3.0,923564.380952381
404815,0.45432549715042114,,923602.4761904762
404816,,3.0,923607.2380952381
404832,0.45435550808906555,,923667.3191489362
404833,,3.0,923671.5744680851
404840,0.45438551902770996,,923701.3617021276
404841,,3.0,923705.6170212766
404848,0.45441552996635437,,923735.4042553192
404849,,3.0,923739.659574468
404864,0.4544455409049988,,923803.4893617021
404865,,3.0,923807.7446808511
404882,0.4544755518436432,,923872.8695652174
404883,,3.0,923877.2173913043
404895,0.4545055627822876,,923929.3913043478
404896,,3.0,923933.7391304348
404904,0.454535573720932,,923968.5217391305
404905,,3.0,923972.8695652174
404912,0.4545655846595764,,924003.304347826
404913,,3.0,924007.6521739131
404924,0.45458558201789856,,924048.2
404925,,2.0,924052.725
404934,0.4546055793762207,,924093.45
404935,,2.0,924097.975
404943,0.45462557673454285,,924134.175
404944,,2.0,924138.7
404954,0.454645574092865,,924183.95
404955,,2.0,924188.475
404971,0.4546755850315094,,924231.1875
404972,,3.0,924234.125
404983,0.4547055959701538,,924266.4375
404984,,3.0,924269.375
404996,0.4547356069087982,,924304.625
404997,,3.0,924307.5625
405004,0.4547656178474426,,924328.125
405005,,3.0,924331.0625
405016,0.45479562878608704,,924374.0
405017,,3.0,924379.0
405022,0.45482563972473145,,924404.0
405023,,3.0,924409.0
405033,0.45485565066337585,,924459.0
405034,,3.0,924464.0
405046,0.45488566160202026,,924524.0
405047,,3.0,924529.0
405055,0.4549156725406647,,924566.2580645161
405056,,3.0,924572.7096774194
405062,0.4549456834793091,,924611.4193548387
405063,,3.0,924617.8709677419
405073,0.4549756944179535,,924682.3870967742
405074,,3.0,924688.8387096775
405079,0.4550057053565979,,924721.0967741936
405080,,3.0,924727.5483870967
405096,0.4550357162952423,,924793.0909090909
405097,,3.0,924797.6363636364
405104,0.4550657272338867,,924829.4545454546
405105,,3.0,924834.0
405112,0.45509573817253113,,924865.8181818182
405113,,3.0,924870.3636363636
405125,0.45512574911117554,,924924.9090909091
405126,,3.0,924929.4545454546
405139,0.45515576004981995,,924988.0540540541
405140,,3.0,924993.4594594594
405147,0.45518577098846436,,925031.2972972973
405148,,3.0,925036.7027027027
405157,0.45521578192710876,,925085.3513513514
405158,,3.0,925090.7567567568
405164,0.4552457928657532,,925123.1891891892
405165,,3.0,925128.5945945946
405184,0.4552758038043976,,925202.085106383
405185,,3.0,925206.340425532
405194,0.455305814743042,,925244.6382978724
405195,,3.0,925248.8936170213
405203,0.4553358256816864,,925282.9361702128
405204,,3.0,925287.1914893617
405213,0.4553658366203308,,925325.4893617021
405214,,3.0,925329.7446808511
405227,0.4553958475589752,,925388.0540540541
405228,,3.0,925393.4594594594
405237,0.45542585849761963,,925442.1081081082
405238,,3.0,925447.5135135135
405245,0.45545586943626404,,925485.3513513514
405246,,3.0,925490.7567567568
405252,0.45548588037490845,,925523.1891891892
405253,,3.0,925528.5945945946
405269,0.45551589131355286,,925593.0909090909
405270,,3.0,925597.6363636364
405277,0.45554590225219727,,925629.4545454546
405278,,3.0,925634.0
405285,0.4555759131908417,,925665.8181818182
405286,,3.0,925670.3636363636
405298,0.4556059241294861,,925724.9090909091
405299,,3.0,925729.4545454546
405318,0.4556359350681305,,925812.0487804879
405319,,3.0,925816.9268292683
405324,0.4556659460067749,,925841.3170731707
405325,,3.0,925846.1951219512
405329,0.4556959569454193,,925865.7073170731
405330,,3.0,925870.5853658536
405341,0.4557259678840637,,925924.243902439
405342,,3.0,925929.1219512195
405364,0.45575597882270813,,926008.5098039216
405365,,3.0,926012.431372549
405374,0.45578598976135254,,926047.725490196
405375,,3.0,926051.6470588235
405383,0.45581600069999695,,926083.0196078431
405384,,3.0,926086.9411764706
405394,0.45584601163864136,,926126.1568627451
405395,,3.0,926130.0784313725
405405,0.45587602257728577,,926172.8888888889
405406,,3.0,926178.4444444445
405411,0.4559060335159302,,926206.2222222222
405412,,3.0,926211.7777777778
405420,0.4559360444545746,,926256.2222222222
405421,,3.0,926261.7777777778
405432,0.455966055393219,,926322.8888888889
405433,,3.0,926328.4444444445
405449,0.4559960663318634,,926391.7777777778
405450,,3.0,926396.2222222222
405460,0.4560260772705078,,926440.6666666666
405461,,3.0,926445.1111111111
405468,0.4560560882091522,,926476.2222222222
405469,,3.0,926480.6666666666
405479,0.45608609914779663,,926525.1111111111
405480,,3.0,926529.5555555555
405495,0.45611611008644104,,926576.0
405496,,3.0,926579.5
405508,0.45614612102508545,,926621.5
405509,,3.0,926625.0
405514,0.45617613196372986,,926642.5
405515,,3.0,926646.0
405523,0.45620614290237427,,926674.0
405524,,3.0,926677.5
405537,0.4562361538410187,,926727.5116279069
405538,,3.0,926732.1627906977
405545,0.4562661647796631,,926764.7209302326
405546,,3.0,926769.3720930233
405554,0.4562961757183075,,926806.5813953489
405555,,3.0,926811.2325581395
405568,0.4563261866569519,,926871.6976744186
405569,,3.0,926876.3488372093
405585,0.4563561975955963,,926931.9803921569
405586,,3.0,926935.9019607843
405599,0.4563862085342407,,926986.8823529412
405600,,3.0,926990.8039215687
405611,0.45641621947288513,,927033.9411764706
405612,,3.0,927037.8627450981
405621,0.45644623041152954,,927073.1568627451
405622,,3.0,927077.0784313725
405633,0.45644623041152954,,927116.1578947369
405634,,0.0,927120.552631579
405639,0.45644623041152954,,927142.5263157894
405640,,0.0,927146.9210526316
405652,0.45644623041152954,,927199.6578947369
405653,,0.0,927204.052631579
405661,0.45644623041152954,,927239.2105263158
405662,,0.0,927243.6052631579
405676,0.4564562439918518,,927278.5555555555
405677,,1.0,927281.3333333334
405686,0.4564662575721741,,927306.3333333334
405687,,1.0,927309.1111111111
405695,0.45647627115249634,,927331.3333333334
405696,,1.0,927334.1111111111
405708,0.4564862847328186,,927367.4444444445
405709,,1.0,927370.2222222222
405725,0.456516295671463,,927426.0612244898
405726,,3.0,927430.1428571428
405734,0.4565463066101074,,927462.7959183673
405735,,3.0,927466.8775510204
405746,0.45657631754875183,,927511.775510204
405747,,3.0,927515.8571428572
405759,0.45660632848739624,,927564.8367346938
405760,,3.0,927568.918367347
405777,0.45663633942604065,,927643.0
405778,,3.0,927648.0
405786,0.45666635036468506,,927688.0
405787,,3.0,927693.0
405793,0.45669636130332947,,927723.0
405794,,3.0,927728.0
405801,0.4567263722419739,,927763.0
405802,,3.0,927768.0
405818,0.45673638582229614,,927825.9512195121
405819,,1.0,927830.0243902439
405825,0.4567463994026184,,927854.4634146341
405826,,1.0,927858.5365853659
405834,0.4567564129829407,,927891.1219512195
405835,,1.0,927895.1951219512
405844,0.45676642656326294,,927931.8536585366
405845,,1.0,927935.9268292683
405860,0.45679643750190735,,927989.0666666667
405861,,3.0,927993.1555555556
405872,0.45682644844055176,,928038.1333333333
405873,,3.0,928042.2222222222
405880,0.45685645937919617,,928070.8444444444
405881,,3.0,928074.9333333333
405891,0.4568864703178406,,928115.8222222222
405892,,3.0,928119.911111111
405905,0.45689648389816284,,928158.4444444445
405906,,1.0,928161.8888888889
405916,0.4569064974784851,,928196.3333333334
405917,,1.0,928199.7777777778
405922,0.4569165110588074,,928217.0
405923,,1.0,928220.4444444445
405929,0.45692652463912964,,928241.1111111111
405930,,1.0,928244.5555555555
405947,0.45695653557777405,,928305.1428571428
405948,,3.0,928309.224489796
405956,0.45698654651641846,,928341.8775510204
405957,,3.0,928345.9591836735
405966,0.45701655745506287,,928382.693877551
405967,,3.0,928386.775510204
405980,0.4570465683937073,,928439.8367346938
405981,,3.0,928443.918367347
405994,0.4570765793323517,,928500.6315789474
405995,,3.0,928505.8947368421
406003,0.4571065902709961,,928548.0
406004,,3.0,928553.2631578947
406013,0.4571366012096405,,928600.6315789474
406014,,3.0,928605.8947368421
406020,0.4571666121482849,,928637.4736842106
406021,,3.0,928642.7368421053
406031,0.4571966230869293,,928685.8378378379
406032,,3.0,928691.2432432432
406041,0.45722663402557373,,928739.8918918918
406042,,3.0,928745.2972972973
406050,0.45725664496421814,,928788.5405405406
406051,,3.0,928793.9459459459
406059,0.45728665590286255,,928837.1891891892
406060,,3.0,928842.5945945946
406076,0.45731666684150696,,928909.9047619047
406077,,3.0,928914.6666666666
406082,0.45734667778015137,,928938.4761904762
406083,,3.0,928943.2380952381
406095,0.4573766887187958,,929000.380952381
406096,,3.0,929005.1428571428
406103,0.4574066996574402,,929038.4761904762
406104,,3.0,929043.2380952381
406122,0.45741671323776245,,929087.8863636364
406123,,1.0,929090.5454545454
406129,0.4574267268180847,,929106.5
406130,,1.0,929109.1590909091
406141,0.457436740398407,,929138.4090909091
406142,,1.0,929141.0681818182
406149,0.45744675397872925,,929159.6818181818
406150,,1.0,929162.3409090909
406162,0.45747676491737366,,929207.8571428572
406163,,3.0,929212.619047619
406173,0.45750677585601807,,929260.2380952381
406174,,3.0,929265.0
406184,0.4575367867946625,,929312.619047619
406185,,3.0,929317.380952381
406193,0.4575667977333069,,929355.4761904762
406194,,3.0,929360.2380952381
406209,0.4575968086719513,,929412.0588235294
406210,,3.0,929415.9803921569
406222,0.4576268196105957,,929463.0392156863
406223,,3.0,929466.9607843137
406233,0.4576568305492401,,929506.1764705882
406234,,3.0,929510.0980392157
406246,0.4576868414878845,,929557.1568627451
406247,,3.0,929561.0784313725
406265,0.4576968550682068,,929622.3913043478
406266,,1.0,929626.2173913043
406272,0.45770686864852905,,929649.1739130435
406273,,1.0,929653.0
406283,0.4577168822288513,,929691.2608695652
406284,,1.0,929695.0869565217
406294,0.4577268958091736,,929733.3478260869
406295,,1.0,929737.1739130435
406311,0.4577468931674957,,929791.8444444444
406312,,2.0,929795.7555555556
406319,0.45776689052581787,,929823.1333333333
406320,,2.0,929827.0444444445
406332,0.45778688788414,,929873.9777777778
406333,,2.0,929877.8888888889
406341,0.45780688524246216,,929909.1777777778
406342,,2.0,929913.088888889
406355,0.45783689618110657,,929969.6315789474
406356,,3.0,929974.8947368421
406365,0.457866907119751,,930022.2631578947
406366,,3.0,930027.5263157894
406371,0.4578969180583954,,930053.8421052631
406372,,3.0,930059.1052631579
406381,0.4579269289970398,,930106.4736842106
406382,,3.0,930111.7368421053
406396,0.45793694257736206,,930142.8372093023
406397,,1.0,930145.1860465116
406407,0.4579469561576843,,930168.6744186047
406408,,1.0,930171.023255814
406417,0.4579569697380066,,930192.1627906977
406418,,1.0,930194.5116279069
406426,0.45796698331832886,,930213.3023255814
406427,,1.0,930215.6511627907
406444,0.4579769968986511,,930266.0
406445,,1.0,930269.4285714285
406453,0.4579870104789734,,930296.8571428572
406454,,1.0,930300.2857142857
406461,0.45799702405929565,,930324.2857142857
406462,,1.0,930327.7142857143
406470,0.4580070376396179,,930355.1428571428
406471,,1.0,930358.5714285715
406486,0.45802703499794006,,930395.3
406487,,2.0,930398.075
406498,0.4580470323562622,,930428.6
406499,,2.0,930431.375
406508,0.45806702971458435,,930456.35
406509,,2.0,930459.125
406512,0.4580870270729065,,930467.45
406513,,2.0,930470.225
406527,0.4581170380115509,,930518.8333333334
406528,,3.0,930523.0
406535,0.4581470489501953,,930552.1666666666
406536,,3.0,930556.3333333334
406547,0.4581770598888397,,930602.1666666666
406548,,3.0,930606.3333333334
406562,0.45820707082748413,,930664.6666666666
406563,,3.0,930668.8333333334
406578,0.4582170844078064,,930718.6470588235
406579,,1.0,930722.4509803922
406588,0.45822709798812866,,930756.6862745098
406589,,1.0,930760.4901960784
406601,0.4582371115684509,,930806.1372549019
406602,,1.0,930809.9411764706
406615,0.4582471251487732,,930859.3921568628
406616,,1.0,930863.1960784313
406628,0.4582771360874176,,930909.8571428572
406629,,3.0,930914.619047619
406637,0.458307147026062,,930952.7142857143
406638,,3.0,930957.4761904762
406648,0.4583371579647064,,931005.0952380953
406649,,3.0,931009.8571428572
406659,0.45836716890335083,,931057.4761904762
406660,,3.0,931062.2380952381
406676,0.45839717984199524,,931130.4146341464
406677,,3.0,931135.2926829269
406683,0.45842719078063965,,931164.5609756098
406684,,3.0,931169.4390243902
406695,0.45845720171928406,,931223.0975609756
406696,,3.0,931227.9756097561
406702,0.45848721265792847,,931257.243902439
406703,,3.0,931262.1219512195
406719,0.4585172235965729,,931323.5217391305
406720,,3.0,931327.8695652174
406728,0.4585472345352173,,931362.6521739131
406729,,3.0,931367.0
406738,0.4585772454738617,,931406.1304347826
406739,,3.0,931410.4782608695
406750,0.4586072564125061,,931458.304347826
406751,,3.0,931462.6521739131
406770,0.4586372673511505,,931541.4186046511
406771,,3.0,931546.0697674418
406779,0.4586672782897949,,931583.2790697674
406780,,3.0,931587.9302325582
406786,0.45869728922843933,,931615.8372093023
406787,,3.0,931620.4883720931
406795,0.45872730016708374,,931657.6976744186
406796,,3.0,931662.3488372093
406811,0.45875731110572815,,931719.1739130435
406812,,3.0,931723.5217391305
406823,0.45878732204437256,,931771.3478260869
406824,,3.0,931775.695652174
406835,0.45881733298301697,,931823.5217391305
406836,,3.0,931827.8695652174
406843,0.4588473439216614,,931858.304347826
406844,,3.0,931862.6521739131
406857,0.4588773548603058,,931899.0
406858,,3.0,931902.2
406868,0.4589073657989502,,931934.2
406869,,3.0,931937.4
406877,0.4589373767375946,,931963.0
406878,,3.0,931966.2
406890,0.458967387676239,,932004.6
406891,,3.0,932007.8
406913,0.4589973986148834,,932084.0769230769
406914,,3.0,932087.9230769231
406923,0.45902740955352783,,932122.5384615385
406924,,3.0,932126.3846153846
406933,0.45905742049217224,,932161.0
406934,,3.0,932164.8461538461
406944,0.45908743143081665,,932203.3076923077
406945,,3.0,932207.1538461539
406963,0.45911744236946106,,932274.8297872341
406964,,3.0,932279.085106383
406974,0.45914745330810547,,932321.6382978724
406975,,3.0,932325.8936170213
406982,0.4591774642467499,,932355.6808510638
406983,,3.0,932359.9361702128
406993,0.4592074751853943,,932402.4893617021
406994,,3.0,932406.7446808511
407005,0.4592374861240387,,932450.0243902439
407006,,3.0,932454.9024390244
407017,0.4592674970626831,,932508.5609756098
407018,,3.0,932513.4390243902
407026,0.4592975080013275,,932552.4634146341
407027,,3.0,932557.3414634146
407036,0.4593275189399719,,932601.243902439
407037,,3.0,932606.1219512195
407055,0.45935752987861633,,932671.0
407056,,3.0,932675.0
407066,0.45938754081726074,,932715.0
407067,,3.0,932719.0
407074,0.45941755175590515,,932747.0
407075,,3.0,932751.0
407088,0.45944756269454956,,932803.0
407089,,3.0,932807.0
407100,0.4594675600528717,,932844.3617021276
407101,,2.0,932848.5319148937
407112,0.45948755741119385,,932894.4042553192
407113,,2.0,932898.5744680851
407123,0.459507554769516,,932940.2765957447
407124,,2.0,932944.4468085107
407137,0.45952755212783813,,932998.659574468
407138,,2.0,933002.8297872341
407149,0.45955756306648254,,933058.6129032258
407150,,3.0,933065.0645161291
407159,0.45958757400512695,,933123.1290322581
407160,,3.0,933129.5806451613
407163,0.45961758494377136,,933148.9354838709
407164,,3.0,933155.3870967742
407170,0.45964759588241577,,933194.0967741936
407171,,3.0,933200.5483870967
407188,0.45964759588241577,,933236.3023255814
407189,,0.0,933238.3953488372
407198,0.45964759588241577,,933257.2325581395
407199,,0.0,933259.3255813953
407202,0.45964759588241577,,933265.6046511628
407203,,0.0,933267.6976744186
407215,0.45964759588241577,,933292.8139534884
407216,,0.0,933294.9069767442
407231,0.4596776068210602,,933347.0
407232,,3.0,933351.1666666666
407238,0.4597076177597046,,933376.1666666666
407239,,3.0,933380.3333333334
407248,0.459737628698349,,933417.8333333334
407249,,3.0,933422.0
407265,0.4597676396369934,,933488.6666666666
407266,,3.0,933492.8333333334
407279,0.4597976505756378,,933555.8235294118
407280,,3.0,933561.7058823529
407289,0.4598276615142822,,933614.6470588235
407290,,3.0,933620.5294117647
407295,0.45985767245292664,,933649.9411764706
407296,,3.0,933655.8235294118
407301,0.45988768339157104,,933685.2352941176
407302,,3.0,933691.1176470588
407317,0.45991769433021545,,933755.5365853659
407318,,3.0,933760.4146341464
407328,0.45994770526885986,,933809.1951219512
407329,,3.0,933814.0731707317
407338,0.4599777162075043,,933857.9756097561
407339,,3.0,933862.8536585366
407344,0.4600077271461487,,933887.243902439
407345,,3.0,933892.1219512195
407363,0.46001774072647095,,933934.2
407364,,1.0,933936.68
407376,0.4600277543067932,,933966.44
407377,,1.0,933968.92
407385,0.4600377678871155,,933988.76
407386,,1.0,933991.24
407396,0.46004778146743774,,934016.04
407397,,1.0,934018.52
407412,0.4600677788257599,,934050.8867924528
407413,,2.0,934053.3773584906
407426,0.46008777618408203,,934085.7547169811
407427,,2.0,934088.2452830189
407437,0.4601077735424042,,934113.1509433963
407438,,2.0,934115.641509434
407451,0.4601277709007263,,934148.0188679246
407452,,2.0,934150.5094339623
407464,0.4601577818393707,,934200.3684210526
407465,,3.0,934205.6315789474
407473,0.46018779277801514,,934247.7368421053
407474,,3.0,934253.0
407482,0.46021780371665955,,934295.1052631579
407483,,3.0,934300.3684210526
407491,0.46024781465530396,,934342.4736842106
407492,,3.0,934347.7368421053
407514,0.46027782559394836,,934430.5510204082
407515,,3.0,934434.6326530612
407522,0.4603078365325928,,934463.2040816327
407523,,3.0,934467.2857142857
407532,0.4603378474712372,,934504.0204081633
407533,,3.0,934508.1020408163
407542,0.4603678584098816,,934544.8367346938
407543,,3.0,934548.918367347
407557,0.460397869348526,,934605.380952381
407558,,3.0,934610.1428571428
407568,0.4604278802871704,,934657.7619047619
407569,,3.0,934662.5238095238
407576,0.4604578912258148,,934695.8571428572
407577,,3.0,934700.619047619
407586,0.46048790216445923,,934743.4761904762
407587,,3.0,934748.2380952381
407600,0.46048790216445923,,934789.1904761905
407601,,0.0,934792.8095238095
407613,0.46048790216445923,,934836.2380952381
407614,,0.0,934839.8571428572
407620,0.46048790216445923,,934861.5714285715
407621,,0.0,934865.1904761905
407630,0.46048790216445923,,934897.7619047619
407631,,0.0,934901.380952381
407650,0.46048790216445923,,934941.8
407651,,0.0,934944.1
407662,0.46048790216445923,,934969.4
407663,,0.0,934971.7
407672,0.46048790216445923,,934992.4
407673,,0.0,934994.7
407682,0.46048790216445923,,935015.4
407683,,0.0,935017.7
407700,0.46048790216445923,,935059.1363636364
407701,,0.0,935061.9318181818
407712,0.46048790216445923,,935092.6818181818
407713,,0.0,935095.4772727273
407723,0.46048790216445923,,935123.4318181818
407724,,0.0,935126.2272727273
407728,0.46048790216445923,,935137.4090909091
407729,,0.0,935140.2045454546
407749,0.46051791310310364,,935212.387755102
407750,,3.0,935216.4693877551
407757,0.46054792404174805,,935245.0408163265
407758,,3.0,935249.1224489796
407770,0.46057793498039246,,935298.1020408163
407771,,3.0,935302.1836734693
407779,0.46060794591903687,,935334.8367346938
407780,,3.0,935338.918367347
407795,0.46061795949935913,,935383.0975609756
407796,,1.0,935386.4390243902
407803,0.4606279730796814,,935409.8292682926
407804,,1.0,935413.1707317074
407813,0.46063798666000366,,935443.243902439
407814,,1.0,935446.5853658536
407822,0.4606480002403259,,935473.3170731707
407823,,1.0,935476.6585365854
407842,0.46067801117897034,,935542.7450980392
407843,,3.0,935546.6666666666
407853,0.46070802211761475,,935585.8823529412
407854,,3.0,935589.8039215687
407863,0.46073803305625916,,935625.0980392157
407864,,3.0,935629.0196078431
407875,0.46076804399490356,,935672.1568627451
407876,,3.0,935676.0784313725
407889,0.46076804399490356,,935705.2380952381
407890,,0.0,935707.7619047619
407900,0.46076804399490356,,935733.0
407901,,0.0,935735.5238095238
407910,0.46076804399490356,,935758.2380952381
407911,,0.0,935760.7619047619
407919,0.46076804399490356,,935780.9523809524
407920,,0.0,935783.4761904762
407936,0.460798054933548,,935836.0
407937,,3.0,935839.8461538461
407946,0.4608280658721924,,935874.4615384615
407947,,3.0,935878.3076923077
407960,0.4608580768108368,,935928.3076923077
407961,,3.0,935932.1538461539
407973,0.4608880877494812,,935978.3076923077
407974,,3.0,935982.1538461539
407990,0.46089810132980347,,936026.6666666666
407991,,1.0,936029.7948717949
407998,0.46090811491012573,,936051.6923076923
407999,,1.0,936054.8205128205
408007,0.460918128490448,,936079.8461538461
408008,,1.0,936082.9743589744
408014,0.46092814207077026,,936101.7435897436
408015,,1.0,936104.8717948718
408027,0.4609481394290924,,936145.4651162791
408028,,2.0,936149.6279069767
408039,0.46096813678741455,,936195.4186046511
408040,,2.0,936199.5813953489
408049,0.4609881341457367,,936237.0465116279
408050,,2.0,936241.2093023256
408059,0.46100813150405884,,936278.6744186047
408060,,2.0,936282.8372093023
408082,0.46103814244270325,,936371.4444444445
408083,,3.0,936375.8888888889
408090,0.46106815338134766,,936407.0
408091,,3.0,936411.4444444445
408100,0.46109816431999207,,936451.4444444445
408101,,3.0,936455.8888888889
408106,0.4611281752586365,,936478.1111111111
408107,,3.0,936482.5555555555
408124,0.46113818883895874,,936539.9803921569
408125,,1.0,936543.7647058824
408140,0.461148202419281,,936600.5294117647
408141,,1.0,936604.3137254902
408149,0.46115821599960327,,936634.5882352941
408150,,1.0,936638.3725490196
408159,0.46116822957992554,,936672.431372549
408160,,1.0,936676.2156862745
408174,0.46119824051856995,,936701.45
408175,,3.0,936703.4
408180,0.46122825145721436,,936713.15
408181,,3.0,936715.1
408187,0.46125826239585876,,936726.8
408188,,3.0,936728.75
408201,0.4612882733345032,,936754.1
408202,,3.0,936756.05
408214,0.4613182842731476,,936806.6486486486
408215,,3.0,936812.0540540541
408225,0.461348295211792,,936866.1081081082
408226,,3.0,936871.5135135135
408231,0.4613783061504364,,936898.5405405406
408232,,3.0,936903.9459459459
408240,0.4614083170890808,,936947.1891891892
408241,,3.0,936952.5945945946
408258,0.4614383280277252,,936983.9583333334
408259,,3.0,936985.8125
408267,0.46146833896636963,,937000.6458333334
408268,,3.0,937002.5
408279,0.46149834990501404,,937022.8958333334
408280,,3.0,937024.75
408290,0.46152836084365845,,937043.2916666666
408291,,3.0,937045.1458333334
408303,0.46155837178230286,,937090.9024390244
408304,,3.0,937095.7804878049
408309,0.46158838272094727,,937120.1707317074
408310,,3.0,937125.0487804879
408316,0.4616183936595917,,937154.3170731707
408317,,3.0,937159.1951219512
408333,0.4616484045982361,,937237.243902439
408334,,3.0,937242.1219512195
408349,0.4616784155368805,,937297.4
408350,,3.0,937301.6
408358,0.4617084264755249,,937335.2
408359,,3.0,937339.4
408370,0.4617384374141693,,937385.6
408371,,3.0,937389.8
408380,0.4617684483528137,,937427.6
408381,,3.0,937431.8
408398,0.4617684483528137,,937478.0
408399,,0.0,937481.0
408409,0.4617684483528137,,937511.0
408410,,0.0,937514.0
408418,0.4617684483528137,,937538.0
408419,,0.0,937541.0
408427,0.4617684483528137,,937565.0
408428,,0.0,937568.0
408442,0.46178844571113586,,937611.2553191489
408443,,2.0,937614.914893617
408454,0.461808443069458,,937655.1702127659
408455,,2.0,937658.8297872341
408467,0.46182844042778015,,937702.7446808511
408468,,2.0,937706.4042553192
408476,0.4618484377861023,,937735.6808510638
408477,,2.0,937739.340425532
408489,0.4618784487247467,,937790.3684210526
408490,,3.0,937795.6315789474
408496,0.4619084596633911,,937827.2105263158
408497,,3.0,937832.4736842106
408507,0.4619384706020355,,937885.1052631579
408508,,3.0,937890.3684210526
408516,0.46196848154067993,,937932.4736842106
408517,,3.0,937937.7368421053
408530,0.46196848154067993,,937978.1428571428
408531,,0.0,937981.6571428571
408539,0.46196848154067993,,938009.7714285714
408540,,0.0,938013.2857142857
408547,0.46196848154067993,,938037.8857142857
408548,,0.0,938041.4
408553,0.46196848154067993,,938058.9714285714
408554,,0.0,938062.4857142858
408566,0.46199849247932434,,938108.8571428572
408567,,3.0,938113.619047619
408575,0.46202850341796875,,938151.7142857143
408576,,3.0,938156.4761904762
408583,0.46205851435661316,,938189.8095238095
408584,,3.0,938194.5714285715
408597,0.46208852529525757,,938256.4761904762
408598,,3.0,938261.2380952381
408610,0.462118536233902,,938309.9024390244
408611,,3.0,938314.7804878049
408621,0.4621485471725464,,938363.5609756098
408622,,3.0,938368.4390243902
408630,0.4621785581111908,,938407.4634146341
408631,,3.0,938412.3414634146
408640,0.4622085690498352,,938456.243902439
408641,,3.0,938461.1219512195
408652,0.4622385799884796,,938495.8947368421
408653,,3.0,938499.6315789474
408662,0.462268590927124,,938533.2631578947
408663,,3.0,938537.0
408672,0.46229860186576843,,938570.6315789474
408673,,3.0,938574.3684210526
408680,0.46232861280441284,,938600.5263157894
408681,,3.0,938604.2631578947
408699,0.46235862374305725,,938641.3333333334
408700,,3.0,938643.5555555555
408711,0.46238863468170166,,938668.0
408712,,3.0,938670.2222222222
408721,0.46241864562034607,,938690.2222222222
408722,,3.0,938692.4444444445
408736,0.4624486565589905,,938723.5555555555
408737,,3.0,938725.7777777778
408758,0.46245867013931274,,938777.32
408759,,1.0,938780.06
408769,0.462468683719635,,938807.46
408770,,1.0,938810.2
408781,0.4624786972999573,,938840.34
408782,,1.0,938843.08
408788,0.46248871088027954,,938859.52
408789,,1.0,938862.26
408808,0.46251872181892395,,938925.3773584906
408809,,3.0,938929.1509433963
408818,0.46254873275756836,,938963.1132075472
408819,,3.0,938966.8867924528
408826,0.46257874369621277,,938993.3018867924
408827,,3.0,938997.0754716981
408843,0.4626087546348572,,939057.4528301887
408844,,3.0,939061.2264150943
408863,0.4626087546348572,,939106.7391304348
408864,,0.0,939109.3478260869
408873,0.4626087546348572,,939132.8260869565
408874,,0.0,939135.4347826086
408881,0.4626087546348572,,939153.695652174
408882,,0.0,939156.304347826
408891,0.4626087546348572,,939179.7826086957
408892,,0.0,939182.3913043478
408913,0.4626387655735016,,939260.0
408914,,3.0,939264.1666666666
408921,0.462668776512146,,939293.3333333334
408922,,3.0,939297.5
408933,0.4626987874507904,,939343.3333333334
408934,,3.0,939347.5
408941,0.4627287983894348,,939376.6666666666
408942,,3.0,939380.8333333334
408952,0.4627588093280792,,939422.8378378379
408953,,3.0,939428.2432432432
408962,0.46278882026672363,,939476.8918918918
408963,,3.0,939482.2972972973
408973,0.46281883120536804,,939536.3513513514
408974,,3.0,939541.7567567568
408980,0.46284884214401245,,939574.1891891892
408981,,3.0,939579.5945945946
408999,0.46287885308265686,,939651.6666666666
409000,,3.0,939656.1111111111
409006,0.46290886402130127,,939682.7777777778
409007,,3.0,939687.2222222222
409016,0.4629388749599457,,939727.2222222222
409017,,3.0,939731.6666666666
409027,0.4629688858985901,,939776.1111111111
409028,,3.0,939780.5555555555
409040,0.4629988968372345,,939825.9090909091
409041,,3.0,939830.4545454546
409056,0.4630289077758789,,939898.6363636364
409057,,3.0,939903.1818181818
409064,0.4630589187145233,,939935.0
409065,,3.0,939939.5454545454
409073,0.4630889296531677,,939975.9090909091
409074,,3.0,939980.4545454546
409088,0.46311894059181213,,940036.1627906977
409089,,3.0,940040.8139534884
409097,0.46314895153045654,,940078.023255814
409098,,3.0,940082.6744186047
409108,0.46317896246910095,,940129.1860465116
409109,,3.0,940133.8372093023
409118,0.46320897340774536,,940175.6976744186
409119,,3.0,940180.3488372093
409132,0.4632189869880676,,940221.7391304348
409133,,1.0,940225.4130434783
409143,0.4632290005683899,,940262.1521739131
409144,,1.0,940265.8260869565
409157,0.46323901414871216,,940313.5869565217
409158,,1.0,940317.2608695652
409166,0.4632490277290344,,940346.6521739131
409167,,1.0,940350.3260869565
409181,0.46327903866767883,,940399.8333333334
409182,,3.0,940404.0
409193,0.46330904960632324,,940449.8333333334
409194,,3.0,940454.0
409204,0.46333906054496765,,940495.6666666666
409205,,3.0,940499.8333333334
409216,0.46336907148361206,,940545.6666666666
409217,,3.0,940549.8333333334
409230,0.46339908242225647,,940596.5531914893
409231,,3.0,940600.8085106383
409241,0.4634290933609009,,940643.3617021276
409242,,3.0,940647.6170212766
409255,0.4634591042995453,,940702.9361702128
409256,,3.0,940707.1914893617
409265,0.4634891152381897,,940745.4893617021
409266,,3.0,940749.7446808511
409283,0.4635191261768341,,940816.2222222222
409284,,3.0,940820.6666666666
409291,0.4635491371154785,,940851.7777777778
409292,,3.0,940856.2222222222
409300,0.4635791480541229,,940891.7777777778
409301,,3.0,940896.2222222222
409312,0.46360915899276733,,940945.1111111111
409313,,3.0,940949.5555555555
409324,0.46363916993141174,,940994.0
409325,,3.0,940999.0
409334,0.46366918087005615,,941044.0
409335,,3.0,941049.0
409345,0.46369919180870056,,941099.0
409346,,3.0,941104.0
409354,0.46372920274734497,,941144.0
409355,,3.0,941149.0
409368,0.4637592136859894,,941202.7804878049
409369,,3.0,941207.6585365854
409377,0.4637892246246338,,941246.6829268293
409378,,3.0,941251.5609756098
409387,0.4638192355632782,,941295.4634146341
409388,,3.0,941300.3414634146
409397,0.4638492465019226,,941344.243902439
409398,,3.0,941349.1219512195
409411,0.463879257440567,,941401.619047619
409412,,3.0,941406.380952381
409423,0.4639092683792114,,941458.7619047619
409424,,3.0,941463.5238095238
409429,0.46393927931785583,,941487.3333333334
409430,,3.0,941492.0952380953
409441,0.46396929025650024,,941544.4761904762
409442,,3.0,941549.2380952381
409461,0.46399930119514465,,941623.5652173914
409462,,3.0,941627.9130434783
409470,0.46402931213378906,,941662.695652174
409471,,3.0,941667.0434782609
409481,0.46405932307243347,,941710.5217391305
409482,,3.0,941714.8695652174
409489,0.4640893340110779,,941745.304347826
409490,,3.0,941749.6521739131
409508,0.4641193449497223,,941814.0
409509,,3.0,941818.0
409520,0.4641493558883667,,941862.0
409521,,3.0,941866.0
409530,0.4641793668270111,,941902.0
409531,,3.0,941906.0
409541,0.4642093777656555,,941946.0
409542,,3.0,941950.0
409555,0.4642393887042999,,941999.4545454546
409556,,3.0,942004.0
409568,0.46426939964294434,,942058.5454545454
409569,,3.0,942063.0909090909
409574,0.46429941058158875,,942085.8181818182
409575,,3.0,942090.3636363636
409587,0.46432942152023315,,942144.9090909091
409588,,3.0,942149.4545454546
409599,0.46435943245887756,,942180.0465116279
409600,,3.0,942183.3023255814
409609,0.464389443397522,,942212.6046511628
409610,,3.0,942215.8604651163
409620,0.4644194543361664,,942248.4186046511
409621,,3.0,942251.6744186047
409632,0.4644494652748108,,942287.4883720931
409633,,3.0,942290.7441860465
409652,0.4644494652748108,,942321.4285714285
409653,,0.0,942323.1428571428
409661,0.4644494652748108,,942336.8571428572
409662,,0.0,942338.5714285715
409675,0.4644494652748108,,942360.8571428572
409676,,0.0,942362.5714285715
409683,0.4644494652748108,,942374.5714285715
409684,,0.0,942376.2857142857
409695,0.46445947885513306,,942401.0697674418
409696,,1.0,942403.9534883721
409706,0.4644694924354553,,942432.7906976744
409707,,1.0,942435.6744186047
409717,0.4644795060157776,,942464.5116279069
409718,,1.0,942467.3953488372
409728,0.46448951959609985,,942496.2325581395
409729,,1.0,942499.1162790698
409742,0.46451953053474426,,942549.619047619
409743,,3.0,942554.380952381
409750,0.46454954147338867,,942587.7142857143
409751,,3.0,942592.4761904762
409763,0.4645795524120331,,942649.619047619
409764,,3.0,942654.380952381
409772,0.4646095633506775,,942692.4761904762
409773,,3.0,942697.2380952381
409791,0.4646095633506775,,942726.0625
409792,,0.0,942727.6666666666
409802,0.4646095633506775,,942743.7083333334
409803,,0.0,942745.3125
409814,0.4646095633506775,,942762.9583333334
409815,,0.0,942764.5625
409822,0.4646095633506775,,942775.7916666666
409823,,0.0,942777.3958333334
409840,0.4646095633506775,,942816.0222222222
409841,,0.0,942818.6666666666
409849,0.4646095633506775,,942839.8222222222
409850,,0.0,942842.4666666667
409858,0.4646095633506775,,942863.6222222223
409859,,0.0,942866.2666666667
409869,0.4646095633506775,,942892.7111111111
409870,,0.0,942895.3555555556
409884,0.4646395742893219,,942944.8085106383
409885,,3.0,942949.0638297872
409898,0.4646695852279663,,943004.3829787234
409899,,3.0,943008.6382978724
409909,0.4646995961666107,,943051.1914893617
409910,,3.0,943055.4468085107
409918,0.4647296071052551,,943089.4893617021
409919,,3.0,943093.7446808511
409935,0.4647396206855774,,943136.7291666666
409936,,1.0,943139.7083333334
409945,0.46474963426589966,,943166.5208333334
409946,,1.0,943169.5
409957,0.4647596478462219,,943202.2708333334
409958,,1.0,943205.25
409968,0.4647696614265442,,943235.0416666666
409969,,1.0,943238.0208333334
409982,0.4647996723651886,,943303.5
409983,,3.0,943309.75
409989,0.464829683303833,,943347.25
409990,,3.0,943353.5
409995,0.4648596942424774,,943384.75
409996,,3.0,943391.0
410002,0.4648897051811218,,943428.5
410003,,3.0,943434.75
410016,0.46491971611976624,,943487.5116279069
410017,,3.0,943492.1627906977
410031,0.46494972705841064,,943557.2790697674
410032,,3.0,943561.9302325582
410038,0.46497973799705505,,943589.8372093023
410039,,3.0,943594.4883720931
410047,0.46500974893569946,,943631.6976744186
410048,,3.0,943636.3488372093
410070,0.46503975987434387,,943712.6981132076
410071,,3.0,943716.4716981133
410079,0.4650697708129883,,943746.6603773584
410080,,3.0,943750.4339622641
410092,0.4650997817516327,,943795.716981132
410093,,3.0,943799.4905660377
410102,0.4651297926902771,,943833.4528301887
410103,,3.0,943837.2264150943
410117,0.4651598036289215,,943887.8085106383
410118,,3.0,943892.0638297872
410131,0.4651898145675659,,943947.3829787234
410132,,3.0,943951.6382978724
410142,0.4652198255062103,,943994.1914893617
410143,,3.0,943998.4468085107
410151,0.46524983644485474,,944032.4893617021
410152,,3.0,944036.7446808511
410164,0.46527984738349915,,944082.8604651163
410165,,3.0,944087.5116279069
410175,0.46530985832214355,,944134.023255814
410176,,3.0,944138.6744186047
410185,0.46533986926078796,,944180.5348837209
410186,,3.0,944185.1860465116
410196,0.4653698801994324,,944231.6976744186
410197,,3.0,944236.3488372093
410217,0.4653998911380768,,944326.0
410218,,3.0,944331.0
410224,0.4654299020767212,,944361.0
410225,,3.0,944366.0
410232,0.4654599130153656,,944401.0
410233,,3.0,944406.0
410238,0.46548992395401,,944431.0
410239,,3.0,944436.0
410259,0.4654999375343323,,944489.2325581395
410260,,1.0,944492.0697674418
410269,0.46550995111465454,,944517.6046511628
410270,,1.0,944520.4418604651
410274,0.4655199646949768,,944531.7906976744
410275,,1.0,944534.6279069767
410283,0.4655299782752991,,944557.3255813953
410284,,1.0,944560.1627906977
410297,0.4655599892139435,,944610.619047619
410298,,3.0,944615.380952381
410306,0.4655900001525879,,944653.4761904762
410307,,3.0,944658.2380952381
410319,0.4656200110912323,,944715.380952381
410320,,3.0,944720.1428571428
410327,0.4656500220298767,,944753.4761904762
410328,,3.0,944758.2380952381
410341,0.465660035610199,,944819.0
410342,,1.0,944824.6
410347,0.46567004919052124,,944852.6
410348,,1.0,944858.2
410355,0.4656800627708435,,944897.4
410356,,1.0,944903.0
410364,0.46569007635116577,,944947.8
410365,,1.0,944953.4
410382,0.46570008993148804,,945000.7083333334
410383,,1.0,945003.6875
410394,0.4657101035118103,,945036.4583333334
410395,,1.0,945039.4375
410403,0.46572011709213257,,945063.2708333334
410404,,1.0,945066.25
410414,0.46573013067245483,,945096.0416666666
410415,,1.0,945099.0208333334
410426,0.46576014161109924,,945134.6530612245
410427,,3.0,945138.7346938775
410440,0.46579015254974365,,945191.7959183673
410441,,3.0,945195.8775510204
410451,0.46582016348838806,,945236.693877551
410452,,3.0,945240.775510204
410465,0.46585017442703247,,945293.8367346938
410466,,3.0,945297.918367347
410478,0.46585017442703247,,945330.2857142857
410479,,0.0,945333.4285714285
410490,0.46585017442703247,,945368.0
410491,,0.0,945371.1428571428
410497,0.46585017442703247,,945390.0
410498,,0.0,945393.1428571428
410509,0.46585017442703247,,945427.7142857143
410510,,0.0,945430.8571428572
410526,0.4658801853656769,,945497.4146341464
410527,,3.0,945502.2926829269
410534,0.4659101963043213,,945536.4390243902
410535,,3.0,945541.3170731707
410542,0.4659402072429657,,945575.4634146341
410543,,3.0,945580.3414634146
410552,0.4659702181816101,,945624.243902439
410553,,3.0,945629.1219512195
410565,0.4660002291202545,,945685.4285714285
410566,,3.0,945691.1428571428
410574,0.4660302400588989,,945736.8571428572
410575,,3.0,945742.5714285715
410579,0.46606025099754333,,945765.4285714285
410580,,3.0,945771.1428571428
410589,0.46609026193618774,,945822.5714285715
410590,,3.0,945828.2857142857
410604,0.46612027287483215,,945884.0
410605,,3.0,945888.5454545454
410614,0.46615028381347656,,945929.4545454546
410615,,3.0,945934.0
410626,0.46618029475212097,,945984.0
410627,,3.0,945988.5454545454
410635,0.4662103056907654,,946024.9090909091
410636,,3.0,946029.4545454546
410654,0.4662403166294098,,946091.6923076923
410655,,3.0,946095.5384615385
410668,0.4662703275680542,,946145.5384615385
410669,,3.0,946149.3846153846
410677,0.4663003385066986,,946180.1538461539
410678,,3.0,946184.0
410689,0.466330349445343,,946226.3076923077
410690,,3.0,946230.1538461539
410702,0.4663603603839874,,946280.1538461539
410703,,3.0,946285.282051282
410710,0.46639037132263184,,946321.1794871795
410711,,3.0,946326.3076923077
410720,0.46642038226127625,,946372.4615384615
410721,,3.0,946377.5897435897
410730,0.46645039319992065,,946423.7435897436
410731,,3.0,946428.8717948718
410742,0.4664604067802429,,946472.9189189189
410743,,1.0,946477.7837837838
410750,0.4664704203605652,,946511.8378378379
410751,,1.0,946516.7027027027
410760,0.46648043394088745,,946560.4864864865
410761,,1.0,946565.3513513514
410769,0.4664904475212097,,946604.2702702703
410770,,1.0,946609.1351351351
410786,0.4665204584598541,,946679.0
410787,,3.0,946684.0
410793,0.46655046939849854,,946714.0
410794,,3.0,946719.0
410802,0.46658048033714294,,946759.0
410803,,3.0,946764.0
410811,0.46661049127578735,,946804.0
410812,,3.0,946809.0
410823,0.46664050221443176,,946858.4444444445
410824,,3.0,946864.0
410831,0.46667051315307617,,946902.8888888889
410832,,3.0,946908.4444444445
410841,0.4667005240917206,,946958.4444444445
410842,,3.0,946964.0
410849,0.466730535030365,,947002.8888888889
410850,,3.0,947008.4444444445
410867,0.466730535030365,,947048.7083333334
410868,,0.0,947051.1875
410881,0.466730535030365,,947083.4166666666
410882,,0.0,947085.8958333334
410890,0.466730535030365,,947105.7291666666
410891,,0.0,947108.2083333334
410899,0.466730535030365,,947128.0416666666
410900,,0.0,947130.5208333334
410912,0.4667605459690094,,947180.3684210526
410913,,3.0,947185.6315789474
410919,0.4667905569076538,,947217.2105263158
410920,,3.0,947222.4736842106
410929,0.4668205678462982,,947269.8421052631
410930,,3.0,947275.1052631579
410939,0.4668505787849426,,947322.4736842106
410940,,3.0,947327.7368421053
410955,0.46688058972358704,,947397.8648648649
410956,,3.0,947403.2702702703
410965,0.46691060066223145,,947451.9189189189
410966,,3.0,947457.3243243244
410972,0.46694061160087585,,947489.7567567568
410973,,3.0,947495.1621621621
410978,0.46697062253952026,,947522.1891891892
410979,,3.0,947527.5945945946
410996,0.4670006334781647,,947604.7948717949
410997,,3.0,947609.9230769231
411002,0.4670306444168091,,947635.5641025641
411003,,3.0,947640.6923076923
411011,0.4670606553554535,,947681.717948718
411012,,3.0,947686.8461538461
411019,0.4670906662940979,,947722.7435897436
411020,,3.0,947727.8717948718
411035,0.4670906662940979,,947769.0
411036,,0.0,947772.0
411043,0.4670906662940979,,947793.0
411044,,0.0,947796.0
411055,0.4670906662940979,,947829.0
411056,,0.0,947832.0
411066,0.4670906662940979,,947862.0
411067,,0.0,947865.0
411087,0.4671206772327423,,947941.9130434783
411088,,3.0,947946.2608695652
411097,0.4671506881713867,,947985.3913043478
411098,,3.0,947989.7391304348
411105,0.46718069911003113,,948020.1739130435
411106,,3.0,948024.5217391305
411114,0.46721071004867554,,948059.304347826
411115,,3.0,948063.6521739131
411133,0.46724072098731995,,948134.6666666666
411134,,3.0,948139.1111111111
411140,0.46727073192596436,,948165.7777777778
411141,,3.0,948170.2222222222
411148,0.46730074286460876,,948201.3333333334
411149,,3.0,948205.7777777778
411161,0.4673307538032532,,948259.1111111111
411162,,3.0,948263.5555555555
411174,0.4673607647418976,,948311.9024390244
411175,,3.0,948316.7804878049
411186,0.467390775680542,,948370.4390243902
411187,,3.0,948375.3170731707
411193,0.4674207866191864,,948404.5853658536
411194,,3.0,948409.4634146341
411204,0.4674507975578308,,948458.243902439
411205,,3.0,948463.1219512195
411220,0.4674808084964752,,948531.1578947369
411221,,3.0,948536.4210526316
411229,0.46751081943511963,,948578.5263157894
411230,,3.0,948583.7894736842
411239,0.46754083037376404,,948631.1578947369
411240,,3.0,948636.4210526316
411244,0.46757084131240845,,948657.4736842106
411245,,3.0,948662.7368421053
411262,0.46760085225105286,,948727.5744680851
411263,,3.0,948731.8297872341
411271,0.46763086318969727,,948765.8723404255
411272,,3.0,948770.1276595745
411283,0.4676608741283417,,948816.9361702128
411284,,3.0,948821.1914893617
411293,0.4676908850669861,,948859.4893617021
411294,,3.0,948863.7446808511
411306,0.4677208960056305,,948918.0
411307,,3.0,948923.5555555555
411316,0.4677509069442749,,948973.5555555555
411317,,3.0,948979.1111111111
411324,0.4677809178829193,,949018.0
411325,,3.0,949023.5555555555
411331,0.4678109288215637,,949056.8888888889
411332,,3.0,949062.4444444445
411345,0.46784093976020813,,949109.6666666666
411346,,3.0,949113.8333333334
411356,0.46787095069885254,,949155.5
411357,,3.0,949159.6666666666
411368,0.46790096163749695,,949205.5
411369,,3.0,949209.6666666666
411381,0.46793097257614136,,949259.6666666666
411382,,3.0,949263.8333333334
411396,0.46793097257614136,,949310.3617021276
411397,,0.0,949314.2127659575
411408,0.46793097257614136,,949356.5744680851
411409,,0.0,949360.4255319149
411421,0.46793097257614136,,949406.6382978724
411422,,0.0,949410.4893617021
411430,0.46793097257614136,,949441.2978723404
411431,,0.0,949445.1489361703
411447,0.46793097257614136,,949487.6829268293
411448,,0.0,949490.6585365854
411458,0.46793097257614136,,949520.4146341464
411459,,0.0,949523.3902439025
411465,0.46793097257614136,,949541.243902439
411466,,0.0,949544.2195121951
411473,0.46793097257614136,,949565.0487804879
411474,,0.0,949568.0243902439
411489,0.46796098351478577,,949634.1578947369
411490,,3.0,949639.4210526316
411499,0.4679909944534302,,949686.7894736842
411500,,3.0,949692.052631579
411505,0.4680210053920746,,949718.3684210526
411506,,3.0,949723.6315789474
411513,0.468051016330719,,949760.4736842106
411514,,3.0,949765.7368421053
411536,0.4680810272693634,,949855.4444444445
411537,,3.0,949859.8888888889
411543,0.4681110382080078,,949886.5555555555
411544,,3.0,949891.0
411549,0.4681410491466522,,949913.2222222222
411550,,3.0,949917.6666666666
411560,0.46817106008529663,,949962.1111111111
411561,,3.0,949966.5555555555
411571,0.46820107102394104,,950005.1463414634
411572,,3.0,950010.0243902439
411583,0.46823108196258545,,950063.6829268293
411584,,3.0,950068.5609756098
411593,0.46826109290122986,,950112.4634146341
411594,,3.0,950117.3414634146
411603,0.46829110383987427,,950161.243902439
411604,,3.0,950166.1219512195
411621,0.4683211147785187,,950244.6842105263
411622,,3.0,950249.947368421
411627,0.4683511257171631,,950276.2631578947
411628,,3.0,950281.5263157894
411635,0.4683811366558075,,950318.3684210526
411636,,3.0,950323.6315789474
411643,0.4684111475944519,,950360.4736842106
411644,,3.0,950365.7368421053
411663,0.4684111475944519,,950420.7021276596
411664,,0.0,950423.8085106383
411672,0.4684111475944519,,950448.659574468
411673,,0.0,950451.7659574468
411683,0.4684111475944519,,950482.8297872341
411684,,0.0,950485.9361702128
411692,0.4684111475944519,,950510.7872340425
411693,,0.0,950513.8936170213
411711,0.4684411585330963,,950578.224489796
411712,,3.0,950582.306122449
411720,0.4684711694717407,,950614.9591836735
411721,,3.0,950619.0408163265
411732,0.46850118041038513,,950663.9387755102
411733,,3.0,950668.0204081633
411743,0.46853119134902954,,950708.8367346938
411744,,3.0,950712.918367347
411760,0.46856120228767395,,950773.5217391305
411761,,3.0,950777.8695652174
411768,0.46859121322631836,,950808.304347826
411769,,3.0,950812.6521739131
411780,0.46862122416496277,,950860.4782608695
411781,,3.0,950864.8260869565
411791,0.4686512351036072,,950908.304347826
411792,,3.0,950912.6521739131
411813,0.4686812460422516,,950984.5
411814,,3.0,950988.25
411824,0.468711256980896,,951025.75
411825,,3.0,951029.5
411833,0.4687412679195404,,951059.5
411834,,3.0,951063.25
411841,0.4687712788581848,,951089.5
411842,,3.0,951093.25
411859,0.4688012897968292,,951153.0
411860,,3.0,951157.0
411870,0.46883130073547363,,951197.0
411871,,3.0,951201.0
411881,0.46886131167411804,,951241.0
411882,,3.0,951245.0
411893,0.46889132261276245,,951289.0
411894,,3.0,951293.0
411904,0.46892133355140686,,951322.268292683
411905,,3.0,951325.8780487805
411915,0.46895134449005127,,951361.9756097561
411916,,3.0,951365.5853658536
411925,0.4689813554286957,,951398.0731707317
411926,,3.0,951401.6829268293
411936,0.4690113663673401,,951437.7804878049
411937,,3.0,951441.3902439025
411957,0.4690413773059845,,951515.8333333334
411958,,3.0,951520.0
411968,0.4690713882446289,,951561.6666666666
411969,,3.0,951565.8333333334
411979,0.4691013991832733,,951607.5
411980,,3.0,951611.6666666666
411986,0.4691314101219177,,951636.6666666666
411987,,3.0,951640.8333333334
412007,0.46916142106056213,,951730.0
412008,,3.0,951735.0
412014,0.46919143199920654,,951765.0
412015,,3.0,951770.0
412020,0.46922144293785095,,951795.0
412021,,3.0,951800.0
412028,0.46925145387649536,,951835.0
412029,,3.0,951840.0
412047,0.4692714512348175,,951899.6428571428
412048,,2.0,951903.2857142857
412053,0.46929144859313965,,951921.5
412054,,2.0,951925.1428571428
412061,0.4693114459514618,,951950.6428571428
412062,,2.0,951954.2857142857
412072,0.46933144330978394,,951990.7142857143
412073,,2.0,951994.3571428572
412086,0.4693514406681061,,952034.9230769231
412087,,2.0,952038.6153846154
412095,0.4693714380264282,,952068.1538461539
412096,,2.0,952071.8461538461
412103,0.46939143538475037,,952097.6923076923
412104,,2.0,952101.3846153846
412113,0.4694114327430725,,952134.6153846154
412114,,2.0,952138.3076923077
412133,0.4694114327430725,,952183.28
412134,,0.0,952185.86
412144,0.4694114327430725,,952211.66
412145,,0.0,952214.24
412154,0.4694114327430725,,952237.46
412155,,0.0,952240.04
412165,0.4694114327430725,,952265.84
412166,,0.0,952268.42
412182,0.4694214463233948,,952318.8510638297
412183,,1.0,952322.5319148937
412195,0.46943145990371704,,952366.7021276596
412196,,1.0,952370.3829787234
412204,0.4694414734840393,,952399.8297872341
412205,,1.0,952403.5106382979
412214,0.4694514870643616,,952436.6382978724
412215,,1.0,952440.3191489362
412233,0.4694514870643616,,952496.0
412234,,0.0,952499.4666666667
412246,0.4694514870643616,,952541.0666666667
412247,,0.0,952544.5333333333
412252,0.4694514870643616,,952561.8666666667
412253,,0.0,952565.3333333334
412261,0.4694514870643616,,952593.0666666667
412262,,0.0,952596.5333333333
412271,0.46946150064468384,,952615.2857142857
412272,,1.0,952617.8333333334
412282,0.4694715142250061,,952643.3095238095
412283,,1.0,952645.8571428572
412296,0.46948152780532837,,952678.9761904762
412297,,1.0,952681.5238095238
412305,0.46949154138565063,,952701.9047619047
412306,,1.0,952704.4523809524
412319,0.46952155232429504,,952754.619047619
412320,,3.0,952759.380952381
412325,0.46955156326293945,,952783.1904761905
412326,,3.0,952787.9523809524
412339,0.46958157420158386,,952849.8571428572
412340,,3.0,952854.619047619
412349,0.46961158514022827,,952897.4761904762
412350,,3.0,952902.2380952381
412367,0.46961158514022827,,952964.8666666667
412368,,0.0,952969.0
412378,0.46961158514022827,,953010.3333333334
412379,,0.0,953014.4666666667
412384,0.46961158514022827,,953035.1333333333
412385,,0.0,953039.2666666667
412396,0.46961158514022827,,953084.7333333333
412397,,0.0,953088.8666666667
412408,0.4696415960788727,,953131.0952380953
412409,,3.0,953135.8571428572
412417,0.4696716070175171,,953173.9523809524
412418,,3.0,953178.7142857143
412428,0.4697016179561615,,953226.3333333334
412429,,3.0,953231.0952380953
412440,0.4697316288948059,,953283.4761904762
412441,,3.0,953288.2380952381
412464,0.4697616398334503,,953368.4716981133
412465,,3.0,953372.2452830189
412473,0.4697916507720947,,953402.4339622641
412474,,3.0,953406.2075471698
412484,0.46982166171073914,,953443.9433962264
412485,,3.0,953447.716981132
412495,0.46985167264938354,,953485.4528301887
412496,,3.0,953489.2264150943
412510,0.46988168358802795,,953541.8888888889
412511,,3.0,953546.3333333334
412520,0.46991169452667236,,953586.3333333334
412521,,3.0,953590.7777777778
412533,0.4699417054653168,,953644.1111111111
412534,,3.0,953648.5555555555
412542,0.4699717164039612,,953684.1111111111
412543,,3.0,953688.5555555555
412559,0.4700017273426056,,953748.3191489362
412560,,3.0,953752.5744680851
412570,0.47003173828125,,953795.1276595745
412571,,3.0,953799.3829787234
412582,0.4700617492198944,,953846.1914893617
412583,,3.0,953850.4468085107
412591,0.4700917601585388,,953884.4893617021
412592,,3.0,953888.7446808511
412611,0.4701217710971832,,953952.2592592592
412612,,3.0,953955.9629629629
412625,0.47015178203582764,,954004.1111111111
412626,,3.0,954007.8148148148
412638,0.47018179297447205,,954052.2592592592
412639,,3.0,954055.9629629629
412647,0.47021180391311646,,954085.5925925926
412648,,3.0,954089.2962962963
412665,0.47024181485176086,,954164.7948717949
412666,,3.0,954169.9230769231
412674,0.4702718257904053,,954210.9487179487
412675,,3.0,954216.0769230769
412680,0.4703018367290497,,954241.717948718
412681,,3.0,954246.8461538461
412688,0.4703318476676941,,954282.7435897436
412689,,3.0,954287.8717948718
412704,0.4703618586063385,,954347.5454545454
412705,,3.0,954352.0909090909
412714,0.4703918695449829,,954393.0
412715,,3.0,954397.5454545454
412726,0.4704218804836273,,954447.5454545454
412727,,3.0,954452.0909090909
412734,0.47045189142227173,,954483.9090909091
412735,,3.0,954488.4545454546
412749,0.47048190236091614,,954538.8333333334
412750,,3.0,954543.0
412758,0.47051191329956055,,954576.3333333334
412759,,3.0,954580.5
412771,0.47054192423820496,,954630.5
412772,,3.0,954634.6666666666
412784,0.47057193517684937,,954684.6666666666
412785,,3.0,954688.8333333334
412810,0.4706019461154938,,954738.8644067796
412811,,3.0,954740.9491525424
412820,0.4706319570541382,,954759.7118644068
412821,,3.0,954761.7966101695
412830,0.4706619679927826,,954780.5593220339
412831,,3.0,954782.6440677966
412845,0.470691978931427,,954811.8305084746
412846,,3.0,954813.9152542372
412860,0.4707219898700714,,954869.6585365854
412861,,3.0,954874.5365853659
412869,0.4707520008087158,,954913.5609756098
412870,,3.0,954918.4390243902
412881,0.47078201174736023,,954972.0975609756
412882,,3.0,954976.9756097561
412888,0.47081202268600464,,955006.243902439
412889,,3.0,955011.1219512195
412903,0.4708220362663269,,955048.4883720931
412904,,1.0,955051.4418604651
412912,0.47083204984664917,,955075.0697674418
412913,,1.0,955078.023255814
412923,0.47084206342697144,,955107.5581395349
412924,,1.0,955110.5116279069
412933,0.4708520770072937,,955137.0930232558
412934,,1.0,955140.0465116279
412951,0.4708820879459381,,955209.6666666666
412952,,3.0,955214.4285714285
412957,0.4709120988845825,,955238.2380952381
412958,,3.0,955243.0
412968,0.47094210982322693,,955290.619047619
412969,,3.0,955295.380952381
412977,0.47097212076187134,,955333.4761904762
412978,,3.0,955338.2380952381
412991,0.47100213170051575,,955389.5116279069
412992,,3.0,955394.1627906977
413001,0.47103214263916016,,955436.023255814
413002,,3.0,955440.6744186047
413010,0.47106215357780457,,955477.8837209302
413011,,3.0,955482.5348837209
413022,0.471092164516449,,955533.6976744186
413023,,3.0,955538.3488372093
413037,0.47110217809677124,,955599.447368421
413038,,1.0,955604.5789473684
413045,0.4711121916770935,,955640.5
413046,,1.0,955645.6315789474
413051,0.47112220525741577,,955671.2894736842
413052,,1.0,955676.4210526316
413062,0.47113221883773804,,955727.7368421053
413063,,1.0,955732.8684210526
413077,0.47116222977638245,,955791.6585365854
413078,,3.0,955796.5365853659
413086,0.47119224071502686,,955835.5609756098
413087,,3.0,955840.4390243902
413093,0.47122225165367126,,955869.7073170731
413094,,3.0,955874.5853658536
413105,0.4712522625923157,,955928.243902439
413106,,3.0,955933.1219512195
413124,0.47126227617263794,,955982.1
413125,,1.0,955985.04
413134,0.4712722897529602,,956011.5
413135,,1.0,956014.44
413145,0.47128230333328247,,956043.84
413146,,1.0,956046.78
413157,0.47129231691360474,,956079.12
413158,,1.0,956082.06
413174,0.47132232785224915,,956144.0909090909
413175,,3.0,956148.6363636364
413183,0.47135233879089355,,956185.0
413184,,3.0,956189.5454545454
413194,0.47138234972953796,,956235.0
413195,,3.0,956239.5454545454
413203,0.4714123606681824,,956275.9090909091
413204,,3.0,956280.4545454546
413218,0.4714423716068268,,956340.0
413219,,3.0,956345.0
413228,0.4714723825454712,,956390.0
413229,,3.0,956395.0
413235,0.4715023934841156,,956425.0
413236,,3.0,956430.0
413245,0.47153240442276,,956475.0
413246,,3.0,956480.0
413259,0.4715624153614044,,956530.4545454546
413260,,3.0,956535.0
413272,0.47159242630004883,,956589.5454545454
413273,,3.0,956594.0909090909
413281,0.47162243723869324,,956630.4545454546
413282,,3.0,956635.0
413291,0.47165244817733765,,956675.9090909091
413292,,3.0,956680.4545454546
413311,0.4716624617576599,,956734.9591836735
413312,,1.0,956738.081632653
413325,0.4716724753379822,,956778.6734693878
413326,,1.0,956781.7959183673
413334,0.47168248891830444,,956806.775510204
413335,,1.0,956809.8979591837
413342,0.4716925024986267,,956831.7551020408
413343,,1.0,956834.8775510204
413357,0.4717225134372711,,956882.0
413358,,3.0,956886.0
413368,0.4717525243759155,,956926.0
413369,,3.0,956930.0
413383,0.47178253531455994,,956986.0
413384,,3.0,956990.0
413394,0.47181254625320435,,957030.0
413395,,3.0,957034.0
413410,0.47184255719184875,,957091.3333333334
413411,,3.0,957095.7777777778
413420,0.47187256813049316,,957135.7777777778
413421,,3.0,957140.2222222222
413432,0.4719025790691376,,957189.1111111111
413433,,3.0,957193.5555555555
413441,0.471932590007782,,957229.1111111111
413442,,3.0,957233.5555555555
413453,0.4719626009464264,,957276.0952380953
413454,,3.0,957280.8571428572
413464,0.4719926118850708,,957328.4761904762
413465,,3.0,957333.2380952381
413474,0.4720226228237152,,957376.0952380953
413475,,3.0,957380.8571428572
413485,0.4720526337623596,,957428.4761904762
413486,,3.0,957433.2380952381
413498,0.47208264470100403,,957480.8571428572
413499,,3.0,957485.619047619
413505,0.47211265563964844,,957514.1904761905
413506,,3.0,957518.9523809524
413517,0.47214266657829285,,957571.3333333334
413518,,3.0,957576.0952380953
413529,0.47217267751693726,,957628.4761904762
413530,,3.0,957633.2380952381
413547,0.47220268845558167,,957703.1162790698
413548,,3.0,957707.7674418605
413553,0.4722326993942261,,957731.023255814
413554,,3.0,957735.6744186047
413565,0.4722627103328705,,957786.8372093023
413566,,3.0,957791.4883720931
413574,0.4722927212715149,,957828.6976744186
413575,,3.0,957833.3488372093
413594,0.4723227322101593,,957902.0
413595,,3.0,957906.0
413602,0.4723527431488037,,957934.0
413603,,3.0,957938.0
413614,0.4723827540874481,,957982.0
413615,,3.0,957986.0
413626,0.47241276502609253,,958030.0
413627,,3.0,958034.0
413643,0.4724227786064148,,958074.2142857143
413644,,1.0,958077.0
413652,0.47243279218673706,,958099.2857142857
413653,,1.0,958102.0714285715
413663,0.4724428057670593,,958129.9285714285
413664,,1.0,958132.7142857143
413670,0.4724528193473816,,958149.4285714285
413671,,1.0,958152.2142857143
413682,0.472482830286026,,958200.7142857143
413683,,3.0,958206.4285714285
413688,0.4725128412246704,,958235.0
413689,,3.0,958240.7142857143
413700,0.4725428521633148,,958303.5714285715
413701,,3.0,958309.2857142857
413707,0.47257286310195923,,958343.5714285715
413708,,3.0,958349.2857142857
413725,0.4725828766822815,,958404.1627906977
413726,,1.0,958407.6744186047
413732,0.47259289026260376,,958428.7441860465
413733,,1.0,958432.2558139535
413741,0.472602903842926,,958460.3488372093
413742,,1.0,958463.8604651163
413752,0.4726129174232483,,958498.976744186
413753,,1.0,958502.4883720931
413770,0.4726429283618927,,958563.1428571428
413771,,3.0,958567.224489796
413784,0.4726729393005371,,958620.2857142857
413785,,3.0,958624.3673469388
413794,0.4727029502391815,,958661.1020408163
413795,,3.0,958665.1836734693
413803,0.4727329611778259,,958697.8367346938
413804,,3.0,958701.918367347
413821,0.4727329611778259,,958752.7659574468
413822,,0.0,958756.1063829787
413829,0.4727329611778259,,958779.4893617021
413830,,0.0,958782.8297872341
413841,0.4727329611778259,,958819.5744680851
413842,,0.0,958822.914893617
413852,0.4727329611778259,,958856.3191489362
413853,,0.0,958859.659574468
413869,0.47276297211647034,,958919.5217391305
413870,,3.0,958923.8695652174
413880,0.47279298305511475,,958967.3478260869
413881,,3.0,958971.695652174
413890,0.47282299399375916,,959010.8260869565
413891,,3.0,959015.1739130435
413900,0.47285300493240356,,959054.304347826
413901,,3.0,959058.6521739131
413915,0.472883015871048,,959106.1372549019
413916,,3.0,959110.0588235294
413929,0.4729130268096924,,959161.0392156863
413930,,3.0,959164.9607843137
413943,0.4729430377483368,,959215.9411764706
413944,,3.0,959219.8627450981
413953,0.4729730486869812,,959255.1568627451
413954,,3.0,959259.0784313725
413971,0.4730030596256256,,959338.6756756756
413972,,3.0,959344.0810810811
413977,0.47303307056427,,959371.1081081082
413978,,3.0,959376.5135135135
413985,0.47306308150291443,,959414.3513513514
413986,,3.0,959419.7567567568
413992,0.47309309244155884,,959452.1891891892
413993,,3.0,959457.5945945946
414007,0.47312310338020325,,959515.380952381
414008,,3.0,959520.1428571428
414012,0.47315311431884766,,959539.1904761905
414013,,3.0,959543.9523809524
414024,0.47318312525749207,,959596.3333333334
414025,,3.0,959601.0952380953
414036,0.4732131361961365,,959653.4761904762
414037,,3.0,959658.2380952381
414049,0.4732431471347809,,959710.3684210526
414050,,3.0,959715.6315789474
414061,0.4732731580734253,,959773.5263157894
414062,,3.0,959778.7894736842
414067,0.4733031690120697,,959805.1052631579
414068,,3.0,959810.3684210526
414076,0.4733331799507141,,959852.4736842106
414077,,3.0,959857.7368421053
414093,0.4733631908893585,,959924.9047619047
414094,,3.0,959929.6666666666
414101,0.47339320182800293,,959963.0
414102,,3.0,959967.7619047619
414110,0.47342321276664734,,960005.8571428572
414111,,3.0,960010.619047619
414120,0.47345322370529175,,960053.4761904762
414121,,3.0,960058.2380952381
414133,0.47348323464393616,,960099.7346938775
414134,,3.0,960103.8163265307
414145,0.47351324558258057,,960148.7142857143
414146,,3.0,960152.7959183673
414159,0.473543256521225,,960205.8571428572
414160,,3.0,960209.9387755102
414171,0.4735732674598694,,960254.8367346938
414172,,3.0,960258.918367347
414189,0.4735732674598694,,960296.5416666666
414190,,0.0,960298.9375
414199,0.4735732674598694,,960320.5
414200,,0.0,960322.8958333334
414209,0.4735732674598694,,960344.4583333334
414210,,0.0,960346.8541666666
414221,0.4735732674598694,,960373.2083333334
414222,,0.0,960375.6041666666
414236,0.4736032783985138,,960429.1627906977
414237,,3.0,960433.8139534884
414247,0.4736332893371582,,960480.3255813953
414248,,3.0,960484.976744186
414258,0.4736633002758026,,960531.4883720931
414259,,3.0,960536.1395348837
414266,0.473693311214447,,960568.6976744186
414267,,3.0,960573.3488372093
414283,0.47372332215309143,,960638.4651162791
414284,,3.0,960643.1162790698
414297,0.47375333309173584,,960703.5813953489
414298,,3.0,960708.2325581395
414304,0.47378334403038025,,960736.1395348837
414305,,3.0,960740.7906976744
414311,0.47381335496902466,,960768.6976744186
414312,,3.0,960773.3488372093
414325,0.47384336590766907,,960830.6315789474
414326,,3.0,960835.8947368421
414332,0.4738733768463135,,960867.4736842106
414333,,3.0,960872.7368421053
414341,0.4739033877849579,,960914.8421052631
414342,,3.0,960920.1052631579
414351,0.4739333987236023,,960967.4736842106
414352,,3.0,960972.7368421053
414365,0.4739634096622467,,961030.6315789474
414366,,3.0,961035.8947368421
414372,0.4739934206008911,,961067.4736842106
414373,,3.0,961072.7368421053
414381,0.4740234315395355,,961114.8421052631
414382,,3.0,961120.1052631579
414391,0.47405344247817993,,961167.4736842106
414392,,3.0,961172.7368421053
414405,0.47408345341682434,,961225.619047619
414406,,3.0,961230.380952381
414417,0.47411346435546875,,961282.7619047619
414418,,3.0,961287.5238095238
414425,0.47414347529411316,,961320.8571428572
414426,,3.0,961325.619047619
414435,0.47417348623275757,,961368.4761904762
414436,,3.0,961373.2380952381
414456,0.474203497171402,,961446.0
414457,,3.0,961450.0
414468,0.4742335081100464,,961494.0
414469,,3.0,961498.0
414478,0.4742635190486908,,961534.0
414479,,3.0,961538.0
414487,0.4742935299873352,,961570.0
414488,,3.0,961574.0
414508,0.4743235409259796,,961640.9629629629
414509,,3.0,961644.6666666666
414520,0.474353551864624,,961685.4074074074
414521,,3.0,961689.1111111111
414531,0.47438356280326843,,961726.1481481482
414532,,3.0,961729.8518518518
414543,0.47441357374191284,,961770.5925925926
414544,,3.0,961774.2962962963
414558,0.47444358468055725,,961822.8979591837
414559,,3.0,961826.9795918367
414569,0.47447359561920166,,961867.7959183673
414570,,3.0,961871.8775510204
414586,0.47450360655784607,,961937.1836734693
414587,,3.0,961941.2653061225
414594,0.4745336174964905,,961969.8367346938
414595,,3.0,961973.918367347
414605,0.4745636284351349,,962019.1764705882
414606,,3.0,962025.0588235294
414616,0.4745936393737793,,962083.8823529412
414617,,3.0,962089.7647058824
414622,0.4746236503124237,,962119.1764705882
414623,,3.0,962125.0588235294
414630,0.4746536612510681,,962166.2352941176
414631,,3.0,962172.1176470588
414641,0.4746836721897125,,962212.1463414634
414642,,3.0,962217.0243902439
414650,0.47471368312835693,,962256.0487804879
414651,,3.0,962260.9268292683
414659,0.47474369406700134,,962299.9512195121
414660,,3.0,962304.8292682926
414673,0.47477370500564575,,962368.243902439
414674,,3.0,962373.1219512195
414688,0.47477370500564575,,962398.1666666666
414689,,0.0,962400.0
414700,0.47477370500564575,,962420.1666666666
414701,,0.0,962422.0
414711,0.47477370500564575,,962440.3333333334
414712,,0.0,962442.1666666666
414717,0.47477370500564575,,962451.3333333334
414718,,0.0,962453.1666666666
414736,0.47480371594429016,,962517.5
414737,,3.0,962521.6666666666
414747,0.47483372688293457,,962563.3333333334
414748,,3.0,962567.5
414759,0.474863737821579,,962613.3333333334
414760,,3.0,962617.5
414767,0.4748937487602234,,962646.6666666666
414768,,3.0,962650.8333333334
414782,0.4748937487602234,,962680.7714285714
414783,,0.0,962683.1142857143
414789,0.4748937487602234,,962697.1714285715
414790,,0.0,962699.5142857142
414796,0.4748937487602234,,962713.5714285715
414797,,0.0,962715.9142857143
414804,0.4748937487602234,,962732.3142857143
414805,,0.0,962734.6571428571
414819,0.4749237596988678,,962788.1627906977
414820,,3.0,962792.8139534884
414829,0.4749537706375122,,962834.6744186047
414830,,3.0,962839.3255813953
414838,0.4749837815761566,,962876.5348837209
414839,,3.0,962881.1860465116
414849,0.475013792514801,,962927.6976744186
414850,,3.0,962932.3488372093
414864,0.47504380345344543,,962989.380952381
414865,,3.0,962994.1428571428
414873,0.47507381439208984,,963032.2380952381
414874,,3.0,963037.0
414880,0.47510382533073425,,963065.5714285715
414881,,3.0,963070.3333333334
414893,0.47513383626937866,,963127.4761904762
414894,,3.0,963132.2380952381
414906,0.47516384720802307,,963178.8604651163
414907,,3.0,963183.5116279069
414918,0.4751938581466675,,963234.6744186047
414919,,3.0,963239.3255813953
414929,0.4752238690853119,,963285.8372093023
414930,,3.0,963290.4883720931
414938,0.4752538800239563,,963327.6976744186
414939,,3.0,963332.3488372093
414951,0.4752838909626007,,963389.9411764706
414952,,3.0,963395.8235294118
414958,0.4753139019012451,,963431.1176470588
414959,,3.0,963437.0
414967,0.4753439128398895,,963484.0588235294
414968,,3.0,963489.9411764706
414974,0.47537392377853394,,963525.2352941176
414975,,3.0,963531.1176470588
414987,0.47540393471717834,,963577.9090909091
414988,,3.0,963582.4545454546
415000,0.47543394565582275,,963637.0
415001,,3.0,963641.5454545454
415008,0.47546395659446716,,963673.3636363636
415009,,3.0,963677.9090909091
415020,0.4754939675331116,,963727.9090909091
415021,,3.0,963732.4545454546
415035,0.475523978471756,,963789.380952381
415036,,3.0,963794.1428571428
415041,0.4755539894104004,,963817.9523809524
415042,,3.0,963822.7142857143
415054,0.4755840003490448,,963879.8571428572
415055,,3.0,963884.619047619
415064,0.4756140112876892,,963927.4761904762
415065,,3.0,963932.2380952381
415080,0.4756240248680115,,963972.4666666667
415081,,1.0,963975.4222222222
415091,0.47563403844833374,,964004.9777777778
415092,,1.0,964007.9333333333
415103,0.475644052028656,,964040.4444444445
415104,,1.0,964043.4
415111,0.47565406560897827,,964064.088888889
415112,,1.0,964067.0444444445
415128,0.4756840765476227,,964125.3191489362
415129,,3.0,964129.5744680851
415138,0.4757140874862671,,964167.8723404255
415139,,3.0,964172.1276595745
415147,0.4757440984249115,,964206.1702127659
415148,,3.0,964210.4255319149
415160,0.4757741093635559,,964261.4893617021
415161,,3.0,964265.7446808511
415173,0.4758041203022003,,964310.9090909091
415174,,3.0,964315.4545454546
415183,0.4758341312408447,,964356.3636363636
415184,,3.0,964360.9090909091
415194,0.47586414217948914,,964406.3636363636
415195,,3.0,964410.9090909091
415206,0.47589415311813354,,964460.9090909091
415207,,3.0,964465.4545454546
415226,0.47592416405677795,,964530.3773584906
415227,,3.0,964534.1509433963
415239,0.47595417499542236,,964579.4339622641
415240,,3.0,964583.2075471698
415249,0.4759841859340668,,964617.1698113207
415250,,3.0,964620.9433962264
415261,0.4760141968727112,,964662.4528301887
415262,,3.0,964666.2264150943
415276,0.4760442078113556,,964718.8888888889
415277,,3.0,964723.3333333334
415289,0.47607421875,,964776.6666666666
415290,,3.0,964781.1111111111
415296,0.4761042296886444,,964807.7777777778
415297,,3.0,964812.2222222222
415308,0.4761342406272888,,964861.1111111111
415309,,3.0,964865.5555555555
415323,0.4761642515659332,,964915.8333333334
415324,,3.0,964920.0
415335,0.47619426250457764,,964965.8333333334
415336,,3.0,964970.0
415346,0.47622427344322205,,965011.6666666666
415347,,3.0,965015.8333333334
415358,0.47625428438186646,,965061.6666666666
415359,,3.0,965065.8333333334
415375,0.47628429532051086,,965126.5217391305
415376,,3.0,965130.8695652174
415384,0.4763143062591553,,965165.6521739131
415385,,3.0,965170.0
415395,0.4763443171977997,,965213.4782608695
415396,,3.0,965217.8260869565
415406,0.4763743281364441,,965261.304347826
415407,,3.0,965265.6521739131
415424,0.4764043390750885,,965343.6842105263
415425,,3.0,965348.947368421
415435,0.4764343500137329,,965401.5789473684
415436,,3.0,965406.8421052631
415440,0.4764643609523773,,965427.8947368421
415441,,3.0,965433.1578947369
415446,0.47649437189102173,,965459.4736842106
415447,,3.0,965464.7368421053
415467,0.47652438282966614,,965539.387755102
415468,,3.0,965543.4693877551
415474,0.47655439376831055,,965567.9591836735
415475,,3.0,965572.0408163265
415484,0.47658440470695496,,965608.775510204
415485,,3.0,965612.8571428572
415497,0.47661441564559937,,965661.8367346938
415498,,3.0,965665.918367347
415510,0.4766344130039215,,965692.7045454546
415511,,2.0,965695.2272727273
415520,0.47665441036224365,,965717.9318181818
415521,,2.0,965720.4545454546
415534,0.4766744077205658,,965753.25
415535,,2.0,965755.7727272727
415543,0.47669440507888794,,965775.9545454546
415544,,2.0,965778.4772727273
415562,0.47669440507888794,,965822.25
415563,,0.0,965825.0
415573,0.47669440507888794,,965852.5
415574,,0.0,965855.25
415584,0.47669440507888794,,965882.75
415585,,0.0,965885.5
415593,0.47669440507888794,,965907.5
415594,,0.0,965910.25
415611,0.47672441601753235,,965971.3333333334
415612,,3.0,965975.5
415624,0.47675442695617676,,966025.5
415625,,3.0,966029.6666666666
415636,0.47678443789482117,,966075.5
415637,,3.0,966079.6666666666
415643,0.4768144488334656,,966104.6666666666
415644,,3.0,966108.8333333334
415660,0.47684445977211,,966176.4146341464
415661,,3.0,966181.2926829269
415669,0.4768744707107544,,966220.3170731707
415670,,3.0,966225.1951219512
415679,0.4769044816493988,,966269.0975609756
415680,,3.0,966273.9756097561
415686,0.4769344925880432,,966303.243902439
415687,,3.0,966308.1219512195
415704,0.4769645035266876,,966369.0
415705,,3.0,966373.0
415716,0.47699451446533203,,966417.0
415717,,3.0,966421.0
415729,0.47702452540397644,,966469.0
415730,,3.0,966473.0
415738,0.47705453634262085,,966505.0
415739,,3.0,966509.0
415751,0.47708454728126526,,966550.5
415752,,3.0,966554.6666666666
415763,0.47711455821990967,,966600.5
415764,,3.0,966604.6666666666
415775,0.4771445691585541,,966650.5
415776,,3.0,966654.6666666666
415788,0.4771745800971985,,966704.6666666666
415789,,3.0,966708.8333333334
415805,0.4772045910358429,,966773.4651162791
415806,,3.0,966778.1162790698
415811,0.4772346019744873,,966801.3720930233
415812,,3.0,966806.023255814
415820,0.4772646129131317,,966843.2325581395
415821,,3.0,966847.8837209302
415833,0.4772946238517761,,966903.6976744186
415834,,3.0,966908.3488372093
415845,0.47732463479042053,,966935.1818181818
415846,,3.0,966937.9545454546
415856,0.47735464572906494,,966965.6818181818
415857,,3.0,966968.4545454546
415870,0.47738465666770935,,967004.5
415871,,3.0,967007.2727272727
415879,0.47741466760635376,,967029.4545454546
415880,,3.0,967032.2272727273
415890,0.47744467854499817,,967073.8888888889
415891,,3.0,967079.4444444445
415901,0.4774746894836426,,967135.0
415902,,3.0,967140.5555555555
415909,0.477504700422287,,967179.4444444445
415910,,3.0,967185.0
415917,0.4775347113609314,,967223.8888888889
415918,,3.0,967229.4444444445
415931,0.4775647222995758,,967280.4545454546
415932,,3.0,967285.0
415945,0.4775947332382202,,967344.0909090909
415946,,3.0,967348.6363636364
415956,0.4776247441768646,,967394.0909090909
415957,,3.0,967398.6363636364
415963,0.47765475511550903,,967425.9090909091
415964,,3.0,967430.4545454546
415977,0.47768476605415344,,967482.619047619
415978,,3.0,967487.380952381
415990,0.47771477699279785,,967544.5238095238
415991,,3.0,967549.2857142857
415998,0.47774478793144226,,967582.619047619
415999,,3.0,967587.380952381
416007,0.47777479887008667,,967625.4761904762
416008,,3.0,967630.2380952381
416021,0.4778048098087311,,967690.5555555555
416022,,3.0,967696.1111111111
416028,0.4778348207473755,,967729.4444444445
416029,,3.0,967735.0
416037,0.4778648316860199,,967779.4444444445
416038,,3.0,967785.0
416045,0.4778948426246643,,967823.8888888889
416046,,3.0,967829.4444444445
416059,0.4779248535633087,,967878.4782608695
416060,,3.0,967882.8260869565
416070,0.4779548645019531,,967926.304347826
416071,,3.0,967930.6521739131
416079,0.47798487544059753,,967965.4347826086
416080,,3.0,967969.7826086957
416093,0.47801488637924194,,968026.304347826
416094,,3.0,968030.6521739131
416113,0.47804489731788635,,968097.7450980392
416114,,3.0,968101.6666666666
416125,0.47807490825653076,,968144.8039215687
416126,,3.0,968148.725490196
416133,0.47810491919517517,,968176.1764705882
416134,,3.0,968180.0980392157
416146,0.4781349301338196,,968227.1568627451
416147,,3.0,968231.0784313725
416163,0.4781349301338196,,968278.3333333334
416164,,0.0,968281.6666666666
416172,0.4781349301338196,,968308.3333333334
416173,,0.0,968311.6666666666
416180,0.4781349301338196,,968335.0
416181,,0.0,968338.3333333334
416193,0.4781349301338196,,968378.3333333334
416194,,0.0,968381.6666666666
416211,0.478164941072464,,968445.8695652174
416212,,3.0,968450.2173913043
416222,0.4781949520111084,,968493.695652174
416223,,3.0,968498.0434782609
416233,0.4782249629497528,,968541.5217391305
416234,,3.0,968545.8695652174
416241,0.4782549738883972,,968576.304347826
416242,,3.0,968580.6521739131
416256,0.4782849848270416,,968649.7058823529
416257,,3.0,968655.5882352941
416263,0.47831499576568604,,968690.8823529412
416264,,3.0,968696.7647058824
416270,0.47834500670433044,,968732.0588235294
416271,,3.0,968737.9411764706
416277,0.47837501764297485,,968773.2352941176
416278,,3.0,968779.1176470588
416291,0.47840502858161926,,968835.0
416292,,3.0,968840.0
416299,0.47843503952026367,,968875.0
416300,,3.0,968880.0
416310,0.4784650504589081,,968930.0
416311,,3.0,968935.0
416319,0.4784950613975525,,968975.0
416320,,3.0,968980.0
416335,0.4785250723361969,,969032.0588235294
416336,,3.0,969035.9803921569
416347,0.4785550832748413,,969079.1176470588
416348,,3.0,969083.0392156863
416361,0.4785850942134857,,969134.0196078431
416362,,3.0,969137.9411764706
416372,0.4786151051521301,,969177.1568627451
416373,,3.0,969181.0784313725
416392,0.47864511609077454,,969249.0
416393,,3.0,969253.0
416403,0.47867512702941895,,969293.0
416404,,3.0,969297.0
416410,0.47870513796806335,,969321.0
416411,,3.0,969325.0
416424,0.47873514890670776,,969377.0
416425,,3.0,969381.0
416443,0.4787651598453522,,969454.7674418605
416444,,3.0,969459.4186046511
416452,0.4787951707839966,,969496.6279069767
416453,,3.0,969501.2790697674
416461,0.478825181722641,,969538.4883720931
416462,,3.0,969543.1395348837
416469,0.4788551926612854,,969575.6976744186
416470,,3.0,969580.3488372093
416486,0.4788852035999298,,969634.0566037736
416487,,3.0,969637.8301886793
416496,0.4789152145385742,,969671.7924528302
416497,,3.0,969675.5660377359
416506,0.47894522547721863,,969709.5283018867
416507,,3.0,969713.3018867924
416524,0.47897523641586304,,969777.4528301887
416525,,3.0,969781.2264150943
416541,0.47900524735450745,,969848.4146341464
416542,,3.0,969853.2926829269
416549,0.47903525829315186,,969887.4390243902
416550,,3.0,969892.3170731707
416557,0.47906526923179626,,969926.4634146341
416558,,3.0,969931.3414634146
416567,0.4790952801704407,,969975.243902439
416568,,3.0,969980.1219512195
416580,0.4791252911090851,,970025.9090909091
416581,,3.0,970030.4545454546
416590,0.4791553020477295,,970071.3636363636
416591,,3.0,970075.9090909091
416603,0.4791853129863739,,970130.4545454546
416604,,3.0,970135.0
416613,0.4792153239250183,,970175.9090909091
416614,,3.0,970180.4545454546
416628,0.4792453348636627,,970241.4102564103
416629,,3.0,970246.5384615385
416636,0.47927534580230713,,970282.4358974359
416637,,3.0,970287.5641025641
416643,0.47930535674095154,,970318.3333333334
416644,,3.0,970323.4615384615
416654,0.47933536767959595,,970374.7435897436
416655,,3.0,970379.8717948718
416667,0.47936537861824036,,970424.1304347826
416668,,3.0,970428.4782608695
416677,0.47939538955688477,,970467.6086956522
416678,,3.0,970471.9565217391
416691,0.4794254004955292,,970528.4782608695
416692,,3.0,970532.8260869565
416702,0.4794554114341736,,970576.304347826
416703,,3.0,970580.6521739131
416719,0.479485422372818,,970648.4146341464
416720,,3.0,970653.2926829269
416727,0.4795154333114624,,970687.4390243902
416728,,3.0,970692.3170731707
416737,0.4795454442501068,,970736.2195121951
416738,,3.0,970741.0975609756
416745,0.4795754551887512,,970775.243902439
416746,,3.0,970780.1219512195
416757,0.47960546612739563,,970824.0243902439
416758,,3.0,970828.9024390244
416769,0.47963547706604004,,970882.5609756098
416770,,3.0,970887.4390243902
416779,0.47966548800468445,,970931.3414634146
416780,,3.0,970936.2195121951
416788,0.47969549894332886,,970975.243902439
416789,,3.0,970980.1219512195
416802,0.47972550988197327,,971029.4444444445
416803,,3.0,971033.8888888889
416811,0.4797555208206177,,971069.4444444445
416812,,3.0,971073.8888888889
416821,0.4797855317592621,,971113.8888888889
416822,,3.0,971118.3333333334
416835,0.4798155426979065,,971176.1111111111
416836,,3.0,971180.5555555555
416853,0.4798455536365509,,971244.5744680851
416854,,3.0,971248.8297872341
416862,0.4798755645751953,,971282.8723404255
416863,,3.0,971287.1276595745
416874,0.4799055755138397,,971333.9361702128
416875,,3.0,971338.1914893617
416884,0.47993558645248413,,971376.4893617021
416885,,3.0,971380.7446808511
416900,0.4799456000328064,,971430.1428571428
416901,,1.0,971433.9047619047
416907,0.47995561361312866,,971456.4761904762
416908,,1.0,971460.2380952381
416920,0.4799656271934509,,971505.380952381
416921,,1.0,971509.1428571428
416928,0.4799756407737732,,971535.4761904762
416929,,1.0,971539.2380952381
416942,0.4800056517124176,,971600.1428571428
416943,,3.0,971605.8571428572
416951,0.480035662651062,,971651.5714285715
416952,,3.0,971657.2857142857
416957,0.4800656735897064,,971685.8571428572
416958,,3.0,971691.5714285715
416965,0.48009568452835083,,971731.5714285715
416966,,3.0,971737.2857142857
416979,0.48012569546699524,,971790.619047619
416980,,3.0,971795.380952381
416988,0.48015570640563965,,971833.4761904762
416989,,3.0,971838.2380952381
416999,0.48018571734428406,,971885.8571428572
417000,,3.0,971890.619047619
417009,0.48021572828292847,,971933.4761904762
417010,,3.0,971938.2380952381
417022,0.4802457392215729,,971976.962264151
417023,,3.0,971980.7358490566
417035,0.4802757501602173,,972026.0188679246
417036,,3.0,972029.7924528302
417044,0.4803057610988617,,972059.9811320754
417045,,3.0,972063.7547169811
417064,0.4803357720375061,,972135.4528301887
417065,,3.0,972139.2264150943
417081,0.4803657829761505,,972200.7777777778
417082,,3.0,972205.2222222222
417094,0.4803957939147949,,972258.5555555555
417095,,3.0,972263.0
417100,0.48042580485343933,,972285.2222222222
417101,,3.0,972289.6666666666
417111,0.48045581579208374,,972334.1111111111
417112,,3.0,972338.5555555555
417125,0.48048582673072815,,972393.0
417126,,3.0,972398.0
417134,0.48051583766937256,,972438.0
417135,,3.0,972443.0
417146,0.48054584860801697,,972498.0
417147,,3.0,972503.0
417153,0.4805758595466614,,972533.0
417154,,3.0,972538.0
417172,0.4806058704853058,,972598.5555555555
417173,,3.0,972602.2592592592
417183,0.4806358814239502,,972639.2962962963
417184,,3.0,972643.0
417193,0.4806658923625946,,972676.3333333334
417194,,3.0,972680.0370370371
417209,0.480695903301239,,972735.5925925926
417210,,3.0,972739.2962962963
417226,0.4807259142398834,,972795.0
417227,,3.0,972799.0
417238,0.48075592517852783,,972843.0
417239,,3.0,972847.0
417250,0.48078593611717224,,972891.0
417251,,3.0,972895.0
417261,0.48081594705581665,,972935.0
417262,,3.0,972939.0
417275,0.48084595799446106,,972988.4545454546
417276,,3.0,972993.0
417286,0.48087596893310547,,973038.4545454546
417287,,3.0,973043.0
417294,0.4809059798717499,,973074.8181818182
417295,,3.0,973079.3636363636
417307,0.4809359908103943,,973133.9090909091
417308,,3.0,973138.4545454546
417323,0.4809660017490387,,973200.1428571428
417324,,3.0,973204.9047619047
417334,0.4809960126876831,,973252.5238095238
417335,,3.0,973257.2857142857
417343,0.4810260236263275,,973295.380952381
417344,,3.0,973300.1428571428
417351,0.4810560345649719,,973333.4761904762
417352,,3.0,973338.2380952381
417367,0.4810560345649719,,973387.0
417368,,0.0,973390.6666666666
417376,0.4810560345649719,,973420.0
417377,,0.0,973423.6666666666
417384,0.4810560345649719,,973449.3333333334
417385,,0.0,973453.0
417395,0.4810560345649719,,973489.6666666666
417396,,0.0,973493.3333333334
417411,0.48108604550361633,,973552.8139534884
417412,,3.0,973557.4651162791
417420,0.48111605644226074,,973594.6744186047
417421,,3.0,973599.3255813953
417429,0.48114606738090515,,973636.5348837209
417430,,3.0,973641.1860465116
417440,0.48117607831954956,,973687.6976744186
417441,,3.0,973692.3488372093
417456,0.4811860918998718,,973735.1333333333
417457,,1.0,973738.3111111111
417467,0.4811961054801941,,973770.088888889
417468,,1.0,973773.2666666667
417478,0.48120611906051636,,973805.0444444445
417479,,1.0,973808.2222222222
417487,0.4812161326408386,,973833.6444444444
417488,,1.0,973836.8222222222
417505,0.48124614357948303,,973889.1228070175
417506,,3.0,973892.6315789474
417519,0.48127615451812744,,973938.245614035
417520,,3.0,973941.754385965
417533,0.48130616545677185,,973987.3684210526
417534,,3.0,973990.8771929825
417546,0.48133617639541626,,974032.9824561403
417547,,3.0,974036.4912280702
417566,0.48136618733406067,,974102.7450980392
417567,,3.0,974106.6666666666
417577,0.4813961982727051,,974145.8823529412
417578,,3.0,974149.8039215687
417588,0.4814262092113495,,974189.0196078431
417589,,3.0,974192.9411764706
417599,0.4814562201499939,,974232.1568627451
417600,,3.0,974236.0784313725
417614,0.4814562201499939,,974278.358974359
417615,,0.0,974281.8461538461
417622,0.4814562201499939,,974306.2564102564
417623,,0.0,974309.7435897436
417629,0.4814562201499939,,974330.6666666666
417630,,0.0,974334.1538461539
417640,0.4814562201499939,,974369.0256410256
417641,,0.0,974372.5128205129
417659,0.4814862310886383,,974445.7674418605
417660,,3.0,974450.4186046511
417670,0.4815162420272827,,974496.9302325582
417671,,3.0,974501.5813953489
417676,0.4815462529659271,,974524.8372093023
417677,,3.0,974529.4883720931
417685,0.48157626390457153,,974566.6976744186
417686,,3.0,974571.3488372093
417697,0.4815862774848938,,974606.2702702703
417698,,1.0,974610.0540540541
417704,0.48159629106521606,,974632.7567567568
417705,,1.0,974636.5405405406
417711,0.48160630464553833,,974659.2432432432
417712,,1.0,974663.027027027
417724,0.4816163182258606,,974708.4324324324
417725,,1.0,974712.2162162162
417736,0.48162633180618286,,974756.0
417737,,1.0,974761.0
417749,0.4816363453865051,,974821.0
417750,,1.0,974826.0
417757,0.4816463589668274,,974861.0
417758,,1.0,974866.0
417766,0.48165637254714966,,974906.0
417767,,1.0,974911.0
417780,0.48168638348579407,,974956.8163265307
417781,,3.0,974960.8979591837
417792,0.4817163944244385,,975005.7959183673
417793,,3.0,975009.8775510204
417804,0.4817464053630829,,975054.775510204
417805,,3.0,975058.8571428572
417817,0.4817764163017273,,975107.8367346938
417818,,3.0,975111.918367347
417833,0.4818064272403717,,975177.5384615385
417834,,3.0,975182.6666666666
417842,0.4818364381790161,,975223.6923076923
417843,,3.0,975228.8205128205
417849,0.4818664491176605,,975259.5897435897
417850,,3.0,975264.717948718
417858,0.48189646005630493,,975305.7435897436
417859,,3.0,975310.8717948718
417873,0.48192647099494934,,975360.0
417874,,3.0,975364.0
417887,0.48195648193359375,,975416.0
417888,,3.0,975420.0
417898,0.48198649287223816,,975460.0
417899,,3.0,975464.0
417910,0.48201650381088257,,975508.0
417911,,3.0,975512.0
417926,0.482046514749527,,975570.5454545454
417927,,3.0,975575.0909090909
417937,0.4820765256881714,,975620.5454545454
417938,,3.0,975625.0909090909
417946,0.4821065366268158,,975661.4545454546
417947,,3.0,975666.0
417956,0.4821365475654602,,975706.9090909091
417957,,3.0,975711.4545454546
417972,0.4821665585041046,,975774.5365853659
417973,,3.0,975779.4146341464
417980,0.482196569442749,,975813.5609756098
417981,,3.0,975818.4390243902
417991,0.48222658038139343,,975867.2195121951
417992,,3.0,975872.0975609756
417999,0.48225659132003784,,975906.243902439
418000,,3.0,975911.1219512195
418015,0.48228660225868225,,975967.0638297872
418016,,3.0,975971.3191489362
418026,0.48231661319732666,,976013.8723404255
418027,,3.0,976018.1276595745
418035,0.48234662413597107,,976052.1702127659
418036,,3.0,976056.4255319149
418048,0.4823766350746155,,976107.4893617021
418049,,3.0,976111.7446808511
418060,0.4824066460132599,,976161.7142857143
418061,,3.0,976167.4285714285
418068,0.4824366569519043,,976207.4285714285
418069,,3.0,976213.1428571428
418076,0.4824666678905487,,976253.1428571428
418077,,3.0,976258.8571428572
418085,0.4824966788291931,,976304.5714285715
418086,,3.0,976310.2857142857
418105,0.4825266897678375,,976382.6666666666
418106,,3.0,976386.8333333334
418114,0.48255670070648193,,976420.1666666666
418115,,3.0,976424.3333333334
418125,0.48258671164512634,,976466.0
418126,,3.0,976470.1666666666
418135,0.48261672258377075,,976507.6666666666
418136,,3.0,976511.8333333334
418149,0.48264673352241516,,976561.4545454546
418150,,3.0,976566.0
418162,0.48267674446105957,,976620.5454545454
418163,,3.0,976625.0909090909
418171,0.482706755399704,,976661.4545454546
418172,,3.0,976666.0
418181,0.4827367663383484,,976706.9090909091
418182,,3.0,976711.4545454546
418199,0.4827667772769928,,976789.6842105263
418200,,3.0,976794.947368421
418207,0.4827967882156372,,976831.7894736842
418208,,3.0,976837.052631579
418214,0.4828267991542816,,976868.6315789474
418215,,3.0,976873.8947368421
418221,0.482856810092926,,976905.4736842106
418222,,3.0,976910.7368421053
418241,0.48288682103157043,,976976.3773584906
418242,,3.0,976980.1509433963
418255,0.48291683197021484,,977029.2075471698
418256,,3.0,977032.9811320754
418267,0.48294684290885925,,977074.4905660377
418268,,3.0,977078.2641509434
418276,0.48297685384750366,,977108.4528301887
418277,,3.0,977112.2264150943
418288,0.48300686478614807,,977152.3636363636
418289,,3.0,977156.9090909091
418300,0.4830368757247925,,977206.9090909091
418301,,3.0,977211.4545454546
418314,0.4830668866634369,,977270.5454545454
418315,,3.0,977275.0909090909
418322,0.4830968976020813,,977306.9090909091
418323,,3.0,977311.4545454546
418337,0.4831269085407257,,977366.0
418338,,3.0,977370.5454545454
418350,0.4831569194793701,,977425.0909090909
418351,,3.0,977429.6363636364
418358,0.4831869304180145,,977461.4545454546
418359,,3.0,977466.0
418368,0.48321694135665894,,977506.9090909091
418369,,3.0,977511.4545454546
418384,0.4832269549369812,,977553.304347826
418385,,1.0,977556.4130434783
418391,0.48323696851730347,,977575.0652173914
418392,,1.0,977578.1739130435
418401,0.48324698209762573,,977606.1521739131
418402,,1.0,977609.2608695652
418416,0.483256995677948,,977652.7826086957
418417,,1.0,977655.8913043478
418441,0.4832870066165924,,977731.4137931034
418442,,3.0,977734.8620689656
418452,0.4833170175552368,,977769.3448275862
418453,,3.0,977772.7931034482
418465,0.4833470284938812,,977814.1724137932
418466,,3.0,977817.6206896552
418476,0.48337703943252563,,977852.1034482758
418477,,3.0,977855.551724138
418494,0.4833870530128479,,977903.5454545454
418495,,1.0,977906.7272727273
418503,0.48339706659317017,,977932.1818181818
418504,,1.0,977935.3636363636
418512,0.48340708017349243,,977960.8181818182
418513,,1.0,977964.0
418522,0.4834170937538147,,977992.6363636364
418523,,1.0,977995.8181818182
418534,0.4834471046924591,,978043.4444444445
418535,,3.0,978049.0
418545,0.4834771156311035,,978104.5555555555
418546,,3.0,978110.1111111111
418552,0.4835071265697479,,978143.4444444445
418553,,3.0,978149.0
418560,0.48353713750839233,,978187.8888888889
418561,,3.0,978193.4444444445
418574,0.48356714844703674,,978249.0
418575,,3.0,978254.0
418586,0.48359715938568115,,978309.0
418587,,3.0,978314.0
418594,0.48362717032432556,,978349.0
418595,,3.0,978354.0
418602,0.48365718126296997,,978389.0
418603,,3.0,978394.0
418617,0.4836871922016144,,978449.0
418618,,3.0,978453.5454545454
418629,0.4837172031402588,,978503.5454545454
418630,,3.0,978508.0909090909
418636,0.4837472140789032,,978535.3636363636
418637,,3.0,978539.9090909091
418648,0.4837772250175476,,978589.9090909091
418649,,3.0,978594.4545454546
418673,0.483807235956192,,978676.7777777778
418674,,3.0,978680.4814814815
418683,0.4838372468948364,,978713.8148148148
418684,,3.0,978717.5185185185
418691,0.48386725783348083,,978743.4444444445
418692,,3.0,978747.1481481482
418704,0.48389726877212524,,978791.5925925926
418705,,3.0,978795.2962962963
418720,0.4839072823524475,,978844.1428571428
418721,,1.0,978847.9047619047
418730,0.4839172959327698,,978881.7619047619
418731,,1.0,978885.5238095238
418739,0.48392730951309204,,978915.619047619
418740,,1.0,978919.380952381
418748,0.4839373230934143,,978949.4761904762
418749,,1.0,978953.2380952381
418761,0.4839673340320587,,979003.1538461539
418762,,3.0,979008.282051282
418768,0.4839973449707031,,979039.0512820513
418769,,3.0,979044.1794871795
418778,0.48402735590934753,,979090.3333333334
418779,,3.0,979095.4615384615
418789,0.48405736684799194,,979146.7435897436
418790,,3.0,979151.8717948718
418806,0.48408737778663635,,979222.0
418807,,3.0,979227.0
418816,0.48411738872528076,,979272.0
418817,,3.0,979277.0
418823,0.48414739966392517,,979307.0
418824,,3.0,979312.0
418831,0.4841774106025696,,979347.0
418832,,3.0,979352.0
418844,0.484207421541214,,979398.8604651163
418845,,3.0,979403.5116279069
418855,0.4842374324798584,,979450.023255814
418856,,3.0,979454.6744186047
418866,0.4842674434185028,,979501.1860465116
418867,,3.0,979505.8372093023
418876,0.4842974543571472,,979547.6976744186
418877,,3.0,979552.3488372093
418889,0.4842974543571472,,979606.0
418890,,0.0,979611.4444444445
418899,0.4842974543571472,,979660.4444444445
418900,,0.0,979665.8888888889
418907,0.4842974543571472,,979704.0
418908,,0.0,979709.4444444445
418914,0.4842974543571472,,979742.1111111111
418915,,0.0,979747.5555555555
418927,0.4843274652957916,,979790.5
418928,,3.0,979794.6666666666
418940,0.48435747623443604,,979844.6666666666
418941,,3.0,979848.8333333334
418953,0.48438748717308044,,979898.8333333334
418954,,3.0,979903.0
418964,0.48441749811172485,,979944.6666666666
418965,,3.0,979948.8333333334
418982,0.48444750905036926,,980016.6363636364
418983,,3.0,980021.1818181818
418994,0.48447751998901367,,980071.1818181818
418995,,3.0,980075.7272727273
419002,0.4845075309276581,,980107.5454545454
419003,,3.0,980112.0909090909
419010,0.4845375418663025,,980143.9090909091
419011,,3.0,980148.4545454546
419029,0.4845675528049469,,980214.224489796
419030,,3.0,980218.306122449
419038,0.4845975637435913,,980250.9591836735
419039,,3.0,980255.0408163265
419049,0.4846275746822357,,980295.8571428572
419050,,3.0,980299.9387755102
419061,0.4846575856208801,,980344.8367346938
419062,,3.0,980348.918367347
419078,0.4846675992012024,,980389.6363636364
419079,,1.0,980392.4545454546
419088,0.48467761278152466,,980417.8181818182
419089,,1.0,980420.6363636364
419102,0.4846876263618469,,980457.2727272727
419103,,1.0,980460.0909090909
419118,0.4846976399421692,,980502.3636363636
419119,,1.0,980505.1818181818
419131,0.4847276508808136,,980551.9024390244
419132,,3.0,980556.7804878049
419140,0.484757661819458,,980595.8048780488
419141,,3.0,980600.6829268293
419150,0.4847876727581024,,980644.5853658536
419151,,3.0,980649.4634146341
419161,0.4848176836967468,,980698.243902439
419162,,3.0,980703.1219512195
419178,0.48484769463539124,,980756.1481481482
419179,,3.0,980759.8518518518
419193,0.48487770557403564,,980811.7037037037
419194,,3.0,980815.4074074074
419204,0.48490771651268005,,980852.4444444445
419205,,3.0,980856.1481481482
419217,0.48493772745132446,,980900.5925925926
419218,,3.0,980904.2962962963
419235,0.48496773838996887,,980976.2926829269
419236,,3.0,980981.1707317074
419244,0.4849977493286133,,981020.1951219512
419245,,3.0,981025.0731707317
419254,0.4850277602672577,,981068.9756097561
419255,,3.0,981073.8536585366
419260,0.4850577712059021,,981098.243902439
419261,,3.0,981103.1219512195
419271,0.4850877821445465,,981146.8888888889
419272,,3.0,981152.4444444445
419275,0.4851177930831909,,981169.1111111111
419276,,3.0,981174.6666666666
419285,0.4851478040218353,,981224.6666666666
419286,,3.0,981230.2222222222
419298,0.48517781496047974,,981296.8888888889
419299,,3.0,981302.4444444445
419318,0.48520782589912415,,981374.6666666666
419319,,3.0,981378.8333333334
419330,0.48523783683776855,,981424.6666666666
419331,,3.0,981428.8333333334
419339,0.48526784777641296,,981462.1666666666
419340,,3.0,981466.3333333334
419348,0.4852978587150574,,981499.6666666666
419349,,3.0,981503.8333333334
419363,0.4853278696537018,,981565.8947368421
419364,,3.0,981571.1578947369
419371,0.4853578805923462,,981608.0
419372,,3.0,981613.2631578947
419378,0.4853878915309906,,981644.8421052631
419379,,3.0,981650.1052631579
419388,0.485417902469635,,981697.4736842106
419389,,3.0,981702.7368421053
419406,0.4854479134082794,,981767.5744680851
419407,,3.0,981771.8297872341
419413,0.48547792434692383,,981797.3617021276
419414,,3.0,981801.6170212766
419429,0.48550793528556824,,981865.4468085107
419430,,3.0,981869.7021276596
419437,0.48553794622421265,,981899.4893617021
419438,,3.0,981903.7446808511
419452,0.48556795716285706,,981954.8085106383
419453,,3.0,981959.0638297872
419461,0.48559796810150146,,981993.1063829787
419462,,3.0,981997.3617021276
419474,0.4856279790401459,,982048.4255319149
419475,,3.0,982052.6808510638
419486,0.4856579899787903,,982099.4893617021
419487,,3.0,982103.7446808511
419501,0.4856880009174347,,982163.0
419502,,3.0,982168.0
419511,0.4857180118560791,,982213.0
419512,,3.0,982218.0
419519,0.4857480227947235,,982253.0
419520,,3.0,982258.0
419528,0.4857780337333679,,982298.0
419529,,3.0,982303.0
419546,0.48580804467201233,,982364.0
419547,,3.0,982368.0
419561,0.48583805561065674,,982424.0
419562,,3.0,982428.0
419569,0.48586806654930115,,982456.0
419570,,3.0,982460.0
419580,0.48589807748794556,,982500.0
419581,,3.0,982504.0
419597,0.48592808842658997,,982578.2702702703
419598,,3.0,982583.6756756756
419603,0.4859580993652344,,982610.7027027027
419604,,3.0,982616.1081081082
419614,0.4859881103038788,,982670.1621621621
419615,,3.0,982675.5675675676
419619,0.4860181212425232,,982697.1891891892
419620,,3.0,982702.5945945946
419636,0.4860481321811676,,982756.1481481482
419637,,3.0,982759.8518518518
419647,0.486078143119812,,982796.8888888889
419648,,3.0,982800.5925925926
419663,0.4861081540584564,,982856.1481481482
419664,,3.0,982859.8518518518
419675,0.48613816499710083,,982900.5925925926
419676,,3.0,982904.2962962963
419687,0.4861481785774231,,982937.1111111111
419688,,1.0,982940.75
419695,0.48615819215774536,,982966.2222222222
419696,,1.0,982969.8611111111
419705,0.4861682057380676,,983002.6111111111
419706,,1.0,983006.25
419713,0.4861782193183899,,983031.7222222222
419714,,1.0,983035.3611111111
419731,0.48618823289871216,,983088.512195122
419732,,1.0,983092.0487804879
419741,0.4861982464790344,,983123.8780487805
419742,,1.0,983127.4146341464
419750,0.4862082600593567,,983155.7073170731
419751,,1.0,983159.243902439
419756,0.48621827363967896,,983176.9268292683
419757,,1.0,983180.4634146341
419768,0.48624828457832336,,983232.4848484849
419769,,3.0,983238.5454545454
419776,0.4862782955169678,,983280.9696969697
419777,,3.0,983287.0303030303
419783,0.4863083064556122,,983323.3939393939
419784,,3.0,983329.4545454546
419791,0.4863383173942566,,983371.8787878788
419792,,3.0,983377.9393939395
419805,0.486368328332901,,983427.4782608695
419806,,3.0,983431.8260869565
419818,0.4863983392715454,,983484.0
419819,,3.0,983488.3478260869
419830,0.4864283502101898,,983536.1739130435
419831,,3.0,983540.5217391305
419839,0.48645836114883423,,983575.304347826
419840,,3.0,983579.6521739131
419855,0.48648837208747864,,983637.3333333334
419856,,3.0,983641.7777777778
419864,0.48651838302612305,,983677.3333333334
419865,,3.0,983681.7777777778
419872,0.48654839396476746,,983712.8888888889
419873,,3.0,983717.3333333334
419886,0.48657840490341187,,983775.1111111111
419887,,3.0,983779.5555555555
419899,0.4866084158420563,,983826.8571428572
419900,,3.0,983831.619047619
419910,0.4866384267807007,,983879.2380952381
419911,,3.0,983884.0
419922,0.4866684377193451,,983936.380952381
419923,,3.0,983941.1428571428
419930,0.4866984486579895,,983974.4761904762
419931,,3.0,983979.2380952381
419943,0.4867284595966339,,984027.9024390244
419944,,3.0,984032.7804878049
419953,0.4867584705352783,,984076.6829268293
419954,,3.0,984081.5609756098
419963,0.48678848147392273,,984125.4634146341
419964,,3.0,984130.3414634146
419973,0.48681849241256714,,984174.243902439
419974,,3.0,984179.1219512195
419988,0.48684850335121155,,984234.0
419989,,3.0,984238.5454545454
419999,0.48687851428985596,,984284.0
420000,,3.0,984288.5454545454
420009,0.48690852522850037,,984329.4545454546
420010,,3.0,984334.0
420019,0.4869385361671448,,984374.9090909091
420020,,3.0,984379.4545454546
420040,0.4869685471057892,,984453.387755102
420041,,3.0,984457.4693877551
420052,0.4869985580444336,,984502.3673469388
420053,,3.0,984506.4489795918
420060,0.487028568983078,,984535.0204081633
420061,,3.0,984539.1020408163
420070,0.4870585799217224,,984575.8367346938
420071,,3.0,984579.918367347
420088,0.4870885908603668,,984650.6666666666
420089,,3.0,984655.4285714285
420095,0.48711860179901123,,984684.0
420096,,3.0,984688.7619047619
420104,0.48714861273765564,,984726.8571428572
420105,,3.0,984731.619047619
420114,0.48717862367630005,,984774.4761904762
420115,,3.0,984779.2380952381
420132,0.48720863461494446,,984842.3333333334
420133,,3.0,984846.5
420143,0.48723864555358887,,984888.1666666666
420144,,3.0,984892.3333333334
420154,0.4872686564922333,,984934.0
420155,,3.0,984938.1666666666
420164,0.4872986674308777,,984975.6666666666
420165,,3.0,984979.8333333334
420181,0.4873286783695221,,985047.4146341464
420182,,3.0,985052.2926829269
420187,0.4873586893081665,,985076.6829268293
420188,,3.0,985081.5609756098
420197,0.4873887002468109,,985125.4634146341
420198,,3.0,985130.3414634146
420207,0.4874187111854553,,985174.243902439
420208,,3.0,985179.1219512195
420222,0.48744872212409973,,985224.7407407408
420223,,3.0,985228.4444444445
420231,0.48747873306274414,,985258.074074074
420232,,3.0,985261.7777777778
420244,0.48750874400138855,,985306.2222222222
420245,,3.0,985309.925925926
420263,0.48753875494003296,,985376.5925925926
420264,,3.0,985380.2962962963
420288,0.48756876587867737,,985455.186440678
420289,,3.0,985458.5762711865
420298,0.4875987768173218,,985489.0847457628
420299,,3.0,985492.4745762711
420311,0.4876287877559662,,985533.1525423729
420312,,3.0,985536.5423728813
420324,0.4876587986946106,,985577.220338983
420325,,3.0,985580.6101694915
420339,0.487688809633255,,985639.0
420340,,3.0,985644.0
420348,0.4877188205718994,,985684.0
420349,,3.0,985689.0
420356,0.4877488315105438,,985724.0
420357,,3.0,985729.0
420366,0.48777884244918823,,985774.0
420367,,3.0,985779.0
420384,0.48780885338783264,,985850.6666666666
420385,,3.0,985855.4285714285
420391,0.48783886432647705,,985884.0
420392,,3.0,985888.7619047619
420401,0.48786887526512146,,985931.619047619
420402,,3.0,985936.380952381
420410,0.48789888620376587,,985974.4761904762
420411,,3.0,985979.2380952381
420427,0.4879288971424103,,986043.0909090909
420428,,3.0,986047.6363636364
420440,0.4879589080810547,,986102.1818181818
420441,,3.0,986106.7272727273
420449,0.4879889190196991,,986143.0909090909
420450,,3.0,986147.6363636364
420456,0.4880189299583435,,986174.9090909091
420457,,3.0,986179.4545454546
420473,0.4880489408969879,,986247.4146341464
420474,,3.0,986252.2926829269
420483,0.4880789518356323,,986296.1951219512
420484,,3.0,986301.0731707317
420488,0.48810896277427673,,986320.5853658536
420489,,3.0,986325.4634146341
420499,0.48813897371292114,,986374.243902439
420500,,3.0,986379.1219512195
420513,0.48816898465156555,,986426.5531914893
420514,,3.0,986430.8085106383
420526,0.48819899559020996,,986481.8723404255
420527,,3.0,986486.1276595745
420539,0.48822900652885437,,986537.1914893617
420540,,3.0,986541.4468085107
420548,0.4882590174674988,,986575.4893617021
420549,,3.0,986579.7446808511
420563,0.4882890284061432,,986634.0
420564,,3.0,986638.5454545454
420573,0.4883190393447876,,986679.4545454546
420574,,3.0,986684.0
420581,0.488349050283432,,986715.8181818182
420582,,3.0,986720.3636363636
420594,0.4883790612220764,,986774.9090909091
420595,,3.0,986779.4545454546
420608,0.4884090721607208,,986829.4545454546
420609,,3.0,986834.0
420617,0.48843908309936523,,986870.3636363636
420618,,3.0,986874.9090909091
420628,0.48846909403800964,,986920.3636363636
420629,,3.0,986924.9090909091
420640,0.48849910497665405,,986974.9090909091
420641,,3.0,986979.4545454546
420659,0.48852911591529846,,987049.2173913043
420660,,3.0,987053.5652173914
420671,0.48855912685394287,,987101.3913043478
420672,,3.0,987105.7391304348
420680,0.4885891377925873,,987140.5217391305
420681,,3.0,987144.8695652174
420688,0.4886191487312317,,987175.304347826
420689,,3.0,987179.6521739131
420704,0.4886491596698761,,987232.9795918367
420705,,3.0,987237.0612244898
420716,0.4886791706085205,,987281.9591836735
420717,,3.0,987286.0408163265
420729,0.4887091815471649,,987335.0204081633
420730,,3.0,987339.1020408163
420739,0.4887391924858093,,987375.8367346938
420740,,3.0,987379.918367347
420756,0.48876920342445374,,987434.9803921569
420757,,3.0,987438.9019607843
420767,0.48879921436309814,,987478.1176470588
420768,,3.0,987482.0392156863
420777,0.48882922530174255,,987517.3333333334
420778,,3.0,987521.2549019608
420792,0.48885923624038696,,987576.1568627451
420793,,3.0,987580.0784313725
420805,0.48888924717903137,,987623.1304347826
420806,,3.0,987627.4782608695
420816,0.4889192581176758,,987670.9565217391
420817,,3.0,987675.304347826
420828,0.4889492690563202,,987723.1304347826
420829,,3.0,987727.4782608695
420840,0.4889792799949646,,987775.304347826
420841,,3.0,987779.6521739131
420856,0.489009290933609,,987839.8139534884
420857,,3.0,987844.4651162791
420867,0.4890393018722534,,987890.976744186
420868,,3.0,987895.6279069767
420877,0.4890693128108978,,987937.4883720931
420878,,3.0,987942.1395348837
420885,0.48909932374954224,,987974.6976744186
420886,,3.0,987979.3488372093
420907,0.48912933468818665,,988057.4693877551
420908,,3.0,988061.5510204082
420919,0.48915934562683105,,988106.4489795918
420920,,3.0,988110.5306122449
420926,0.48918935656547546,,988135.0204081633
420927,,3.0,988139.1020408163
420936,0.4892193675041199,,988175.8367346938
420937,,3.0,988179.918367347
420951,0.4892493784427643,,988246.8571428572
420952,,3.0,988252.5714285715
420957,0.4892793893814087,,988281.1428571428
420958,,3.0,988286.8571428572
420962,0.4893094003200531,,988309.7142857143
420963,,3.0,988315.4285714285
420973,0.4893394112586975,,988372.5714285715
420974,,3.0,988378.2857142857
420987,0.4893494248390198,,988432.5
420988,,1.0,988437.35
421000,0.48935943841934204,,988495.55
421001,,1.0,988500.4
421009,0.4893694519996643,,988539.2
421010,,1.0,988544.05
421015,0.4893794655799866,,988568.3
421016,,1.0,988573.15
421030,0.489409476518631,,988630.380952381
421031,,3.0,988635.1428571428
421040,0.4894394874572754,,988678.0
421041,,3.0,988682.7619047619
421050,0.4894694983959198,,988725.619047619
421051,,3.0,988730.380952381
421059,0.4894995093345642,,988768.4761904762
421060,,3.0,988773.2380952381
421074,0.4895295202732086,,988826.8888888889
421075,,3.0,988831.3333333334
421082,0.489559531211853,,988862.4444444445
421083,,3.0,988866.8888888889
421091,0.48958954215049744,,988902.4444444445
421092,,3.0,988906.8888888889
421106,0.48961955308914185,,988969.1111111111
421107,,3.0,988973.5555555555
421120,0.48964956402778625,,989024.5116279069
421121,,3.0,989029.1627906977
421131,0.48967957496643066,,989075.6744186047
421132,,3.0,989080.3255813953
421140,0.4897095859050751,,989117.5348837209
421141,,3.0,989122.1860465116
421151,0.4897395968437195,,989168.6976744186
421152,,3.0,989173.3488372093
421165,0.4897696077823639,,989223.4545454546
421166,,3.0,989228.0
421177,0.4897996187210083,,989278.0
421178,,3.0,989282.5454545454
421190,0.4898296296596527,,989337.0909090909
421191,,3.0,989341.6363636364
421197,0.4898596405982971,,989368.9090909091
421198,,3.0,989373.4545454546
421212,0.48988965153694153,,989431.6585365854
421213,,3.0,989436.5365853659
421220,0.48991966247558594,,989470.6829268293
421221,,3.0,989475.5609756098
421229,0.48994967341423035,,989514.5853658536
421230,,3.0,989519.4634146341
421240,0.48997968435287476,,989568.243902439
421241,,3.0,989573.1219512195
421253,0.49000969529151917,,989618.0
421254,,3.0,989622.4444444445
421265,0.4900397062301636,,989671.3333333334
421266,,3.0,989675.7777777778
421276,0.490069717168808,,989720.2222222222
421277,,3.0,989724.6666666666
421287,0.4900997281074524,,989769.1111111111
421288,,3.0,989773.5555555555
421301,0.4901297390460968,,989828.0
421302,,3.0,989833.0
421311,0.4901597499847412,,989878.0
421312,,3.0,989883.0
421319,0.4901897609233856,,989918.0
421320,,3.0,989923.0
421329,0.49021977186203003,,989968.0
421330,,3.0,989973.0
421346,0.49024978280067444,,990032.1666666666
421347,,3.0,990036.3333333334
421354,0.49027979373931885,,990065.5
421355,,3.0,990069.6666666666
421367,0.49030980467796326,,990119.6666666666
421368,,3.0,990123.8333333334
421379,0.49033981561660767,,990169.6666666666
421380,,3.0,990173.8333333334
421394,0.4903698265552521,,990235.8947368421
421395,,3.0,990241.1578947369
421403,0.4903998374938965,,990283.2631578947
421404,,3.0,990288.5263157894
421413,0.4904298484325409,,990335.8947368421
421414,,3.0,990341.1578947369
421419,0.4904598593711853,,990367.4736842106
421420,,3.0,990372.7368421053
421432,0.4904898703098297,,990417.1304347826
421433,,3.0,990421.4782608695
421443,0.4905198812484741,,990464.9565217391
421444,,3.0,990469.304347826
421455,0.49054989218711853,,990517.1304347826
421456,,3.0,990521.4782608695
421467,0.49057990312576294,,990569.304347826
421468,,3.0,990573.6521739131
421478,0.49060991406440735,,990611.3333333334
421479,,3.0,990616.0952380953
421492,0.49063992500305176,,990678.0
421493,,3.0,990682.7619047619
421501,0.49066993594169617,,990720.8571428572
421502,,3.0,990725.619047619
421511,0.4906999468803406,,990768.4761904762
421512,,3.0,990773.2380952381
421533,0.49070996046066284,,990841.1636363637
421534,,1.0,990844.6727272727
421546,0.4907199740409851,,990886.7818181819
421547,,1.0,990890.2909090909
421557,0.4907299876213074,,990925.3818181818
421558,,1.0,990928.8909090909
421568,0.49074000120162964,,990963.9818181818
421569,,1.0,990967.490909091
421580,0.49077001214027405,,991006.5555555555
421581,,3.0,991011.0
421593,0.49080002307891846,,991064.3333333334
421594,,3.0,991068.7777777778
421602,0.49083003401756287,,991104.3333333334
421603,,3.0,991108.7777777778
421615,0.4908600449562073,,991162.1111111111
421616,,3.0,991166.5555555555
421630,0.4908900558948517,,991228.8947368421
421631,,3.0,991234.1578947369
421638,0.4909200668334961,,991271.0
421639,,3.0,991276.2631578947
421645,0.4909500777721405,,991307.8421052631
421646,,3.0,991313.1052631579
421655,0.4909800887107849,,991360.4736842106
421656,,3.0,991365.7368421053
421668,0.4910100996494293,,991421.0
421669,,3.0,991426.5555555555
421678,0.49104011058807373,,991476.5555555555
421679,,3.0,991482.1111111111
421686,0.49107012152671814,,991521.0
421687,,3.0,991526.5555555555
421693,0.49110013246536255,,991559.8888888889
421694,,3.0,991565.4444444445
421714,0.49113014340400696,,991640.387755102
421715,,3.0,991644.4693877551
421721,0.49116015434265137,,991668.9591836735
421722,,3.0,991673.0408163265
421734,0.4911901652812958,,991722.0204081633
421735,,3.0,991726.1020408163
421744,0.4912201762199402,,991762.8367346938
421745,,3.0,991766.918367347
421762,0.4912501871585846,,991834.6363636364
421763,,3.0,991839.1818181818
421770,0.491280198097229,,991871.0
421771,,3.0,991875.5454545454
421780,0.4913102090358734,,991916.4545454546
421781,,3.0,991921.0
421790,0.4913402199745178,,991961.9090909091
421791,,3.0,991966.4545454546
421805,0.49137023091316223,,992021.0
421806,,3.0,992025.5454545454
421818,0.49140024185180664,,992080.0909090909
421819,,3.0,992084.6363636364
421827,0.49143025279045105,,992121.0
421828,,3.0,992125.5454545454
421836,0.49146026372909546,,992161.9090909091
421837,,3.0,992166.4545454546
421853,0.49149027466773987,,992210.9811320754
421854,,3.0,992214.0566037736
421864,0.4915202856063843,,992244.8113207547
421865,,3.0,992247.8867924528
421877,0.4915502965450287,,992284.7924528302
421878,,3.0,992287.8679245283
421891,0.4915803074836731,,992327.8490566037
421892,,3.0,992330.9245283019
421905,0.4916103184223175,,992376.5531914893
421906,,3.0,992380.8085106383
421916,0.4916403293609619,,992423.3617021276
421917,,3.0,992427.6170212766
421926,0.4916703402996063,,992465.914893617
421927,,3.0,992470.1702127659
421940,0.49170035123825073,,992525.4893617021
421941,,3.0,992529.7446808511
421957,0.49173036217689514,,992590.5217391305
421958,,3.0,992594.8695652174
421966,0.49176037311553955,,992629.6521739131
421967,,3.0,992634.0
421977,0.49179038405418396,,992677.4782608695
421978,,3.0,992681.8260869565
421988,0.49182039499282837,,992725.304347826
421989,,3.0,992729.6521739131
422002,0.4918504059314728,,992781.619047619
422003,,3.0,992786.380952381
422009,0.4918804168701172,,992814.9523809524
422010,,3.0,992819.7142857143
422021,0.4919104278087616,,992872.0952380953
422022,,3.0,992876.8571428572
422032,0.491940438747406,,992924.4761904762
422033,,3.0,992929.2380952381
422044,0.4919704496860504,,992970.3636363636
422045,,3.0,992974.9090909091
422058,0.4920004606246948,,993034.0
422059,,3.0,993038.5454545454
422068,0.49203047156333923,,993079.4545454546
422069,,3.0,993084.0
422078,0.49206048250198364,,993124.9090909091
422079,,3.0,993129.4545454546
422090,0.49209049344062805,,993168.0425531915
422091,,3.0,993172.2978723404
422104,0.49212050437927246,,993227.6170212766
422105,,3.0,993231.8723404255
422114,0.49215051531791687,,993270.1702127659
422115,,3.0,993274.4255319149
422127,0.4921805262565613,,993325.4893617021
422128,,3.0,993329.7446808511
422142,0.4922105371952057,,993384.0
422143,,3.0,993388.5454545454
422154,0.4922405481338501,,993438.5454545454
422155,,3.0,993443.0909090909
422165,0.4922705590724945,,993488.5454545454
422166,,3.0,993493.0909090909
422173,0.4923005700111389,,993524.9090909091
422174,,3.0,993529.4545454546
422186,0.4923305809497833,,993576.8571428572
422187,,3.0,993581.619047619
422195,0.49236059188842773,,993619.7142857143
422196,,3.0,993624.4761904762
422209,0.49239060282707214,,993686.380952381
422210,,3.0,993691.1428571428
422217,0.49242061376571655,,993724.4761904762
422218,,3.0,993729.2380952381
422234,0.49245062470436096,,993791.7777777778
422235,,3.0,993796.2222222222
422245,0.49248063564300537,,993840.6666666666
422246,,3.0,993845.1111111111
422254,0.4925106465816498,,993880.6666666666
422255,,3.0,993885.1111111111
422264,0.4925406575202942,,993925.1111111111
422265,,3.0,993929.5555555555
422283,0.4925706684589386,,993985.9230769231
422284,,3.0,993989.3846153846
422297,0.492600679397583,,994034.3846153846
422298,,3.0,994037.8461538461
422311,0.4926306903362274,,994082.8461538461
422312,,3.0,994086.3076923077
422318,0.4926607012748718,,994107.0769230769
422319,,3.0,994110.5384615385
422331,0.4926707148551941,,994142.5
422332,,1.0,994145.6666666666
422338,0.49268072843551636,,994164.6666666666
422339,,1.0,994167.8333333334
422352,0.4926907420158386,,994209.0
422353,,1.0,994212.1666666666
422362,0.4927007555961609,,994240.6666666666
422363,,1.0,994243.8333333334
422377,0.4927307665348053,,994287.7407407408
422378,,3.0,994291.4444444445
422391,0.4927607774734497,,994339.5925925926
422392,,3.0,994343.2962962963
422403,0.4927907884120941,,994384.0370370371
422404,,3.0,994387.7407407408
422418,0.4928207993507385,,994439.5925925926
422419,,3.0,994443.2962962963
422432,0.4928308129310608,,994482.2941176471
422433,,1.0,994485.8235294118
422439,0.49284082651138306,,994507.0
422440,,1.0,994510.5294117647
422447,0.4928508400917053,,994535.2352941176
422448,,1.0,994538.7647058824
422454,0.4928608536720276,,994559.9411764706
422455,,1.0,994563.4705882353
422470,0.49287086725234985,,994605.5714285715
422471,,1.0,994608.7857142857
422483,0.4928808808326721,,994647.3571428572
422484,,1.0,994650.5714285715
422493,0.4928908944129944,,994679.5
422494,,1.0,994682.7142857143
422498,0.49290090799331665,,994695.5714285715
422499,,1.0,994698.7857142857
422517,0.49293091893196106,,994763.224489796
422518,,3.0,994767.306122449
422529,0.49296092987060547,,994812.2040816327
422530,,3.0,994816.2857142857
422538,0.4929909408092499,,994848.9387755102
422539,,3.0,994853.0204081633
422549,0.4930209517478943,,994893.8367346938
422550,,3.0,994897.918367347
422564,0.4930509626865387,,994947.8333333334
422565,,3.0,994952.0
422576,0.4930809736251831,,994997.8333333334
422577,,3.0,995002.0
422588,0.4931109845638275,,995047.8333333334
422589,,3.0,995052.0
422599,0.4931409955024719,,995093.6666666666
422600,,3.0,995097.8333333334
422615,0.49317100644111633,,995155.3333333334
422616,,3.0,995159.7777777778
422624,0.49320101737976074,,995195.3333333334
422625,,3.0,995199.7777777778
422632,0.49323102831840515,,995230.8888888889
422633,,3.0,995235.3333333334
422646,0.49326103925704956,,995293.1111111111
422647,,3.0,995297.5555555555
422659,0.4932710528373718,,995328.6086956522
422660,,1.0,995331.5652173914
422668,0.4932810664176941,,995355.2173913043
422669,,1.0,995358.1739130435
422682,0.49329107999801636,,995396.6086956522
422683,,1.0,995399.5652173914
422694,0.4933010935783386,,995432.0869565217
422695,,1.0,995435.0434782609
422709,0.49333110451698303,,995490.380952381
422710,,3.0,995495.1428571428
422720,0.49336111545562744,,995542.7619047619
422721,,3.0,995547.5238095238
422727,0.49339112639427185,,995576.0952380953
422728,,3.0,995580.8571428572
422738,0.49342113733291626,,995628.4761904762
422739,,3.0,995633.2380952381
422753,0.49345114827156067,,995691.6585365854
422754,,3.0,995696.5365853659
422765,0.4934811592102051,,995750.1951219512
422766,,3.0,995755.0731707317
422773,0.4935111701488495,,995789.2195121951
422774,,3.0,995794.0975609756
422781,0.4935411810874939,,995828.243902439
422782,,3.0,995833.1219512195
422798,0.4935711920261383,,995908.2702702703
422799,,3.0,995913.6756756756
422808,0.4936012029647827,,995962.3243243244
422809,,3.0,995967.7297297297
422814,0.4936312139034271,,995994.7567567568
422815,,3.0,996000.1621621621
422820,0.49366122484207153,,996027.1891891892
422821,,3.0,996032.5945945946
422834,0.49369123578071594,,996073.6521739131
422835,,3.0,996077.2173913043
422844,0.49372124671936035,,996109.304347826
422845,,3.0,996112.8695652174
422857,0.49375125765800476,,996155.6521739131
422858,,3.0,996159.2173913043
422868,0.49378126859664917,,996194.8695652174
422869,,3.0,996198.4347826086
422885,0.4938112795352936,,996261.0909090909
422886,,3.0,996265.6363636364
422897,0.493841290473938,,996315.6363636364
422898,,3.0,996320.1818181818
422904,0.4938713014125824,,996347.4545454546
422905,,3.0,996352.0
422914,0.4939013123512268,,996392.9090909091
422915,,3.0,996397.4545454546
422926,0.4939313232898712,,996441.0243902439
422927,,3.0,996445.9024390244
422938,0.4939613342285156,,996499.5609756098
422939,,3.0,996504.4390243902
422945,0.49399134516716003,,996533.7073170731
422946,,3.0,996538.5853658536
422957,0.49402135610580444,,996592.243902439
422958,,3.0,996597.1219512195
422974,0.49405136704444885,,996657.3191489362
422975,,3.0,996661.5744680851
422981,0.49408137798309326,,996687.1063829787
422982,,3.0,996691.3617021276
422991,0.49411138892173767,,996729.659574468
422992,,3.0,996733.914893617
423006,0.4941413998603821,,996793.4893617021
423007,,3.0,996797.7446808511
423022,0.4941714107990265,,996854.1739130435
423023,,3.0,996858.5217391305
423034,0.4942014217376709,,996906.3478260869
423035,,3.0,996910.695652174
423044,0.4942314326763153,,996949.8260869565
423045,,3.0,996954.1739130435
423054,0.4942614436149597,,996993.304347826
423055,,3.0,996997.6521739131
423069,0.4942914545536041,,997042.0
423070,,3.0,997045.6363636364
423081,0.49432146549224854,,997085.6363636364
423082,,3.0,997089.2727272727
423097,0.49435147643089294,,997143.8181818182
423098,,3.0,997147.4545454546
423111,0.49438148736953735,,997194.7272727273
423112,,3.0,997198.3636363636
423126,0.49441149830818176,,997248.8085106383
423127,,3.0,997253.0638297872
423135,0.49444150924682617,,997287.1063829787
423136,,3.0,997291.3617021276
423143,0.4944715201854706,,997321.1489361703
423144,,3.0,997325.4042553192
423160,0.494501531124115,,997393.4893617021
423161,,3.0,997397.7446808511
423177,0.4945315420627594,,997459.7777777778
423178,,3.0,997464.2222222222
423186,0.4945615530014038,,997499.7777777778
423187,,3.0,997504.2222222222
423194,0.4945915639400482,,997535.3333333334
423195,,3.0,997539.7777777778
423207,0.4946215748786926,,997593.1111111111
423208,,3.0,997597.5555555555
423225,0.49465158581733704,,997660.3333333334
423226,,3.0,997664.5
423237,0.49468159675598145,,997710.3333333334
423238,,3.0,997714.5
423247,0.49471160769462585,,997752.0
423248,,3.0,997756.1666666666
423257,0.49474161863327026,,997793.6666666666
423258,,3.0,997797.8333333334
423270,0.49475163221359253,,997837.5384615385
423271,,1.0,997841.4871794871
423276,0.4947616457939148,,997861.2307692308
423277,,1.0,997865.1794871795
423288,0.49477165937423706,,997908.6153846154
423289,,1.0,997912.5641025641
423298,0.4947816729545593,,997948.1025641026
423299,,1.0,997952.0512820513
423311,0.49481168389320374,,997996.9090909091
423312,,3.0,998001.4545454546
423324,0.49484169483184814,,998056.0
423325,,3.0,998060.5454545454
423334,0.49487170577049255,,998101.4545454546
423335,,3.0,998106.0
423344,0.49490171670913696,,998146.9090909091
423345,,3.0,998151.4545454546
423358,0.49493172764778137,,998196.0
423359,,3.0,998200.0
423373,0.4949617385864258,,998256.0
423374,,3.0,998260.0
423385,0.4949917495250702,,998304.0
423386,,3.0,998308.0
423396,0.4950217604637146,,998348.0
423397,,3.0,998352.0
423411,0.495051771402359,,998415.4594594594
423412,,3.0,998420.8648648649
423416,0.4950817823410034,,998442.4864864865
423417,,3.0,998447.8918918918
423425,0.4951117932796478,,998491.1351351351
423426,,3.0,998496.5405405406
423435,0.49514180421829224,,998545.1891891892
423436,,3.0,998550.5945945946
423449,0.4951518177986145,,998609.2432432432
423450,,1.0,998614.5675675676
423456,0.49516183137893677,,998646.5135135135
423457,,1.0,998651.8378378379
423468,0.49517184495925903,,998710.4054054054
423469,,1.0,998715.7297297297
423474,0.4951818585395813,,998742.3513513514
423475,,1.0,998747.6756756756
423497,0.4952118694782257,,998827.5098039216
423498,,3.0,998831.431372549
423507,0.4952418804168701,,998866.725490196
423508,,3.0,998870.6470588235
423515,0.4952718913555145,,998898.0980392157
423516,,3.0,998902.0196078431
423527,0.49530190229415894,,998945.1568627451
423528,,3.0,998949.0784313725
423541,0.49533191323280334,,999001.7804878049
423542,,3.0,999006.6585365854
423547,0.49536192417144775,,999031.0487804879
423548,,3.0,999035.9268292683
423556,0.49539193511009216,,999074.9512195121
423557,,3.0,999079.8292682926
423570,0.4954219460487366,,999143.243902439
423571,,3.0,999148.1219512195
423587,0.495451956987381,,999209.5217391305
423588,,3.0,999213.8695652174
423598,0.4954819679260254,,999257.3478260869
423599,,3.0,999261.695652174
423610,0.4955119788646698,,999309.5217391305
423611,,3.0,999313.8695652174
423618,0.4955419898033142,,999344.304347826
423619,,3.0,999348.6521739131
423637,0.4955720007419586,,999424.4285714285
423638,,3.0,999429.1904761905
423645,0.495602011680603,,999462.5238095238
423646,,3.0,999467.2857142857
423656,0.49563202261924744,,999514.9047619047
423657,,3.0,999519.6666666666
423662,0.49566203355789185,,999543.4761904762
423663,,3.0,999548.2380952381
423677,0.49569204449653625,,999601.8888888889
423678,,3.0,999606.3333333334
423686,0.49572205543518066,,999641.8888888889
423687,,3.0,999646.3333333334
423696,0.4957520663738251,,999686.3333333334
423697,,3.0,999690.7777777778
423709,0.4957820773124695,,999744.1111111111
423710,,3.0,999748.5555555555
423724,0.4958120882511139,,999808.0
423725,,3.0,999813.0
423735,0.4958420991897583,,999863.0
423736,,3.0,999868.0
423744,0.4958721101284027,,999908.0
423745,,3.0,999913.0
423751,0.4959021210670471,,999943.0
423752,,3.0,999948.0
423765,0.49593213200569153,,999998.4545454546
423766,,3.0,1000003.0
423776,0.49596214294433594,,1000048.4545454546
423777,,3.0,1000053.0
423787,0.49599215388298035,,1000098.4545454546
423788,,3.0,1000103.0
423797,0.49602216482162476,,1000143.9090909091
423798,,3.0,1000148.4545454546
423808,0.49605217576026917,,1000161.225
423809,,3.0,1000162.4
423821,0.4960821866989136,,1000176.5
423822,,3.0,1000177.675
423829,0.496112197637558,,1000185.9
423830,,3.0,1000187.075
423839,0.4961422085762024,,1000197.65
423840,,3.0,1000198.825
423853,0.4961722195148468,,1000246.5116279069
423854,,3.0,1000251.1627906977
423862,0.4962022304534912,,1000288.3720930233
423863,,3.0,1000293.023255814
423871,0.4962322413921356,,1000330.2325581395
423872,,3.0,1000334.8837209302
423884,0.49626225233078003,,1000390.6976744186
423885,,3.0,1000395.3488372093
423897,0.49629226326942444,,1000441.8604651163
423898,,3.0,1000446.5116279069
423908,0.49632227420806885,,1000493.023255814
423909,,3.0,1000497.6744186047
423920,0.49635228514671326,,1000548.8372093023
423921,,3.0,1000553.4883720931
423929,0.49638229608535767,,1000590.6976744186
423930,,3.0,1000595.3488372093
423941,0.4964123070240021,,1000636.3636363636
423942,,3.0,1000640.9090909091
423955,0.4964423179626465,,1000700.0
423956,,3.0,1000704.5454545454
423965,0.4964723289012909,,1000745.4545454546
423966,,3.0,1000750.0
423975,0.4965023398399353,,1000790.9090909091
423976,,3.0,1000795.4545454546
423991,0.4965323507785797,,1000854.5454545454
423992,,3.0,1000859.0909090909
423999,0.4965623617172241,,1000890.9090909091
424000,,3.0,1000895.4545454546
424011,0.49659237265586853,,1000945.4545454546
424012,,3.0,1000950.0
424021,0.49662238359451294,,1000990.9090909091
424022,,3.0,1000995.4545454546
424035,0.49665239453315735,,1001048.7804878049
424036,,3.0,1001053.6585365854
424046,0.49668240547180176,,1001102.4390243902
424047,,3.0,1001107.3170731707
424056,0.49671241641044617,,1001151.2195121951
424057,,3.0,1001156.0975609756
424064,0.4967424273490906,,1001190.243902439
424065,,3.0,1001195.1219512195
424081,0.496772438287735,,1001252.0
424082,,3.0,1001256.0
424095,0.4968024492263794,,1001308.0
424096,,3.0,1001312.0
424105,0.4968324601650238,,1001348.0
424106,,3.0,1001352.0
424116,0.4968624711036682,,1001392.0
424117,,3.0,1001396.0
424135,0.4968924820423126,,1001463.8297872341
424136,,3.0,1001468.085106383
424146,0.49692249298095703,,1001510.6382978724
424147,,3.0,1001514.8936170213
424155,0.49695250391960144,,1001548.9361702128
424156,,3.0,1001553.1914893617
424165,0.49698251485824585,,1001591.4893617021
424166,,3.0,1001595.7446808511
424185,0.49701252579689026,,1001672.7272727273
424186,,3.0,1001677.2727272727
424194,0.49704253673553467,,1001713.6363636364
424195,,3.0,1001718.1818181818
424203,0.4970725476741791,,1001754.5454545454
424204,,3.0,1001759.0909090909
424211,0.4971025586128235,,1001790.9090909091
424212,,3.0,1001795.4545454546
424224,0.4971325695514679,,1001842.8571428572
424225,,3.0,1001847.619047619
424231,0.4971625804901123,,1001876.1904761905
424232,,3.0,1001880.9523809524
424241,0.4971925914287567,,1001923.8095238095
424242,,3.0,1001928.5714285715
424255,0.4972226023674011,,1001990.4761904762
424256,,3.0,1001995.2380952381
424267,0.49725261330604553,,1002048.4848484849
424268,,3.0,1002054.5454545454
424275,0.49728262424468994,,1002096.9696969697
424276,,3.0,1002103.0303030303
424283,0.49731263518333435,,1002145.4545454546
424284,,3.0,1002151.5151515151
424290,0.49734264612197876,,1002187.8787878788
424291,,3.0,1002193.9393939395
424307,0.49737265706062317,,1002248.1
424308,,3.0,1002251.8
424314,0.4974026679992676,,1002274.0
424315,,3.0,1002277.7
424321,0.497432678937912,,1002299.9
424322,,3.0,1002303.6
424332,0.4974626898765564,,1002340.6
424333,,3.0,1002344.3
424348,0.4974927008152008,,1002409.5384615385
424349,,3.0,1002414.6666666666
424355,0.4975227117538452,,1002445.4358974359
424356,,3.0,1002450.5641025641
424365,0.4975527226924896,,1002496.717948718
424366,,3.0,1002501.8461538461
424373,0.49758273363113403,,1002537.7435897436
424374,,3.0,1002542.8717948718
424392,0.49761274456977844,,1002601.5714285715
424393,,3.0,1002605.1428571428
424408,0.49764275550842285,,1002658.7142857143
424409,,3.0,1002662.2857142857
424423,0.49767276644706726,,1002712.2857142857
424424,,3.0,1002715.8571428572
424431,0.49770277738571167,,1002740.8571428572
424432,,3.0,1002744.4285714285
424445,0.4977327883243561,,1002788.8163265307
424446,,3.0,1002792.8979591837
424456,0.4977627992630005,,1002833.7142857143
424457,,3.0,1002837.7959183673
424469,0.4977928102016449,,1002886.775510204
424470,,3.0,1002890.8571428572
424482,0.4978228211402893,,1002939.8367346938
424483,,3.0,1002943.918367347
424493,0.4978528320789337,,1002984.8421052631
424494,,3.0,1002990.1052631579
424501,0.4978828430175781,,1003026.947368421
424502,,3.0,1003032.2105263158
424510,0.49791285395622253,,1003074.3157894737
424511,,3.0,1003079.5789473684
424522,0.49794286489486694,,1003137.4736842106
424523,,3.0,1003142.7368421053
424540,0.49797287583351135,,1003211.6363636364
424541,,3.0,1003216.1818181818
424550,0.49800288677215576,,1003257.0909090909
424551,,3.0,1003261.6363636364
424559,0.49803289771080017,,1003298.0
424560,,3.0,1003302.5454545454
424568,0.4980629086494446,,1003338.9090909091
424569,,3.0,1003343.4545454546
424589,0.498092919588089,,1003414.6666666666
424590,,3.0,1003418.5882352941
424601,0.4981229305267334,,1003461.725490196
424602,,3.0,1003465.6470588235
424612,0.4981529414653778,,1003504.8627450981
424613,,3.0,1003508.7843137255
424621,0.4981829524040222,,1003540.1568627451
424622,,3.0,1003544.0784313725
424637,0.4981829524040222,,1003589.7
424638,,0.0,1003593.175
424645,0.4981829524040222,,1003617.5
424646,,0.0,1003620.975
424654,0.4981829524040222,,1003648.775
424655,,0.0,1003652.25
424663,0.4981829524040222,,1003680.05
424664,,0.0,1003683.525
424687,0.4981929659843445,,1003730.4615384615
424688,,1.0,1003732.6346153846
424695,0.49820297956466675,,1003747.8461538461
424696,,1.0,1003750.0192307692
424708,0.498212993144989,,1003776.0961538461
424709,,1.0,1003778.2692307692
424717,0.4982230067253113,,1003795.6538461539
424718,,1.0,1003797.8269230769
424729,0.49823302030563354,,1003830.8
424730,,1.0,1003834.65
424741,0.4982430338859558,,1003877.0
424742,,1.0,1003880.85
424749,0.4982530474662781,,1003907.8
424750,,1.0,1003911.65
424759,0.49826306104660034,,1003946.3
424760,,1.0,1003950.15
424779,0.4982730746269226,,1004001.0204081633
424780,,1.0,1004003.9591836735
424787,0.4982830882072449,,1004024.5306122449
424788,,1.0,1004027.4693877551
424798,0.49829310178756714,,1004056.8571428572
424799,,1.0,1004059.7959183673
424810,0.4983031153678894,,1004092.1224489796
424811,,1.0,1004095.0612244898
424823,0.4983331263065338,,1004143.0
424824,,3.0,1004148.0
424831,0.4983631372451782,,1004183.0
424832,,3.0,1004188.0
424843,0.49839314818382263,,1004243.0
424844,,3.0,1004248.0
424852,0.49842315912246704,,1004288.0
424853,,3.0,1004293.0
424872,0.49845317006111145,,1004351.7931034482
424873,,3.0,1004355.1551724138
424888,0.49848318099975586,,1004405.5862068966
424889,,3.0,1004408.948275862
424896,0.49851319193840027,,1004432.4827586206
424897,,3.0,1004435.8448275862
424912,0.4985432028770447,,1004486.275862069
424913,,3.0,1004489.6379310344
424929,0.49855321645736694,,1004519.2826086957
424930,,1.0,1004521.304347826
424941,0.4985632300376892,,1004543.5434782609
424942,,1.0,1004545.5652173914
424950,0.4985732436180115,,1004561.7391304348
424951,,1.0,1004563.7608695652
424960,0.49858325719833374,,1004581.9565217391
424961,,1.0,1004583.9782608695
424974,0.49861326813697815,,1004640.0540540541
424975,,3.0,1004645.4594594594
424983,0.49864327907562256,,1004688.7027027027
424984,,3.0,1004694.1081081082
424990,0.49867329001426697,,1004726.5405405406
424991,,3.0,1004731.9459459459
424999,0.4987033009529114,,1004775.1891891892
425000,,3.0,1004780.5945945946
425017,0.4987033009529114,,1004846.8695652174
425018,,0.0,1004851.2173913043
425029,0.4987033009529114,,1004899.0434782609
425030,,0.0,1004903.3913043478
425037,0.4987033009529114,,1004933.8260869565
425038,,0.0,1004938.1739130435
425047,0.4987033009529114,,1004977.304347826
425048,,0.0,1004981.6521739131
425063,0.4987333118915558,,1005036.0
425064,,3.0,1005040.1666666666
425070,0.4987633228302002,,1005065.1666666666
425071,,3.0,1005069.3333333334
425082,0.4987933337688446,,1005115.1666666666
425083,,3.0,1005119.3333333334
425097,0.498823344707489,,1005177.6666666666
425098,,3.0,1005181.8333333334
425114,0.4988533556461334,,1005246.4651162791
425115,,3.0,1005251.1162790698
425124,0.49888336658477783,,1005292.976744186
425125,,3.0,1005297.6279069767
425134,0.49891337752342224,,1005339.4883720931
425135,,3.0,1005344.1395348837
425142,0.49894338846206665,,1005376.6976744186
425143,,3.0,1005381.3488372093
425157,0.49897339940071106,,1005441.0
425158,,3.0,1005446.0
425163,0.49900341033935547,,1005471.0
425164,,3.0,1005476.0
425172,0.4990334212779999,,1005516.0
425173,,3.0,1005521.0
425184,0.4990634322166443,,1005576.0
425185,,3.0,1005581.0
425199,0.4990934431552887,,1005643.8947368421
425200,,3.0,1005649.1578947369
425207,0.4991234540939331,,1005686.0
425208,,3.0,1005691.2631578947
425215,0.4991534650325775,,1005728.1052631579
425216,,3.0,1005733.3684210526
425224,0.4991834759712219,,1005775.4736842106
425225,,3.0,1005780.7368421053
425244,0.49921348690986633,,1005852.6666666666
425245,,3.0,1005856.8333333334
425252,0.49924349784851074,,1005886.0
425253,,3.0,1005890.1666666666
425263,0.49927350878715515,,1005931.8333333334
425264,,3.0,1005936.0
425274,0.49930351972579956,,1005977.6666666666
425275,,3.0,1005981.8333333334
425292,0.49933353066444397,,1006045.5744680851
425293,,3.0,1006049.8297872341
425297,0.4993635416030884,,1006066.8510638297
425298,,3.0,1006071.1063829787
425308,0.4993935525417328,,1006113.659574468
425309,,3.0,1006117.914893617
425323,0.4994235634803772,,1006177.4893617021
425324,,3.0,1006181.7446808511
425336,0.4994535744190216,,1006226.0
425337,,3.0,1006230.4444444445
425346,0.499483585357666,,1006270.4444444445
425347,,3.0,1006274.8888888889
425360,0.4995135962963104,,1006332.6666666666
425361,,3.0,1006337.1111111111
425370,0.49954360723495483,,1006377.1111111111
425371,,3.0,1006381.5555555555
425382,0.49957361817359924,,1006428.1052631579
425383,,3.0,1006433.3684210526
425390,0.49960362911224365,,1006470.2105263158
425391,,3.0,1006475.4736842106
425400,0.49963364005088806,,1006522.8421052631
425401,,3.0,1006528.1052631579
425410,0.49966365098953247,,1006575.4736842106
425411,,3.0,1006580.7368421053
425425,0.4996936619281769,,1006643.8947368421
425426,,3.0,1006649.1578947369
425434,0.4997236728668213,,1006691.2631578947
425435,,3.0,1006696.5263157894
425443,0.4997536838054657,,1006738.6315789474
425444,,3.0,1006743.8947368421
425450,0.4997836947441101,,1006775.4736842106
425451,,3.0,1006780.7368421053
425464,0.4998137056827545,,1006831.4545454546
425465,,3.0,1006836.0
425476,0.4998437166213989,,1006886.0
425477,,3.0,1006890.5454545454
425487,0.49987372756004333,,1006936.0
425488,,3.0,1006940.5454545454
425496,0.49990373849868774,,1006976.9090909091
425497,,3.0,1006981.4545454546
425513,0.49993374943733215,,1007046.4651162791
425514,,3.0,1007051.1162790698
425523,0.49996376037597656,,1007092.976744186
425524,,3.0,1007097.6279069767
425530,0.49999377131462097,,1007125.5348837209
425531,,3.0,1007130.1860465116
425541,0.5000237822532654,,1007176.6976744186
425542,,3.0,1007181.3488372093
425558,0.5000537633895874,,1007243.7777777778
425559,,3.0,1007248.2222222222
425570,0.5000837445259094,,1007297.1111111111
425571,,3.0,1007301.5555555555
425578,0.5001137256622314,,1007332.6666666666
425579,,3.0,1007337.1111111111
425588,0.5001437067985535,,1007377.1111111111
425589,,3.0,1007381.5555555555
425606,0.5001736879348755,,1007442.0
425607,,3.0,1007446.0
425618,0.5002036690711975,,1007490.0
425619,,3.0,1007494.0
425629,0.5002336502075195,,1007534.0
425630,,3.0,1007538.0
425640,0.5002636313438416,,1007578.0
425641,,3.0,1007582.0
425656,0.5002936124801636,,1007638.1739130435
425657,,3.0,1007642.5217391305
425669,0.5003235936164856,,1007694.695652174
425670,,3.0,1007699.0434782609
425679,0.5003535747528076,,1007738.1739130435
425680,,3.0,1007742.5217391305
425688,0.5003835558891296,,1007777.304347826
425689,,3.0,1007781.6521739131
425698,0.5004135370254517,,1007818.4324324324
425699,,3.0,1007823.8378378379
425707,0.5004435181617737,,1007867.0810810811
425708,,3.0,1007872.4864864865
425715,0.5004734992980957,,1007910.3243243244
425716,,3.0,1007915.7297297297
425727,0.5005034804344177,,1007975.1891891892
425728,,3.0,1007980.5945945946
425742,0.5005334615707397,,1008037.1627906977
425743,,3.0,1008041.8139534884
425750,0.5005634427070618,,1008074.3720930233
425751,,3.0,1008079.023255814
425760,0.5005934238433838,,1008120.8837209302
425761,,3.0,1008125.5348837209
425772,0.5006234049797058,,1008176.6976744186
425773,,3.0,1008181.3488372093
425789,0.5006533861160278,,1008240.0222222222
425790,,3.0,1008244.1777777778
425800,0.5006833672523499,,1008285.7333333333
425801,,3.0,1008289.8888888889
425811,0.5007133483886719,,1008331.4444444445
425812,,3.0,1008335.6
425819,0.5007433295249939,,1008364.6888888889
425820,,3.0,1008368.8444444444
425837,0.5007533431053162,,1008413.5641025641
425838,,1.0,1008416.4615384615
425844,0.5007633566856384,,1008433.8461538461
425845,,1.0,1008436.7435897436
425853,0.5007733702659607,,1008459.9230769231
425854,,1.0,1008462.8205128205
425860,0.500783383846283,,1008480.2051282051
425861,,1.0,1008483.1025641026
425879,0.500813364982605,,1008546.0
425880,,3.0,1008550.0
425893,0.500843346118927,,1008602.0
425894,,3.0,1008606.0
425905,0.500873327255249,,1008650.0
425906,,3.0,1008654.0
425912,0.500903308391571,,1008678.0
425913,,3.0,1008682.0
425931,0.5009332895278931,,1008744.8235294118
425932,,3.0,1008748.7450980392
425943,0.5009632706642151,,1008791.8823529412
425944,,3.0,1008795.8039215687
425954,0.5009932518005371,,1008835.0196078431
425955,,3.0,1008838.9411764706
425965,0.5010232329368591,,1008878.1568627451
425966,,3.0,1008882.0784313725
425976,0.5010532140731812,,1008921.8974358974
425977,,3.0,1008927.0256410256
425985,0.5010831952095032,,1008968.0512820513
425986,,3.0,1008973.1794871795
426000,0.5011131763458252,,1009044.9743589744
426001,,3.0,1009050.1025641026
426006,0.5011431574821472,,1009075.7435897436
426007,,3.0,1009080.8717948718
426017,0.5011731386184692,,1009118.5581395349
426018,,3.0,1009123.2093023256
426029,0.5012031197547913,,1009174.3720930233
426030,,3.0,1009179.023255814
426040,0.5012331008911133,,1009225.5348837209
426041,,3.0,1009230.1860465116
426051,0.5012630820274353,,1009276.6976744186
426052,,3.0,1009281.3488372093
426066,0.5012930631637573,,1009343.8947368421
426067,,3.0,1009349.1578947369
426076,0.5013230443000793,,1009396.5263157894
426077,,3.0,1009401.7894736842
426085,0.5013530254364014,,1009443.8947368421
426086,,3.0,1009449.1578947369
426091,0.5013830065727234,,1009475.4736842106
426092,,3.0,1009480.7368421053
426108,0.5014129877090454,,1009540.1666666666
426109,,3.0,1009544.3333333334
426118,0.5014429688453674,,1009581.8333333334
426119,,3.0,1009586.0
426129,0.5014729499816895,,1009627.6666666666
426130,,3.0,1009631.8333333334
426141,0.5015029311180115,,1009677.6666666666
426142,,3.0,1009681.8333333334
426160,0.5015029311180115,,1009732.0714285715
426161,,0.0,1009735.1428571428
426167,0.5015029311180115,,1009753.5714285715
426168,,0.0,1009756.6428571428
426176,0.5015029311180115,,1009781.2142857143
426177,,0.0,1009784.2857142857
426185,0.5015029311180115,,1009808.8571428572
426186,,0.0,1009811.9285714285
426198,0.5015329122543335,,1009853.2978723404
426199,,3.0,1009857.5531914893
426209,0.5015628933906555,,1009900.1063829787
426210,,3.0,1009904.3617021276
426223,0.5015928745269775,,1009959.6808510638
426224,,3.0,1009963.9361702128
426234,0.5016228556632996,,1010006.4893617021
426235,,3.0,1010010.7446808511
426251,0.5016528367996216,,1010071.5217391305
426252,,3.0,1010075.8695652174
426261,0.5016828179359436,,1010115.0
426262,,3.0,1010119.3478260869
426272,0.5017127990722656,,1010162.8260869565
426273,,3.0,1010167.1739130435
426282,0.5017427802085876,,1010206.304347826
426283,,3.0,1010210.6521739131
426301,0.5017727613449097,,1010276.224489796
426302,,3.0,1010280.306122449
426311,0.5018027424812317,,1010317.0408163265
426312,,3.0,1010321.1224489796
426321,0.5018327236175537,,1010357.8571428572
426322,,3.0,1010361.9387755102
426333,0.5018627047538757,,1010406.8367346938
426334,,3.0,1010410.918367347
426349,0.5018926858901978,,1010479.8648648649
426350,,3.0,1010485.2702702703
426357,0.5019226670265198,,1010523.1081081082
426358,,3.0,1010528.5135135135
426365,0.5019526481628418,,1010566.3513513514
426366,,3.0,1010571.7567567568
426372,0.5019826292991638,,1010604.1891891892
426373,,3.0,1010609.5945945946
426388,0.5020126104354858,,1010675.0
426389,,3.0,1010680.0
426395,0.5020425915718079,,1010710.0
426396,,3.0,1010715.0
426406,0.5020725727081299,,1010765.0
426407,,3.0,1010770.0
426414,0.5021025538444519,,1010805.0
426415,,3.0,1010810.0
426427,0.5021325349807739,,1010871.25
426428,,3.0,1010877.5
426432,0.502162516117096,,1010902.5
426433,,3.0,1010908.75
426441,0.502192497253418,,1010958.75
426442,,3.0,1010965.0
426448,0.50222247838974,,1011002.5
426449,,3.0,1011008.75
426463,0.50222247838974,,1011052.2307692308
426464,,0.0,1011055.6153846154
426471,0.50222247838974,,1011079.3076923077
426472,,0.0,1011082.6923076923
426483,0.50222247838974,,1011119.9230769231
426484,,0.0,1011123.3076923077
426489,0.50222247838974,,1011140.2307692308
426490,,0.0,1011143.6153846154
426507,0.502252459526062,,1011213.6666666666
426508,,3.0,1011218.4285714285
426514,0.502282440662384,,1011247.0
426515,,3.0,1011251.7619047619
426526,0.502312421798706,,1011304.1428571428
426527,,3.0,1011308.9047619047
426533,0.5023424029350281,,1011337.4761904762
426534,,3.0,1011342.2380952381
426544,0.5023723840713501,,1011376.0425531915
426545,,3.0,1011380.1914893617
426559,0.5024023652076721,,1011438.2765957447
426560,,3.0,1011442.4255319149
426572,0.5024323463439941,,1011492.2127659575
426573,,3.0,1011496.3617021276
426582,0.5024623274803162,,1011533.7021276596
426583,,3.0,1011537.8510638297
426598,0.5024923086166382,,1011589.0588235294
426599,,3.0,1011592.9803921569
426609,0.5025222897529602,,1011632.1960784313
426610,,3.0,1011636.1176470588
426623,0.5025522708892822,,1011687.0980392157
426624,,3.0,1011691.0196078431
426635,0.5025822520256042,,1011734.1568627451
426636,,3.0,1011738.0784313725
426655,0.5026122331619263,,1011813.1111111111
426656,,3.0,1011817.5555555555
426662,0.5026422142982483,,1011844.2222222222
426663,,3.0,1011848.6666666666
426671,0.5026721954345703,,1011884.2222222222
426672,,3.0,1011888.6666666666
426682,0.5027021765708923,,1011933.1111111111
426683,,3.0,1011937.5555555555
426703,0.5027321577072144,,1012001.649122807
426704,,3.0,1012005.1578947369
426715,0.5027621388435364,,1012043.754385965
426716,,3.0,1012047.2631578947
426727,0.5027921199798584,,1012085.8596491228
426728,,3.0,1012089.3684210526
426741,0.5028221011161804,,1012134.9824561403
426742,,3.0,1012138.4912280702
426756,0.5028520822525024,,1012187.8333333334
426757,,3.0,1012192.0
426765,0.5028820633888245,,1012225.3333333334
426766,,3.0,1012229.5
426773,0.5029120445251465,,1012258.6666666666
426774,,3.0,1012262.8333333334
426791,0.5029420256614685,,1012333.6666666666
426792,,3.0,1012337.8333333334
426806,0.5029720067977905,,1012393.1627906977
426807,,3.0,1012397.8139534884
426821,0.5030019879341125,,1012462.9302325582
426822,,3.0,1012467.5813953489
426829,0.5030319690704346,,1012500.1395348837
426830,,3.0,1012504.7906976744
426836,0.5030619502067566,,1012532.6976744186
426837,,3.0,1012537.3488372093
426853,0.5030919313430786,,1012599.7777777778
426854,,3.0,1012604.2222222222
426864,0.5031219124794006,,1012648.6666666666
426865,,3.0,1012653.1111111111
426874,0.5031518936157227,,1012693.1111111111
426875,,3.0,1012697.5555555555
426883,0.5031818747520447,,1012733.1111111111
426884,,3.0,1012737.5555555555
426897,0.5031818747520447,,1012759.6744186047
426898,,0.0,1012761.4418604651
426908,0.5031818747520447,,1012779.1162790698
426909,,0.0,1012780.8837209302
426916,0.5031818747520447,,1012793.2558139535
426917,,0.0,1012795.023255814
426928,0.5031818747520447,,1012814.4651162791
426929,,0.0,1012816.2325581395
426947,0.5032118558883667,,1012883.2173913043
426948,,3.0,1012887.5652173914
426956,0.5032418370246887,,1012922.3478260869
426957,,3.0,1012926.695652174
426964,0.5032718181610107,,1012957.1304347826
426965,,3.0,1012961.4782608695
426976,0.5033017992973328,,1013009.304347826
426977,,3.0,1013013.6521739131
426996,0.5033317804336548,,1013102.2105263158
426997,,3.0,1013107.4736842106
427003,0.5033617615699768,,1013139.052631579
427004,,3.0,1013144.3157894737
427010,0.5033917427062988,,1013175.8947368421
427011,,3.0,1013181.1578947369
427016,0.5034217238426208,,1013207.4736842106
427017,,3.0,1013212.7368421053
427027,0.5034517049789429,,1013253.0
427028,,3.0,1013258.0
427035,0.5034816861152649,,1013293.0
427036,,3.0,1013298.0
427047,0.5035116672515869,,1013353.0
427048,,3.0,1013358.0
427058,0.5035416483879089,,1013408.0
427059,,3.0,1013413.0
427076,0.503571629524231,,1013477.5744680851
427077,,3.0,1013481.8297872341
427084,0.503601610660553,,1013511.6170212766
427085,,3.0,1013515.8723404255
427096,0.503631591796875,,1013562.6808510638
427097,,3.0,1013566.9361702128
427107,0.503661572933197,,1013609.4893617021
427108,,3.0,1013613.7446808511
427119,0.503691554069519,,1013654.3636363636
427120,,3.0,1013658.9090909091
427132,0.5037215352058411,,1013713.4545454546
427133,,3.0,1013718.0
427142,0.5037515163421631,,1013758.9090909091
427143,,3.0,1013763.4545454546
427153,0.5037814974784851,,1013808.9090909091
427154,,3.0,1013813.4545454546
427171,0.5037915110588074,,1013875.1666666666
427172,,1.0,1013879.25
427184,0.5038015246391296,,1013928.25
427185,,1.0,1013932.3333333334
427193,0.5038115382194519,,1013965.0
427194,,1.0,1013969.0833333334
427203,0.5038215517997742,,1014005.8333333334
427204,,1.0,1014009.9166666666
427218,0.5038515329360962,,1014065.1627906977
427219,,3.0,1014069.8139534884
427229,0.5038815140724182,,1014116.3255813953
427230,,3.0,1014120.976744186
427239,0.5039114952087402,,1014162.8372093023
427240,,3.0,1014167.4883720931
427248,0.5039414763450623,,1014204.6976744186
427249,,3.0,1014209.3488372093
427260,0.5039714574813843,,1014262.4848484849
427261,,3.0,1014268.5454545454
427269,0.5040014386177063,,1014317.0303030303
427270,,3.0,1014323.0909090909
427277,0.5040314197540283,,1014365.5151515151
427278,,3.0,1014371.5757575758
427283,0.5040614008903503,,1014401.8787878788
427284,,3.0,1014407.9393939395
427302,0.5040614008903503,,1014472.775510204
427303,,0.0,1014476.693877551
427316,0.5040614008903503,,1014527.6326530612
427317,,0.0,1014531.5510204082
427326,0.5040614008903503,,1014566.8163265307
427327,,0.0,1014570.7346938775
427334,0.5040614008903503,,1014598.1632653062
427335,,0.0,1014602.081632653
427355,0.5040913820266724,,1014678.340425532
427356,,3.0,1014682.5957446808
427363,0.5041213631629944,,1014712.3829787234
427364,,3.0,1014716.6382978724
427374,0.5041513442993164,,1014759.1914893617
427375,,3.0,1014763.4468085107
427383,0.5041813254356384,,1014797.4893617021
427384,,3.0,1014801.7446808511
427402,0.5042113065719604,,1014877.4285714285
427403,,3.0,1014882.1904761905
427408,0.5042412877082825,,1014906.0
427409,,3.0,1014910.7619047619
427417,0.5042712688446045,,1014948.8571428572
427418,,3.0,1014953.619047619
427427,0.5043012499809265,,1014996.4761904762
427428,,3.0,1015001.2380952381
427440,0.5043012499809265,,1015032.2173913043
427441,,0.0,1015035.1304347826
427449,0.5043012499809265,,1015058.4347826086
427450,,0.0,1015061.3478260869
427464,0.5043012499809265,,1015102.1304347826
427465,,0.0,1015105.0434782609
427475,0.5043012499809265,,1015134.1739130435
427476,,0.0,1015137.0869565217
427490,0.5043312311172485,,1015196.4102564103
427491,,3.0,1015201.5384615385
427495,0.5043612122535706,,1015222.0512820513
427496,,3.0,1015227.1794871795
427505,0.5043911933898926,,1015273.3333333334
427506,,3.0,1015278.4615384615
427516,0.5044211745262146,,1015329.7435897436
427517,,3.0,1015334.8717948718
427533,0.5044511556625366,,1015390.0
427534,,3.0,1015393.8461538461
427544,0.5044811367988586,,1015432.3076923077
427545,,3.0,1015436.1538461539
427556,0.5045111179351807,,1015478.4615384615
427557,,3.0,1015482.3076923077
427570,0.5045410990715027,,1015532.3076923077
427571,,3.0,1015536.1538461539
427587,0.504551112651825,,1015566.2954545454
427588,,1.0,1015568.3181818182
427596,0.5045611262321472,,1015584.5
427597,,1.0,1015586.5227272727
427605,0.5045711398124695,,1015602.7045454546
427606,,1.0,1015604.7272727273
427616,0.5045811533927917,,1015624.9545454546
427617,,1.0,1015626.9772727273
427633,0.5046111345291138,,1015690.9047619047
427634,,3.0,1015695.6666666666
427642,0.5046411156654358,,1015733.7619047619
427643,,3.0,1015738.5238095238
427652,0.5046710968017578,,1015781.380952381
427653,,3.0,1015786.1428571428
427660,0.5047010779380798,,1015819.4761904762
427661,,3.0,1015824.2380952381
427679,0.5047310590744019,,1015887.8235294118
427680,,3.0,1015891.7450980392
427691,0.5047610402107239,,1015934.8823529412
427692,,3.0,1015938.8039215687
427706,0.5047910213470459,,1015993.7058823529
427707,,3.0,1015997.6274509804
427713,0.5048210024833679,,1016021.1568627451
427714,,3.0,1016025.0784313725
427729,0.5048310160636902,,1016056.0
427730,,1.0,1016058.25
427738,0.5048410296440125,,1016076.25
427739,,1.0,1016078.5
427749,0.5048510432243347,,1016101.0
427750,,1.0,1016103.25
427759,0.504861056804657,,1016123.5
427760,,1.0,1016125.75
427776,0.504891037940979,,1016188.4651162791
427777,,3.0,1016193.1162790698
427786,0.504921019077301,,1016234.976744186
427787,,3.0,1016239.6279069767
427793,0.504951000213623,,1016267.5348837209
427794,,3.0,1016272.1860465116
427804,0.5049809813499451,,1016318.6976744186
427805,,3.0,1016323.3488372093
427823,0.5050109624862671,,1016389.224489796
427824,,3.0,1016393.306122449
427833,0.5050409436225891,,1016430.0408163265
427834,,3.0,1016434.1224489796
427842,0.5050709247589111,,1016466.775510204
427843,,3.0,1016470.8571428572
427855,0.5051009058952332,,1016519.8367346938
427856,,3.0,1016523.918367347
427868,0.5051308870315552,,1016564.0
427869,,3.0,1016568.0
427879,0.5051608681678772,,1016608.0
427880,,3.0,1016612.0
427889,0.5051908493041992,,1016648.0
427890,,3.0,1016652.0
427907,0.5052208304405212,,1016720.0
427908,,3.0,1016724.0
427923,0.5052508115768433,,1016776.0
427924,,3.0,1016780.0
427934,0.5052807927131653,,1016820.0
427935,,3.0,1016824.0
427945,0.5053107738494873,,1016864.0
427946,,3.0,1016868.0
427959,0.5053407549858093,,1016920.0
427960,,3.0,1016924.0
427980,0.5053407549858093,,1016998.4791666666
427981,,0.0,1017002.625
427988,0.5053407549858093,,1017031.6458333334
427989,,0.0,1017035.7916666666
427999,0.5053407549858093,,1017077.25
428000,,0.0,1017081.3958333334
428009,0.5053407549858093,,1017118.7083333334
428010,,0.0,1017122.8541666666
428029,0.5053707361221313,,1017197.6976744186
428030,,3.0,1017202.1162790698
428036,0.5054007172584534,,1017228.6279069767
428037,,3.0,1017233.0465116279
428043,0.5054306983947754,,1017259.5581395349
428044,,3.0,1017263.976744186
428054,0.5054606795310974,,1017308.1627906977
428055,,3.0,1017312.5813953489
428066,0.5054906606674194,,1017356.0243902439
428067,,3.0,1017360.9024390244
428075,0.5055206418037415,,1017399.9268292683
428076,,3.0,1017404.8048780488
428085,0.5055506229400635,,1017448.7073170731
428086,,3.0,1017453.5853658536
428097,0.5055806040763855,,1017507.243902439
428098,,3.0,1017512.1219512195
428114,0.5056105852127075,,1017567.0
428115,,3.0,1017570.8461538461
428129,0.5056405663490295,,1017624.6923076923
428130,,3.0,1017628.5384615385
428145,0.5056705474853516,,1017686.2307692308
428146,,3.0,1017690.0769230769
428151,0.5057005286216736,,1017709.3076923077
428152,,3.0,1017713.1538461539
428165,0.5057005286216736,,1017737.2631578947
428166,,0.0,1017739.2894736842
428173,0.5057005286216736,,1017753.4736842106
428174,,0.0,1017755.5
428182,0.5057005286216736,,1017771.7105263158
428183,,0.0,1017773.7368421053
428191,0.5057005286216736,,1017789.947368421
428192,,0.0,1017791.9736842106
428214,0.5057305097579956,,1017874.8510638297
428215,,3.0,1017879.1063829787
428223,0.5057604908943176,,1017913.1489361703
428224,,3.0,1017917.4042553192
428231,0.5057904720306396,,1017947.1914893617
428232,,3.0,1017951.4468085107
428240,0.5058204531669617,,1017985.4893617021
428241,,3.0,1017989.7446808511
428258,0.5058504343032837,,1018056.2222222222
428259,,3.0,1018060.6666666666
428269,0.5058804154396057,,1018105.1111111111
428270,,3.0,1018109.5555555555
428278,0.5059103965759277,,1018145.1111111111
428279,,3.0,1018149.5555555555
428287,0.5059403777122498,,1018185.1111111111
428288,,3.0,1018189.5555555555
428301,0.5059703588485718,,1018238.4444444445
428302,,3.0,1018242.8888888889
428312,0.5060003399848938,,1018287.3333333334
428313,,3.0,1018291.7777777778
428323,0.5060303211212158,,1018336.2222222222
428324,,3.0,1018340.6666666666
428334,0.5060603022575378,,1018385.1111111111
428335,,3.0,1018389.5555555555
428353,0.5060902833938599,,1018455.224489796
428354,,3.0,1018459.306122449
428364,0.5061202645301819,,1018500.1224489796
428365,,3.0,1018504.2040816327
428377,0.5061502456665039,,1018553.1836734693
428378,,3.0,1018557.2653061225
428385,0.5061802268028259,,1018585.8367346938
428386,,3.0,1018589.918367347
428401,0.506210207939148,,1018662.5714285715
428402,,3.0,1018668.2857142857
428408,0.50624018907547,,1018702.5714285715
428409,,3.0,1018708.2857142857
428414,0.506270170211792,,1018736.8571428572
428415,,3.0,1018742.5714285715
428422,0.506300151348114,,1018782.5714285715
428423,,3.0,1018788.2857142857
428436,0.506330132484436,,1018848.0540540541
428437,,3.0,1018853.4594594594
428443,0.5063601136207581,,1018885.8918918918
428444,,3.0,1018891.2972972973
428450,0.5063900947570801,,1018923.7297297297
428451,,3.0,1018929.1351351351
428461,0.5064200758934021,,1018983.1891891892
428462,,3.0,1018988.5945945946
428478,0.5064500570297241,,1019048.1666666666
428479,,3.0,1019052.3333333334
428485,0.5064800381660461,,1019077.3333333334
428486,,3.0,1019081.5
428499,0.5065100193023682,,1019135.6666666666
428500,,3.0,1019139.8333333334
428511,0.5065400004386902,,1019185.6666666666
428512,,3.0,1019189.8333333334
428530,0.5065699815750122,,1019257.8297872341
428531,,3.0,1019262.085106383
428540,0.5065999627113342,,1019300.3829787234
428541,,3.0,1019304.6382978724
428549,0.5066299438476562,,1019338.6808510638
428550,,3.0,1019342.9361702128
428560,0.5066599249839783,,1019385.4893617021
428561,,3.0,1019389.7446808511
428574,0.5066899061203003,,1019441.619047619
428575,,3.0,1019446.380952381
428582,0.5067198872566223,,1019479.7142857143
428583,,3.0,1019484.4761904762
428592,0.5067498683929443,,1019527.3333333334
428593,,3.0,1019532.0952380953
428604,0.5067798495292664,,1019584.4761904762
428605,,3.0,1019589.2380952381
428617,0.5068098306655884,,1019637.0909090909
428618,,3.0,1019641.8787878788
428623,0.5068398118019104,,1019665.8181818182
428624,,3.0,1019670.6060606061
428629,0.5068697929382324,,1019694.5454545454
428630,,3.0,1019699.3333333334
428639,0.5068997740745544,,1019742.4242424242
428640,,3.0,1019747.2121212122
428655,0.5069297552108765,,1019806.5454545454
428656,,3.0,1019811.0909090909
428668,0.5069597363471985,,1019865.6363636364
428669,,3.0,1019870.1818181818
428678,0.5069897174835205,,1019911.0909090909
428679,,3.0,1019915.6363636364
428685,0.5070196986198425,,1019942.9090909091
428686,,3.0,1019947.4545454546
428696,0.5070496797561646,,1019987.8974358974
428697,,3.0,1019993.0256410256
428704,0.5070796608924866,,1020028.9230769231
428705,,3.0,1020034.0512820513
428715,0.5071096420288086,,1020085.3333333334
428716,,3.0,1020090.4615384615
428726,0.5071396231651306,,1020141.7435897436
428727,,3.0,1020146.8717948718
428744,0.5071696043014526,,1020222.0
428745,,3.0,1020227.0
428753,0.5071995854377747,,1020267.0
428754,,3.0,1020272.0
428761,0.5072295665740967,,1020307.0
428762,,3.0,1020312.0
428768,0.5072595477104187,,1020342.0
428769,,3.0,1020347.0
428780,0.5072895288467407,,1020391.0243902439
428781,,3.0,1020395.9024390244
428788,0.5073195099830627,,1020430.0487804879
428789,,3.0,1020434.9268292683
428802,0.5073494911193848,,1020498.3414634146
428803,,3.0,1020503.2195121951
428811,0.5073794722557068,,1020542.243902439
428812,,3.0,1020547.1219512195
428826,0.5074094533920288,,1020596.8979591837
428827,,3.0,1020600.9795918367
428840,0.5074394345283508,,1020654.0408163265
428841,,3.0,1020658.1224489796
428850,0.5074694156646729,,1020694.8571428572
428851,,3.0,1020698.9387755102
428862,0.5074993968009949,,1020743.8367346938
428863,,3.0,1020747.918367347
428882,0.5075293779373169,,1020810.1818181818
428883,,3.0,1020813.8181818182
428894,0.5075593590736389,,1020853.8181818182
428895,,3.0,1020857.4545454546
428904,0.5075893402099609,,1020890.1818181818
428905,,3.0,1020893.8181818182
428919,0.507619321346283,,1020944.7272727273
428920,,3.0,1020948.3636363636
428932,0.507649302482605,,1020992.9090909091
428933,,3.0,1020997.4545454546
428947,0.507679283618927,,1021061.0909090909
428948,,3.0,1021065.6363636364
428956,0.507709264755249,,1021102.0
428957,,3.0,1021106.5454545454
428965,0.507739245891571,,1021142.9090909091
428966,,3.0,1021147.4545454546
428981,0.5077692270278931,,1021207.8139534884
428982,,3.0,1021212.4651162791
428989,0.5077992081642151,,1021245.023255814
428990,,3.0,1021249.6744186047
428998,0.5078291893005371,,1021286.8837209302
428999,,3.0,1021291.5348837209
429010,0.5078591704368591,,1021342.6976744186
429011,,3.0,1021347.3488372093
429023,0.5078891515731812,,1021391.1304347826
429024,,3.0,1021395.4782608695
429039,0.5079191327095032,,1021460.695652174
429040,,3.0,1021465.0434782609
429047,0.5079491138458252,,1021495.4782608695
429048,,3.0,1021499.8260869565
429058,0.5079790949821472,,1021543.304347826
429059,,3.0,1021547.6521739131
429075,0.5080090761184692,,1021607.3191489362
429076,,3.0,1021611.5744680851
429085,0.5080390572547913,,1021649.8723404255
429086,,3.0,1021654.1276595745
429093,0.5080690383911133,,1021683.914893617
429094,,3.0,1021688.1702127659
429107,0.5080990195274353,,1021743.4893617021
429108,,3.0,1021747.7446808511
429124,0.5081190466880798,,1021805.1063829787
429125,,2.0,1021809.1914893617
429137,0.5081390738487244,,1021858.2127659575
429138,,2.0,1021862.2978723404
429150,0.5081591010093689,,1021911.3191489362
429151,,2.0,1021915.4042553192
429156,0.5081791281700134,,1021935.8297872341
429157,,2.0,1021939.914893617
429169,0.5082091093063354,,1021989.0
429170,,3.0,1021994.0
429181,0.5082390904426575,,1022049.0
429182,,3.0,1022054.0
429188,0.5082690715789795,,1022084.0
429189,,3.0,1022089.0
429198,0.5082990527153015,,1022134.0
429199,,3.0,1022139.0
429216,0.5083290338516235,,1022204.8695652174
429217,,3.0,1022209.2173913043
429226,0.5083590149879456,,1022248.3478260869
429227,,3.0,1022252.695652174
429233,0.5083889961242676,,1022278.7826086957
429234,,3.0,1022283.1304347826
429246,0.5084189772605896,,1022335.304347826
429247,,3.0,1022339.6521739131
429262,0.5084489583969116,,1022398.5454545454
429263,,3.0,1022403.0909090909
429271,0.5084789395332336,,1022439.4545454546
429272,,3.0,1022444.0
429282,0.5085089206695557,,1022489.4545454546
429283,,3.0,1022494.0
429292,0.5085389018058777,,1022534.9090909091
429293,,3.0,1022539.4545454546
429305,0.5085688829421997,,1022585.8604651163
429306,,3.0,1022590.5116279069
429314,0.5085988640785217,,1022627.7209302326
429315,,3.0,1022632.3720930233
429328,0.5086288452148438,,1022692.8372093023
429329,,3.0,1022697.4883720931
429337,0.5086588263511658,,1022734.6976744186
429338,,3.0,1022739.3488372093
429356,0.5086888074874878,,1022802.8235294118
429357,,3.0,1022806.7450980392
429366,0.5087187886238098,,1022842.0392156863
429367,,3.0,1022845.9607843137
429379,0.5087487697601318,,1022893.0196078431
429380,,3.0,1022896.9411764706
429390,0.5087787508964539,,1022936.1568627451
429391,,3.0,1022940.0784313725
429402,0.5088087320327759,,1022989.7142857143
429403,,3.0,1022995.4285714285
429408,0.5088387131690979,,1023024.0
429409,,3.0,1023029.7142857143
429415,0.5088686943054199,,1023064.0
429416,,3.0,1023069.7142857143
429427,0.5088986754417419,,1023132.5714285715
429428,,3.0,1023138.2857142857
429445,0.5088986754417419,,1023209.6666666666
429446,,0.0,1023214.3571428572
429455,0.5088986754417419,,1023256.5714285715
429456,,0.0,1023261.2619047619
429463,0.5088986754417419,,1023294.0952380953
429464,,0.0,1023298.7857142857
429471,0.5088986754417419,,1023331.619047619
429472,,0.0,1023336.3095238095
429483,0.508928656578064,,1023384.2432432432
429484,,3.0,1023389.6486486486
429490,0.508958637714386,,1023422.0810810811
429491,,3.0,1023427.4864864865
429498,0.508988618850708,,1023465.3243243244
429499,,3.0,1023470.7297297297
429510,0.50901859998703,,1023530.1891891892
429511,,3.0,1023535.5945945946
429525,0.509048581123352,,1023585.8979591837
429526,,3.0,1023589.9795918367
429538,0.5090785622596741,,1023638.9591836735
429539,,3.0,1023643.0408163265
429549,0.5091085433959961,,1023683.8571428572
429550,,3.0,1023687.9387755102
429561,0.5091385245323181,,1023732.8367346938
429562,,3.0,1023736.918367347
429573,0.5091685056686401,,1023791.0
429574,,3.0,1023797.25
429582,0.5091984868049622,,1023847.25
429583,,3.0,1023853.5
429587,0.5092284679412842,,1023878.5
429588,,3.0,1023884.75
429595,0.5092584490776062,,1023928.5
429596,,3.0,1023934.75
429613,0.5092884302139282,,1024003.2222222222
429614,,3.0,1024007.6666666666
429627,0.5093184113502502,,1024065.4444444445
429628,,3.0,1024069.8888888889
429636,0.5093483924865723,,1024105.4444444445
429637,,3.0,1024109.8888888889
429642,0.5093783736228943,,1024132.1111111111
429643,,3.0,1024136.5555555555
429658,0.5094083547592163,,1024199.5365853659
429659,,3.0,1024204.4146341464
429667,0.5094383358955383,,1024243.4390243902
429668,,3.0,1024248.3170731707
429675,0.5094683170318604,,1024282.4634146341
429676,,3.0,1024287.3414634146
429685,0.5094982981681824,,1024331.243902439
429686,,3.0,1024336.1219512195
429700,0.5095282793045044,,1024393.380952381
429701,,3.0,1024398.1428571428
429711,0.5095582604408264,,1024445.7619047619
429712,,3.0,1024450.5238095238
429721,0.5095882415771484,,1024493.380952381
429722,,3.0,1024498.1428571428
429729,0.5096182227134705,,1024531.4761904762
429730,,3.0,1024536.2380952381
429745,0.5096482038497925,,1024594.3333333334
429746,,3.0,1024598.7777777778
429753,0.5096781849861145,,1024629.8888888889
429754,,3.0,1024634.3333333334
429763,0.5097081661224365,,1024674.3333333334
429764,,3.0,1024678.7777777778
429776,0.5097381472587585,,1024732.1111111111
429777,,3.0,1024736.5555555555
429795,0.5097681283950806,,1024798.6923076923
429796,,3.0,1024802.5384615385
429803,0.5097981095314026,,1024829.4615384615
429804,,3.0,1024833.3076923077
429814,0.5098280906677246,,1024871.7692307692
429815,,3.0,1024875.6153846154
429830,0.5098580718040466,,1024933.3076923077
429831,,3.0,1024937.1538461539
429844,0.5098880529403687,,1024988.619047619
429845,,3.0,1024993.380952381
429854,0.5099180340766907,,1025036.2380952381
429855,,3.0,1025041.0
429866,0.5099480152130127,,1025093.380952381
429867,,3.0,1025098.1428571428
429874,0.5099779963493347,,1025131.4761904762
429875,,3.0,1025136.2380952381
429888,0.5099779963493347,,1025187.6666666666
429889,,0.0,1025192.3333333334
429896,0.5099779963493347,,1025225.0
429897,,0.0,1025229.6666666666
429906,0.5099779963493347,,1025271.6666666666
429907,,0.0,1025276.3333333334
429918,0.5099779963493347,,1025327.6666666666
429919,,0.0,1025332.3333333334
429931,0.5100079774856567,,1025375.9347826086
429932,,3.0,1025380.2608695652
429944,0.5100379586219788,,1025432.1739130435
429945,,3.0,1025436.5
429955,0.5100679397583008,,1025479.7608695652
429956,,3.0,1025484.0869565217
429966,0.5100979208946228,,1025527.3478260869
429967,,3.0,1025531.6739130435
429980,0.5101279020309448,,1025582.5116279069
429981,,3.0,1025587.1627906977
429989,0.5101578831672668,,1025624.3720930233
429990,,3.0,1025629.023255814
430002,0.5101878643035889,,1025684.8372093023
430003,,3.0,1025689.4883720931
430011,0.5102178454399109,,1025726.6976744186
430012,,3.0,1025731.3488372093
430030,0.5102478265762329,,1025798.5
430031,,3.0,1025802.6666666666
430039,0.5102778077125549,,1025836.0
430040,,3.0,1025840.1666666666
430050,0.510307788848877,,1025881.8333333334
430051,,3.0,1025886.0
430061,0.510337769985199,,1025927.6666666666
430062,,3.0,1025931.8333333334
430080,0.5103477835655212,,1025986.7692307692
430081,,1.0,1025990.1538461539
430093,0.5103577971458435,,1026030.7692307692
430094,,1.0,1026034.1538461539
430103,0.5103678107261658,,1026064.6153846154
430104,,1.0,1026068.0
430115,0.510377824306488,,1026105.2307692308
430116,,1.0,1026108.6153846154
430132,0.5104078054428101,,1026169.7777777778
430133,,3.0,1026174.2222222222
430139,0.5104377865791321,,1026200.8888888889
430140,,3.0,1026205.3333333334
430149,0.5104677677154541,,1026245.3333333334
430150,,3.0,1026249.7777777778
430162,0.5104977488517761,,1026303.1111111111
430163,,3.0,1026307.5555555555
430178,0.5104977488517761,,1026367.2558139535
430179,,0.0,1026371.8604651163
430186,0.5104977488517761,,1026404.0930232558
430187,,0.0,1026408.6976744186
430200,0.5104977488517761,,1026468.5581395349
430201,,0.0,1026473.1627906977
430207,0.5104977488517761,,1026500.7906976744
430208,,0.0,1026505.3953488372
430223,0.5105277299880981,,1026580.5882352941
430224,,3.0,1026586.4705882353
430229,0.5105577111244202,,1026615.8823529412
430230,,3.0,1026621.7647058824
430235,0.5105876922607422,,1026651.1764705882
430236,,3.0,1026657.0588235294
430243,0.5106176733970642,,1026698.2352941176
430244,,3.0,1026704.1176470588
430263,0.5106476545333862,,1026781.1111111111
430264,,3.0,1026785.5555555555
430276,0.5106776356697083,,1026838.8888888889
430277,,3.0,1026843.3333333334
430284,0.5107076168060303,,1026874.4444444445
430285,,3.0,1026878.8888888889
430290,0.5107375979423523,,1026901.1111111111
430291,,3.0,1026905.5555555555
430308,0.5107476115226746,,1026981.4358974359
430309,,1.0,1026986.5384615385
430313,0.5107576251029968,,1027006.9487179487
430314,,1.0,1027012.0512820513
430322,0.5107676386833191,,1027052.8717948718
430323,,1.0,1027057.9743589744
430331,0.5107776522636414,,1027098.7948717949
430332,,1.0,1027103.8974358974
430340,0.5108076333999634,,1027136.027027027
430341,,3.0,1027141.4324324324
430351,0.5108376145362854,,1027195.4864864865
430352,,3.0,1027200.8918918918
430360,0.5108675956726074,,1027244.1351351351
430361,,3.0,1027249.5405405406
430370,0.5108975768089294,,1027298.1891891892
430371,,3.0,1027303.5945945946
430384,0.5109275579452515,,1027357.7804878049
430385,,3.0,1027362.6585365854
430393,0.5109575390815735,,1027401.6829268293
430394,,3.0,1027406.5609756098
430401,0.5109875202178955,,1027440.7073170731
430402,,3.0,1027445.5853658536
430413,0.5110175013542175,,1027499.243902439
430414,,3.0,1027504.1219512195
430428,0.5110474824905396,,1027565.4102564103
430429,,3.0,1027570.5384615385
430436,0.5110774636268616,,1027606.4358974359
430437,,3.0,1027611.5641025641
430445,0.5111074447631836,,1027652.5897435897
430446,,3.0,1027657.717948718
430454,0.5111374258995056,,1027698.7435897436
430455,,3.0,1027703.8717948718
430469,0.5111674070358276,,1027752.1372549019
430470,,3.0,1027756.0588235294
430482,0.5111973881721497,,1027803.1176470588
430483,,3.0,1027807.0392156863
430495,0.5112273693084717,,1027854.0980392157
430496,,3.0,1027858.0196078431
430507,0.5112573504447937,,1027901.1568627451
430508,,3.0,1027905.0784313725
430520,0.5112873315811157,,1027955.1538461539
430521,,3.0,1027960.282051282
430529,0.5113173127174377,,1028001.3076923077
430530,,3.0,1028006.4358974359
430540,0.5113472938537598,,1028057.717948718
430541,,3.0,1028062.8461538461
430548,0.5113772749900818,,1028098.7435897436
430549,,3.0,1028103.8717948718
430559,0.5114072561264038,,1028149.0
430560,,3.0,1028154.7142857143
430571,0.5114372372627258,,1028217.5714285715
430572,,3.0,1028223.2857142857
430577,0.5114672183990479,,1028251.8571428572
430578,,3.0,1028257.5714285715
430585,0.5114971995353699,,1028297.5714285715
430586,,3.0,1028303.2857142857
430597,0.5114971995353699,,1028336.9024390244
430598,,0.0,1028340.3902439025
430611,0.5114971995353699,,1028385.731707317
430612,,0.0,1028389.2195121951
430619,0.5114971995353699,,1028413.6341463415
430620,,0.0,1028417.1219512195
430628,0.5114971995353699,,1028445.0243902439
430629,,0.0,1028448.512195122
430643,0.5115271806716919,,1028504.380952381
430644,,3.0,1028509.1428571428
430652,0.5115571618080139,,1028547.2380952381
430653,,3.0,1028552.0
430661,0.5115871429443359,,1028590.0952380953
430662,,3.0,1028594.8571428572
430672,0.511617124080658,,1028642.4761904762
430673,,3.0,1028647.2380952381
430691,0.51164710521698,,1028727.0
430692,,3.0,1028732.0
430699,0.511677086353302,,1028767.0
430700,,3.0,1028772.0
430708,0.511707067489624,,1028812.0
430709,,3.0,1028817.0
430714,0.511737048625946,,1028842.0
430715,,3.0,1028847.0
430725,0.5117470622062683,,1028875.3333333334
430726,,1.0,1028878.6666666666
430734,0.5117570757865906,,1028905.3333333334
430735,,1.0,1028908.6666666666
430744,0.5117670893669128,,1028938.6666666666
430745,,1.0,1028942.0
430755,0.5117771029472351,,1028975.3333333334
430756,,1.0,1028978.6666666666
430768,0.5118070840835571,,1029030.6486486486
430769,,3.0,1029036.0540540541
430776,0.5118370652198792,,1029073.8918918918
430777,,3.0,1029079.2972972973
430785,0.5118670463562012,,1029122.5405405406
430786,,3.0,1029127.9459459459
430794,0.5118970274925232,,1029171.1891891892
430795,,3.0,1029176.5945945946
430807,0.5119270086288452,,1029230.6486486486
430808,,3.0,1029236.0540540541
430815,0.5119569897651672,,1029273.8918918918
430816,,3.0,1029279.2972972973
430823,0.5119869709014893,,1029317.1351351351
430824,,3.0,1029322.5405405406
430833,0.5120169520378113,,1029371.1891891892
430834,,3.0,1029376.5945945946
430850,0.5120469331741333,,1029438.5217391305
430851,,3.0,1029442.8695652174
430858,0.5120769143104553,,1029473.304347826
430859,,3.0,1029477.6521739131
430873,0.5121068954467773,,1029538.5217391305
430874,,3.0,1029542.8695652174
430881,0.5121368765830994,,1029573.304347826
430882,,3.0,1029577.6521739131
430896,0.5121668577194214,,1029646.7058823529
430897,,3.0,1029652.5882352941
430900,0.5121968388557434,,1029670.2352941176
430901,,3.0,1029676.1176470588
430907,0.5122268199920654,,1029711.4117647059
430908,,3.0,1029717.2941176471
430917,0.5122568011283875,,1029770.2352941176
430918,,3.0,1029776.1176470588
430931,0.5122867822647095,,1029827.4545454546
430932,,3.0,1029832.0
430944,0.5123167634010315,,1029886.5454545454
430945,,3.0,1029891.0909090909
430954,0.5123467445373535,,1029932.0
430955,,3.0,1029936.5454545454
430963,0.5123767256736755,,1029972.9090909091
430964,,3.0,1029977.4545454546
430974,0.5123767256736755,,1029997.5135135135
430975,,0.0,1029999.7297297297
430980,0.5123767256736755,,1030010.8108108108
430981,,0.0,1030013.027027027
430990,0.5123767256736755,,1030032.972972973
430991,,0.0,1030035.1891891892
431002,0.5123767256736755,,1030059.5675675676
431003,,0.0,1030061.7837837838
431017,0.5124067068099976,,1030112.8888888889
431018,,3.0,1030117.3333333334
431026,0.5124366879463196,,1030152.8888888889
431027,,3.0,1030157.3333333334
431035,0.5124666690826416,,1030192.8888888889
431036,,3.0,1030197.3333333334
431049,0.5124966502189636,,1030255.1111111111
431050,,3.0,1030259.5555555555
431066,0.5124966502189636,,1030298.9555555555
431067,,0.0,1030301.6444444444
431075,0.5124966502189636,,1030323.1555555556
431076,,0.0,1030325.8444444444
431086,0.5124966502189636,,1030352.7333333333
431087,,0.0,1030355.4222222222
431096,0.5124966502189636,,1030379.6222222223
431097,,0.0,1030382.3111111111
431114,0.5125266313552856,,1030451.6666666666
431115,,3.0,1030456.4285714285
431122,0.5125566124916077,,1030489.7619047619
431123,,3.0,1030494.5238095238
431132,0.5125865936279297,,1030537.380952381
431133,,3.0,1030542.1428571428
431140,0.5126165747642517,,1030575.4761904762
431141,,3.0,1030580.2380952381
431158,0.5126465559005737,,1030642.1428571428
431159,,3.0,1030646.224489796
431170,0.5126765370368958,,1030691.1224489796
431171,,3.0,1030695.2040816327
431181,0.5127065181732178,,1030736.0204081633
431182,,3.0,1030740.1020408163
431191,0.5127364993095398,,1030776.8367346938
431192,,3.0,1030780.918367347
431209,0.5127664804458618,,1030836.8518518518
431210,,3.0,1030840.5555555555
431220,0.5127964615821838,,1030877.5925925926
431221,,3.0,1030881.2962962963
431233,0.5128264427185059,,1030925.7407407408
431234,,3.0,1030929.4444444445
431247,0.5128564238548279,,1030977.5925925926
431248,,3.0,1030981.2962962963
431259,0.5128564238548279,,1031007.9090909091
431260,,0.0,1031010.7727272727
431271,0.5128564238548279,,1031042.2727272727
431272,,0.0,1031045.1363636364
431280,0.5128564238548279,,1031068.0454545454
431281,,0.0,1031070.9090909091
431293,0.5128564238548279,,1031105.2727272727
431294,,0.0,1031108.1363636364
431308,0.5128864049911499,,1031172.1111111111
431309,,3.0,1031177.6666666666
431316,0.5129163861274719,,1031216.5555555555
431317,,3.0,1031222.1111111111
431324,0.512946367263794,,1031261.0
431325,,3.0,1031266.5555555555
431331,0.512976348400116,,1031299.8888888889
431332,,3.0,1031305.4444444445
431344,0.513006329536438,,1031349.2978723404
431345,,3.0,1031353.5531914893
431355,0.51303631067276,,1031396.1063829787
431356,,3.0,1031400.3617021276
431369,0.513066291809082,,1031455.6808510638
431370,,3.0,1031459.9361702128
431380,0.513096272945404,,1031502.4893617021
431381,,3.0,1031506.7446808511
431396,0.513096272945404,,1031530.25
431397,,0.0,1031531.8541666666
431410,0.513096272945404,,1031552.7083333334
431411,,0.0,1031554.3125
431421,0.513096272945404,,1031570.3541666666
431422,,0.0,1031571.9583333334
431430,0.513096272945404,,1031584.7916666666
431431,,0.0,1031586.3958333334
431445,0.5131262540817261,,1031644.4102564103
431446,,3.0,1031649.5384615385
431456,0.5131562352180481,,1031700.8205128205
431457,,3.0,1031705.9487179487
431463,0.5131862163543701,,1031736.717948718
431464,,3.0,1031741.8461538461
431471,0.5132161974906921,,1031777.7435897436
431472,,3.0,1031782.8717948718
431492,0.5132461786270142,,1031860.340425532
431493,,3.0,1031864.5957446808
431501,0.5132761597633362,,1031898.6382978724
431502,,3.0,1031902.8936170213
431512,0.5133061408996582,,1031945.4468085107
431513,,3.0,1031949.7021276596
431520,0.5133361220359802,,1031979.4893617021
431521,,3.0,1031983.7446808511
431541,0.5133661031723022,,1032054.6666666666
431542,,3.0,1032058.5882352941
431550,0.5133960843086243,,1032089.9607843137
431551,,3.0,1032093.8823529412
431562,0.5134260654449463,,1032137.0196078431
431563,,3.0,1032140.9411764706
431573,0.5134560465812683,,1032180.1568627451
431574,,3.0,1032184.0784313725
431591,0.5134860277175903,,1032245.1428571428
431592,,3.0,1032249.224489796
431601,0.5135160088539124,,1032285.9591836735
431602,,3.0,1032290.0408163265
431612,0.5135459899902344,,1032330.8571428572
431613,,3.0,1032334.9387755102
431624,0.5135759711265564,,1032379.8367346938
431625,,3.0,1032383.918367347
431636,0.5136059522628784,,1032432.4444444445
431637,,3.0,1032438.0
431642,0.5136359333992004,,1032465.7777777778
431643,,3.0,1032471.3333333334
431650,0.5136659145355225,,1032510.2222222222
431651,,3.0,1032515.7777777778
431662,0.5136958956718445,,1032576.8888888889
431663,,3.0,1032582.4444444445
431680,0.5137258768081665,,1032650.2222222222
431681,,3.0,1032654.6666666666
431690,0.5137558579444885,,1032694.6666666666
431691,,3.0,1032699.1111111111
431697,0.5137858390808105,,1032725.7777777778
431698,,3.0,1032730.2222222222
431709,0.5138158202171326,,1032779.1111111111
431710,,3.0,1032783.5555555555
431726,0.5138458013534546,,1032841.0612244898
431727,,3.0,1032845.1428571428
431739,0.5138757824897766,,1032894.1224489796
431740,,3.0,1032898.2040816327
431750,0.5139057636260986,,1032939.0204081633
431751,,3.0,1032943.1020408163
431760,0.5139357447624207,,1032979.8367346938
431761,,3.0,1032983.918367347
431775,0.5139657258987427,,1033028.7407407408
431776,,3.0,1033032.4444444445
431790,0.5139957070350647,,1033084.2962962963
431791,,3.0,1033088.0
431802,0.5140256881713867,,1033128.7407407408
431803,,3.0,1033132.4444444445
431816,0.5140556693077087,,1033180.5925925926
431817,,3.0,1033184.2962962963
431831,0.5140856504440308,,1033234.8085106383
431832,,3.0,1033239.0638297872
431843,0.5141156315803528,,1033285.8723404255
431844,,3.0,1033290.1276595745
431854,0.5141456127166748,,1033332.6808510638
431855,,3.0,1033336.9361702128
431865,0.5141755938529968,,1033379.4893617021
431866,,3.0,1033383.7446808511
431883,0.5142055749893188,,1033450.2222222222
431884,,3.0,1033454.6666666666
431893,0.5142355561256409,,1033494.6666666666
431894,,3.0,1033499.1111111111
431901,0.5142655372619629,,1033530.2222222222
431902,,3.0,1033534.6666666666
431912,0.5142955183982849,,1033579.1111111111
431913,,3.0,1033583.5555555555
431927,0.5143254995346069,,1033640.380952381
431928,,3.0,1033645.1428571428
431935,0.514355480670929,,1033678.4761904762
431936,,3.0,1033683.2380952381
431947,0.514385461807251,,1033735.619047619
431948,,3.0,1033740.380952381
431956,0.514415442943573,,1033778.4761904762
431957,,3.0,1033783.2380952381
431970,0.514445424079895,,1033833.4545454546
431971,,3.0,1033838.0
431979,0.514475405216217,,1033874.3636363636
431980,,3.0,1033878.9090909091
431990,0.5145053863525391,,1033924.3636363636
431991,,3.0,1033928.9090909091
432002,0.5145353674888611,,1033978.9090909091
432003,,3.0,1033983.4545454546
432017,0.5145653486251831,,1034034.8085106383
432018,,3.0,1034039.0638297872
432028,0.5145953297615051,,1034081.6170212766
432029,,3.0,1034085.8723404255
432040,0.5146253108978271,,1034132.6808510638
432041,,3.0,1034136.9361702128
432051,0.5146552920341492,,1034179.4893617021
432052,,3.0,1034183.7446808511
432065,0.5146852731704712,,1034246.8235294118
432066,,3.0,1034252.7058823529
432074,0.5147152543067932,,1034299.7647058824
432075,,3.0,1034305.6470588235
432081,0.5147452354431152,,1034340.9411764706
432082,,3.0,1034346.8235294118
432087,0.5147752165794373,,1034376.2352941176
432088,,3.0,1034382.1176470588
432103,0.5148051977157593,,1034441.3333333334
432104,,3.0,1034445.7777777778
432113,0.5148351788520813,,1034485.7777777778
432114,,3.0,1034490.2222222222
432125,0.5148651599884033,,1034539.1111111111
432126,,3.0,1034543.5555555555
432134,0.5148951411247253,,1034579.1111111111
432135,,3.0,1034583.5555555555
432152,0.5149251222610474,,1034648.8695652174
432153,,3.0,1034653.2173913043
432160,0.5149551033973694,,1034683.6521739131
432161,,3.0,1034688.0
432171,0.5149850845336914,,1034731.4782608695
432172,,3.0,1034735.8260869565
432182,0.5150150656700134,,1034779.304347826
432183,,3.0,1034783.6521739131
432197,0.5150450468063354,,1034845.8947368421
432198,,3.0,1034851.1578947369
432207,0.5150750279426575,,1034898.5263157894
432208,,3.0,1034903.7894736842
432215,0.5151050090789795,,1034940.6315789474
432216,,3.0,1034945.8947368421
432222,0.5151349902153015,,1034977.4736842106
432223,,3.0,1034982.7368421053
432233,0.5151649713516235,,1035030.4242424242
432234,,3.0,1035036.4848484849
432241,0.5151949524879456,,1035078.9090909091
432242,,3.0,1035084.9696969697
432249,0.5152249336242676,,1035127.3939393939
432250,,3.0,1035133.4545454546
432257,0.5152549147605896,,1035175.8787878788
432258,,3.0,1035181.9393939395
432272,0.5152848958969116,,1035229.5094339623
432273,,3.0,1035233.283018868
432284,0.5153148770332336,,1035274.7924528302
432285,,3.0,1035278.5660377359
432300,0.5153448581695557,,1035335.1698113207
432301,,3.0,1035338.9433962264
432312,0.5153748393058777,,1035380.4528301887
432313,,3.0,1035384.2264150943
432327,0.5154048204421997,,1035436.8888888889
432328,,3.0,1035441.3333333334
432338,0.5154348015785217,,1035485.7777777778
432339,,3.0,1035490.2222222222
432351,0.5154647827148438,,1035543.5555555555
432352,,3.0,1035548.0
432359,0.5154947638511658,,1035579.1111111111
432360,,3.0,1035583.5555555555
432378,0.5155247449874878,,1035648.0
432379,,3.0,1035652.0
432391,0.5155547261238098,,1035700.0
432392,,3.0,1035704.0
432401,0.5155847072601318,,1035740.0
432402,,3.0,1035744.0
432411,0.5156146883964539,,1035780.0
432412,,3.0,1035784.0
432425,0.5156446695327759,,1035840.6315789474
432426,,3.0,1035845.8947368421
432436,0.5156746506690979,,1035898.5263157894
432437,,3.0,1035903.7894736842
432444,0.5157046318054199,,1035940.6315789474
432445,,3.0,1035945.8947368421
432451,0.5157346129417419,,1035977.4736842106
432452,,3.0,1035982.7368421053
432469,0.515764594078064,,1036044.0
432470,,3.0,1036048.0
432481,0.515794575214386,,1036092.0
432482,,3.0,1036096.0
432492,0.515824556350708,,1036136.0
432493,,3.0,1036140.0
432503,0.51585453748703,,1036180.0
432504,,3.0,1036184.0
432527,0.5158645510673523,,1036251.0188679246
432528,,1.0,1036254.1698113207
432536,0.5158745646476746,,1036279.3773584906
432537,,1.0,1036282.5283018867
432548,0.5158845782279968,,1036317.1886792453
432549,,1.0,1036320.3396226416
432558,0.5158945918083191,,1036348.6981132076
432559,,1.0,1036351.8490566037
432575,0.5159245729446411,,1036395.1304347826
432576,,3.0,1036398.2173913043
432585,0.5159545540809631,,1036426.0
432586,,3.0,1036429.0869565217
432596,0.5159845352172852,,1036459.9565217391
432597,,3.0,1036463.0434782609
432606,0.5160145163536072,,1036490.8260869565
432607,,3.0,1036493.9130434783
432623,0.5160444974899292,,1036554.7777777778
432624,,3.0,1036559.2222222222
432630,0.5160744786262512,,1036585.8888888889
432631,,3.0,1036590.3333333334
432643,0.5161044597625732,,1036643.6666666666
432644,,3.0,1036648.1111111111
432653,0.5161344408988953,,1036688.1111111111
432654,,3.0,1036692.5555555555
432674,0.5161644220352173,,1036779.9268292683
432675,,3.0,1036784.8048780488
432684,0.5161944031715393,,1036828.7073170731
432685,,3.0,1036833.5853658536
432690,0.5162243843078613,,1036857.9756097561
432691,,3.0,1036862.8536585366
432696,0.5162543654441833,,1036887.243902439
432697,,3.0,1036892.1219512195
432718,0.5162843465805054,,1036972.0
432719,,3.0,1036976.1666666666
432723,0.5163143277168274,,1036992.8333333334
432724,,3.0,1036997.0
432735,0.5163443088531494,,1037042.8333333334
432736,,3.0,1037047.0
432746,0.5163742899894714,,1037088.6666666666
432747,,3.0,1037092.8333333334
432763,0.5163843035697937,,1037140.225
432764,,1.0,1037143.55
432771,0.516394317150116,,1037166.825
432772,,1.0,1037170.15
432777,0.5164043307304382,,1037186.775
432778,,1.0,1037190.1
432788,0.5164143443107605,,1037223.35
432789,,1.0,1037226.675
432806,0.5164443254470825,,1037282.8301886793
432807,,3.0,1037286.6037735849
432820,0.5164743065834045,,1037335.6603773584
432821,,3.0,1037339.4339622641
432833,0.5165042877197266,,1037384.716981132
432834,,3.0,1037388.4905660377
432843,0.5165342688560486,,1037422.4528301887
432844,,3.0,1037426.2264150943
432857,0.5165642499923706,,1037476.5116279069
432858,,3.0,1037481.1627906977
432868,0.5165942311286926,,1037527.6744186047
432869,,3.0,1037532.3255813953
432878,0.5166242122650146,,1037574.1860465116
432879,,3.0,1037578.8372093023
432888,0.5166541934013367,,1037620.6976744186
432889,,3.0,1037625.3488372093
432908,0.5166841745376587,,1037696.6666666666
432909,,3.0,1037700.8333333334
432917,0.5167141556739807,,1037734.1666666666
432918,,3.0,1037738.3333333334
432925,0.5167441368103027,,1037767.5
432926,,3.0,1037771.6666666666
432938,0.5167741179466248,,1037821.6666666666
432939,,3.0,1037825.8333333334
432951,0.5168040990829468,,1037870.9090909091
432952,,3.0,1037875.4545454546
432960,0.5168340802192688,,1037911.8181818182
432961,,3.0,1037916.3636363636
432970,0.5168640613555908,,1037957.2727272727
432971,,3.0,1037961.8181818182
432984,0.5168940424919128,,1038020.9090909091
432985,,3.0,1038025.4545454546
433001,0.5169240236282349,,1038087.7777777778
433002,,3.0,1038092.2222222222
433012,0.5169540047645569,,1038136.6666666666
433013,,3.0,1038141.1111111111
433022,0.5169839859008789,,1038181.1111111111
433023,,3.0,1038185.5555555555
433031,0.5170139670372009,,1038221.1111111111
433032,,3.0,1038225.5555555555
433046,0.5170339941978455,,1038279.225
433047,,2.0,1038283.7
433053,0.51705402135849,,1038310.55
433054,,2.0,1038315.025
433060,0.5170740485191345,,1038341.875
433061,,2.0,1038346.35
433073,0.517094075679779,,1038400.05
433074,,2.0,1038404.525
433086,0.517094075679779,,1038425.2857142857
433087,,0.0,1038427.0952380953
433095,0.517094075679779,,1038441.5714285715
433096,,0.0,1038443.380952381
433105,0.517094075679779,,1038459.6666666666
433106,,0.0,1038461.4761904762
433117,0.517094075679779,,1038481.380952381
433118,,0.0,1038483.1904761905
433136,0.5171240568161011,,1038548.8297872341
433137,,3.0,1038553.085106383
433147,0.5171540379524231,,1038595.6382978724
433148,,3.0,1038599.8936170213
433157,0.5171840190887451,,1038638.1914893617
433158,,3.0,1038642.4468085107
433166,0.5172140002250671,,1038676.4893617021
433167,,3.0,1038680.7446808511
433182,0.5172439813613892,,1038738.3333333334
433183,,3.0,1038742.7777777778
433194,0.5172739624977112,,1038791.6666666666
433195,,3.0,1038796.1111111111
433203,0.5173039436340332,,1038831.6666666666
433204,,3.0,1038836.1111111111
433213,0.5173339247703552,,1038876.1111111111
433214,,3.0,1038880.5555555555
433232,0.5173639059066772,,1038950.2173913043
433233,,3.0,1038954.5652173914
433245,0.5173938870429993,,1039006.7391304348
433246,,3.0,1039011.0869565217
433255,0.5174238681793213,,1039050.2173913043
433256,,3.0,1039054.5652173914
433261,0.5174538493156433,,1039076.304347826
433262,,3.0,1039080.6521739131
433275,0.5174838304519653,,1039132.619047619
433276,,3.0,1039137.380952381
433286,0.5175138115882874,,1039185.0
433287,,3.0,1039189.7619047619
433294,0.5175437927246094,,1039223.0952380953
433295,,3.0,1039227.8571428572
433305,0.5175737738609314,,1039275.4761904762
433306,,3.0,1039280.2380952381
433320,0.5176037549972534,,1039342.8947368421
433321,,3.0,1039348.1578947369
433327,0.5176337361335754,,1039379.7368421053
433328,,3.0,1039385.0
433336,0.5176637172698975,,1039427.1052631579
433337,,3.0,1039432.3684210526
433345,0.5176936984062195,,1039474.4736842106
433346,,3.0,1039479.7368421053
433359,0.5177236795425415,,1039530.4545454546
433360,,3.0,1039535.0
433373,0.5177536606788635,,1039594.0909090909
433374,,3.0,1039598.6363636364
433383,0.5177836418151855,,1039639.5454545454
433384,,3.0,1039644.0909090909
433391,0.5178136229515076,,1039675.9090909091
433392,,3.0,1039680.4545454546
433408,0.5178436040878296,,1039751.6666666666
433409,,3.0,1039756.7948717949
433417,0.5178735852241516,,1039797.8205128205
433418,,3.0,1039802.9487179487
433426,0.5179035663604736,,1039843.9743589744
433427,,3.0,1039849.1025641026
433432,0.5179335474967957,,1039874.7435897436
433433,,3.0,1039879.8717948718
433450,0.5179435610771179,,1039932.4285714285
433451,,1.0,1039935.8163265307
433461,0.5179535746574402,,1039969.693877551
433462,,1.0,1039973.081632653
433471,0.5179635882377625,,1040003.5714285715
433472,,1.0,1040006.9591836735
433483,0.5179736018180847,,1040044.224489796
433484,,1.0,1040047.612244898
433500,0.5180035829544067,,1040106.3191489362
433501,,3.0,1040110.5744680851
433511,0.5180335640907288,,1040153.1276595745
433512,,3.0,1040157.3829787234
433519,0.5180635452270508,,1040187.1702127659
433520,,3.0,1040191.4255319149
433532,0.5180935263633728,,1040242.4893617021
433533,,3.0,1040246.7446808511
433550,0.5181235074996948,,1040311.8695652174
433551,,3.0,1040316.2173913043
433556,0.5181534886360168,,1040337.9565217391
433557,,3.0,1040342.304347826
433565,0.5181834697723389,,1040377.0869565217
433566,,3.0,1040381.4347826086
433580,0.5182134509086609,,1040442.304347826
433581,,3.0,1040446.6521739131
433593,0.5182434320449829,,1040487.7346938775
433594,,3.0,1040491.8163265307
433606,0.5182734131813049,,1040540.7959183673
433607,,3.0,1040544.8775510204
433620,0.518303394317627,,1040597.9387755102
433621,,3.0,1040602.0204081633
433631,0.518333375453949,,1040642.8367346938
433632,,3.0,1040646.918367347
433649,0.518363356590271,,1040721.0
433650,,3.0,1040726.0
433659,0.518393337726593,,1040771.0
433660,,3.0,1040776.0
433668,0.518423318862915,,1040816.0
433669,,3.0,1040821.0
433673,0.5184532999992371,,1040841.0
433674,,3.0,1040846.0
433691,0.5184633135795593,,1040910.5
433692,,1.0,1040914.75
433701,0.5184733271598816,,1040953.0
433702,,1.0,1040957.25
433708,0.5184833407402039,,1040982.75
433709,,1.0,1040987.0
433719,0.5184933543205261,,1041029.5
433720,,1.0,1041033.75
433737,0.5185233354568481,,1041094.0
433738,,3.0,1041098.0
433747,0.5185533165931702,,1041134.0
433748,,3.0,1041138.0
433759,0.5185832977294922,,1041182.0
433760,,3.0,1041186.0
433771,0.5186132788658142,,1041230.0
433772,,3.0,1041234.0
433786,0.5186432600021362,,1041295.8947368421
433787,,3.0,1041301.1578947369
433794,0.5186732411384583,,1041338.0
433795,,3.0,1041343.2631578947
433802,0.5187032222747803,,1041380.1052631579
433803,,3.0,1041385.3684210526
433811,0.5187332034111023,,1041427.4736842106
433812,,3.0,1041432.7368421053
433824,0.5187631845474243,,1041476.2978723404
433825,,3.0,1041480.5531914893
433836,0.5187931656837463,,1041527.3617021276
433837,,3.0,1041531.6170212766
433849,0.5188231468200684,,1041582.6808510638
433850,,3.0,1041586.9361702128
433860,0.5188531279563904,,1041629.4893617021
433861,,3.0,1041633.7446808511
433877,0.5188531279563904,,1041675.304347826
433878,,0.0,1041678.1739130435
433890,0.5188531279563904,,1041712.6086956522
433891,,0.0,1041715.4782608695
433899,0.5188531279563904,,1041738.4347826086
433900,,0.0,1041741.304347826
433908,0.5188531279563904,,1041764.2608695652
433909,,0.0,1041767.1304347826
433929,0.5188831090927124,,1041849.0697674418
433930,,3.0,1041853.7209302326
433935,0.5189130902290344,,1041876.976744186
433936,,3.0,1041881.6279069767
433943,0.5189430713653564,,1041914.1860465116
433944,,3.0,1041918.8372093023
433953,0.5189730525016785,,1041960.6976744186
433954,,3.0,1041965.3488372093
433968,0.5190030336380005,,1042029.4594594594
433969,,3.0,1042034.8648648649
433973,0.5190330147743225,,1042056.4864864865
433974,,3.0,1042061.8918918918
433982,0.5190629959106445,,1042105.1351351351
433983,,3.0,1042110.5405405406
433992,0.5190929770469666,,1042159.1891891892
433993,,3.0,1042164.5945945946
434005,0.5191229581832886,,1042220.0
434006,,3.0,1042225.5555555555
434013,0.5191529393196106,,1042264.4444444445
434014,,3.0,1042270.0
434022,0.5191829204559326,,1042314.4444444445
434023,,3.0,1042320.0
434030,0.5192129015922546,,1042358.8888888889
434031,,3.0,1042364.4444444445
434046,0.5192428827285767,,1042421.0638297872
434047,,3.0,1042425.3191489362
434056,0.5192728638648987,,1042463.6170212766
434057,,3.0,1042467.8723404255
434066,0.5193028450012207,,1042506.1702127659
434067,,3.0,1042510.4255319149
434079,0.5193328261375427,,1042561.4893617021
434080,,3.0,1042565.7446808511
434092,0.5193628072738647,,1042621.4285714285
434093,,3.0,1042627.1428571428
434099,0.5193927884101868,,1042661.4285714285
434100,,3.0,1042667.1428571428
434106,0.5194227695465088,,1042701.4285714285
434107,,3.0,1042707.1428571428
434116,0.5194527506828308,,1042758.5714285715
434117,,3.0,1042764.2857142857
434128,0.5194827318191528,,1042797.3488372093
434129,,3.0,1042800.7674418605
434137,0.5195127129554749,,1042828.1162790698
434138,,3.0,1042831.5348837209
434147,0.5195426940917969,,1042862.3023255814
434148,,3.0,1042865.7209302326
434161,0.5195726752281189,,1042910.1627906977
434162,,3.0,1042913.5813953489
434181,0.5196026563644409,,1042979.7450980392
434182,,3.0,1042983.6666666666
434192,0.5196326375007629,,1043022.8823529412
434193,,3.0,1043026.8039215687
434206,0.519662618637085,,1043077.7843137255
434207,,3.0,1043081.7058823529
434214,0.519692599773407,,1043109.1568627451
434215,,3.0,1043113.0784313725
434227,0.519722580909729,,1043157.9090909091
434228,,3.0,1043162.4545454546
434236,0.519752562046051,,1043198.8181818182
434237,,3.0,1043203.3636363636
434249,0.519782543182373,,1043257.9090909091
434250,,3.0,1043262.4545454546
434260,0.5198125243186951,,1043307.9090909091
434261,,3.0,1043312.4545454546
434273,0.5198425054550171,,1043363.1538461539
434274,,3.0,1043368.282051282
434279,0.5198724865913391,,1043393.9230769231
434280,,3.0,1043399.0512820513
434287,0.5199024677276611,,1043434.9487179487
434288,,3.0,1043440.0769230769
434301,0.5199324488639832,,1043506.7435897436
434302,,3.0,1043511.8717948718
434320,0.5199624300003052,,1043579.5
434321,,3.0,1043583.6666666666
434330,0.5199924111366272,,1043621.1666666666
434331,,3.0,1043625.3333333334
434341,0.5200223922729492,,1043667.0
434342,,3.0,1043671.1666666666
434351,0.5200523734092712,,1043708.6666666666
434352,,3.0,1043712.8333333334
434370,0.5200823545455933,,1043782.2173913043
434371,,3.0,1043786.5652173914
434379,0.5201123356819153,,1043821.3478260869
434380,,3.0,1043825.695652174
434385,0.5201423168182373,,1043847.4347826086
434386,,3.0,1043851.7826086957
434399,0.5201722979545593,,1043908.304347826
434400,,3.0,1043912.6521739131
434411,0.5202022790908813,,1043951.4
434412,,3.0,1043955.7
434421,0.5202322602272034,,1043994.4
434422,,3.0,1043998.7
434431,0.5202622413635254,,1044037.4
434432,,3.0,1044041.7
434441,0.5202922224998474,,1044080.4
434442,,3.0,1044084.7
434453,0.5202922224998474,,1044120.4545454546
434454,,0.0,1044124.3863636364
434466,0.5202922224998474,,1044171.5681818182
434467,,0.0,1044175.5
434478,0.5202922224998474,,1044218.75
434479,,0.0,1044222.6818181818
434487,0.5202922224998474,,1044254.1363636364
434488,,0.0,1044258.0681818182
434504,0.5203222036361694,,1044319.7777777778
434505,,3.0,1044324.2222222222
434517,0.5203521847724915,,1044377.5555555555
434518,,3.0,1044382.0
434525,0.5203821659088135,,1044413.1111111111
434526,,3.0,1044417.5555555555
434534,0.5204121470451355,,1044453.1111111111
434535,,3.0,1044457.5555555555
434546,0.5204421281814575,,1044501.0243902439
434547,,3.0,1044505.9024390244
434558,0.5204721093177795,,1044559.5609756098
434559,,3.0,1044564.4390243902
434568,0.5205020904541016,,1044608.3414634146
434569,,3.0,1044613.2195121951
434577,0.5205320715904236,,1044652.243902439
434578,,3.0,1044657.1219512195
434590,0.5205420851707458,,1044715.4545454546
434591,,1.0,1044721.3939393939
434599,0.5205520987510681,,1044768.9090909091
434600,,1.0,1044774.8484848485
434606,0.5205621123313904,,1044810.4848484849
434607,,1.0,1044816.4242424242
434612,0.5205721259117126,,1044846.1212121212
434613,,1.0,1044852.0606060605
434623,0.5206021070480347,,1044891.3333333334
434624,,3.0,1044896.0952380953
434628,0.5206320881843567,,1044915.1428571428
434629,,3.0,1044919.9047619047
434642,0.5206620693206787,,1044981.8095238095
434643,,3.0,1044986.5714285715
434656,0.5206920504570007,,1045048.4761904762
434657,,3.0,1045053.2380952381
434673,0.5207220315933228,,1045119.9047619047
434674,,3.0,1045124.6666666666
434680,0.5207520127296448,,1045153.2380952381
434681,,3.0,1045158.0
434689,0.5207819938659668,,1045196.0952380953
434690,,3.0,1045200.8571428572
434700,0.5208119750022888,,1045248.4761904762
434701,,3.0,1045253.2380952381
434712,0.5208419561386108,,1045300.1052631579
434713,,3.0,1045305.3684210526
434720,0.5208719372749329,,1045342.2105263158
434721,,3.0,1045347.4736842106
434731,0.5209019184112549,,1045400.1052631579
434732,,3.0,1045405.3684210526
434740,0.5209318995475769,,1045447.4736842106
434741,,3.0,1045452.7368421053
434753,0.5209618806838989,,1045500.8571428572
434754,,3.0,1045505.619047619
434764,0.520991861820221,,1045553.2380952381
434765,,3.0,1045558.0
434774,0.521021842956543,,1045600.8571428572
434775,,3.0,1045605.619047619
434784,0.521051824092865,,1045648.4761904762
434785,,3.0,1045653.2380952381
434800,0.521081805229187,,1045719.5384615385
434801,,3.0,1045724.6666666666
434809,0.521111786365509,,1045765.6923076923
434810,,3.0,1045770.8205128205
434817,0.521141767501831,,1045806.717948718
434818,,3.0,1045811.8461538461
434825,0.5211717486381531,,1045847.7435897436
434826,,3.0,1045852.8717948718
434841,0.5212017297744751,,1045916.5365853659
434842,,3.0,1045921.4146341464
434850,0.5212317109107971,,1045960.4390243902
434851,,3.0,1045965.3170731707
434859,0.5212616920471191,,1046004.3414634146
434860,,3.0,1046009.2195121951
434868,0.5212916731834412,,1046048.243902439
434869,,3.0,1046053.1219512195
434880,0.5213216543197632,,1046100.1052631579
434881,,3.0,1046105.3684210526
434890,0.5213516354560852,,1046152.7368421053
434891,,3.0,1046158.0
434901,0.5213816165924072,,1046210.6315789474
434902,,3.0,1046215.8947368421
434908,0.5214115977287292,,1046247.4736842106
434909,,3.0,1046252.7368421053
434920,0.5214415788650513,,1046297.0243902439
434921,,3.0,1046301.9024390244
434929,0.5214715600013733,,1046340.9268292683
434930,,3.0,1046345.8048780488
434940,0.5215015411376953,,1046394.5853658536
434941,,3.0,1046399.4634146341
434951,0.5215315222740173,,1046448.243902439
434952,,3.0,1046453.1219512195
434969,0.5215615034103394,,1046523.1162790698
434970,,3.0,1046527.7674418605
434977,0.5215914845466614,,1046560.3255813953
434978,,3.0,1046564.976744186
434987,0.5216214656829834,,1046606.8372093023
434988,,3.0,1046611.4883720931
434996,0.5216514468193054,,1046648.6976744186
434997,,3.0,1046653.3488372093
435014,0.5216614603996277,,1046711.2608695652
435015,,1.0,1046715.0652173914
435024,0.52167147397995,,1046749.304347826
435025,,1.0,1046753.1086956522
435036,0.5216814875602722,,1046794.9565217391
435037,,1.0,1046798.7608695652
435044,0.5216915011405945,,1046825.3913043478
435045,,1.0,1046829.195652174
435060,0.5217214822769165,,1046888.8139534884
435061,,3.0,1046893.4651162791
435068,0.5217514634132385,,1046926.023255814
435069,,3.0,1046930.6744186047
435076,0.5217814445495605,,1046963.2325581395
435077,,3.0,1046967.8837209302
435089,0.5218114256858826,,1047023.6976744186
435090,,3.0,1047028.3488372093
435106,0.5218414068222046,,1047096.4146341464
435107,,3.0,1047101.2926829269
435113,0.5218713879585266,,1047130.5609756098
435114,,3.0,1047135.4390243902
435121,0.5219013690948486,,1047169.5853658536
435122,,3.0,1047174.4634146341
435132,0.5219313502311707,,1047223.243902439
435133,,3.0,1047228.1219512195
435154,0.5219613313674927,,1047306.4693877551
435155,,3.0,1047310.5510204082
435163,0.5219913125038147,,1047343.2040816327
435164,,3.0,1047347.2857142857
435170,0.5220212936401367,,1047371.775510204
435171,,3.0,1047375.8571428572
435183,0.5220512747764587,,1047424.8367346938
435184,,3.0,1047428.918367347
435194,0.522061288356781,,1047452.7826086957
435195,,1.0,1047455.6086956522
435208,0.5220713019371033,,1047492.3478260869
435209,,1.0,1047495.1739130435
435218,0.5220813155174255,,1047520.6086956522
435219,,1.0,1047523.4347826086
435231,0.5220913290977478,,1047557.3478260869
435232,,1.0,1047560.1739130435
435248,0.5221213102340698,,1047622.0909090909
435249,,3.0,1047626.6363636364
435258,0.5221512913703918,,1047667.5454545454
435259,,3.0,1047672.0909090909
435265,0.5221812725067139,,1047699.3636363636
435266,,3.0,1047703.9090909091
435277,0.5222112536430359,,1047753.9090909091
435278,,3.0,1047758.4545454546
435292,0.5222412347793579,,1047809.8085106383
435293,,3.0,1047814.0638297872
435307,0.5222712159156799,,1047873.6382978724
435308,,3.0,1047877.8936170213
435317,0.522301197052002,,1047916.1914893617
435318,,3.0,1047920.4468085107
435326,0.522331178188324,,1047954.4893617021
435327,,3.0,1047958.7446808511
435345,0.522361159324646,,1048025.5
435346,,3.0,1048029.6666666666
435358,0.522391140460968,,1048079.6666666666
435359,,3.0,1048083.8333333334
435370,0.52242112159729,,1048129.6666666666
435371,,3.0,1048133.8333333334
435376,0.5224511027336121,,1048154.6666666666
435377,,3.0,1048158.8333333334
435390,0.5224810838699341,,1048203.8163265307
435391,,3.0,1048207.8979591837
435402,0.5225110650062561,,1048252.7959183673
435403,,3.0,1048256.8775510204
435413,0.5225410461425781,,1048297.693877551
435414,,3.0,1048301.775510204
435427,0.5225710272789001,,1048354.8367346938
435428,,3.0,1048358.918367347
435441,0.5226010084152222,,1048401.4615384615
435442,,3.0,1048405.3076923077
435452,0.5226309895515442,,1048443.7692307692
435453,,3.0,1048447.6153846154
435463,0.5226609706878662,,1048486.0769230769
435464,,3.0,1048489.9230769231
435481,0.5226909518241882,,1048555.3076923077
435482,,3.0,1048559.1538461539
435495,0.5227209329605103,,1048614.282051282
435496,,3.0,1048619.4102564103
435503,0.5227509140968323,,1048655.3076923077
435504,,3.0,1048660.435897436
435514,0.5227808952331543,,1048711.717948718
435515,,3.0,1048716.8461538462
435522,0.5228108763694763,,1048752.7435897435
435523,,3.0,1048757.8717948718
435537,0.5228408575057983,,1048819.4102564103
435538,,3.0,1048824.5384615385
435544,0.5228708386421204,,1048855.3076923077
435545,,3.0,1048860.435897436
435553,0.5229008197784424,,1048901.4615384615
435554,,3.0,1048906.5897435897
435563,0.5229308009147644,,1048952.7435897435
435564,,3.0,1048957.8717948718
435577,0.5229607820510864,,1049013.0
435578,,3.0,1049018.0
435588,0.5229907631874084,,1049068.0
435589,,3.0,1049073.0
435596,0.5230207443237305,,1049108.0
435597,,3.0,1049113.0
435605,0.5230507254600525,,1049153.0
435606,,3.0,1049158.0
435624,0.5230807065963745,,1049226.829787234
435625,,3.0,1049231.085106383
435632,0.5231106877326965,,1049260.8723404256
435633,,3.0,1049265.1276595744
435639,0.5231406688690186,,1049290.6595744682
435640,,3.0,1049294.914893617
435654,0.5231706500053406,,1049354.4893617022
435655,,3.0,1049358.744680851
435670,0.5231706500053406,,1049409.75
435671,,0.0,1049413.6458333333
435681,0.5231706500053406,,1049452.6041666667
435682,,0.0,1049456.5
435693,0.5231706500053406,,1049499.3541666667
435694,,0.0,1049503.25
435704,0.5231706500053406,,1049542.2083333333
435705,,0.0,1049546.1041666667
435722,0.5232006311416626,,1049616.6666666667
435723,,3.0,1049621.4285714286
435729,0.5232306122779846,,1049650.0
435730,,3.0,1049654.761904762
435738,0.5232605934143066,,1049692.857142857
435739,,3.0,1049697.619047619
435748,0.5232905745506287,,1049740.4761904762
435749,,3.0,1049745.238095238
435761,0.5233205556869507,,1049795.0
435762,,3.0,1049800.0
435770,0.5233505368232727,,1049840.0
435771,,3.0,1049845.0
435780,0.5233805179595947,,1049890.0
435781,,3.0,1049895.0
435790,0.5234104990959167,,1049940.0
435791,,3.0,1049945.0
435800,0.5234404802322388,,1049984.2857142857
435801,,3.0,1049990.0
435810,0.5234704613685608,,1050041.4285714286
435811,,3.0,1050047.142857143
435820,0.5235004425048828,,1050098.5714285714
435821,,3.0,1050104.2857142857
435827,0.5235304236412048,,1050138.5714285714
435828,,3.0,1050144.2857142857
435839,0.5235604047775269,,1050187.2093023255
435840,,3.0,1050191.8604651163
435852,0.5235903859138489,,1050247.6744186047
435853,,3.0,1050252.3255813953
435863,0.5236203670501709,,1050298.8372093022
435864,,3.0,1050303.488372093
435872,0.5236503481864929,,1050340.6976744186
435873,,3.0,1050345.3488372094
435889,0.5236803293228149,,1050410.465116279
435890,,3.0,1050415.1162790698
435899,0.523710310459137,,1050456.9767441861
435900,,3.0,1050461.6279069767
435908,0.523740291595459,,1050498.8372093022
435909,,3.0,1050503.488372093
435917,0.523770272731781,,1050540.6976744186
435918,,3.0,1050545.3488372094
435933,0.523800253868103,,1050598.9795918367
435934,,3.0,1050603.0612244897
435941,0.523830235004425,,1050631.6326530613
435942,,3.0,1050635.7142857143
435955,0.5238602161407471,,1050688.775510204
435956,,3.0,1050692.857142857
435968,0.5238901972770691,,1050741.836734694
435969,,3.0,1050745.918367347
435984,0.5239201784133911,,1050810.0
435985,,3.0,1050815.0
435989,0.5239501595497131,,1050835.0
435990,,3.0,1050840.0
435996,0.5239801406860352,,1050870.0
435997,,3.0,1050875.0
436010,0.5240101218223572,,1050940.0
436011,,3.0,1050945.0
436022,0.5240401029586792,,1050985.5555555555
436023,,3.0,1050990.0
436034,0.5240700840950012,,1051038.888888889
436035,,3.0,1051043.3333333333
436044,0.5241000652313232,,1051083.3333333333
436045,,3.0,1051087.7777777778
436057,0.5241300463676453,,1051141.111111111
436058,,3.0,1051145.5555555555
436077,0.5241600275039673,,1051216.6666666667
436078,,3.0,1051220.8333333333
436087,0.5241900086402893,,1051258.3333333333
436088,,3.0,1051262.5
436096,0.5242199897766113,,1051295.8333333333
436097,,3.0,1051300.0
436107,0.5242499709129333,,1051341.6666666667
436108,,3.0,1051345.8333333333
436117,0.5242799520492554,,1051386.3636363635
436118,,3.0,1051392.4242424243
436123,0.5243099331855774,,1051422.7272727273
436124,,3.0,1051428.7878787878
436132,0.5243399143218994,,1051477.2727272727
436133,,3.0,1051483.3333333333
436142,0.5243698954582214,,1051537.878787879
436143,,3.0,1051543.9393939395
436155,0.5243998765945435,,1051600.0
436156,,3.0,1051605.5555555555
436164,0.5244298577308655,,1051650.0
436165,,3.0,1051655.5555555555
436171,0.5244598388671875,,1051688.888888889
436172,,3.0,1051694.4444444445
436180,0.5244898200035095,,1051738.888888889
436181,,3.0,1051744.4444444445
436196,0.5245198011398315,,1051804.5454545454
436197,,3.0,1051809.0909090908
436208,0.5245497822761536,,1051859.0909090908
436209,,3.0,1051863.6363636365
436216,0.5245797634124756,,1051895.4545454546
436217,,3.0,1051900.0
436226,0.5246097445487976,,1051940.9090909092
436227,,3.0,1051945.4545454546
436242,0.5246397256851196,,1052003.3333333333
436243,,3.0,1052007.7777777778
436252,0.5246697068214417,,1052047.7777777778
436253,,3.0,1052052.2222222222
436262,0.5246996879577637,,1052092.2222222222
436263,,3.0,1052096.6666666667
436273,0.5247296690940857,,1052141.111111111
436274,,3.0,1052145.5555555555
436286,0.5247596502304077,,1052200.0
436287,,3.0,1052205.5555555555
436297,0.5247896313667297,,1052261.111111111
436298,,3.0,1052266.6666666667
436302,0.5248196125030518,,1052288.888888889
436303,,3.0,1052294.4444444445
436311,0.5248495936393738,,1052338.888888889
436312,,3.0,1052344.4444444445
436324,0.5248795747756958,,1052404.5454545454
436325,,3.0,1052410.606060606
436332,0.5249095559120178,,1052453.0303030303
436333,,3.0,1052459.0909090908
436339,0.5249395370483398,,1052495.4545454546
436340,,3.0,1052501.5151515151
436346,0.5249695181846619,,1052537.878787879
436347,,3.0,1052543.9393939395
436360,0.5249994993209839,,1052592.5531914893
436361,,3.0,1052596.8085106383
436368,0.5250294804573059,,1052626.5957446808
436369,,3.0,1052630.8510638298
436382,0.5250594615936279,,1052686.170212766
436383,,3.0,1052690.425531915
436395,0.52508944272995,,1052741.4893617022
436396,,3.0,1052745.744680851
436413,0.525119423866272,,1052808.3333333333
436414,,3.0,1052812.5
436424,0.525149405002594,,1052854.1666666667
436425,,3.0,1052858.3333333333
436436,0.525179386138916,,1052904.1666666667
436437,,3.0,1052908.3333333333
436445,0.525209367275238,,1052941.6666666667
436446,,3.0,1052945.8333333333
436463,0.5252393484115601,,1053009.574468085
436464,,3.0,1053013.829787234
436473,0.5252693295478821,,1053052.1276595744
436474,,3.0,1053056.3829787234
436484,0.5252993106842041,,1053098.9361702127
436485,,3.0,1053103.1914893617
436494,0.5253292918205261,,1053141.4893617022
436495,,3.0,1053145.744680851
436508,0.5253592729568481,,1053200.0
436509,,3.0,1053205.0
436517,0.5253892540931702,,1053245.0
436518,,3.0,1053250.0
436527,0.5254192352294922,,1053295.0
436528,,3.0,1053300.0
436536,0.5254492163658142,,1053340.0
436537,,3.0,1053345.0
436555,0.5254791975021362,,1053413.829787234
436556,,3.0,1053418.085106383
436568,0.5255091786384583,,1053469.1489361702
436569,,3.0,1053473.4042553192
436575,0.5255391597747803,,1053498.9361702127
436576,,3.0,1053503.1914893617
436585,0.5255691409111023,,1053541.4893617022
436586,,3.0,1053545.744680851
436598,0.5255991220474243,,1053592.857142857
436599,,3.0,1053597.619047619
436609,0.5256291031837463,,1053645.238095238
436610,,3.0,1053650.0
436615,0.5256590843200684,,1053673.8095238095
436616,,3.0,1053678.5714285714
436629,0.5256890654563904,,1053740.4761904762
436630,,3.0,1053745.238095238
436644,0.5257190465927124,,1053795.8333333333
436645,,3.0,1053800.0
436656,0.5257490277290344,,1053845.8333333333
436657,,3.0,1053850.0
436667,0.5257790088653564,,1053891.6666666667
436668,,3.0,1053895.8333333333
436679,0.5258089900016785,,1053941.6666666667
436680,,3.0,1053945.8333333333
436696,0.5258389711380005,,1054009.0909090908
436697,,3.0,1054013.6363636365
436705,0.5258689522743225,,1054050.0
436706,,3.0,1054054.5454545454
436717,0.5258989334106445,,1054104.5454545454
436718,,3.0,1054109.0909090908
436725,0.5259289145469666,,1054140.9090909092
436726,,3.0,1054145.4545454546
436741,0.5259588956832886,,1054204.5454545454
436742,,3.0,1054209.0909090908
436750,0.5259888768196106,,1054245.4545454546
436751,,3.0,1054250.0
436759,0.5260188579559326,,1054286.3636363635
436760,,3.0,1054290.9090909092
436771,0.5260488390922546,,1054340.9090909092
436772,,3.0,1054345.4545454546
436784,0.5260788202285767,,1054392.857142857
436785,,3.0,1054397.619047619
436794,0.5261088013648987,,1054440.4761904762
436795,,3.0,1054445.238095238
436804,0.5261387825012207,,1054488.0952380951
436805,,3.0,1054492.857142857
436815,0.5261687636375427,,1054540.4761904762
436816,,3.0,1054545.238095238
436831,0.5261987447738647,,1054616.6666666667
436832,,3.0,1054622.2222222222
436839,0.5262287259101868,,1054661.111111111
436840,,3.0,1054666.6666666667
436848,0.5262587070465088,,1054711.111111111
436849,,3.0,1054716.6666666667
436853,0.5262886881828308,,1054738.888888889
436854,,3.0,1054744.4444444445
436866,0.5263186693191528,,1054792.857142857
436867,,3.0,1054797.619047619
436875,0.5263486504554749,,1054835.7142857143
436876,,3.0,1054840.4761904762
436888,0.5263786315917969,,1054897.619047619
436889,,3.0,1054902.380952381
436897,0.5264086127281189,,1054940.4761904762
436898,,3.0,1054945.238095238
436910,0.5264385938644409,,1054996.1538461538
436911,,3.0,1055001.282051282
436919,0.5264685750007629,,1055042.3076923077
436920,,3.0,1055047.435897436
436930,0.526498556137085,,1055098.717948718
436931,,3.0,1055103.8461538462
436938,0.526528537273407,,1055139.7435897435
436939,,3.0,1055144.8717948718
436954,0.526558518409729,,1055204.5454545454
436955,,3.0,1055209.0909090908
436966,0.526588499546051,,1055259.0909090908
436967,,3.0,1055263.6363636365
436977,0.526618480682373,,1055309.0909090908
436978,,3.0,1055313.6363636365
436984,0.5266484618186951,,1055340.9090909092
436985,,3.0,1055345.4545454546
436998,0.5266784429550171,,1055395.4545454546
436999,,3.0,1055400.0
437014,0.5267084240913391,,1055468.1818181819
437015,,3.0,1055472.7272727273
437023,0.5267384052276611,,1055509.0909090908
437024,,3.0,1055513.6363636365
437030,0.5267683863639832,,1055540.9090909092
437031,,3.0,1055545.4545454546
437046,0.5267983675003052,,1055607.142857143
437047,,3.0,1055611.9047619049
437056,0.5268283486366272,,1055654.761904762
437057,,3.0,1055659.5238095238
437065,0.5268583297729492,,1055697.619047619
437066,,3.0,1055702.380952381
437074,0.5268883109092712,,1055740.4761904762
437075,,3.0,1055745.238095238
437094,0.5269182920455933,,1055822.7272727273
437095,,3.0,1055827.2727272727
437105,0.5269482731819153,,1055872.7272727273
437106,,3.0,1055877.2727272727
437114,0.5269782543182373,,1055913.6363636365
437115,,3.0,1055918.1818181819
437120,0.5270082354545593,,1055940.9090909092
437121,,3.0,1055945.4545454546
437138,0.5270382165908813,,1056004.9019607843
437139,,3.0,1056008.8235294118
437146,0.5270681977272034,,1056036.2745098039
437147,,3.0,1056040.1960784313
437160,0.5270981788635254,,1056091.1764705882
437161,,3.0,1056095.0980392157
437173,0.5271281599998474,,1056142.156862745
437174,,3.0,1056146.0784313725
437187,0.5271581411361694,,1056197.619047619
437188,,3.0,1056202.380952381
437198,0.5271881222724915,,1056250.0
437199,,3.0,1056254.761904762
437208,0.5272181034088135,,1056297.619047619
437209,,3.0,1056302.380952381
437217,0.5272480845451355,,1056340.4761904762
437218,,3.0,1056345.238095238
437232,0.5272780656814575,,1056394.8979591837
437233,,3.0,1056398.9795918367
437243,0.5273080468177795,,1056439.7959183673
437244,,3.0,1056443.8775510204
437253,0.5273380279541016,,1056480.612244898
437254,,3.0,1056484.693877551
437268,0.5273680090904236,,1056541.836734694
437269,,3.0,1056545.918367347
437290,0.5273979902267456,,1056626.5957446808
437291,,3.0,1056630.8510638298
437300,0.5274279713630676,,1056669.1489361702
437301,,3.0,1056673.4042553192
437308,0.5274579524993896,,1056703.1914893617
437309,,3.0,1056707.4468085107
437317,0.5274879336357117,,1056741.4893617022
437318,,3.0,1056745.744680851
437335,0.5275179147720337,,1056813.6363636365
437336,,3.0,1056818.1818181819
437343,0.5275478959083557,,1056850.0
437344,,3.0,1056854.5454545454
437352,0.5275778770446777,,1056890.9090909092
437353,,3.0,1056895.4545454546
437363,0.5276078581809998,,1056940.9090909092
437364,,3.0,1056945.4545454546
437379,0.5276378393173218,,1057007.142857143
437380,,3.0,1057011.9047619049
437386,0.5276678204536438,,1057040.4761904762
437387,,3.0,1057045.238095238
437397,0.5276978015899658,,1057092.857142857
437398,,3.0,1057097.619047619
437407,0.5277277827262878,,1057140.4761904762
437408,,3.0,1057145.238095238
437422,0.5277577638626099,,1057200.0
437423,,3.0,1057204.5454545454
437434,0.5277877449989319,,1057254.5454545454
437435,,3.0,1057259.0909090908
437446,0.5278177261352539,,1057309.0909090908
437447,,3.0,1057313.6363636365
437453,0.5278477072715759,,1057340.9090909092
437454,,3.0,1057345.4545454546
437466,0.527877688407898,,1057400.0
437467,,3.0,1057405.5555555555
437476,0.52790766954422,,1057455.5555555555
437477,,3.0,1057461.111111111
437484,0.527937650680542,,1057500.0
437485,,3.0,1057505.5555555555
437491,0.527967631816864,,1057538.888888889
437492,,3.0,1057544.4444444445
437509,0.527997612953186,,1057607.142857143
437510,,3.0,1057611.224489796
437520,0.5280275940895081,,1057652.0408163266
437521,,3.0,1057656.1224489796
437533,0.5280575752258301,,1057705.1020408163
437534,,3.0,1057709.1836734693
437542,0.5280875563621521,,1057741.836734694
437543,,3.0,1057745.918367347
437558,0.5281175374984741,,1057807.142857143
437559,,3.0,1057811.9047619049
437568,0.5281475186347961,,1057854.761904762
437569,,3.0,1057859.5238095238
437577,0.5281774997711182,,1057897.619047619
437578,,3.0,1057902.380952381
437586,0.5282074809074402,,1057940.4761904762
437587,,3.0,1057945.238095238
437602,0.5282374620437622,,1058007.142857143
437603,,3.0,1058011.9047619049
437609,0.5282674431800842,,1058040.4761904762
437610,,3.0,1058045.238095238
437618,0.5282974243164062,,1058083.3333333333
437619,,3.0,1058088.0952380951
437630,0.5283274054527283,,1058140.4761904762
437631,,3.0,1058145.238095238
437641,0.5283573865890503,,1058185.0
437642,,3.0,1058190.0
437656,0.5283873677253723,,1058260.0
437657,,3.0,1058265.0
437663,0.5284173488616943,,1058295.0
437664,,3.0,1058300.0
437671,0.5284473299980164,,1058335.0
437672,,3.0,1058340.0
437692,0.5284773111343384,,1058418.9130434783
437693,,3.0,1058423.2608695652
437703,0.5285072922706604,,1058466.7391304348
437704,,3.0,1058471.0869565217
437711,0.5285372734069824,,1058501.5217391304
437712,,3.0,1058505.8695652173
437719,0.5285672545433044,,1058536.3043478262
437720,,3.0,1058540.652173913
437740,0.5285972356796265,,1058624.0697674418
437741,,3.0,1058628.7209302327
437747,0.5286272168159485,,1058656.6279069767
437748,,3.0,1058661.2790697673
437755,0.5286571979522705,,1058693.8372093022
437756,,3.0,1058698.488372093
437764,0.5286871790885925,,1058735.6976744186
437765,,3.0,1058740.3488372094
437784,0.5287171602249146,,1058809.0
437785,,3.0,1058813.0
437791,0.5287471413612366,,1058837.0
437792,,3.0,1058841.0
437805,0.5287771224975586,,1058893.0
437806,,3.0,1058897.0
437816,0.5288071036338806,,1058937.0
437817,,3.0,1058941.0
437833,0.5288370847702026,,1058999.1666666667
437834,,3.0,1059003.3333333333
437841,0.5288670659065247,,1059032.5
437842,,3.0,1059036.6666666667
437855,0.5288970470428467,,1059090.8333333333
437856,,3.0,1059095.0
437866,0.5289270281791687,,1059136.6666666667
437867,,3.0,1059140.8333333333
437879,0.5289570093154907,,1059183.2978723405
437880,,3.0,1059187.5531914893
437891,0.5289869904518127,,1059234.3617021276
437892,,3.0,1059238.6170212766
437905,0.5290169715881348,,1059293.9361702127
437906,,3.0,1059298.1914893617
437915,0.5290469527244568,,1059336.4893617022
437916,,3.0,1059340.744680851
437929,0.5290769338607788,,1059391.511627907
437930,,3.0,1059396.1627906978
437941,0.5291069149971008,,1059447.3255813953
437942,,3.0,1059451.9767441861
437951,0.5291368961334229,,1059493.8372093022
437952,,3.0,1059498.488372093
437960,0.5291668772697449,,1059535.6976744186
437961,,3.0,1059540.3488372094
437975,0.5291968584060669,,1059604.4594594594
437976,,3.0,1059609.8648648649
437981,0.5292268395423889,,1059636.8918918918
437982,,3.0,1059642.2972972973
437990,0.5292568206787109,,1059685.5405405406
437991,,3.0,1059690.945945946
437999,0.529286801815033,,1059734.189189189
438000,,3.0,1059739.5945945946
438014,0.529316782951355,,1059792.8260869565
438015,,3.0,1059797.1739130435
438022,0.529346764087677,,1059827.608695652
438023,,3.0,1059831.956521739
438034,0.529376745223999,,1059879.7826086956
438035,,3.0,1059884.1304347827
438047,0.529406726360321,,1059936.3043478262
438048,,3.0,1059940.652173913
438064,0.5294367074966431,,1060000.319148936
438065,,3.0,1060004.574468085
438077,0.5294666886329651,,1060055.6382978724
438078,,3.0,1060059.8936170214
438085,0.5294966697692871,,1060089.680851064
438086,,3.0,1060093.9361702127
438096,0.5295266509056091,,1060136.4893617022
438097,,3.0,1060140.744680851
438112,0.5295566320419312,,1060200.8139534884
438113,,3.0,1060205.465116279
438120,0.5295866131782532,,1060238.0232558139
438121,,3.0,1060242.6744186047
438128,0.5296165943145752,,1060275.2325581396
438129,,3.0,1060279.8837209302
438141,0.5296465754508972,,1060335.6976744186
438142,,3.0,1060340.3488372094
438157,0.5296765565872192,,1060411.6666666667
438158,,3.0,1060417.2222222222
438163,0.5297065377235413,,1060445.0
438164,,3.0,1060450.5555555555
438171,0.5297365188598633,,1060489.4444444445
438172,,3.0,1060495.0
438179,0.5297664999961853,,1060533.888888889
438180,,3.0,1060539.4444444445
438190,0.5297664999961853,,1060584.8
438191,,0.0,1060590.4857142856
438200,0.5297664999961853,,1060641.657142857
438201,,0.0,1060647.342857143
438207,0.5297664999961853,,1060681.4571428571
438208,,0.0,1060687.142857143
438216,0.5297664999961853,,1060732.6285714286
438217,,0.0,1060738.3142857142
438228,0.5297964811325073,,1060787.2432432433
438229,,3.0,1060792.6486486488
438237,0.5298264622688293,,1060835.8918918918
438238,,3.0,1060841.2972972973
438247,0.5298564434051514,,1060889.945945946
438248,,3.0,1060895.3513513512
438255,0.5298864245414734,,1060933.189189189
438256,,3.0,1060938.5945945946
438270,0.5298864245414734,,1060973.822222222
438271,,0.0,1060976.5333333334
438284,0.5298864245414734,,1061011.7777777778
438285,,0.0,1061014.4888888889
438293,0.5298864245414734,,1061036.177777778
438294,,0.0,1061038.888888889
438302,0.5298864245414734,,1061060.5777777778
438303,,0.0,1061063.288888889
438315,0.5299164056777954,,1061116.0
438316,,3.0,1061121.5555555555
438325,0.5299463868141174,,1061171.5555555555
438326,,3.0,1061177.111111111
438331,0.5299763679504395,,1061204.888888889
438332,,3.0,1061210.4444444445
438340,0.5300063490867615,,1061254.888888889
438341,,3.0,1061260.4444444445
438355,0.5300363302230835,,1061314.888888889
438356,,3.0,1061319.3333333333
438368,0.5300663113594055,,1061372.6666666667
438369,,3.0,1061377.111111111
438378,0.5300962924957275,,1061417.111111111
438379,,3.0,1061421.5555555555
438387,0.5301262736320496,,1061457.111111111
438388,,3.0,1061461.5555555555
438398,0.5301562547683716,,1061499.3333333333
438399,,3.0,1061504.0952380951
438413,0.5301862359046936,,1061570.761904762
438414,,3.0,1061575.5238095238
438423,0.5302162170410156,,1061618.380952381
438424,,3.0,1061623.142857143
438431,0.5302461981773376,,1061656.4761904762
438432,,3.0,1061661.238095238
438448,0.5302761793136597,,1061720.1666666667
438449,,3.0,1061724.3333333333
438462,0.5303061604499817,,1061778.5
438463,,3.0,1061782.6666666667
438474,0.5303361415863037,,1061828.5
438475,,3.0,1061832.6666666667
438481,0.5303661227226257,,1061857.6666666667
438482,,3.0,1061861.8333333333
438498,0.5303961038589478,,1061925.0909090908
438499,,3.0,1061929.6363636365
438511,0.5304260849952698,,1061984.1818181819
438512,,3.0,1061988.7272727273
438521,0.5304560661315918,,1062029.6363636365
438522,,3.0,1062034.1818181819
438527,0.5304860472679138,,1062056.9090909092
438528,,3.0,1062061.4545454546
438541,0.5305160284042358,,1062121.5555555555
438542,,3.0,1062127.111111111
438548,0.5305460095405579,,1062160.4444444445
438549,,3.0,1062166.0
438557,0.5305759906768799,,1062210.4444444445
438558,,3.0,1062216.0
438565,0.5306059718132019,,1062254.888888889
438566,,3.0,1062260.4444444445
438580,0.5306359529495239,,1062321.0
438581,,3.0,1062326.0
438590,0.530665934085846,,1062371.0
438591,,3.0,1062376.0
438600,0.530695915222168,,1062421.0
438601,,3.0,1062426.0
438607,0.53072589635849,,1062456.0
438608,,3.0,1062461.0
438626,0.5307359099388123,,1062534.1818181819
438627,,1.0,1062538.7272727273
438634,0.5307459235191345,,1062570.5454545454
438635,,1.0,1062575.0909090908
438645,0.5307559370994568,,1062620.5454545454
438646,,1.0,1062625.0909090908
438653,0.530765950679779,,1062656.9090909092
438654,,1.0,1062661.4545454546
438667,0.5307959318161011,,1062717.282051282
438668,,3.0,1062722.4102564103
438673,0.5308259129524231,,1062748.0512820513
438674,,3.0,1062753.1794871795
438683,0.5308558940887451,,1062799.3333333333
438684,,3.0,1062804.4615384615
438694,0.5308858752250671,,1062855.7435897435
438695,,3.0,1062860.8717948718
438709,0.5309158563613892,,1062904.5
438710,,3.0,1062908.0
438722,0.5309458374977112,,1062950.0
438723,,3.0,1062953.5
438727,0.5309758186340332,,1062967.5
438728,,3.0,1062971.0
438736,0.5310057997703552,,1062999.0
438737,,3.0,1063002.5
438755,0.5310357809066772,,1063066.0
438756,,3.0,1063070.0
438766,0.5310657620429993,,1063110.0
438767,,3.0,1063114.0
438779,0.5310957431793213,,1063162.0
438780,,3.0,1063166.0
438788,0.5311257243156433,,1063198.0
438789,,3.0,1063202.0
438806,0.5311557054519653,,1063269.6363636365
438807,,3.0,1063274.1818181819
438818,0.5311856865882874,,1063324.1818181819
438819,,3.0,1063328.7272727273
438828,0.5312156677246094,,1063369.6363636365
438829,,3.0,1063374.1818181819
438834,0.5312456488609314,,1063396.9090909092
438835,,3.0,1063401.4545454546
438848,0.5312756299972534,,1063451.3846153845
438849,,3.0,1063455.923076923
438859,0.5313056111335754,,1063501.3076923077
438860,,3.0,1063505.8461538462
438866,0.5313355922698975,,1063533.076923077
438867,,3.0,1063537.6153846155
438875,0.5313655734062195,,1063573.923076923
438876,,3.0,1063578.4615384615
438887,0.5313955545425415,,1063625.105263158
438888,,3.0,1063630.3684210526
438897,0.5314255356788635,,1063677.7368421052
438898,,3.0,1063683.0
438906,0.5314555168151855,,1063725.105263158
438907,,3.0,1063730.3684210526
438915,0.5314854979515076,,1063772.4736842106
438916,,3.0,1063777.7368421052
438933,0.5315154790878296,,1063845.2222222222
438934,,3.0,1063849.6666666667
438944,0.5315454602241516,,1063894.111111111
438945,,3.0,1063898.5555555555
438952,0.5315754413604736,,1063929.6666666667
438953,,3.0,1063934.111111111
438962,0.5316054224967957,,1063974.111111111
438963,,3.0,1063978.5555555555
438976,0.5316354036331177,,1064035.7027027027
438977,,3.0,1064040.972972973
438985,0.5316653847694397,,1064083.1351351351
438986,,3.0,1064088.4054054054
438993,0.5316953659057617,,1064125.2972972973
438994,,3.0,1064130.5675675676
439001,0.5317253470420837,,1064167.4594594594
439002,,3.0,1064172.7297297297
439011,0.5317553281784058,,1064214.3636363635
439012,,3.0,1064220.4242424243
439018,0.5317853093147278,,1064256.7878787878
439019,,3.0,1064262.8484848484
439024,0.5318152904510498,,1064293.1515151516
439025,,3.0,1064299.2121212122
439036,0.5318452715873718,,1064365.878787879
439037,,3.0,1064371.9393939395
439054,0.5318452715873718,,1064424.375
439055,,0.0,1064427.6875
439065,0.5318452715873718,,1064460.8125
439066,,0.0,1064464.125
439077,0.5318452715873718,,1064500.5625
439078,,0.0,1064503.875
439086,0.5318452715873718,,1064530.375
439087,,0.0,1064533.6875
439103,0.5318752527236938,,1064597.465116279
439104,,3.0,1064602.1162790698
439110,0.5319052338600159,,1064630.0232558139
439111,,3.0,1064634.6744186047
439122,0.5319352149963379,,1064685.8372093022
439123,,3.0,1064690.488372093
439131,0.5319651961326599,,1064727.6976744186
439132,,3.0,1064732.3488372094
439148,0.5319951772689819,,1064790.0612244897
439149,,3.0,1064794.142857143
439163,0.532025158405304,,1064851.2857142857
439164,,3.0,1064855.3673469387
439170,0.532055139541626,,1064879.857142857
439171,,3.0,1064883.9387755103
439182,0.532085120677948,,1064928.836734694
439183,,3.0,1064932.918367347
439202,0.53211510181427,,1065005.085106383
439203,,3.0,1065009.3404255318
439213,0.532145082950592,,1065051.8936170214
439214,,3.0,1065056.1489361702
439225,0.5321750640869141,,1065102.9574468085
439226,,3.0,1065107.2127659575
439231,0.5322050452232361,,1065128.4893617022
439232,,3.0,1065132.744680851
439247,0.5322350263595581,,1065188.0638297873
439248,,3.0,1065192.319148936
439257,0.5322650074958801,,1065230.6170212766
439258,,3.0,1065234.8723404256
439269,0.5322949886322021,,1065281.680851064
439270,,3.0,1065285.9361702127
439280,0.5323249697685242,,1065328.4893617022
439281,,3.0,1065332.744680851
439296,0.5323549509048462,,1065394.142857143
439297,,3.0,1065398.9047619049
439304,0.5323849320411682,,1065432.238095238
439305,,3.0,1065437.0
439314,0.5324149131774902,,1065479.857142857
439315,,3.0,1065484.619047619
439324,0.5324448943138123,,1065527.4761904762
439325,,3.0,1065532.238095238
439337,0.5324748754501343,,1065577.9090909092
439338,,3.0,1065582.4545454546
439348,0.5325048565864563,,1065627.9090909092
439349,,3.0,1065632.4545454546
439358,0.5325348377227783,,1065673.3636363635
439359,,3.0,1065677.9090909092
439370,0.5325648188591003,,1065727.9090909092
439371,,3.0,1065732.4545454546
439383,0.5325947999954224,,1065791.5454545454
439384,,3.0,1065797.606060606
439391,0.5326247811317444,,1065840.0303030303
439392,,3.0,1065846.0909090908
439397,0.5326547622680664,,1065876.393939394
439398,,3.0,1065882.4545454546
439405,0.5326847434043884,,1065924.878787879
439406,,3.0,1065930.9393939395
439422,0.5327147245407104,,1065990.0612244897
439423,,3.0,1065994.142857143
439431,0.5327447056770325,,1066026.7959183673
439432,,3.0,1066030.8775510204
439443,0.5327746868133545,,1066075.775510204
439444,,3.0,1066079.857142857
439456,0.5328046679496765,,1066128.836734694
439457,,3.0,1066132.918367347
439474,0.5328346490859985,,1066196.574468085
439475,,3.0,1066200.829787234
439482,0.5328646302223206,,1066230.6170212766
439483,,3.0,1066234.8723404256
439494,0.5328946113586426,,1066281.680851064
439495,,3.0,1066285.9361702127
439505,0.5329245924949646,,1066328.4893617022
439506,,3.0,1066332.744680851
439521,0.5329245924949646,,1066377.975609756
439522,,0.0,1066381.3902439023
439532,0.5329245924949646,,1066415.536585366
439533,,0.0,1066418.9512195121
439542,0.5329245924949646,,1066449.6829268292
439543,,0.0,1066453.0975609757
439548,0.5329245924949646,,1066470.1707317072
439549,,0.0,1066473.5853658537
439562,0.5329545736312866,,1066525.780487805
439563,,3.0,1066530.6585365853
439576,0.5329845547676086,,1066594.0731707318
439577,,3.0,1066598.9512195121
439584,0.5330145359039307,,1066633.0975609757
439585,,3.0,1066637.975609756
439591,0.5330445170402527,,1066667.243902439
439592,,3.0,1066672.1219512196
439605,0.5330744981765747,,1066727.0
439606,,3.0,1066732.0
439611,0.5331044793128967,,1066757.0
439612,,3.0,1066762.0
439620,0.5331344604492188,,1066802.0
439621,,3.0,1066807.0
439633,0.5331644415855408,,1066867.0
439634,,3.0,1066872.0
439649,0.5331944227218628,,1066935.536585366
439650,,3.0,1066940.4146341463
439657,0.5332244038581848,,1066974.5609756098
439658,,3.0,1066979.4390243902
439668,0.5332543849945068,,1067028.219512195
439669,,3.0,1067033.0975609757
439676,0.5332843661308289,,1067067.243902439
439677,,3.0,1067072.1219512196
439686,0.5333143472671509,,1067107.0
439687,,3.0,1067112.0
439696,0.5333443284034729,,1067157.0
439697,,3.0,1067162.0
439707,0.5333743095397949,,1067212.0
439708,,3.0,1067217.0
439718,0.5334042906761169,,1067267.0
439719,,3.0,1067272.0
439734,0.5334042906761169,,1067305.7142857143
439735,,0.0,1067308.107142857
439749,0.5334042906761169,,1067341.607142857
439750,,0.0,1067344.0
439759,0.5334042906761169,,1067365.5357142857
439760,,0.0,1067367.9285714286
439776,0.5334042906761169,,1067406.2142857143
439777,,0.0,1067408.607142857
439791,0.5334042906761169,,1067455.956521739
439792,,0.0,1067460.043478261
439801,0.5334042906761169,,1067496.8260869565
439802,,0.0,1067500.9130434783
439811,0.5334042906761169,,1067537.6956521738
439812,,0.0,1067541.7826086956
439824,0.5334042906761169,,1067590.8260869565
439825,,0.0,1067594.9130434783
439838,0.533434271812439,,1067626.843137255
439839,,3.0,1067629.6274509805
439848,0.533464252948761,,1067654.6862745099
439849,,3.0,1067657.4705882352
439862,0.533494234085083,,1067693.6666666667
439863,,3.0,1067696.450980392
439877,0.533524215221405,,1067735.431372549
439878,,3.0,1067738.2156862745
439885,0.533554196357727,,1067763.2222222222
439886,,3.0,1067768.7777777778
439896,0.5335841774940491,,1067824.3333333333
439897,,3.0,1067829.888888889
439906,0.5336141586303711,,1067879.888888889
439907,,3.0,1067885.4444444445
439915,0.5336441397666931,,1067929.888888889
439916,,3.0,1067935.4444444445
439932,0.5336741209030151,,1067979.4222222222
439933,,3.0,1067982.3777777778
439941,0.5337041020393372,,1068006.0222222223
439942,,3.0,1068008.9777777777
439951,0.5337340831756592,,1068035.5777777778
439952,,3.0,1068038.5333333334
439962,0.5337640643119812,,1068068.088888889
439963,,3.0,1068071.0444444444
439979,0.5337940454483032,,1068122.148148148
439980,,3.0,1068125.851851852
439990,0.5338240265846252,,1068162.888888889
439991,,3.0,1068166.5925925926
440006,0.5338540077209473,,1068222.148148148
440007,,3.0,1068225.851851852
440018,0.5338839888572693,,1068266.5925925926
440019,,3.0,1068270.2962962964
440032,0.5339139699935913,,1068317.4782608696
440033,,3.0,1068321.8260869565
440042,0.5339439511299133,,1068360.956521739
440043,,3.0,1068365.3043478262
440055,0.5339739322662354,,1068417.4782608696
440056,,3.0,1068421.8260869565
440066,0.5340039134025574,,1068465.3043478262
440067,,3.0,1068469.652173913
440078,0.5340338945388794,,1068510.3636363635
440079,,3.0,1068514.9090909092
440088,0.5340638756752014,,1068555.8181818181
440089,,3.0,1068560.3636363635
440100,0.5340938568115234,,1068610.3636363635
440101,,3.0,1068614.9090909092
440112,0.5341238379478455,,1068664.9090909092
440113,,3.0,1068669.4545454546
440128,0.5341538190841675,,1068727.3333333333
440129,,3.0,1068731.7777777778
440137,0.5341838002204895,,1068767.3333333333
440138,,3.0,1068771.7777777778
440148,0.5342137813568115,,1068816.2222222222
440149,,3.0,1068820.6666666667
440159,0.5342437624931335,,1068865.111111111
440160,,3.0,1068869.5555555555
440174,0.5342737436294556,,1068920.8085106383
440175,,3.0,1068925.0638297873
440187,0.5343037247657776,,1068976.1276595744
440188,,3.0,1068980.3829787234
440197,0.5343337059020996,,1069018.680851064
440198,,3.0,1069022.9361702127
440208,0.5343636870384216,,1069065.4893617022
440209,,3.0,1069069.744680851
440219,0.5343936681747437,,1069105.8181818181
440220,,3.0,1069110.3636363635
440233,0.5344236493110657,,1069169.4545454546
440234,,3.0,1069174.0
440242,0.5344536304473877,,1069210.3636363635
440243,,3.0,1069214.9090909092
440254,0.5344836115837097,,1069264.9090909092
440255,,3.0,1069269.4545454546
440268,0.5345135927200317,,1069319.75
440269,,3.0,1069324.325
440279,0.5345435738563538,,1069370.075
440280,,3.0,1069374.65
440288,0.5345735549926758,,1069411.25
440289,,3.0,1069415.825
440296,0.5346035361289978,,1069447.85
440297,,3.0,1069452.425
440311,0.5346335172653198,,1069507.0
440312,,3.0,1069511.5454545454
440325,0.5346634984016418,,1069570.6363636365
440326,,3.0,1069575.1818181819
440333,0.5346934795379639,,1069607.0
440334,,3.0,1069611.5454545454
440342,0.5347234606742859,,1069647.9090909092
440343,,3.0,1069652.4545454546
440360,0.5347534418106079,,1069714.142857143
440361,,3.0,1069718.224489796
440375,0.5347834229469299,,1069775.3673469387
440376,,3.0,1069779.448979592
440383,0.534813404083252,,1069808.0204081633
440384,,3.0,1069812.1020408163
440393,0.534843385219574,,1069848.836734694
440394,,3.0,1069852.918367347
440411,0.534873366355896,,1069922.1162790698
440412,,3.0,1069926.7674418604
440422,0.534903347492218,,1069973.2790697673
440423,,3.0,1069977.9302325582
440434,0.53493332862854,,1070029.0930232557
440435,,3.0,1070033.7441860465
440438,0.5349633097648621,,1070047.6976744186
440439,,3.0,1070052.3488372094
440454,0.5349633097648621,,1070078.3658536586
440455,,0.0,1070080.1463414633
440462,0.5349633097648621,,1070092.6097560977
440463,,0.0,1070094.3902439023
440475,0.5349633097648621,,1070115.756097561
440476,,0.0,1070117.536585366
440481,0.5349633097648621,,1070126.4390243902
440482,,0.0,1070128.219512195
440491,0.5349932909011841,,1070156.6666666667
440492,,3.0,1070161.111111111
440503,0.5350232720375061,,1070210.0
440504,,3.0,1070214.4444444445
440515,0.5350532531738281,,1070263.3333333333
440516,,3.0,1070267.7777777778
440528,0.5350832343101501,,1070321.111111111
440529,,3.0,1070325.5555555555
440541,0.5351132154464722,,1070377.3684210526
440542,,3.0,1070382.6315789474
440548,0.5351431965827942,,1070414.2105263157
440549,,3.0,1070419.4736842106
440560,0.5351731777191162,,1070477.3684210526
440561,,3.0,1070482.6315789474
440568,0.5352031588554382,,1070519.4736842106
440569,,3.0,1070524.7368421052
440584,0.5352331399917603,,1070585.8139534884
440585,,3.0,1070590.465116279
440592,0.5352631211280823,,1070623.0232558139
440593,,3.0,1070627.6744186047
440604,0.5352931022644043,,1070678.8372093022
440605,,3.0,1070683.488372093
440613,0.5353230834007263,,1070720.6976744186
440614,,3.0,1070725.3488372094
440630,0.5353530645370483,,1070789.0909090908
440631,,3.0,1070793.6363636365
440642,0.5353830456733704,,1070843.6363636365
440643,,3.0,1070848.1818181819
440651,0.5354130268096924,,1070884.5454545454
440652,,3.0,1070889.0909090908
440659,0.5354430079460144,,1070920.9090909092
440660,,3.0,1070925.4545454546
440678,0.5354729890823364,,1070995.25
440679,,3.0,1070999.6
440686,0.5355029702186584,,1071030.05
440687,,3.0,1071034.4
440692,0.5355329513549805,,1071056.15
440693,,3.0,1071060.5
440701,0.5355629324913025,,1071095.3
440702,,3.0,1071099.65
440712,0.5355929136276245,,1071136.558139535
440713,,3.0,1071141.2093023255
440727,0.5356228947639465,,1071206.3255813953
440728,,3.0,1071210.9767441861
440736,0.5356528759002686,,1071248.1860465116
440737,,3.0,1071252.8372093022
440746,0.5356828570365906,,1071294.6976744186
440747,,3.0,1071299.3488372094
440762,0.5357128381729126,,1071354.0
440763,,3.0,1071358.1666666667
440775,0.5357428193092346,,1071408.1666666667
440776,,3.0,1071412.3333333333
440786,0.5357728004455566,,1071454.0
440787,,3.0,1071458.1666666667
440796,0.5358027815818787,,1071495.6666666667
440797,,3.0,1071499.8333333333
440808,0.5358327627182007,,1071543.024390244
440809,,3.0,1071547.9024390243
440820,0.5358627438545227,,1071601.5609756098
440821,,3.0,1071606.4390243902
440829,0.5358927249908447,,1071645.463414634
440830,,3.0,1071650.3414634147
440839,0.5359227061271667,,1071694.243902439
440840,,3.0,1071699.1219512196
440857,0.5359526872634888,,1071758.9019607843
440858,,3.0,1071762.8235294118
440869,0.5359826683998108,,1071805.9607843137
440870,,3.0,1071809.8823529412
440882,0.5360126495361328,,1071856.9411764706
440883,,3.0,1071860.862745098
440892,0.5360426306724548,,1071896.156862745
440893,,3.0,1071900.0784313725
440910,0.5360726118087769,,1071964.8695652173
440911,,3.0,1071969.2173913044
440919,0.5361025929450989,,1072004.0
440920,,3.0,1072008.347826087
440930,0.5361325740814209,,1072051.8260869565
440931,,3.0,1072056.1739130435
440940,0.5361625552177429,,1072095.3043478262
440941,,3.0,1072099.652173913
440954,0.5361925363540649,,1072121.8260869565
440955,,3.0,1072123.608695652
440965,0.536222517490387,,1072141.4347826086
440966,,3.0,1072143.2173913044
440977,0.536252498626709,,1072162.8260869565
440978,,3.0,1072164.608695652
440988,0.536282479763031,,1072182.4347826086
440989,,3.0,1072184.2173913044
441004,0.536312460899353,,1072238.1739130435
441005,,3.0,1072242.5217391304
441013,0.536342442035675,,1072277.3043478262
441014,,3.0,1072281.652173913
441024,0.5363724231719971,,1072325.1304347827
441025,,3.0,1072329.4782608696
441036,0.5364024043083191,,1072377.3043478262
441037,,3.0,1072381.652173913
441055,0.5364323854446411,,1072451.2173913044
441056,,3.0,1072455.5652173914
441066,0.5364623665809631,,1072499.043478261
441067,,3.0,1072503.391304348
441076,0.5364923477172852,,1072542.5217391304
441077,,3.0,1072546.8695652173
441084,0.5365223288536072,,1072577.3043478262
441085,,3.0,1072581.652173913
441096,0.5365523099899292,,1072624.0952380951
441097,,3.0,1072628.857142857
441106,0.5365822911262512,,1072671.7142857143
441107,,3.0,1072676.4761904762
441118,0.5366122722625732,,1072728.857142857
441119,,3.0,1072733.619047619
441128,0.5366422533988953,,1072776.4761904762
441129,,3.0,1072781.238095238
441143,0.5366722345352173,,1072836.0
441144,,3.0,1072840.5454545454
441155,0.5367022156715393,,1072890.5454545454
441156,,3.0,1072895.0909090908
441162,0.5367321968078613,,1072922.3636363635
441163,,3.0,1072926.9090909092
441174,0.5367621779441833,,1072976.9090909092
441175,,3.0,1072981.4545454546
441189,0.5367921590805054,,1073039.6585365853
441190,,3.0,1073044.536585366
441198,0.5368221402168274,,1073083.5609756098
441199,,3.0,1073088.4390243902
441207,0.5368521213531494,,1073127.463414634
441208,,3.0,1073132.3414634147
441217,0.5368821024894714,,1073176.243902439
441218,,3.0,1073181.1219512196
441227,0.5369120836257935,,1073216.7692307692
441228,,3.0,1073221.8974358975
441240,0.5369420647621155,,1073283.435897436
441241,,3.0,1073288.564102564
441248,0.5369720458984375,,1073324.4615384615
441249,,3.0,1073329.5897435897
441258,0.5370020270347595,,1073375.7435897435
441259,,3.0,1073380.8717948718
441273,0.5370320081710815,,1073438.380952381
441274,,3.0,1073443.142857143
441284,0.5370619893074036,,1073490.761904762
441285,,3.0,1073495.5238095238
441294,0.5370919704437256,,1073538.380952381
441295,,3.0,1073543.142857143
441302,0.5371219515800476,,1073576.4761904762
441303,,3.0,1073581.238095238
441317,0.5371519327163696,,1073641.0
441318,,3.0,1073646.0
441327,0.5371819138526917,,1073691.0
441328,,3.0,1073696.0
441337,0.5372118949890137,,1073741.0
441338,,3.0,1073746.0
441344,0.5372418761253357,,1073776.0
441345,,3.0,1073781.0
441355,0.5372718572616577,,1073821.0
441356,,3.0,1073826.0
441366,0.5373018383979797,,1073876.0
441367,,3.0,1073881.0
441375,0.5373318195343018,,1073921.0
441376,,3.0,1073926.0
441386,0.5373618006706238,,1073976.0
441387,,3.0,1073981.0
441404,0.5373917818069458,,1074059.6842105263
441405,,3.0,1074064.9473684211
441411,0.5374217629432678,,1074096.5263157894
441412,,3.0,1074101.7894736843
441420,0.5374517440795898,,1074143.894736842
441421,,3.0,1074149.1578947369
441426,0.5374817252159119,,1074175.4736842106
441427,,3.0,1074180.7368421052
441436,0.5374817252159119,,1074198.0
441437,,0.0,1074200.0
441446,0.5374817252159119,,1074218.0
441447,,0.0,1074220.0
441454,0.5374817252159119,,1074234.0
441455,,0.0,1074236.0
441466,0.5374817252159119,,1074258.0
441467,,0.0,1074260.0
441487,0.5375117063522339,,1074344.9268292682
441488,,3.0,1074349.8048780488
441493,0.5375416874885559,,1074374.1951219512
441494,,3.0,1074379.0731707318
441502,0.5375716686248779,,1074418.0975609757
441503,,3.0,1074422.975609756
441509,0.5376016497612,,1074452.243902439
441510,,3.0,1074457.1219512196
441521,0.537631630897522,,1074504.105263158
441522,,3.0,1074509.3684210526
441530,0.537661612033844,,1074551.4736842106
441531,,3.0,1074556.7368421052
441539,0.537691593170166,,1074598.8421052631
441540,,3.0,1074604.105263158
441549,0.537721574306488,,1074651.4736842106
441550,,3.0,1074656.7368421052
441568,0.5377515554428101,,1074703.7647058824
441569,,3.0,1074706.549019608
441578,0.5377815365791321,,1074731.6078431373
441579,,3.0,1074734.3921568627
441591,0.5378115177154541,,1074767.8039215687
441592,,3.0,1074770.5882352942
441602,0.5378414988517761,,1074798.431372549
441603,,3.0,1074801.2156862745
441618,0.5378414988517761,,1074826.3636363635
441619,,0.0,1074828.2272727273
441631,0.5378414988517761,,1074850.5909090908
441632,,0.0,1074852.4545454546
441641,0.5378414988517761,,1074869.2272727273
441642,,0.0,1074871.0909090908
441648,0.5378414988517761,,1074882.2727272727
441649,,0.0,1074884.1363636365
441665,0.5378714799880981,,1074938.0
441666,,3.0,1074942.0
441676,0.5379014611244202,,1074982.0
441677,,3.0,1074986.0
441690,0.5379314422607422,,1075038.0
441691,,3.0,1075042.0
441700,0.5379614233970642,,1075078.0
441701,,3.0,1075082.0
441714,0.5379914045333862,,1075132.511627907
441715,,3.0,1075137.1627906978
441723,0.5380213856697083,,1075174.3720930233
441724,,3.0,1075179.0232558139
441732,0.5380513668060303,,1075216.2325581396
441733,,3.0,1075220.8837209302
441745,0.5380813479423523,,1075276.6976744186
441746,,3.0,1075281.3488372094
441763,0.5380813479423523,,1075331.956521739
441764,,0.0,1075335.2391304348
441773,0.5380813479423523,,1075364.7826086956
441774,,0.0,1075368.0652173914
441782,0.5380813479423523,,1075394.3260869565
441783,,0.0,1075397.608695652
441793,0.5380813479423523,,1075430.4347826086
441794,,0.0,1075433.7173913044
441811,0.5380913615226746,,1075477.25
441812,,1.0,1075480.125
441819,0.5381013751029968,,1075500.25
441820,,1.0,1075503.125
441829,0.5381113886833191,,1075529.0
441830,,1.0,1075531.875
441843,0.5381214022636414,,1075569.25
441844,,1.0,1075572.125
441860,0.5381513833999634,,1075636.9047619049
441861,,3.0,1075641.6666666667
441870,0.5381813645362854,,1075684.5238095238
441871,,3.0,1075689.2857142857
441876,0.5382113456726074,,1075713.0952380951
441877,,3.0,1075717.857142857
441887,0.5382413268089294,,1075765.4761904762
441888,,3.0,1075770.238095238
441900,0.5382713079452515,,1075826.4285714286
441901,,3.0,1075832.142857143
441908,0.5383012890815735,,1075872.142857143
441909,,3.0,1075877.857142857
441915,0.5383312702178955,,1075912.142857143
441916,,3.0,1075917.857142857
441924,0.5383612513542175,,1075963.5714285714
441925,,3.0,1075969.2857142857
441939,0.5383912324905396,,1076019.8979591837
441940,,3.0,1076023.9795918367
441951,0.5384212136268616,,1076068.8775510204
441952,,3.0,1076072.9591836734
441963,0.5384511947631836,,1076117.857142857
441964,,3.0,1076121.9387755103
441975,0.5384811758995056,,1076166.836734694
441976,,3.0,1076170.918367347
441986,0.5385111570358276,,1076204.1666666667
441987,,3.0,1076208.3333333333
442004,0.5385411381721497,,1076279.1666666667
442005,,3.0,1076283.3333333333
442017,0.5385711193084717,,1076333.3333333333
442018,,3.0,1076337.5
442025,0.5386011004447937,,1076366.6666666667
442026,,3.0,1076370.8333333333
442043,0.5386310815811157,,1076434.574468085
442044,,3.0,1076438.829787234
442052,0.5386610627174377,,1076472.8723404256
442053,,3.0,1076477.1276595744
442066,0.5386910438537598,,1076532.4468085107
442067,,3.0,1076536.7021276595
442074,0.5387210249900818,,1076566.4893617022
442075,,3.0,1076570.744680851
442087,0.5387510061264038,,1076623.6486486488
442088,,3.0,1076629.054054054
442095,0.5387809872627258,,1076666.8918918918
442096,,3.0,1076672.2972972973
442105,0.5388109683990479,,1076720.945945946
442106,,3.0,1076726.3513513512
442113,0.5388409495353699,,1076764.189189189
442114,,3.0,1076769.5945945946
442128,0.5388409495353699,,1076809.6382978724
442129,,0.0,1076812.7872340425
442142,0.5388409495353699,,1076853.7234042552
442143,,0.0,1076856.8723404256
442153,0.5388409495353699,,1076888.3617021276
442154,,0.0,1076891.5106382978
442162,0.5388409495353699,,1076916.7021276595
442163,,0.0,1076919.8510638298
442177,0.5388709306716919,,1076968.8333333333
442178,,3.0,1076973.0
442189,0.5389009118080139,,1077018.8333333333
442190,,3.0,1077023.0
442201,0.5389308929443359,,1077068.8333333333
442202,,3.0,1077073.0
442212,0.538960874080658,,1077114.6666666667
442213,,3.0,1077118.8333333333
442228,0.53899085521698,,1077157.1739130435
442229,,3.0,1077160.0217391304
442241,0.539020836353302,,1077194.1956521738
442242,,3.0,1077197.043478261
442251,0.539050817489624,,1077222.6739130435
442252,,3.0,1077225.5217391304
442260,0.539080798625946,,1077248.3043478262
442261,,3.0,1077251.152173913
442278,0.5391107797622681,,1077305.851851852
442279,,3.0,1077309.5555555555
442290,0.5391407608985901,,1077350.2962962964
442291,,3.0,1077354.0
442306,0.5391707420349121,,1077409.5555555555
442307,,3.0,1077413.2592592593
442316,0.5392007231712341,,1077446.5925925926
442317,,3.0,1077450.2962962964
442329,0.5392307043075562,,1077497.9024390243
442330,,3.0,1077502.780487805
442338,0.5392606854438782,,1077541.8048780488
442339,,3.0,1077546.6829268292
442344,0.5392906665802002,,1077571.0731707318
442345,,3.0,1077575.9512195121
442359,0.5393206477165222,,1077644.243902439
442360,,3.0,1077649.1219512196
442373,0.5393506288528442,,1077695.6666666667
442374,,3.0,1077699.8333333333
442386,0.5393806099891663,,1077749.8333333333
442387,,3.0,1077754.0
442398,0.5394105911254883,,1077799.8333333333
442399,,3.0,1077804.0
442409,0.5394405722618103,,1077845.6666666667
442410,,3.0,1077849.8333333333
442428,0.5394705533981323,,1077907.5714285714
442429,,3.0,1077911.142857143
442439,0.5395005345344543,,1077946.857142857
442440,,3.0,1077950.4285714286
442452,0.5395305156707764,,1077993.2857142857
442453,,3.0,1077996.857142857
442467,0.5395604968070984,,1078046.857142857
442468,,3.0,1078050.4285714286
442482,0.5395604968070984,,1078099.5
442483,,0.0,1078103.6363636365
442492,0.5395604968070984,,1078140.8636363635
442493,,0.0,1078145.0
442503,0.5395604968070984,,1078186.3636363635
442504,,0.0,1078190.5
442513,0.5395604968070984,,1078227.7272727273
442514,,0.0,1078231.8636363635
442536,0.5395904779434204,,1078320.4444444445
442537,,3.0,1078324.888888889
442544,0.5396204590797424,,1078356.0
442545,,3.0,1078360.4444444445
442552,0.5396504402160645,,1078391.5555555555
442553,,3.0,1078396.0
442560,0.5396804213523865,,1078427.111111111
442561,,3.0,1078431.5555555555
442580,0.5397104024887085,,1078512.1904761905
442581,,3.0,1078516.9523809524
442588,0.5397403836250305,,1078550.2857142857
442589,,3.0,1078555.0476190476
442596,0.5397703647613525,,1078588.380952381
442597,,3.0,1078593.142857143
442604,0.5398003458976746,,1078626.4761904762
442605,,3.0,1078631.238095238
442618,0.5398303270339966,,1078683.619047619
442619,,3.0,1078688.380952381
442628,0.5398603081703186,,1078731.238095238
442629,,3.0,1078736.0
442635,0.5398902893066406,,1078764.5714285714
442636,,3.0,1078769.3333333333
442648,0.5399202704429626,,1078826.4761904762
442649,,3.0,1078831.238095238
442668,0.5399202704429626,,1078891.0697674418
442669,,0.0,1078894.511627907
442677,0.5399202704429626,,1078922.046511628
442678,,0.0,1078925.488372093
442687,0.5399202704429626,,1078956.465116279
442688,,0.0,1078959.9069767443
442693,0.5399202704429626,,1078977.1162790698
442694,,0.0,1078980.558139535
442712,0.5399502515792847,,1079045.224489796
442713,,3.0,1079049.306122449
442721,0.5399802327156067,,1079081.9591836734
442722,,3.0,1079086.0408163266
442733,0.5400102138519287,,1079130.9387755103
442734,,3.0,1079135.0204081633
442744,0.5400401949882507,,1079175.836734694
442745,,3.0,1079179.918367347
442760,0.5400701761245728,,1079244.0
442761,,3.0,1079249.0
442769,0.5401001572608948,,1079289.0
442770,,3.0,1079294.0
442778,0.5401301383972168,,1079334.0
442779,,3.0,1079339.0
442786,0.5401601195335388,,1079374.0
442787,,3.0,1079379.0
442801,0.5401901006698608,,1079432.888888889
442802,,3.0,1079437.3333333333
442810,0.5402200818061829,,1079472.888888889
442811,,3.0,1079477.3333333333
442822,0.5402500629425049,,1079526.2222222222
442823,,3.0,1079530.6666666667
442833,0.5402800440788269,,1079575.111111111
442834,,3.0,1079579.5555555555
442848,0.5403100252151489,,1079650.6666666667
442849,,3.0,1079656.7272727273
442855,0.540340006351471,,1079693.0909090908
442856,,3.0,1079699.1515151516
442861,0.540369987487793,,1079729.4545454546
442862,,3.0,1079735.5151515151
442868,0.540399968624115,,1079771.878787879
442869,,3.0,1079777.9393939395
442889,0.540429949760437,,1079859.5555555555
442890,,3.0,1079864.0
442898,0.540459930896759,,1079899.5555555555
442899,,3.0,1079904.0
442906,0.540489912033081,,1079935.111111111
442907,,3.0,1079939.5555555555
442915,0.5405198931694031,,1079975.111111111
442916,,3.0,1079979.5555555555
442930,0.5405498743057251,,1080039.0
442931,,3.0,1080044.0
442939,0.5405798554420471,,1080084.0
442940,,3.0,1080089.0
442946,0.5406098365783691,,1080119.0
442947,,3.0,1080124.0
442957,0.5406398177146912,,1080174.0
442958,,3.0,1080179.0
442974,0.5406398177146912,,1080218.6666666667
442975,,0.0,1080221.3333333333
442987,0.5406398177146912,,1080253.3333333333
442988,,0.0,1080256.0
442997,0.5406398177146912,,1080280.0
442998,,0.0,1080282.6666666667
443010,0.5406398177146912,,1080314.6666666667
443011,,0.0,1080317.3333333333
443027,0.5406697988510132,,1080376.5217391304
443028,,3.0,1080380.8695652173
443035,0.5406997799873352,,1080411.3043478262
443036,,3.0,1080415.652173913
443048,0.5407297611236572,,1080467.8260869565
443049,,3.0,1080472.1739130435
443058,0.5407597422599792,,1080511.3043478262
443059,,3.0,1080515.652173913
443076,0.5407697558403015,,1080573.76
443077,,1.0,1080577.6
443091,0.5407797694206238,,1080631.36
443092,,1.0,1080635.2
443100,0.540789783000946,,1080665.92
443101,,1.0,1080669.76
443110,0.5407997965812683,,1080704.32
443111,,1.0,1080708.16
443132,0.5408297777175903,,1080777.4545454546
443133,,3.0,1080781.0909090908
443144,0.5408597588539124,,1080821.0909090908
443145,,3.0,1080824.7272727273
443157,0.5408897399902344,,1080868.3636363635
443158,,3.0,1080872.0
443167,0.5409197211265564,,1080904.7272727273
443168,,3.0,1080908.3636363635
443182,0.5409197211265564,,1080943.0869565217
443183,,0.0,1080945.9130434783
443195,0.5409197211265564,,1080979.8260869565
443196,,0.0,1080982.652173913
443204,0.5409197211265564,,1081005.2608695652
443205,,0.0,1081008.0869565217
443215,0.5409197211265564,,1081036.347826087
443216,,0.0,1081039.1739130435
443231,0.5409497022628784,,1081095.3333333333
443232,,3.0,1081099.7777777778
443242,0.5409796833992004,,1081144.2222222222
443243,,3.0,1081148.6666666667
443254,0.5410096645355225,,1081197.5555555555
443255,,3.0,1081202.0
443262,0.5410396456718445,,1081233.111111111
443263,,3.0,1081237.5555555555
443277,0.5410696268081665,,1081290.888888889
443278,,3.0,1081295.3333333333
443285,0.5410996079444885,,1081326.4444444445
443286,,3.0,1081330.888888889
443298,0.5411295890808105,,1081384.2222222222
443299,,3.0,1081388.6666666667
443309,0.5411595702171326,,1081433.111111111
443310,,3.0,1081437.5555555555
443323,0.5411895513534546,,1081483.6666666667
443324,,3.0,1081487.8333333333
443337,0.5412195324897766,,1081542.0
443338,,3.0,1081546.1666666667
443348,0.5412495136260986,,1081587.8333333333
443349,,3.0,1081592.0
443359,0.5412794947624207,,1081633.6666666667
443360,,3.0,1081637.8333333333
443378,0.5413094758987427,,1081705.829787234
443379,,3.0,1081710.085106383
443386,0.5413394570350647,,1081739.8723404256
443387,,3.0,1081744.1276595744
443395,0.5413694381713867,,1081778.170212766
443396,,3.0,1081782.425531915
443408,0.5413994193077087,,1081833.4893617022
443409,,3.0,1081837.744680851
443427,0.5414294004440308,,1081902.0
443428,,3.0,1081906.0
443437,0.5414593815803528,,1081942.0
443438,,3.0,1081946.0
443447,0.5414893627166748,,1081982.0
443448,,3.0,1081986.0
443460,0.5415193438529968,,1082034.0
443461,,3.0,1082038.0
443482,0.5415493249893188,,1082108.6666666667
443483,,3.0,1082112.3703703703
443497,0.5415793061256409,,1082164.2222222222
443498,,3.0,1082167.9259259258
443506,0.5416092872619629,,1082197.5555555555
443507,,3.0,1082201.2592592593
443516,0.5416392683982849,,1082234.5925925926
443517,,3.0,1082238.2962962964
443537,0.5416492819786072,,1082283.8703703703
443538,,1.0,1082286.3333333333
443546,0.5416592955589294,,1082306.037037037
443547,,1.0,1082308.5
443559,0.5416693091392517,,1082338.0555555555
443560,,1.0,1082340.5185185184
443572,0.541679322719574,,1082370.0740740742
443573,,1.0,1082372.537037037
443586,0.541709303855896,,1082427.6315789474
443587,,3.0,1082432.894736842
443592,0.541739284992218,,1082459.2105263157
443593,,3.0,1082464.4736842106
443605,0.54176926612854,,1082527.6315789474
443606,,3.0,1082532.894736842
443612,0.5417992472648621,,1082564.4736842106
443613,,3.0,1082569.7368421052
443621,0.5418292284011841,,1082599.3902439023
443622,,3.0,1082604.268292683
443633,0.5418592095375061,,1082657.9268292682
443634,,3.0,1082662.8048780488
443643,0.5418891906738281,,1082706.7073170731
443644,,3.0,1082711.5853658537
443655,0.5419191718101501,,1082765.243902439
443656,,3.0,1082770.1219512196
443671,0.5419491529464722,,1082825.0
443672,,3.0,1082829.1666666667
443685,0.5419791340827942,,1082883.3333333333
443686,,3.0,1082887.5
443694,0.5420091152191162,,1082920.8333333333
443695,,3.0,1082925.0
443705,0.5420390963554382,,1082966.6666666667
443706,,3.0,1082970.8333333333
443717,0.5420690774917603,,1083023.4848484849
443718,,3.0,1083029.5454545454
443724,0.5420990586280823,,1083065.9090909092
443725,,3.0,1083071.9696969697
443733,0.5421290397644043,,1083120.4545454546
443734,,3.0,1083126.5151515151
443740,0.5421590209007263,,1083162.878787879
443741,,3.0,1083168.9393939395
443754,0.5421890020370483,,1083220.4545454546
443755,,3.0,1083225.0
443766,0.5422189831733704,,1083275.0
443767,,3.0,1083279.5454545454
443778,0.5422489643096924,,1083329.5454545454
443779,,3.0,1083334.0909090908
443786,0.5422789454460144,,1083365.9090909092
443787,,3.0,1083370.4545454546
443804,0.5423089265823364,,1083443.2926829269
443805,,3.0,1083448.1707317072
443811,0.5423389077186584,,1083477.4390243902
443812,,3.0,1083482.3170731708
443821,0.5423688888549805,,1083526.219512195
443822,,3.0,1083531.0975609757
443829,0.5423988699913025,,1083565.243902439
443830,,3.0,1083570.1219512196
443843,0.5424288511276245,,1083617.5531914893
443844,,3.0,1083621.8085106383
443858,0.5424588322639465,,1083681.3829787234
443859,,3.0,1083685.6382978724
443866,0.5424888134002686,,1083715.425531915
443867,,3.0,1083719.680851064
443878,0.5425187945365906,,1083766.4893617022
443879,,3.0,1083770.744680851
443895,0.5425487756729126,,1083832.7777777778
443896,,3.0,1083837.2222222222
443905,0.5425787568092346,,1083877.2222222222
443906,,3.0,1083881.6666666667
443913,0.5426087379455566,,1083912.7777777778
443914,,3.0,1083917.2222222222
443925,0.5426387190818787,,1083966.111111111
443926,,3.0,1083970.5555555555
443943,0.5426687002182007,,1084034.574468085
443944,,3.0,1084038.829787234
443954,0.5426986813545227,,1084081.3829787234
443955,,3.0,1084085.6382978724
443967,0.5427286624908447,,1084136.7021276595
443968,,3.0,1084140.9574468085
443974,0.5427586436271667,,1084166.4893617022
443975,,3.0,1084170.744680851
443988,0.5427886247634888,,1084223.780487805
443989,,3.0,1084228.6585365853
443997,0.5428186058998108,,1084267.6829268292
443998,,3.0,1084272.5609756098
444006,0.5428485870361328,,1084311.5853658537
444007,,3.0,1084316.463414634
444017,0.5428785681724548,,1084365.243902439
444018,,3.0,1084370.1219512196
444034,0.5429085493087769,,1084438.4146341463
444035,,3.0,1084443.2926829269
444043,0.5429385304450989,,1084482.3170731708
444044,,3.0,1084487.1951219512
444051,0.5429685115814209,,1084521.3414634147
444052,,3.0,1084526.219512195
444060,0.5429984927177429,,1084565.243902439
444061,,3.0,1084570.1219512196
444071,0.5430284738540649,,1084608.3333333333
444072,,3.0,1084613.0952380951
444080,0.543058454990387,,1084651.1904761905
444081,,3.0,1084655.9523809524
444094,0.543088436126709,,1084717.857142857
444095,,3.0,1084722.619047619
444104,0.543118417263031,,1084765.4761904762
444105,,3.0,1084770.238095238
444115,0.543148398399353,,1084810.8974358975
444116,,3.0,1084816.0256410257
444125,0.543178379535675,,1084862.1794871795
444126,,3.0,1084867.3076923077
444132,0.5432083606719971,,1084898.076923077
444133,,3.0,1084903.2051282052
444145,0.5432383418083191,,1084964.7435897435
444146,,3.0,1084969.8717948718
444162,0.5432383418083191,,1085030.391304348
444163,,0.0,1085034.652173913
444174,0.5432383418083191,,1085081.5217391304
444175,,0.0,1085085.7826086956
444185,0.5432383418083191,,1085128.391304348
444186,,0.0,1085132.652173913
444193,0.5432383418083191,,1085162.4782608696
444194,,0.0,1085166.7391304348
444208,0.5432683229446411,,1085217.8085106383
444209,,3.0,1085222.0638297873
444219,0.5432983040809631,,1085264.6170212766
444220,,3.0,1085268.8723404256
444231,0.5433282852172852,,1085315.680851064
444232,,3.0,1085319.9361702127
444242,0.5433582663536072,,1085362.4893617022
444243,,3.0,1085366.744680851
444257,0.5433882474899292,,1085415.8979591837
444258,,3.0,1085419.9795918367
444267,0.5434182286262512,,1085456.7142857143
444268,,3.0,1085460.7959183673
444284,0.5434482097625732,,1085526.1020408163
444285,,3.0,1085530.1836734693
444293,0.5434781908988953,,1085562.836734694
444294,,3.0,1085566.918367347
444308,0.5435081720352173,,1085619.888888889
444309,,3.0,1085624.3333333333
444317,0.5435381531715393,,1085659.888888889
444318,,3.0,1085664.3333333333
444326,0.5435681343078613,,1085699.888888889
444327,,3.0,1085704.3333333333
444340,0.5435981154441833,,1085762.111111111
444341,,3.0,1085766.5555555555
444352,0.5436280965805054,,1085809.0952380951
444353,,3.0,1085813.857142857
444363,0.5436580777168274,,1085861.4761904762
444364,,3.0,1085866.238095238
444374,0.5436880588531494,,1085913.857142857
444375,,3.0,1085918.619047619
444384,0.5437180399894714,,1085961.4761904762
444385,,3.0,1085966.238095238
444395,0.5437480211257935,,1086004.3333333333
444396,,3.0,1086009.0952380951
444406,0.5437780022621155,,1086056.7142857143
444407,,3.0,1086061.4761904762
444417,0.5438079833984375,,1086109.0952380951
444418,,3.0,1086113.857142857
444428,0.5438379645347595,,1086161.4761904762
444429,,3.0,1086166.238095238
444450,0.5438679456710815,,1086235.2857142857
444451,,3.0,1086238.857142857
444462,0.5438979268074036,,1086278.142857143
444463,,3.0,1086281.7142857143
444472,0.5439279079437256,,1086313.857142857
444473,,3.0,1086317.4285714286
444486,0.5439578890800476,,1086363.857142857
444487,,3.0,1086367.4285714286
444501,0.5439878702163696,,1086433.857142857
444502,,3.0,1086439.5714285714
444508,0.5440178513526917,,1086473.857142857
444509,,3.0,1086479.5714285714
444515,0.5440478324890137,,1086513.857142857
444516,,3.0,1086519.5714285714
444523,0.5440778136253357,,1086559.5714285714
444524,,3.0,1086565.2857142857
444537,0.5441077947616577,,1086621.0
444538,,3.0,1086626.0
444546,0.5441377758979797,,1086666.0
444547,,3.0,1086671.0
444555,0.5441677570343018,,1086711.0
444556,,3.0,1086716.0
444565,0.5441977381706238,,1086761.0
444566,,3.0,1086766.0
444585,0.5442277193069458,,1086836.306122449
444586,,3.0,1086840.387755102
444593,0.5442577004432678,,1086868.9591836734
444594,,3.0,1086873.0408163266
444603,0.5442876815795898,,1086909.775510204
444604,,3.0,1086913.857142857
444616,0.5443176627159119,,1086962.836734694
444617,,3.0,1086966.918367347
444631,0.5443476438522339,,1087017.8085106383
444632,,3.0,1087022.0638297873
444645,0.5443776249885559,,1087077.3829787234
444646,,3.0,1087081.6382978724
444654,0.5444076061248779,,1087115.680851064
444655,,3.0,1087119.9361702127
444665,0.5444375872612,,1087162.4893617022
444666,,3.0,1087166.744680851
444679,0.544467568397522,,1087218.619047619
444680,,3.0,1087223.380952381
444690,0.544497549533844,,1087271.0
444691,,3.0,1087275.761904762
444700,0.544527530670166,,1087318.619047619
444701,,3.0,1087323.380952381
444709,0.544557511806488,,1087361.4761904762
444710,,3.0,1087366.238095238
444726,0.5445675253868103,,1087406.4791666667
444727,,1.0,1087409.2083333333
444738,0.5445775389671326,,1087439.2291666667
444739,,1.0,1087441.9583333333
444751,0.5445875525474548,,1087474.7083333333
444752,,1.0,1087477.4375
444759,0.5445975661277771,,1087496.5416666667
444760,,1.0,1087499.2708333333
444777,0.5446275472640991,,1087556.9019607843
444778,,3.0,1087560.8235294118
444790,0.5446575284004211,,1087607.8823529412
444791,,3.0,1087611.8039215687
444803,0.5446875095367432,,1087658.862745098
444804,,3.0,1087662.7843137255
444812,0.5447174906730652,,1087694.156862745
444813,,3.0,1087698.0784313725
444829,0.5447174906730652,,1087737.4545454546
444830,,0.0,1087740.1818181819
444840,0.5447174906730652,,1087767.4545454546
444841,,0.0,1087770.1818181819
444854,0.5447174906730652,,1087805.6363636365
444855,,0.0,1087808.3636363635
444869,0.5447174906730652,,1087846.5454545454
444870,,0.0,1087849.2727272727
444881,0.5447474718093872,,1087867.024390244
444882,,3.0,1087868.9024390243
444891,0.5447774529457092,,1087885.8048780488
444892,,3.0,1087887.6829268292
444901,0.5448074340820312,,1087904.5853658537
444902,,3.0,1087906.463414634
444912,0.5448374152183533,,1087925.243902439
444913,,3.0,1087927.1219512196
444927,0.5448673963546753,,1087981.380952381
444928,,3.0,1087986.142857143
444935,0.5448973774909973,,1088019.4761904762
444936,,3.0,1088024.238095238
444946,0.5449273586273193,,1088071.857142857
444947,,3.0,1088076.619047619
444956,0.5449573397636414,,1088119.4761904762
444957,,3.0,1088124.238095238
444966,0.5449873208999634,,1088160.5789473683
444967,,3.0,1088165.8421052631
444975,0.5450173020362854,,1088207.9473684211
444976,,3.0,1088213.2105263157
444982,0.5450472831726074,,1088244.7894736843
444983,,3.0,1088250.0526315789
444996,0.5450772643089294,,1088318.4736842106
444997,,3.0,1088323.7368421052
445011,0.5451072454452515,,1088379.0
445012,,3.0,1088383.5454545454
445022,0.5451372265815735,,1088429.0
445023,,3.0,1088433.5454545454
445035,0.5451672077178955,,1088488.0909090908
445036,,3.0,1088492.6363636365
445042,0.5451971888542175,,1088519.9090909092
445043,,3.0,1088524.4545454546
445062,0.5451971888542175,,1088571.6666666667
445063,,0.0,1088574.3333333333
445073,0.5451971888542175,,1088601.0
445074,,0.0,1088603.6666666667
445083,0.5451971888542175,,1088627.6666666667
445084,,0.0,1088630.3333333333
445092,0.5451971888542175,,1088651.6666666667
445093,,0.0,1088654.3333333333
445106,0.5452271699905396,,1088707.0
445107,,3.0,1088712.0
445115,0.5452571511268616,,1088752.0
445116,,3.0,1088757.0
445126,0.5452871322631836,,1088807.0
445127,,3.0,1088812.0
445134,0.5453171133995056,,1088847.0
445135,,3.0,1088852.0
445148,0.5453470945358276,,1088908.282051282
445149,,3.0,1088913.4102564103
445155,0.5453770756721497,,1088944.1794871795
445156,,3.0,1088949.3076923077
445165,0.5454070568084717,,1088995.4615384615
445166,,3.0,1089000.5897435897
445175,0.5454370379447937,,1089046.7435897435
445176,,3.0,1089051.8717948718
445194,0.5454670190811157,,1089128.4285714286
445195,,3.0,1089133.1904761905
445204,0.5454970002174377,,1089176.0476190476
445205,,3.0,1089180.8095238095
445211,0.5455269813537598,,1089209.380952381
445212,,3.0,1089214.142857143
445219,0.5455569624900818,,1089247.4761904762
445220,,3.0,1089252.238095238
445232,0.5455869436264038,,1089298.8604651163
445233,,3.0,1089303.511627907
445242,0.5456169247627258,,1089345.3720930233
445243,,3.0,1089350.0232558139
445252,0.5456469058990479,,1089391.8837209302
445253,,3.0,1089396.534883721
445264,0.5456768870353699,,1089447.6976744186
445265,,3.0,1089452.3488372094
445280,0.5457068681716919,,1089510.3333333333
445281,,3.0,1089514.7777777778
445287,0.5457368493080139,,1089541.4444444445
445288,,3.0,1089545.888888889
445302,0.5457668304443359,,1089608.111111111
445303,,3.0,1089612.5555555555
445311,0.545796811580658,,1089648.111111111
445312,,3.0,1089652.5555555555
445323,0.54582679271698,,1089695.0952380951
445324,,3.0,1089699.857142857
445333,0.545856773853302,,1089742.7142857143
445334,,3.0,1089747.4761904762
445342,0.545886754989624,,1089785.5714285714
445343,,3.0,1089790.3333333333
445355,0.545916736125946,,1089847.4761904762
445356,,3.0,1089852.238095238
445375,0.5459467172622681,,1089929.7272727273
445376,,3.0,1089934.2727272727
445383,0.5459766983985901,,1089966.0909090908
445384,,3.0,1089970.6363636365
445390,0.5460066795349121,,1089997.9090909092
445391,,3.0,1090002.4545454546
445401,0.5460366606712341,,1090047.9090909092
445402,,3.0,1090052.4545454546
445415,0.5460666418075562,,1090107.0
445416,,3.0,1090112.0
445422,0.5460966229438782,,1090142.0
445423,,3.0,1090147.0
445432,0.5461266040802002,,1090192.0
445433,,3.0,1090197.0
445443,0.5461565852165222,,1090247.0
445444,,3.0,1090252.0
445458,0.5461865663528442,,1090302.8333333333
445459,,3.0,1090307.0
445471,0.5462165474891663,,1090357.0
445472,,3.0,1090361.1666666667
445483,0.5462465286254883,,1090407.0
445484,,3.0,1090411.1666666667
445493,0.5462765097618103,,1090448.6666666667
445494,,3.0,1090452.8333333333
445509,0.5463064908981323,,1090510.3333333333
445510,,3.0,1090514.7777777778
445523,0.5463364720344543,,1090572.5555555555
445524,,3.0,1090577.0
445531,0.5463664531707764,,1090608.111111111
445532,,3.0,1090612.5555555555
445540,0.5463964343070984,,1090648.111111111
445541,,3.0,1090652.5555555555
445562,0.5464264154434204,,1090733.5957446808
445563,,3.0,1090737.8510638298
445574,0.5464563965797424,,1090784.6595744682
445575,,3.0,1090788.914893617
445582,0.5464863777160645,,1090818.7021276595
445583,,3.0,1090822.9574468085
445589,0.5465163588523865,,1090848.4893617022
445590,,3.0,1090852.744680851
445603,0.5465463399887085,,1090905.780487805
445604,,3.0,1090910.6585365853
445615,0.5465763211250305,,1090964.3170731708
445616,,3.0,1090969.1951219512
445621,0.5466063022613525,,1090993.5853658537
445622,,3.0,1090998.463414634
445632,0.5466362833976746,,1091047.243902439
445633,,3.0,1091052.1219512196
445644,0.5466662645339966,,1091102.7142857143
445645,,3.0,1091108.4285714286
445652,0.5466962456703186,,1091148.4285714286
445653,,3.0,1091154.142857143
445662,0.5467262268066406,,1091205.5714285714
445663,,3.0,1091211.2857142857
445669,0.5467562079429626,,1091245.5714285714
445670,,3.0,1091251.2857142857
445683,0.5467861890792847,,1091291.8780487804
445684,,3.0,1091295.3658536586
445692,0.5468161702156067,,1091323.268292683
445693,,3.0,1091326.756097561
445706,0.5468461513519287,,1091372.0975609757
445707,,3.0,1091375.5853658537
445712,0.5468761324882507,,1091393.024390244
445713,,3.0,1091396.512195122
445732,0.5469061136245728,,1091469.5652173914
445733,,3.0,1091473.9130434783
445742,0.5469360947608948,,1091513.043478261
445743,,3.0,1091517.391304348
445750,0.5469660758972168,,1091547.8260869565
445751,,3.0,1091552.1739130435
445760,0.5469960570335388,,1091591.3043478262
445761,,3.0,1091595.652173913
445777,0.5470260381698608,,1091650.9803921569
445778,,3.0,1091654.9019607843
445793,0.5470560193061829,,1091713.7254901961
445794,,3.0,1091717.6470588236
445807,0.5470860004425049,,1091768.6274509805
445808,,3.0,1091772.549019608
445813,0.5471159815788269,,1091792.156862745
445814,,3.0,1091796.0784313725
445831,0.5471459627151489,,1091862.2222222222
445832,,3.0,1091866.6666666667
445838,0.547175943851471,,1091893.3333333333
445839,,3.0,1091897.7777777778
445850,0.547205924987793,,1091946.6666666667
445851,,3.0,1091951.111111111
445860,0.547235906124115,,1091991.111111111
445861,,3.0,1091995.5555555555
445874,0.547265887260437,,1092039.5833333333
445875,,3.0,1092043.5416666667
445890,0.547295868396759,,1092102.9166666667
445891,,3.0,1092106.875
445902,0.547325849533081,,1092150.4166666667
445903,,3.0,1092154.375
445910,0.5473558306694031,,1092182.0833333333
445911,,3.0,1092186.0416666667
445929,0.5473858118057251,,1092253.829787234
445930,,3.0,1092258.085106383
445939,0.5474157929420471,,1092296.3829787234
445940,,3.0,1092300.6382978724
445951,0.5474457740783691,,1092347.4468085107
445952,,3.0,1092351.7021276595
445959,0.5474757552146912,,1092381.4893617022
445960,,3.0,1092385.744680851
445974,0.5474757552146912,,1092424.65
445975,,0.0,1092427.8
445982,0.5474757552146912,,1092449.85
445983,,0.0,1092453.0
445992,0.5474757552146912,,1092481.35
445993,,0.0,1092484.5
446001,0.5474757552146912,,1092509.7
446002,,0.0,1092512.85
446015,0.5475057363510132,,1092564.780487805
446016,,3.0,1092569.6585365853
446026,0.5475357174873352,,1092618.4390243902
446027,,3.0,1092623.3170731708
446036,0.5475656986236572,,1092667.219512195
446037,,3.0,1092672.0975609757
446044,0.5475956797599792,,1092706.243902439
446045,,3.0,1092711.1219512196
446059,0.5476256608963013,,1092764.888888889
446060,,3.0,1092769.3333333333
446067,0.5476556420326233,,1092800.4444444445
446068,,3.0,1092804.888888889
446080,0.5476856231689453,,1092858.2222222222
446081,,3.0,1092862.6666666667
446091,0.5477156043052673,,1092907.111111111
446092,,3.0,1092911.5555555555
446109,0.5477455854415894,,1092974.3333333333
446110,,3.0,1092978.5
446120,0.5477755665779114,,1093020.1666666667
446121,,3.0,1093024.3333333333
446128,0.5478055477142334,,1093053.5
446129,,3.0,1093057.6666666667
446141,0.5478355288505554,,1093107.6666666667
446142,,3.0,1093111.8333333333
446156,0.5478655099868774,,1093146.25
446157,,3.0,1093149.0
446165,0.5478954911231995,,1093171.0
446166,,3.0,1093173.75
446173,0.5479254722595215,,1093193.0
446174,,3.0,1093195.75
446179,0.5479554533958435,,1093209.5
446180,,3.0,1093212.25
446197,0.5479854345321655,,1093272.142857143
446198,,3.0,1093276.224489796
446208,0.5480154156684875,,1093317.0408163266
446209,,3.0,1093321.1224489796
446220,0.5480453968048096,,1093366.0204081633
446221,,3.0,1093370.1020408163
446230,0.5480753779411316,,1093406.836734694
446231,,3.0,1093410.918367347
446247,0.5481053590774536,,1093481.054054054
446248,,3.0,1093486.1351351351
446254,0.5481353402137756,,1093516.6216216215
446255,,3.0,1093521.7027027027
446260,0.5481653213500977,,1093547.1081081082
446261,,3.0,1093552.189189189
446269,0.5481953024864197,,1093592.8378378379
446270,,3.0,1093597.9189189188
446286,0.5482252836227417,,1093647.6875
446287,,3.0,1093651.125
446297,0.5482552647590637,,1093685.5
446298,,3.0,1093688.9375
446311,0.5482852458953857,,1093733.625
446312,,3.0,1093737.0625
446319,0.5483152270317078,,1093761.125
446320,,3.0,1093764.5625
446336,0.5483452081680298,,1093811.534883721
446337,,3.0,1093814.8837209302
446343,0.5483751893043518,,1093834.9767441861
446344,,3.0,1093838.3255813953
446353,0.5484051704406738,,1093868.465116279
446354,,3.0,1093871.8139534884
446364,0.5484351515769958,,1093905.3023255814
446365,,3.0,1093908.6511627906
446382,0.5484651327133179,,1093972.8695652173
446383,,3.0,1093977.2173913044
446390,0.5484951138496399,,1094007.652173913
446391,,3.0,1094012.0
446400,0.5485250949859619,,1094051.1304347827
446401,,3.0,1094055.4782608696
446412,0.5485550761222839,,1094103.3043478262
446413,,3.0,1094107.652173913
446424,0.548585057258606,,1094156.4444444445
446425,,3.0,1094162.0
446432,0.548615038394928,,1094200.888888889
446433,,3.0,1094206.4444444445
446440,0.54864501953125,,1094245.3333333333
446441,,3.0,1094250.888888889
446450,0.548675000667572,,1094300.888888889
446451,,3.0,1094306.4444444445
446467,0.5486850142478943,,1094338.0
446468,,1.0,1094340.0
446478,0.5486950278282166,,1094360.0
446479,,1.0,1094362.0
446485,0.5487050414085388,,1094374.0
446486,,1.0,1094376.0
446496,0.5487150549888611,,1094396.0
446497,,1.0,1094398.0
446511,0.5487450361251831,,1094452.6842105263
446512,,3.0,1094457.4736842106
446520,0.5487750172615051,,1094495.7894736843
446521,,3.0,1094500.5789473683
446528,0.5488049983978271,,1094534.105263158
446529,,3.0,1094538.894736842
446536,0.5488349795341492,,1094572.4210526317
446537,,3.0,1094577.2105263157
446558,0.5488649606704712,,1094662.0
446559,,3.0,1094666.4444444445
446568,0.5488949418067932,,1094706.4444444445
446569,,3.0,1094710.888888889
446576,0.5489249229431152,,1094742.0
446577,,3.0,1094746.4444444445
446583,0.5489549040794373,,1094773.111111111
446584,,3.0,1094777.5555555555
446599,0.5489848852157593,,1094842.0
446600,,3.0,1094847.0
446605,0.5490148663520813,,1094872.0
446606,,3.0,1094877.0
446614,0.5490448474884033,,1094917.0
446615,,3.0,1094922.0
446625,0.5490748286247253,,1094972.0
446626,,3.0,1094977.0
446646,0.5490748286247253,,1095021.9814814816
446647,,0.0,1095024.3333333333
446659,0.5490748286247253,,1095052.5555555555
446660,,0.0,1095054.9074074074
446666,0.5490748286247253,,1095069.0185185184
446667,,0.0,1095071.3703703703
446681,0.5490748286247253,,1095104.2962962964
446682,,0.0,1095106.648148148
446691,0.5491048097610474,,1095139.7692307692
446692,,3.0,1095144.8974358975
446703,0.5491347908973694,,1095201.3076923077
446704,,3.0,1095206.435897436
446709,0.5491647720336914,,1095232.076923077
446710,,3.0,1095237.2051282052
446722,0.5491947531700134,,1095298.7435897435
446723,,3.0,1095303.8717948718
446736,0.5492247343063354,,1095352.4782608696
446737,,3.0,1095356.8260869565
446749,0.5492547154426575,,1095409.0
446750,,3.0,1095413.347826087
446758,0.5492846965789795,,1095448.1304347827
446759,,3.0,1095452.4782608696
446770,0.5493146777153015,,1095500.3043478262
446771,,3.0,1095504.652173913
446783,0.5493446588516235,,1095545.2647058824
446784,,3.0,1095549.294117647
446791,0.5493746399879456,,1095577.5
446792,,3.0,1095581.5294117648
446797,0.5494046211242676,,1095601.6764705882
446798,,3.0,1095605.705882353
446806,0.5494346022605896,,1095637.9411764706
446807,,3.0,1095641.9705882352
446818,0.5494645833969116,,1095684.0952380951
446819,,3.0,1095688.857142857
446829,0.5494945645332336,,1095736.4761904762
446830,,3.0,1095741.238095238
446840,0.5495245456695557,,1095788.857142857
446841,,3.0,1095793.619047619
446850,0.5495545268058777,,1095836.4761904762
446851,,3.0,1095841.238095238
446869,0.5495545268058777,,1095883.0588235294
446870,,0.0,1095885.5294117648
446877,0.5495545268058777,,1095902.8235294118
446878,,0.0,1095905.294117647
446893,0.5495545268058777,,1095942.3529411764
446894,,0.0,1095944.8235294118
446903,0.5495545268058777,,1095967.0588235294
446904,,0.0,1095969.5294117648
446925,0.5495545268058777,,1096020.0
446926,,0.0,1096022.6666666667
446934,0.5495545268058777,,1096044.0
446935,,0.0,1096046.6666666667
446946,0.5495545268058777,,1096076.0
446947,,0.0,1096078.6666666667
446953,0.5495545268058777,,1096094.6666666667
446954,,0.0,1096097.3333333333
446967,0.5495545268058777,,1096125.744680851
446968,,0.0,1096128.319148936
446981,0.5495545268058777,,1096161.7872340425
446982,,0.0,1096164.3617021276
446994,0.5495545268058777,,1096195.255319149
446995,,0.0,1096197.829787234
447002,0.5495545268058777,,1096215.8510638298
447003,,0.0,1096218.425531915
447019,0.5495845079421997,,1096258.0377358492
447020,,3.0,1096260.8867924528
447036,0.5496144890785217,,1096306.4716981133
447037,,3.0,1096309.3207547169
447047,0.5496444702148438,,1096337.8113207547
447048,,3.0,1096340.6603773586
447057,0.5496744513511658,,1096366.3018867925
447058,,3.0,1096369.1509433961
447071,0.5497044324874878,,1096412.0
447072,,3.0,1096416.0
447087,0.5497344136238098,,1096476.0
447088,,3.0,1096480.0
447097,0.5497643947601318,,1096516.0
447098,,3.0,1096520.0
447109,0.5497943758964539,,1096564.0
447110,,3.0,1096568.0
447126,0.5497943758964539,,1096614.9302325582
447127,,0.0,1096618.2325581396
447136,0.5497943758964539,,1096647.953488372
447137,,0.0,1096651.2558139535
447144,0.5497943758964539,,1096674.3720930233
447145,,0.0,1096677.6744186047
447154,0.5497943758964539,,1096707.3953488371
447155,,0.0,1096710.6976744186
447173,0.5498243570327759,,1096792.9473684211
447174,,3.0,1096798.2105263157
447180,0.5498543381690979,,1096829.7894736843
447181,,3.0,1096835.0526315789
447189,0.5498843193054199,,1096877.1578947369
447190,,3.0,1096882.4210526317
447194,0.5499143004417419,,1096903.4736842106
447195,,3.0,1096908.7368421052
447207,0.549944281578064,,1096964.0
447208,,3.0,1096969.5555555555
447212,0.549974262714386,,1096991.7777777778
447213,,3.0,1096997.3333333333
447222,0.550004243850708,,1097047.3333333333
447223,,3.0,1097052.888888889
447232,0.55003422498703,,1097102.888888889
447233,,3.0,1097108.4444444445
447252,0.5500442385673523,,1097162.0
447253,,1.0,1097165.0
447262,0.5500542521476746,,1097192.0
447263,,1.0,1097195.0
447274,0.5500642657279968,,1097228.0
447275,,1.0,1097231.0
447284,0.5500742793083191,,1097258.0
447285,,1.0,1097261.0
447303,0.5501042604446411,,1097324.0
447304,,3.0,1097328.0
447315,0.5501342415809631,,1097372.0
447316,,3.0,1097376.0
447325,0.5501642227172852,,1097412.0
447326,,3.0,1097416.0
447336,0.5501942038536072,,1097456.0
447337,,3.0,1097460.0
447357,0.5501942038536072,,1097508.7173913044
447358,,0.0,1097511.347826087
447368,0.5501942038536072,,1097537.652173913
447369,,0.0,1097540.2826086956
447376,0.5501942038536072,,1097558.6956521738
447377,,0.0,1097561.3260869565
447384,0.5501942038536072,,1097579.7391304348
447385,,0.0,1097582.3695652173
447402,0.5502241849899292,,1097643.3333333333
447403,,3.0,1097647.5
447417,0.5502541661262512,,1097705.8333333333
447418,,3.0,1097710.0
447427,0.5502841472625732,,1097747.5
447428,,3.0,1097751.6666666667
447434,0.5503141283988953,,1097776.6666666667
447435,,3.0,1097780.8333333333
447453,0.5503441095352173,,1097842.6923076923
447454,,3.0,1097846.5384615385
447466,0.5503740906715393,,1097892.6923076923
447467,,3.0,1097896.5384615385
447477,0.5504040718078613,,1097935.0
447478,,3.0,1097938.8461538462
447488,0.5504340529441833,,1097977.3076923077
447489,,3.0,1097981.1538461538
447503,0.5504640340805054,,1098037.380952381
447504,,3.0,1098042.142857143
447516,0.5504940152168274,,1098099.2857142857
447517,,3.0,1098104.0476190476
447526,0.5505239963531494,,1098146.9047619049
447527,,3.0,1098151.6666666667
447532,0.5505539774894714,,1098175.4761904762
447533,,3.0,1098180.238095238
447545,0.5505839586257935,,1098225.0
447546,,3.0,1098229.4444444445
447561,0.5506139397621155,,1098296.111111111
447562,,3.0,1098300.5555555555
447571,0.5506439208984375,,1098340.5555555555
447572,,3.0,1098345.0
447579,0.5506739020347595,,1098376.111111111
447580,,3.0,1098380.5555555555
447590,0.5507038831710815,,1098418.3333333333
447591,,3.0,1098423.0952380951
447602,0.5507338643074036,,1098475.4761904762
447603,,3.0,1098480.238095238
447614,0.5507638454437256,,1098532.619047619
447615,,3.0,1098537.380952381
447623,0.5507938265800476,,1098575.4761904762
447624,,3.0,1098580.238095238
447637,0.5508238077163696,,1098631.511627907
447638,,3.0,1098636.1627906978
447647,0.5508537888526917,,1098678.0232558139
447648,,3.0,1098682.6744186047
447658,0.5508837699890137,,1098729.1860465116
447659,,3.0,1098733.8372093022
447668,0.5509137511253357,,1098775.6976744186
447669,,3.0,1098780.3488372094
447683,0.5509437322616577,,1098838.6585365853
447684,,3.0,1098843.536585366
447691,0.5509737133979797,,1098877.6829268292
447692,,3.0,1098882.5609756098
447700,0.5510036945343018,,1098921.5853658537
447701,,3.0,1098926.463414634
447711,0.5510336756706238,,1098975.243902439
447712,,3.0,1098980.1219512196
447733,0.5510636568069458,,1099060.0
447734,,3.0,1099064.1666666667
447745,0.5510936379432678,,1099110.0
447746,,3.0,1099114.1666666667
447749,0.5511236190795898,,1099126.6666666667
447750,,3.0,1099130.8333333333
447761,0.5511536002159119,,1099176.6666666667
447762,,3.0,1099180.8333333333
447775,0.5511536002159119,,1099212.380952381
447776,,0.0,1099215.119047619
447783,0.5511536002159119,,1099234.2857142857
447784,,0.0,1099237.0238095238
447796,0.5511536002159119,,1099269.880952381
447797,,0.0,1099272.619047619
447805,0.5511536002159119,,1099294.5238095238
447806,,0.0,1099297.261904762
447823,0.5511835813522339,,1099353.8461538462
447824,,3.0,1099357.6923076923
447836,0.5512135624885559,,1099403.8461538462
447837,,3.0,1099407.6923076923
447843,0.5512435436248779,,1099430.7692307692
447844,,3.0,1099434.6153846155
447859,0.5512735247612,,1099492.3076923077
447860,,3.0,1099496.1538461538
447874,0.551303505897522,,1099542.3076923077
447875,,3.0,1099546.1538461538
447888,0.551333487033844,,1099596.1538461538
447889,,3.0,1099600.0
447904,0.551363468170166,,1099657.6923076923
447905,,3.0,1099661.5384615385
447913,0.551393449306488,,1099692.3076923077
447914,,3.0,1099696.1538461538
447929,0.551393449306488,,1099750.608695652
447930,,0.0,1099754.8260869565
447940,0.551393449306488,,1099797.0
447941,,0.0,1099801.2173913044
447951,0.551393449306488,,1099843.391304348
447952,,0.0,1099847.608695652
447961,0.551393449306488,,1099885.5652173914
447962,,0.0,1099889.7826086956
447978,0.5514034628868103,,1099947.7333333334
447979,,1.0,1099951.8666666667
447986,0.5514134764671326,,1099980.8
447987,,1.0,1099984.9333333333
447997,0.5514234900474548,,1100026.2666666666
447998,,1.0,1100030.4
448008,0.5514335036277771,,1100071.7333333334
448009,,1.0,1100075.8666666667
448027,0.5514634847640991,,1100146.6666666667
448028,,3.0,1100151.111111111
448037,0.5514934659004211,,1100191.111111111
448038,,3.0,1100195.5555555555
448047,0.5515234470367432,,1100235.5555555555
448048,,3.0,1100240.0
448055,0.5515534281730652,,1100271.111111111
448056,,3.0,1100275.5555555555
448074,0.5515834093093872,,1100341.224489796
448075,,3.0,1100345.306122449
448087,0.5516133904457092,,1100394.2857142857
448088,,3.0,1100398.3673469387
448095,0.5516433715820312,,1100426.9387755103
448096,,3.0,1100431.0204081633
448106,0.5516733527183533,,1100471.836734694
448107,,3.0,1100475.918367347
448125,0.5517033338546753,,1100526.7857142857
448126,,3.0,1100529.9047619049
448135,0.5517333149909973,,1100557.9761904762
448136,,3.0,1100561.0952380951
448141,0.5517632961273193,,1100576.6904761905
448142,,3.0,1100579.8095238095
448150,0.5517932772636414,,1100604.761904762
448151,,3.0,1100607.880952381
448168,0.5518232583999634,,1100676.1162790698
448169,,3.0,1100680.7674418604
448180,0.5518532395362854,,1100731.9302325582
448181,,3.0,1100736.5813953488
448187,0.5518832206726074,,1100764.488372093
448188,,3.0,1100769.1395348837
448195,0.5519132018089294,,1100801.6976744186
448196,,3.0,1100806.3488372094
448217,0.5519232153892517,,1100865.0
448218,,1.0,1100868.0
448225,0.551933228969574,,1100889.0
448226,,1.0,1100892.0
448234,0.5519432425498962,,1100916.0
448235,,1.0,1100919.0
448248,0.5519532561302185,,1100958.0
448249,,1.0,1100961.0
448263,0.5519832372665405,,1101020.4102564103
448264,,3.0,1101025.5384615385
448273,0.5520132184028625,,1101071.6923076923
448274,,3.0,1101076.8205128205
448281,0.5520431995391846,,1101112.717948718
448282,,3.0,1101117.8461538462
448289,0.5520731806755066,,1101153.7435897435
448290,,3.0,1101158.8717948718
448306,0.5521031618118286,,1101221.7777777778
448307,,3.0,1101226.2222222222
448316,0.5521331429481506,,1101266.2222222222
448317,,3.0,1101270.6666666667
448324,0.5521631240844727,,1101301.7777777778
448325,,3.0,1101306.2222222222
448336,0.5521931052207947,,1101355.111111111
448337,,3.0,1101359.5555555555
448350,0.5522230863571167,,1101415.282051282
448351,,3.0,1101420.4102564103
448358,0.5522530674934387,,1101456.3076923077
448359,,3.0,1101461.435897436
448369,0.5522830486297607,,1101512.717948718
448370,,3.0,1101517.8461538462
448377,0.5523130297660828,,1101553.7435897435
448378,,3.0,1101558.8717948718
448392,0.5523430109024048,,1101615.1627906978
448393,,3.0,1101619.8139534884
448401,0.5523729920387268,,1101657.0232558139
448402,,3.0,1101661.6744186047
448413,0.5524029731750488,,1101712.8372093022
448414,,3.0,1101717.488372093
448422,0.5524329543113708,,1101754.6976744186
448423,,3.0,1101759.3488372094
448440,0.5524629354476929,,1101823.574468085
448441,,3.0,1101827.829787234
448448,0.5524929165840149,,1101857.6170212766
448449,,3.0,1101861.8723404256
448457,0.5525228977203369,,1101895.914893617
448458,,3.0,1101900.170212766
448471,0.5525528788566589,,1101955.4893617022
448472,,3.0,1101959.744680851
448483,0.552582859992981,,1102003.024390244
448484,,3.0,1102007.9024390243
448494,0.552612841129303,,1102056.6829268292
448495,,3.0,1102061.5609756098
448504,0.552642822265625,,1102105.463414634
448505,,3.0,1102110.3414634147
448514,0.552672803401947,,1102154.243902439
448515,,3.0,1102159.1219512196
448533,0.552702784538269,,1102224.0
448534,,3.0,1102228.0
448545,0.5527327656745911,,1102272.0
448546,,3.0,1102276.0
448556,0.5527627468109131,,1102316.0
448557,,3.0,1102320.0
448566,0.5527927279472351,,1102356.0
448567,,3.0,1102360.0
448582,0.5528227090835571,,1102427.1578947369
448583,,3.0,1102432.4210526317
448589,0.5528526902198792,,1102464.0
448590,,3.0,1102469.2631578948
448594,0.5528826713562012,,1102490.3157894737
448595,,3.0,1102495.5789473683
448606,0.5529126524925232,,1102553.4736842106
448607,,3.0,1102558.7368421052
448623,0.5529426336288452,,1102627.4146341463
448624,,3.0,1102632.2926829269
448631,0.5529726147651672,,1102666.4390243902
448632,,3.0,1102671.3170731708
448640,0.5530025959014893,,1102710.3414634147
448641,,3.0,1102715.219512195
448649,0.5530325770378113,,1102754.243902439
448650,,3.0,1102759.1219512196
448663,0.5530325770378113,,1102805.1363636365
448664,,0.0,1102809.25
448673,0.5530325770378113,,1102846.2727272727
448674,,0.0,1102850.3863636365
448687,0.5530325770378113,,1102903.8636363635
448688,,0.0,1102907.9772727273
448695,0.5530325770378113,,1102936.7727272727
448696,,0.0,1102940.8863636365
448714,0.5530625581741333,,1103008.829787234
448715,,3.0,1103013.085106383
448724,0.5530925393104553,,1103051.3829787234
448725,,3.0,1103055.6382978724
448732,0.5531225204467773,,1103085.425531915
448733,,3.0,1103089.680851064
448744,0.5531525015830994,,1103136.4893617022
448745,,3.0,1103140.744680851
448762,0.5531625151634216,,1103178.6538461538
448763,,1.0,1103181.0576923077
448771,0.5531725287437439,,1103200.2884615385
448772,,1.0,1103202.6923076923
448785,0.5531825423240662,,1103233.9423076923
448786,,1.0,1103236.3461538462
448798,0.5531925559043884,,1103265.1923076923
448799,,1.0,1103267.5961538462
448812,0.5532225370407104,,1103317.619047619
448813,,3.0,1103322.380952381
448823,0.5532525181770325,,1103370.0
448824,,3.0,1103374.761904762
448832,0.5532824993133545,,1103412.857142857
448833,,3.0,1103417.619047619
448842,0.5533124804496765,,1103460.4761904762
448843,,3.0,1103465.238095238
448857,0.5533224940299988,,1103512.4901960783
448858,,1.0,1103516.3529411764
448870,0.553332507610321,,1103562.705882353
448871,,1.0,1103566.568627451
448880,0.5533425211906433,,1103601.3333333333
448881,,1.0,1103605.1960784313
448895,0.5533525347709656,,1103659.2745098039
448896,,1.0,1103663.137254902
448911,0.5533825159072876,,1103727.0
448912,,3.0,1103732.0
448924,0.5534124970436096,,1103792.0
448925,,3.0,1103797.0
448929,0.5534424781799316,,1103817.0
448930,,3.0,1103822.0
448937,0.5534724593162537,,1103857.0
448938,,3.0,1103862.0
448956,0.5535024404525757,,1103936.7674418604
448957,,3.0,1103941.4186046512
448966,0.5535324215888977,,1103983.2790697673
448967,,3.0,1103987.9302325582
448975,0.5535624027252197,,1104025.1395348837
448976,,3.0,1104029.7906976745
448982,0.5535923838615417,,1104057.6976744186
448983,,3.0,1104062.3488372094
448991,0.5536223649978638,,1104089.7272727273
448992,,3.0,1104094.2727272727
449003,0.5536523461341858,,1104144.2727272727
449004,,3.0,1104148.8181818181
449014,0.5536823272705078,,1104194.2727272727
449015,,3.0,1104198.8181818181
449028,0.5537123084068298,,1104257.9090909092
449029,,3.0,1104262.4545454546
449048,0.5537422895431519,,1104333.6666666667
449049,,3.0,1104337.8333333333
449057,0.5537722706794739,,1104371.1666666667
449058,,3.0,1104375.3333333333
449070,0.5538022518157959,,1104425.3333333333
449071,,3.0,1104429.5
449078,0.5538322329521179,,1104458.6666666667
449079,,3.0,1104462.8333333333
449097,0.5538622140884399,,1104540.1707317072
449098,,3.0,1104545.0487804879
449105,0.553892195224762,,1104579.1951219512
449106,,3.0,1104584.0731707318
449113,0.553922176361084,,1104618.219512195
449114,,3.0,1104623.0975609757
449121,0.553952157497406,,1104657.243902439
449122,,3.0,1104662.1219512196
449141,0.553982138633728,,1104732.306122449
449142,,3.0,1104736.387755102
449150,0.55401211977005,,1104769.0408163266
449151,,3.0,1104773.1224489796
449160,0.5540421009063721,,1104809.857142857
449161,,3.0,1104813.9387755103
449172,0.5540720820426941,,1104858.836734694
449173,,3.0,1104862.918367347
449189,0.5541020631790161,,1104916.0566037735
449190,,3.0,1104919.8301886793
449199,0.5541320443153381,,1104953.7924528301
449200,,3.0,1104957.566037736
449212,0.5541620254516602,,1105002.8490566039
449213,,3.0,1105006.6226415094
449227,0.5541920065879822,,1105059.4528301887
449228,,3.0,1105063.2264150945
449243,0.5541920065879822,,1105085.1176470588
449244,,0.0,1105086.6274509805
449256,0.5541920065879822,,1105104.7450980393
449257,,0.0,1105106.2549019607
449268,0.5541920065879822,,1105122.862745098
449269,,0.0,1105124.3725490195
449280,0.5541920065879822,,1105140.9803921569
449281,,0.0,1105142.4901960783
449298,0.5542219877243042,,1105197.8461538462
449299,,3.0,1105201.6923076923
449312,0.5542519688606262,,1105251.6923076923
449313,,3.0,1105255.5384615385
449323,0.5542819499969482,,1105294.0
449324,,3.0,1105297.8461538462
449334,0.5543119311332703,,1105336.3076923077
449335,,3.0,1105340.1538461538
449344,0.5543119311332703,,1105357.5882352942
449345,,0.0,1105359.8529411764
449352,0.5543119311332703,,1105375.705882353
449353,,0.0,1105377.9705882352
449362,0.5543119311332703,,1105398.3529411764
449363,,0.0,1105400.6176470588
449370,0.5543119311332703,,1105416.4705882352
449371,,0.0,1105418.7352941176
449384,0.5543419122695923,,1105471.0
449385,,3.0,1105476.0
449393,0.5543718934059143,,1105516.0
449394,,3.0,1105521.0
449401,0.5544018745422363,,1105556.0
449402,,3.0,1105561.0
449412,0.5544318556785583,,1105611.0
449413,,3.0,1105616.0
449427,0.5544618368148804,,1105671.0
449428,,3.0,1105675.5454545454
449439,0.5544918179512024,,1105725.5454545454
449440,,3.0,1105730.0909090908
449451,0.5545217990875244,,1105780.0909090908
449452,,3.0,1105784.6363636365
449458,0.5545517802238464,,1105811.9090909092
449459,,3.0,1105816.4545454546
449475,0.5545817613601685,,1105873.0
449476,,3.0,1105877.0
449486,0.5546117424964905,,1105917.0
449487,,3.0,1105921.0
449498,0.5546417236328125,,1105965.0
449499,,3.0,1105969.0
449510,0.5546717047691345,,1106013.0
449511,,3.0,1106017.0
449527,0.5547016859054565,,1106073.0
449528,,3.0,1106077.0
449536,0.5547316670417786,,1106109.0
449537,,3.0,1106113.0
449547,0.5547616481781006,,1106153.0
449548,,3.0,1106157.0
449562,0.5547916293144226,,1106213.0
449563,,3.0,1106217.0
449579,0.5548216104507446,,1106278.7777777778
449580,,3.0,1106283.2222222222
449591,0.5548515915870667,,1106332.111111111
449592,,3.0,1106336.5555555555
449599,0.5548815727233887,,1106367.6666666667
449600,,3.0,1106372.111111111
449609,0.5549115538597107,,1106412.111111111
449610,,3.0,1106416.5555555555
449629,0.5549415349960327,,1106490.5652173914
449630,,3.0,1106494.9130434783
449637,0.5549715161323547,,1106525.347826087
449638,,3.0,1106529.6956521738
449646,0.5550014972686768,,1106564.4782608696
449647,,3.0,1106568.8260869565
449657,0.5550314784049988,,1106612.3043478262
449658,,3.0,1106616.652173913
449670,0.5550614595413208,,1106667.1538461538
449671,,3.0,1106672.282051282
449681,0.5550914406776428,,1106723.564102564
449682,,3.0,1106728.6923076923
449689,0.5551214218139648,,1106764.5897435897
449690,,3.0,1106769.717948718
449698,0.5551514029502869,,1106810.7435897435
449699,,3.0,1106815.8717948718
449711,0.5551514029502869,,1106867.8
449712,,0.0,1106873.0
449717,0.5551514029502869,,1106899.0
449718,,0.0,1106904.2
449726,0.5551514029502869,,1106945.8
449727,,0.0,1106951.0
449735,0.5551514029502869,,1106992.6
449736,,0.0,1106997.8
449752,0.5551813840866089,,1107060.7777777778
449753,,3.0,1107065.2222222222
449763,0.5552113652229309,,1107109.6666666667
449764,,3.0,1107114.111111111
449775,0.5552413463592529,,1107163.0
449776,,3.0,1107167.4444444445
449782,0.555271327495575,,1107194.111111111
449783,,3.0,1107198.5555555555
449796,0.555271327495575,,1107230.380952381
449797,,0.0,1107233.119047619
449805,0.555271327495575,,1107255.0238095238
449806,,0.0,1107257.761904762
449816,0.555271327495575,,1107285.142857143
449817,,0.0,1107287.880952381
449826,0.555271327495575,,1107312.5238095238
449827,,0.0,1107315.261904762
449843,0.555301308631897,,1107373.319148936
449844,,3.0,1107377.574468085
449857,0.555331289768219,,1107432.8936170214
449858,,3.0,1107437.1489361702
449867,0.555361270904541,,1107475.4468085107
449868,,3.0,1107479.7021276595
449875,0.555391252040863,,1107509.4893617022
449876,,3.0,1107513.744680851
449888,0.5554212331771851,,1107565.3684210526
449889,,3.0,1107570.6315789474
449895,0.5554512143135071,,1107602.2105263157
449896,,3.0,1107607.4736842106
449905,0.5554811954498291,,1107654.8421052631
449906,,3.0,1107660.105263158
449915,0.5555111765861511,,1107707.4736842106
449916,,3.0,1107712.7368421052
449932,0.5555411577224731,,1107784.6666666667
449933,,3.0,1107789.7948717948
449941,0.5555711388587952,,1107830.8205128205
449942,,3.0,1107835.9487179487
449949,0.5556011199951172,,1107871.8461538462
449950,,3.0,1107876.9743589743
449956,0.5556311011314392,,1107907.7435897435
449957,,3.0,1107912.8717948718
449968,0.5556610822677612,,1107955.2093023255
449969,,3.0,1107959.8604651163
449982,0.5556910634040833,,1108020.3255813953
449983,,3.0,1108024.9767441861
449991,0.5557210445404053,,1108062.1860465116
449992,,3.0,1108066.8372093022
450001,0.5557510256767273,,1108108.6976744186
450002,,3.0,1108113.3488372094
450014,0.5557810068130493,,1108163.0
450015,,3.0,1108168.0
450026,0.5558109879493713,,1108223.0
450027,,3.0,1108228.0
450036,0.5558409690856934,,1108273.0
450037,,3.0,1108278.0
450043,0.5558709502220154,,1108308.0
450044,,3.0,1108313.0
450058,0.5559009313583374,,1108374.4102564103
450059,,3.0,1108379.5384615385
450065,0.5559309124946594,,1108410.3076923077
450066,,3.0,1108415.435897436
450076,0.5559608936309814,,1108466.717948718
450077,,3.0,1108471.8461538462
450084,0.5559908747673035,,1108507.7435897435
450085,,3.0,1108512.8717948718
450102,0.5560208559036255,,1108581.6363636365
450103,,3.0,1108586.1818181819
450111,0.5560508370399475,,1108622.5454545454
450112,,3.0,1108627.0909090908
450121,0.5560808181762695,,1108668.0
450122,,3.0,1108672.5454545454
450130,0.5561107993125916,,1108708.9090909092
450131,,3.0,1108713.4545454546
450150,0.5561407804489136,,1108777.2592592593
450151,,3.0,1108780.962962963
450164,0.5561707615852356,,1108829.111111111
450165,,3.0,1108832.8148148148
450175,0.5562007427215576,,1108869.851851852
450176,,3.0,1108873.5555555555
450186,0.5562307238578796,,1108910.5925925926
450187,,3.0,1108914.2962962964
450195,0.5562607049942017,,1108946.5714285714
450196,,3.0,1108952.2857142857
450203,0.5562906861305237,,1108992.2857142857
450204,,3.0,1108998.0
450216,0.5563206672668457,,1109066.5714285714
450217,,3.0,1109072.2857142857
450223,0.5563506484031677,,1109106.5714285714
450224,,3.0,1109112.2857142857
450236,0.5563806295394897,,1109154.0
450237,,3.0,1109158.0
450248,0.5564106106758118,,1109202.0
450249,,3.0,1109206.0
450259,0.5564405918121338,,1109246.0
450260,,3.0,1109250.0
450275,0.5564705729484558,,1109310.0
450276,,3.0,1109314.0
450293,0.5565005540847778,,1109377.574468085
450294,,3.0,1109381.829787234
450305,0.5565305352210999,,1109428.6382978724
450306,,3.0,1109432.8936170214
450317,0.5565605163574219,,1109479.7021276595
450318,,3.0,1109483.9574468085
450324,0.5565904974937439,,1109509.4893617022
450325,,3.0,1109513.744680851
450336,0.5566204786300659,,1109553.5555555555
450337,,3.0,1109558.0
450351,0.5566504597663879,,1109620.2222222222
450352,,3.0,1109624.6666666667
450360,0.55668044090271,,1109660.2222222222
450361,,3.0,1109664.6666666667
450371,0.556710422039032,,1109709.111111111
450372,,3.0,1109713.5555555555
450385,0.556740403175354,,1109769.282051282
450386,,3.0,1109774.4102564103
450395,0.556770384311676,,1109820.564102564
450396,,3.0,1109825.6923076923
450401,0.556800365447998,,1109851.3333333333
450402,,3.0,1109856.4615384615
450412,0.5568303465843201,,1109907.7435897435
450413,,3.0,1109912.8717948718
450428,0.5568603277206421,,1109976.536585366
450429,,3.0,1109981.4146341463
450437,0.5568903088569641,,1110020.4390243902
450438,,3.0,1110025.3170731708
450444,0.5569202899932861,,1110054.5853658537
450445,,3.0,1110059.463414634
450455,0.5569502711296082,,1110108.243902439
450456,,3.0,1110113.1219512196
450468,0.5569802522659302,,1110163.0
450469,,3.0,1110168.0
450477,0.5570102334022522,,1110208.0
450478,,3.0,1110213.0
450490,0.5570402145385742,,1110273.0
450491,,3.0,1110278.0
450497,0.5570701956748962,,1110308.0
450498,,3.0,1110313.0
450516,0.5571001768112183,,1110374.6037735848
450517,,3.0,1110378.3773584906
450528,0.5571301579475403,,1110419.8867924528
450529,,3.0,1110423.6603773586
450541,0.5571601390838623,,1110468.9433962265
450542,,3.0,1110472.716981132
450552,0.5571901202201843,,1110510.4528301887
450553,,3.0,1110514.2264150945
450570,0.5572201013565063,,1110574.0
450571,,3.0,1110578.0
450582,0.5572500824928284,,1110622.0
450583,,3.0,1110626.0
450591,0.5572800636291504,,1110658.0
450592,,3.0,1110662.0
450604,0.5573100447654724,,1110710.0
450605,,3.0,1110714.0
450619,0.5573400259017944,,1110769.1627906978
450620,,3.0,1110773.8139534884
450627,0.5573700070381165,,1110806.3720930233
450628,,3.0,1110811.0232558139
450638,0.5573999881744385,,1110857.534883721
450639,,3.0,1110862.1860465116
450649,0.5574299693107605,,1110908.6976744186
450650,,3.0,1110913.3488372094
450660,0.5574599504470825,,1110959.1764705882
450661,,3.0,1110965.0588235294
450668,0.5574899315834045,,1111006.2352941176
450669,,3.0,1111012.1176470588
450676,0.5575199127197266,,1111053.294117647
450677,,3.0,1111059.1764705882
450685,0.5575498938560486,,1111106.2352941176
450686,,3.0,1111112.1176470588
450700,0.5575798749923706,,1111170.380952381
450701,,3.0,1111175.142857143
450714,0.5576098561286926,,1111237.0476190476
450715,,3.0,1111241.8095238095
450720,0.5576398372650146,,1111265.619047619
450721,,3.0,1111270.380952381
450729,0.5576698184013367,,1111308.4761904762
450730,,3.0,1111313.238095238
450745,0.5576997995376587,,1111372.5454545454
450746,,3.0,1111377.0909090908
450752,0.5577297806739807,,1111404.3636363635
450753,,3.0,1111408.9090909092
450761,0.5577597618103027,,1111445.2727272727
450762,,3.0,1111449.8181818181
450775,0.5577897429466248,,1111508.9090909092
450776,,3.0,1111513.4545454546
450797,0.5578197240829468,,1111582.2857142857
450798,,3.0,1111585.857142857
450810,0.5578497052192688,,1111628.7142857143
450811,,3.0,1111632.2857142857
450820,0.5578796863555908,,1111664.4285714286
450821,,3.0,1111668.0
450833,0.5579096674919128,,1111710.857142857
450834,,3.0,1111714.4285714286
450849,0.5579396486282349,,1111775.142857143
450850,,3.0,1111779.9047619049
450856,0.5579696297645569,,1111808.4761904762
450857,,3.0,1111813.238095238
450868,0.5579996109008789,,1111865.619047619
450869,,3.0,1111870.380952381
450877,0.5580295920372009,,1111908.4761904762
450878,,3.0,1111913.238095238
450888,0.558059573173523,,1111953.0
450889,,3.0,1111958.0
450898,0.558089554309845,,1112003.0
450899,,3.0,1112008.0
450909,0.558119535446167,,1112058.0
450910,,3.0,1112063.0
450919,0.558149516582489,,1112108.0
450920,,3.0,1112113.0
450938,0.558179497718811,,1112180.5
450939,,3.0,1112184.6666666667
450949,0.5582094788551331,,1112226.3333333333
450950,,3.0,1112230.5
450959,0.5582394599914551,,1112268.0
450960,,3.0,1112272.1666666667
450969,0.5582694411277771,,1112309.6666666667
450970,,3.0,1112313.8333333333
450985,0.5582994222640991,,1112370.1739130435
450986,,3.0,1112374.5217391304
450997,0.5583294034004211,,1112422.347826087
450998,,3.0,1112426.6956521738
451007,0.5583593845367432,,1112465.8260869565
451008,,3.0,1112470.1739130435
451017,0.5583893656730652,,1112509.3043478262
451018,,3.0,1112513.652173913
451034,0.5584193468093872,,1112577.0909090908
451035,,3.0,1112581.6363636365
451041,0.5584493279457092,,1112608.9090909092
451042,,3.0,1112613.4545454546
451053,0.5584793090820312,,1112663.4545454546
451054,,3.0,1112668.0
451063,0.5585092902183533,,1112708.9090909092
451064,,3.0,1112713.4545454546
451081,0.5585392713546753,,1112781.6363636365
451082,,3.0,1112786.1818181819
451091,0.5585692524909973,,1112827.0909090908
451092,,3.0,1112831.6363636365
451102,0.5585992336273193,,1112877.0909090908
451103,,3.0,1112881.6363636365
451109,0.5586292147636414,,1112908.9090909092
451110,,3.0,1112913.4545454546
451126,0.5586292147636414,,1112963.3859649124
451127,,0.0,1112966.8771929825
451142,0.5586292147636414,,1113019.245614035
451143,,0.0,1113022.7368421052
451156,0.5586292147636414,,1113068.1228070175
451157,,0.0,1113071.6140350876
451168,0.5586292147636414,,1113110.0175438595
451169,,0.0,1113113.50877193
451182,0.5586591958999634,,1113164.619047619
451183,,3.0,1113169.380952381
451190,0.5586891770362854,,1113202.7142857143
451191,,3.0,1113207.4761904762
451203,0.5587191581726074,,1113264.619047619
451204,,3.0,1113269.380952381
451212,0.5587491393089294,,1113307.4761904762
451213,,3.0,1113312.238095238
451227,0.5587791204452515,,1113363.8085106383
451228,,3.0,1113368.0638297873
451244,0.5588091015815735,,1113436.1489361702
451245,,3.0,1113440.4042553192
451254,0.5588390827178955,,1113478.7021276595
451255,,3.0,1113482.9574468085
451261,0.5588690638542175,,1113508.4893617022
451262,,3.0,1113512.744680851
451274,0.5588990449905396,,1113562.0
451275,,3.0,1113567.0
451284,0.5589290261268616,,1113612.0
451285,,3.0,1113617.0
451294,0.5589590072631836,,1113662.0
451295,,3.0,1113667.0
451303,0.5589889883995056,,1113707.0
451304,,3.0,1113712.0
451320,0.5590189695358276,,1113776.0909090908
451321,,3.0,1113780.6363636365
451328,0.5590489506721497,,1113812.4545454546
451329,,3.0,1113817.0
451338,0.5590789318084717,,1113857.9090909092
451339,,3.0,1113862.4545454546
451349,0.5591089129447937,,1113907.9090909092
451350,,3.0,1113912.4545454546
451364,0.5591388940811157,,1113963.8085106383
451365,,3.0,1113968.0638297873
451377,0.5591688752174377,,1114019.1276595744
451378,,3.0,1114023.3829787234
451388,0.5591988563537598,,1114065.9361702127
451389,,3.0,1114070.1914893617
451398,0.5592288374900818,,1114108.4893617022
451399,,3.0,1114112.744680851
451414,0.5592588186264038,,1114164.0588235294
451415,,3.0,1114167.9803921569
451426,0.5592887997627258,,1114211.1176470588
451427,,3.0,1114215.0392156863
451439,0.5593187808990479,,1114262.0980392157
451440,,3.0,1114266.0196078431
451451,0.5593487620353699,,1114309.156862745
451452,,3.0,1114313.0784313725
451468,0.5593787431716919,,1114370.0612244897
451469,,3.0,1114374.142857143
451479,0.5594087243080139,,1114414.9591836734
451480,,3.0,1114419.0408163266
451488,0.5594387054443359,,1114451.693877551
451489,,3.0,1114455.775510204
451502,0.559468686580658,,1114508.836734694
451503,,3.0,1114512.918367347
451517,0.55949866771698,,1114561.0
451518,,3.0,1114565.0
451525,0.559528648853302,,1114593.0
451526,,3.0,1114597.0
451541,0.559558629989624,,1114657.0
451542,,3.0,1114661.0
451554,0.559588611125946,,1114709.0
451555,,3.0,1114713.0
451572,0.5596185922622681,,1114774.142857143
451573,,3.0,1114778.224489796
451585,0.5596485733985901,,1114827.2040816327
451586,,3.0,1114831.2857142857
451592,0.5596785545349121,,1114855.775510204
451593,,3.0,1114859.857142857
451605,0.5597085356712341,,1114908.836734694
451606,,3.0,1114912.918367347
451626,0.5597385168075562,,1114990.9130434783
451627,,3.0,1114995.2608695652
451634,0.5597684979438782,,1115025.6956521738
451635,,3.0,1115030.043478261
451641,0.5597984790802002,,1115056.1304347827
451642,,3.0,1115060.4782608696
451653,0.5598284602165222,,1115108.3043478262
451654,,3.0,1115112.652173913
451674,0.5598584413528442,,1115194.2727272727
451675,,3.0,1115198.8181818181
451680,0.5598884224891663,,1115221.5454545454
451681,,3.0,1115226.0909090908
451691,0.5599184036254883,,1115271.5454545454
451692,,3.0,1115276.0909090908
451699,0.5599483847618103,,1115307.9090909092
451700,,3.0,1115312.4545454546
451712,0.5599483847618103,,1115352.5135135136
451713,,0.0,1115356.4594594594
451719,0.5599483847618103,,1115380.1351351351
451720,,0.0,1115384.0810810812
451726,0.5599483847618103,,1115407.7567567567
451727,,0.0,1115411.7027027027
451738,0.5599483847618103,,1115455.1081081082
451739,,0.0,1115459.054054054
451764,0.5599783658981323,,1115547.6153846155
451765,,3.0,1115551.4615384615
451774,0.5600083470344543,,1115586.076923077
451775,,3.0,1115589.923076923
451785,0.5600383281707764,,1115628.3846153845
451786,,3.0,1115632.2307692308
451792,0.5600683093070984,,1115655.3076923077
451793,,3.0,1115659.1538461538
451809,0.5600982904434204,,1115721.953488372
451810,,3.0,1115726.488372093
451816,0.5601282715797424,,1115753.6976744186
451817,,3.0,1115758.2325581396
451826,0.5601582527160645,,1115799.046511628
451827,,3.0,1115803.5813953488
451837,0.5601882338523865,,1115848.9302325582
451838,,3.0,1115853.465116279
451851,0.5602182149887085,,1115899.6666666667
451852,,3.0,1115903.8333333333
451864,0.5602481961250305,,1115953.8333333333
451865,,3.0,1115958.0
451876,0.5602781772613525,,1116003.8333333333
451877,,3.0,1116008.0
451887,0.5603081583976746,,1116049.6666666667
451888,,3.0,1116053.8333333333
451907,0.5603381395339966,,1116119.5384615385
451908,,3.0,1116123.3846153845
451915,0.5603681206703186,,1116150.3076923077
451916,,3.0,1116154.1538461538
451928,0.5603981018066406,,1116200.3076923077
451929,,3.0,1116204.1538461538
451941,0.5604280829429626,,1116250.3076923077
451942,,3.0,1116254.1538461538
451958,0.5604580640792847,,1116318.465116279
451959,,3.0,1116323.1162790698
451967,0.5604880452156067,,1116360.3255813953
451968,,3.0,1116364.9767441861
451977,0.5605180263519287,,1116406.8372093022
451978,,3.0,1116411.488372093
451986,0.5605480074882507,,1116448.6976744186
451987,,3.0,1116453.3488372094
452000,0.560558021068573,,1116495.8378378379
452001,,1.0,1116499.6216216215
452007,0.5605680346488953,,1116522.3243243243
452008,,1.0,1116526.1081081082
452018,0.5605780482292175,,1116563.945945946
452019,,1.0,1116567.7297297297
452025,0.5605880618095398,,1116590.4324324324
452026,,1.0,1116594.2162162163
452039,0.5606180429458618,,1116642.4444444445
452040,,3.0,1116646.888888889
452054,0.5606480240821838,,1116709.111111111
452055,,3.0,1116713.5555555555
452061,0.5606780052185059,,1116740.2222222222
452062,,3.0,1116744.6666666667
452072,0.5607079863548279,,1116789.111111111
452073,,3.0,1116793.5555555555
452089,0.5607379674911499,,1116852.1666666667
452090,,3.0,1116856.3333333333
452098,0.5607679486274719,,1116889.6666666667
452099,,3.0,1116893.8333333333
452113,0.560797929763794,,1116952.1666666667
452114,,3.0,1116956.3333333333
452122,0.560827910900116,,1116989.6666666667
452123,,3.0,1116993.8333333333
452140,0.560857892036438,,1117051.8461538462
452141,,3.0,1117055.6923076923
452155,0.56088787317276,,1117109.5384615385
452156,,3.0,1117113.3846153845
452165,0.560917854309082,,1117148.0
452166,,3.0,1117151.8461538462
452176,0.560947835445404,,1117190.3076923077
452177,,3.0,1117194.1538461538
452188,0.5609578490257263,,1117224.3636363635
452189,,1.0,1117227.6590909092
452197,0.5609678626060486,,1117254.0227272727
452198,,1.0,1117257.3181818181
452212,0.5609778761863708,,1117303.4545454546
452213,,1.0,1117306.75
452222,0.5609878897666931,,1117336.4090909092
452223,,1.0,1117339.7045454546
452240,0.5610178709030151,,1117401.3333333333
452241,,3.0,1117405.5
452251,0.5610478520393372,,1117447.1666666667
452252,,3.0,1117451.3333333333
452260,0.5610778331756592,,1117484.6666666667
452261,,3.0,1117488.8333333333
452272,0.5611078143119812,,1117534.6666666667
452273,,3.0,1117538.8333333333
452289,0.5611377954483032,,1117600.7777777778
452290,,3.0,1117605.2222222222
452295,0.5611677765846252,,1117627.4444444445
452296,,3.0,1117631.888888889
452308,0.5611977577209473,,1117685.2222222222
452309,,3.0,1117689.6666666667
452319,0.5612277388572693,,1117734.111111111
452320,,3.0,1117738.5555555555
452337,0.5612277388572693,,1117808.0
452338,,0.0,1117812.642857143
452348,0.5612277388572693,,1117859.0714285714
452349,,0.0,1117863.7142857143
452358,0.5612277388572693,,1117905.5
452359,,0.0,1117910.142857143
452363,0.5612277388572693,,1117928.7142857143
452364,,0.0,1117933.357142857
452381,0.5612577199935913,,1118004.6666666667
452382,,3.0,1118009.4285714286
452386,0.5612877011299133,,1118028.4761904762
452387,,3.0,1118033.238095238
452397,0.5613176822662354,,1118080.857142857
452398,,3.0,1118085.619047619
452407,0.5613476634025574,,1118128.4761904762
452408,,3.0,1118133.238095238
452425,0.5613776445388794,,1118197.574468085
452426,,3.0,1118201.829787234
452441,0.5614076256752014,,1118265.6595744682
452442,,3.0,1118269.914893617
452448,0.5614376068115234,,1118295.4468085107
452449,,3.0,1118299.7021276595
452456,0.5614675879478455,,1118329.4893617022
452457,,3.0,1118333.744680851
452477,0.5614975690841675,,1118406.0
452478,,3.0,1118410.0
452487,0.5615275502204895,,1118446.0
452488,,3.0,1118450.0
452499,0.5615575313568115,,1118494.0
452500,,3.0,1118498.0
452508,0.5615875124931335,,1118530.0
452509,,3.0,1118534.0
452522,0.5615875124931335,,1118564.3829787234
452523,,0.0,1118567.0212765958
452535,0.5615875124931335,,1118598.680851064
452536,,0.0,1118601.319148936
452545,0.5615875124931335,,1118625.0638297873
452546,,0.0,1118627.7021276595
452557,0.5615875124931335,,1118656.7234042552
452558,,0.0,1118659.3617021276
452573,0.5616174936294556,,1118722.0
452574,,3.0,1118727.0
452584,0.5616474747657776,,1118777.0
452585,,3.0,1118782.0
452592,0.5616774559020996,,1118817.0
452593,,3.0,1118822.0
452599,0.5617074370384216,,1118852.0
452600,,3.0,1118857.0
452613,0.5617074370384216,,1118889.5
452614,,0.0,1118892.25
452621,0.5617074370384216,,1118911.5
452622,,0.0,1118914.25
452632,0.5617074370384216,,1118941.75
452633,,0.0,1118944.5
452645,0.5617074370384216,,1118977.5
452646,,0.0,1118980.25
452664,0.5617074370384216,,1119023.0
452665,,0.0,1119025.6666666667
452674,0.5617074370384216,,1119049.6666666667
452675,,0.0,1119052.3333333333
452682,0.5617074370384216,,1119071.0
452683,,0.0,1119073.6666666667
452692,0.5617074370384216,,1119097.6666666667
452693,,0.0,1119100.3333333333
452711,0.5617374181747437,,1119160.6923076923
452712,,3.0,1119164.5384615385
452724,0.5617673993110657,,1119210.6923076923
452725,,3.0,1119214.5384615385
452733,0.5617973804473877,,1119245.3076923077
452734,,3.0,1119249.1538461538
452746,0.5618273615837097,,1119295.3076923077
452747,,3.0,1119299.1538461538
452760,0.5618573427200317,,1119345.5531914893
452761,,3.0,1119349.8085106383
452773,0.5618873238563538,,1119400.8723404256
452774,,3.0,1119405.1276595744
452785,0.5619173049926758,,1119451.9361702127
452786,,3.0,1119456.1914893617
452795,0.5619472861289978,,1119494.4893617022
452796,,3.0,1119498.744680851
452811,0.5619772672653198,,1119555.1739130435
452812,,3.0,1119559.5217391304
452820,0.5620072484016418,,1119594.3043478262
452821,,3.0,1119598.652173913
452830,0.5620372295379639,,1119637.7826086956
452831,,3.0,1119642.1304347827
452843,0.5620672106742859,,1119694.3043478262
452844,,3.0,1119698.652173913
452858,0.5620672106742859,,1119746.2325581396
452859,,0.0,1119750.1627906978
452868,0.5620672106742859,,1119785.534883721
452869,,0.0,1119789.465116279
452881,0.5620672106742859,,1119836.6279069767
452882,,0.0,1119840.558139535
452888,0.5620672106742859,,1119864.1395348837
452889,,0.0,1119868.0697674418
452907,0.5620971918106079,,1119945.1707317072
452908,,3.0,1119950.0487804879
452915,0.5621271729469299,,1119984.1951219512
452916,,3.0,1119989.0731707318
452923,0.562157154083252,,1120023.219512195
452924,,3.0,1120028.0975609757
452931,0.562187135219574,,1120062.243902439
452932,,3.0,1120067.1219512196
452948,0.562187135219574,,1120134.2631578948
452949,,0.0,1120139.0526315789
452956,0.562187135219574,,1120172.5789473683
452957,,0.0,1120177.3684210526
452963,0.562187135219574,,1120206.105263158
452964,,0.0,1120210.894736842
452971,0.562187135219574,,1120244.4210526317
452972,,0.0,1120249.2105263157
452986,0.5621971487998962,,1120302.2926829269
452987,,1.0,1120306.6829268292
452995,0.5622071623802185,,1120341.8048780488
452996,,1.0,1120346.1951219512
453004,0.5622171759605408,,1120381.3170731708
453005,,1.0,1120385.7073170731
453014,0.562227189540863,,1120425.219512195
453015,,1.0,1120429.6097560977
453032,0.562227189540863,,1120472.1818181819
453033,,0.0,1120474.9090909092
453042,0.562227189540863,,1120499.4545454546
453043,,0.0,1120502.1818181819
453049,0.562227189540863,,1120518.5454545454
453050,,0.0,1120521.2727272727
453060,0.562227189540863,,1120548.5454545454
453061,,0.0,1120551.2727272727
453077,0.5622571706771851,,1120613.0909090908
453078,,3.0,1120617.6363636365
453085,0.5622871518135071,,1120649.4545454546
453086,,3.0,1120654.0
453093,0.5623171329498291,,1120685.8181818181
453094,,3.0,1120690.3636363635
453106,0.5623471140861511,,1120744.9090909092
453107,,3.0,1120749.4545454546
453119,0.5623471140861511,,1120790.4615384615
453120,,0.0,1120794.5128205128
453130,0.5623471140861511,,1120835.0256410257
453131,,0.0,1120839.076923077
453139,0.5623471140861511,,1120871.4871794872
453140,,0.0,1120875.5384615385
453147,0.5623471140861511,,1120903.8974358975
453148,,0.0,1120907.9487179487
453159,0.5623471140861511,,1120933.0909090908
453160,,0.0,1120935.7272727273
453171,0.5623471140861511,,1120964.7272727273
453172,,0.0,1120967.3636363635
453182,0.5623471140861511,,1120993.7272727273
453183,,0.0,1120996.3636363635
453193,0.5623471140861511,,1121022.7272727273
453194,,0.0,1121025.3636363635
453206,0.5623471140861511,,1121051.8695652173
453207,,0.0,1121054.5217391304
453214,0.5623471140861511,,1121073.0869565217
453215,,0.0,1121075.7391304348
453225,0.5623471140861511,,1121102.2608695652
453226,,0.0,1121104.9130434783
453241,0.5623471140861511,,1121144.6956521738
453242,,0.0,1121147.347826087
453255,0.5623471140861511,,1121181.8421052631
453256,,0.0,1121185.0263157894
453263,0.5623471140861511,,1121207.3157894737
453264,,0.0,1121210.5
453273,0.5623471140861511,,1121239.1578947369
453274,,0.0,1121242.3421052631
453281,0.5623471140861511,,1121264.6315789474
453282,,0.0,1121267.8157894737
453301,0.5623770952224731,,1121335.0
453302,,3.0,1121339.0
453311,0.5624070763587952,,1121375.0
453312,,3.0,1121379.0
453319,0.5624370574951172,,1121407.0
453320,,3.0,1121411.0
453333,0.5624670386314392,,1121463.0
453334,,3.0,1121467.0
453346,0.5624670386314392,,1121516.4864864864
453347,,0.0,1121521.5405405406
453357,0.5624670386314392,,1121572.0810810812
453358,,0.0,1121577.1351351351
453365,0.5624670386314392,,1121612.5135135136
453366,,0.0,1121617.5675675676
453372,0.5624670386314392,,1121647.8918918918
453373,,0.0,1121652.945945946
453391,0.5624670386314392,,1121704.3043478262
453392,,0.0,1121707.391304348
453396,0.5624670386314392,,1121719.7391304348
453397,,0.0,1121722.8260869565
453406,0.5624670386314392,,1121750.608695652
453407,,0.0,1121753.6956521738
453420,0.5624670386314392,,1121793.8260869565
453421,,0.0,1121796.9130434783
453435,0.5624670386314392,,1121847.025
453436,,0.0,1121851.3
453444,0.5624670386314392,,1121885.5
453445,,0.0,1121889.775
453455,0.5624670386314392,,1121932.525
453456,,0.0,1121936.8
453462,0.5624670386314392,,1121962.45
453463,,0.0,1121966.725
453477,0.5624970197677612,,1122018.8260869565
453478,,3.0,1122023.1739130435
453490,0.5625270009040833,,1122075.347826087
453491,,3.0,1122079.6956521738
453502,0.5625569820404053,,1122127.5217391304
453503,,3.0,1122131.8695652173
453510,0.5625869631767273,,1122162.3043478262
453511,,3.0,1122166.652173913
453523,0.5626169443130493,,1122214.9024390243
453524,,3.0,1122219.780487805
453532,0.5626469254493713,,1122258.8048780488
453533,,3.0,1122263.6829268292
453542,0.5626769065856934,,1122307.5853658537
453543,,3.0,1122312.463414634
453553,0.5627068877220154,,1122361.243902439
453554,,3.0,1122366.1219512196
453572,0.5627169013023376,,1122409.6170212766
453573,,1.0,1122412.1914893617
453582,0.5627269148826599,,1122435.3617021276
453583,,1.0,1122437.9361702127
453594,0.5627369284629822,,1122466.255319149
453595,,1.0,1122468.829787234
453602,0.5627469420433044,,1122486.8510638298
453603,,1.0,1122489.425531915
453619,0.5627769231796265,,1122558.6666666667
453620,,3.0,1122563.7948717948
453626,0.5628069043159485,,1122594.564102564
453627,,3.0,1122599.6923076923
453635,0.5628368854522705,,1122640.717948718
453636,,3.0,1122645.8461538462
453643,0.5628668665885925,,1122681.7435897435
453644,,3.0,1122686.8717948718
453658,0.5628968477249146,,1122747.0
453659,,3.0,1122752.0
453669,0.5629268288612366,,1122802.0
453670,,3.0,1122807.0
453677,0.5629568099975586,,1122842.0
453678,,3.0,1122847.0
453685,0.5629867911338806,,1122882.0
453686,,3.0,1122887.0
453702,0.5630167722702026,,1122946.1666666667
453703,,3.0,1122950.3333333333
453715,0.5630467534065247,,1123000.3333333333
453716,,3.0,1123004.5
453724,0.5630767345428467,,1123037.8333333333
453725,,3.0,1123042.0
453735,0.5631067156791687,,1123083.6666666667
453736,,3.0,1123087.8333333333
453749,0.5631366968154907,,1123136.4444444445
453750,,3.0,1123140.888888889
453760,0.5631666779518127,,1123185.3333333333
453761,,3.0,1123189.7777777778
453770,0.5631966590881348,,1123229.7777777778
453771,,3.0,1123234.2222222222
453782,0.5632266402244568,,1123283.111111111
453783,,3.0,1123287.5555555555
453798,0.5632566213607788,,1123343.0638297873
453799,,3.0,1123347.319148936
453807,0.5632866024971008,,1123381.3617021276
453808,,3.0,1123385.6170212766
453819,0.5633165836334229,,1123432.425531915
453820,,3.0,1123436.680851064
453831,0.5633465647697449,,1123483.4893617022
453832,,3.0,1123487.744680851
453850,0.5633765459060669,,1123554.5
453851,,3.0,1123558.6666666667
453863,0.5634065270423889,,1123608.6666666667
453864,,3.0,1123612.8333333333
453872,0.5634365081787109,,1123646.1666666667
453873,,3.0,1123650.3333333333
453881,0.563466489315033,,1123683.6666666667
453882,,3.0,1123687.8333333333
453897,0.563496470451355,,1123744.1739130435
453898,,3.0,1123748.5217391304
453905,0.563526451587677,,1123778.956521739
453906,,3.0,1123783.3043478262
453915,0.563556432723999,,1123822.4347826086
453916,,3.0,1123826.7826086956
453929,0.563586413860321,,1123883.3043478262
453930,,3.0,1123887.652173913
453942,0.563586413860321,,1123933.8604651163
453943,,0.0,1123938.511627907
453953,0.563586413860321,,1123985.0232558139
453954,,0.0,1123989.6744186047
453962,0.563586413860321,,1124026.8837209302
453963,,0.0,1124031.534883721
453974,0.563586413860321,,1124082.6976744186
453975,,0.0,1124087.3488372094
453985,0.5636163949966431,,1124127.0
453986,,3.0,1124132.0
453997,0.5636463761329651,,1124187.0
453998,,3.0,1124192.0
454008,0.5636763572692871,,1124242.0
454009,,3.0,1124247.0
454016,0.5637063384056091,,1124282.0
454017,,3.0,1124287.0
454032,0.5637363195419312,,1124336.4444444445
454033,,3.0,1124340.148148148
454039,0.5637663006782532,,1124362.3703703703
454040,,3.0,1124366.0740740742
454054,0.5637962818145752,,1124417.9259259258
454055,,3.0,1124421.6296296297
454072,0.5638262629508972,,1124484.5925925926
454073,,3.0,1124488.2962962964
454084,0.5638562440872192,,1124536.4444444445
454085,,3.0,1124542.0
454093,0.5638862252235413,,1124586.4444444445
454094,,3.0,1124592.0
454102,0.5639162063598633,,1124636.4444444445
454103,,3.0,1124642.0
454110,0.5639461874961853,,1124680.888888889
454111,,3.0,1124686.4444444445
454128,0.5639761686325073,,1124757.1162790698
454129,,3.0,1124761.7674418604
454136,0.5640061497688293,,1124794.3255813953
454137,,3.0,1124798.9767441861
454143,0.5640361309051514,,1124826.8837209302
454144,,3.0,1124831.534883721
454155,0.5640661120414734,,1124882.6976744186
454156,,3.0,1124887.3488372094
454174,0.5640960931777954,,1124961.7674418604
454175,,3.0,1124966.4186046512
454185,0.5641260743141174,,1125012.9302325582
454186,,3.0,1125017.5813953488
454193,0.5641560554504395,,1125050.1395348837
454194,,3.0,1125054.7906976745
454200,0.5641860365867615,,1125082.6976744186
454201,,3.0,1125087.3488372094
454213,0.5642160177230835,,1125134.857142857
454214,,3.0,1125139.619047619
454223,0.5642459988594055,,1125182.4761904762
454224,,3.0,1125187.238095238
454231,0.5642759799957275,,1125220.5714285714
454232,,3.0,1125225.3333333333
454244,0.5643059611320496,,1125282.4761904762
454245,,3.0,1125287.238095238
454259,0.5643359422683716,,1125345.6585365853
454260,,3.0,1125350.536585366
454270,0.5643659234046936,,1125399.3170731708
454271,,3.0,1125404.1951219512
454279,0.5643959045410156,,1125443.219512195
454280,,3.0,1125448.0975609757
454287,0.5644258856773376,,1125482.243902439
454288,,3.0,1125487.1219512196
454300,0.5644558668136597,,1125537.0
454301,,3.0,1125542.0
454308,0.5644858479499817,,1125577.0
454309,,3.0,1125582.0
454316,0.5645158290863037,,1125617.0
454317,,3.0,1125622.0
454329,0.5645458102226257,,1125682.0
454330,,3.0,1125687.0
454348,0.5645757913589478,,1125749.6923076923
454349,,3.0,1125753.5384615385
454360,0.5646057724952698,,1125795.8461538462
454361,,3.0,1125799.6923076923
454369,0.5646357536315918,,1125830.4615384615
454370,,3.0,1125834.3076923077
454383,0.5646657347679138,,1125884.3076923077
454384,,3.0,1125888.1538461538
454397,0.5646957159042358,,1125942.0
454398,,3.0,1125947.0
454404,0.5647256970405579,,1125977.0
454405,,3.0,1125982.0
454414,0.5647556781768799,,1126027.0
454415,,3.0,1126032.0
454425,0.5647856593132019,,1126082.0
454426,,3.0,1126087.0
454436,0.5647956728935242,,1126113.7368421052
454437,,1.0,1126116.8421052631
454448,0.5648056864738464,,1126151.0
454449,,1.0,1126154.105263158
454458,0.5648157000541687,,1126182.0526315789
454459,,1.0,1126185.1578947369
454465,0.564825713634491,,1126203.7894736843
454466,,1.0,1126206.894736842
454481,0.564855694770813,,1126274.8648648649
454482,,3.0,1126280.2702702703
454489,0.564885675907135,,1126318.1081081082
454490,,3.0,1126323.5135135136
454498,0.564915657043457,,1126366.7567567567
454499,,3.0,1126372.1621621621
454504,0.564945638179779,,1126399.189189189
454505,,3.0,1126404.5945945946
454520,0.5649756193161011,,1126462.1739130435
454521,,3.0,1126466.5217391304
454530,0.5650056004524231,,1126505.652173913
454531,,3.0,1126510.0
454543,0.5650355815887451,,1126562.1739130435
454544,,3.0,1126566.5217391304
454552,0.5650655627250671,,1126601.3043478262
454553,,3.0,1126605.652173913
454572,0.5650955438613892,,1126672.7450980393
454573,,3.0,1126676.6666666667
454582,0.5651255249977112,,1126711.9607843137
454583,,3.0,1126715.8823529412
454593,0.5651555061340332,,1126755.0980392157
454594,,3.0,1126759.0196078431
454605,0.5651854872703552,,1126802.156862745
454606,,3.0,1126806.0784313725
454626,0.5652154684066772,,1126880.8333333333
454627,,3.0,1126885.0
454635,0.5652454495429993,,1126918.3333333333
454636,,3.0,1126922.5
454642,0.5652754306793213,,1126947.5
454643,,3.0,1126951.6666666667
454655,0.5653054118156433,,1127001.6666666667
454656,,3.0,1127005.8333333333
454668,0.5653353929519653,,1127049.1304347827
454669,,3.0,1127053.4782608696
454678,0.5653653740882874,,1127092.608695652
454679,,3.0,1127096.956521739
454692,0.5653953552246094,,1127153.4782608696
454693,,3.0,1127157.8260869565
454703,0.5654253363609314,,1127201.3043478262
454704,,3.0,1127205.652173913
454720,0.5654553174972534,,1127260.9803921569
454721,,3.0,1127264.9019607843
454737,0.5654852986335754,,1127327.6470588236
454738,,3.0,1127331.568627451
454745,0.5655152797698975,,1127359.0196078431
454746,,3.0,1127362.9411764706
454756,0.5655452609062195,,1127402.156862745
454757,,3.0,1127406.0784313725
454778,0.5655752420425415,,1127470.0
454779,,3.0,1127473.3333333333
454792,0.5656052231788635,,1127516.6666666667
454793,,3.0,1127520.0
454801,0.5656352043151855,,1127546.6666666667
454802,,3.0,1127550.0
454818,0.5656651854515076,,1127603.3333333333
454819,,3.0,1127606.6666666667
454836,0.5656951665878296,,1127676.6666666667
454837,,3.0,1127681.4285714286
454845,0.5657251477241516,,1127719.5238095238
454846,,3.0,1127724.2857142857
454855,0.5657551288604736,,1127767.142857143
454856,,3.0,1127771.9047619049
454862,0.5657851099967957,,1127800.4761904762
454863,,3.0,1127805.238095238
454877,0.5658150911331177,,1127860.0
454878,,3.0,1127864.5454545454
454884,0.5658450722694397,,1127891.8181818181
454885,,3.0,1127896.3636363635
454897,0.5658750534057617,,1127950.9090909092
454898,,3.0,1127955.4545454546
454908,0.5659050345420837,,1128000.9090909092
454909,,3.0,1128005.4545454546
454920,0.5659350156784058,,1128051.0256410257
454921,,3.0,1128056.1538461538
454929,0.5659649968147278,,1128097.1794871795
454930,,3.0,1128102.3076923077
454940,0.5659949779510498,,1128153.5897435897
454941,,3.0,1128158.717948718
454949,0.5660249590873718,,1128199.7435897435
454950,,3.0,1128204.8717948718
454966,0.5660549402236938,,1128264.1666666667
454967,,3.0,1128268.3333333333
454975,0.5660849213600159,,1128301.6666666667
454976,,3.0,1128305.8333333333
454982,0.5661149024963379,,1128330.8333333333
454983,,3.0,1128335.0
454999,0.5661448836326599,,1128401.6666666667
455000,,3.0,1128405.8333333333
455015,0.5661448836326599,,1128456.956521739
455016,,0.0,1128460.8695652173
455027,0.5661448836326599,,1128503.9130434783
455028,,0.0,1128507.8260869565
455040,0.5661448836326599,,1128554.7826086956
455041,,0.0,1128558.6956521738
455047,0.5661448836326599,,1128582.1739130435
455048,,0.0,1128586.0869565217
455062,0.5661748647689819,,1128634.8979591837
455063,,3.0,1128638.9795918367
455075,0.566204845905304,,1128687.9591836734
455076,,3.0,1128692.0408163266
455087,0.566234827041626,,1128736.9387755103
455088,,3.0,1128741.0204081633
455098,0.566264808177948,,1128781.836734694
455099,,3.0,1128785.918367347
455109,0.56629478931427,,1128831.1764705882
455110,,3.0,1128837.0588235294
455118,0.566324770450592,,1128884.1176470588
455119,,3.0,1128890.0
455126,0.5663547515869141,,1128931.1764705882
455127,,3.0,1128937.0588235294
455134,0.5663847327232361,,1128978.2352941176
455135,,3.0,1128984.1176470588
455149,0.5664147138595581,,1129036.8085106383
455150,,3.0,1129041.0638297873
455162,0.5664446949958801,,1129092.1276595744
455163,,3.0,1129096.3829787234
455174,0.5664746761322021,,1129143.1914893617
455175,,3.0,1129147.4468085107
455183,0.5665046572685242,,1129181.4893617022
455184,,3.0,1129185.744680851
455196,0.5665346384048462,,1129233.9024390243
455197,,3.0,1129238.780487805
455205,0.5665646195411682,,1129277.8048780488
455206,,3.0,1129282.6829268292
455215,0.5665946006774902,,1129326.5853658537
455216,,3.0,1129331.463414634
455226,0.5666245818138123,,1129380.243902439
455227,,3.0,1129385.1219512196
455239,0.5666545629501343,,1129433.9024390243
455240,,3.0,1129438.780487805
455252,0.5666845440864563,,1129497.3170731708
455253,,3.0,1129502.1951219512
455259,0.5667145252227783,,1129531.463414634
455260,,3.0,1129536.3414634147
455269,0.5667445063591003,,1129580.243902439
455270,,3.0,1129585.1219512196
455290,0.5667744874954224,,1129656.6666666667
455291,,3.0,1129660.5882352942
455305,0.5668044686317444,,1129715.4901960783
455306,,3.0,1129719.4117647058
455313,0.5668344497680664,,1129746.862745098
455314,,3.0,1129750.7843137255
455322,0.5668644309043884,,1129782.156862745
455323,,3.0,1129786.0784313725
455340,0.5668944120407104,,1129852.2222222222
455341,,3.0,1129856.6666666667
455346,0.5669243931770325,,1129878.888888889
455347,,3.0,1129883.3333333333
455359,0.5669543743133545,,1129936.6666666667
455360,,3.0,1129941.111111111
455369,0.5669843554496765,,1129981.111111111
455370,,3.0,1129985.5555555555
455386,0.5670143365859985,,1130050.465116279
455387,,3.0,1130055.1162790698
455394,0.5670443177223206,,1130087.6744186047
455395,,3.0,1130092.3255813953
455403,0.5670742988586426,,1130129.534883721
455404,,3.0,1130134.1860465116
455414,0.5671042799949646,,1130180.6976744186
455415,,3.0,1130185.3488372094
455432,0.5671342611312866,,1130210.487804878
455433,,3.0,1130211.9512195121
455441,0.5671642422676086,,1130223.6585365853
455442,,3.0,1130225.1219512196
455448,0.5671942234039307,,1130233.9024390243
455449,,3.0,1130235.3658536586
455457,0.5672242045402527,,1130247.0731707318
455458,,3.0,1130248.536585366
455472,0.5672541856765747,,1130302.380952381
455473,,3.0,1130307.142857143
455481,0.5672841668128967,,1130345.238095238
455482,,3.0,1130350.0
455492,0.5673141479492188,,1130397.619047619
455493,,3.0,1130402.380952381
455501,0.5673441290855408,,1130440.4761904762
455502,,3.0,1130445.238095238
455516,0.5673741102218628,,1130496.8085106383
455517,,3.0,1130501.0638297873
455523,0.5674040913581848,,1130526.5957446808
455524,,3.0,1130530.8510638298
455539,0.5674340724945068,,1130594.680851064
455540,,3.0,1130598.9361702127
455550,0.5674640536308289,,1130641.4893617022
455551,,3.0,1130645.744680851
455564,0.5674940347671509,,1130701.282051282
455565,,3.0,1130706.4102564103
455573,0.5675240159034729,,1130747.435897436
455574,,3.0,1130752.564102564
455582,0.5675539970397949,,1130793.5897435897
455583,,3.0,1130798.717948718
455591,0.5675839781761169,,1130839.7435897435
455592,,3.0,1130844.8717948718
455604,0.567613959312439,,1130890.9090909092
455605,,3.0,1130895.4545454546
455616,0.567643940448761,,1130945.4545454546
455617,,3.0,1130950.0
455625,0.567673921585083,,1130986.3636363635
455626,,3.0,1130990.9090909092
455637,0.567703902721405,,1131040.9090909092
455638,,3.0,1131045.4545454546
455654,0.567733883857727,,1131113.4146341463
455655,,3.0,1131118.2926829269
455663,0.5677638649940491,,1131157.3170731708
455664,,3.0,1131162.1951219512
455673,0.5677938461303711,,1131206.0975609757
455674,,3.0,1131210.975609756
455680,0.5678238272666931,,1131240.243902439
455681,,3.0,1131245.1219512196
455699,0.5678538084030151,,1131316.6666666667
455700,,3.0,1131321.111111111
455709,0.5678837895393372,,1131361.111111111
455710,,3.0,1131365.5555555555
455720,0.5679137706756592,,1131410.0
455721,,3.0,1131414.4444444445
455727,0.5679437518119812,,1131441.111111111
455728,,3.0,1131445.5555555555
455743,0.5679737329483032,,1131498.9795918367
455744,,3.0,1131503.0612244897
455755,0.5680037140846252,,1131547.9591836734
455756,,3.0,1131552.0408163266
455767,0.5680336952209473,,1131596.9387755103
455768,,3.0,1131601.0204081633
455778,0.5680636763572693,,1131641.836734694
455779,,3.0,1131645.918367347
455792,0.5680936574935913,,1131696.511627907
455793,,3.0,1131701.1627906978
455802,0.5681236386299133,,1131743.0232558139
455803,,3.0,1131747.6744186047
455815,0.5681536197662354,,1131803.488372093
455816,,3.0,1131808.1395348837
455823,0.5681836009025574,,1131840.6976744186
455824,,3.0,1131845.3488372094
455841,0.5681936144828796,,1131904.5106382978
455842,,1.0,1131908.4042553192
455852,0.5682036280632019,,1131947.3404255318
455853,,1.0,1131951.2340425532
455862,0.5682136416435242,,1131986.2765957448
455863,,1.0,1131990.170212766
455872,0.5682236552238464,,1132025.2127659575
455873,,1.0,1132029.1063829786
455890,0.5682336688041687,,1132058.7727272727
455891,,1.0,1132060.6136363635
455898,0.568243682384491,,1132073.5
455899,,1.0,1132075.3409090908
455909,0.5682536959648132,,1132093.75
455910,,1.0,1132095.5909090908
455918,0.5682637095451355,,1132110.3181818181
455919,,1.0,1132112.1590909092
455934,0.5682936906814575,,1132162.0
455935,,3.0,1132166.0
455945,0.5683236718177795,,1132206.0
455946,,3.0,1132210.0
455955,0.5683536529541016,,1132246.0
455956,,3.0,1132250.0
455965,0.5683836340904236,,1132286.0
455966,,3.0,1132290.0
455981,0.5684136152267456,,1132348.5454545454
455982,,3.0,1132353.0909090908
455990,0.5684435963630676,,1132389.4545454546
455991,,3.0,1132394.0
456004,0.5684735774993896,,1132453.0909090908
456005,,3.0,1132457.6363636365
456011,0.5685035586357117,,1132484.9090909092
456012,,3.0,1132489.4545454546
456026,0.5685335397720337,,1132537.137254902
456027,,3.0,1132541.0588235294
456038,0.5685635209083557,,1132584.1960784313
456039,,3.0,1132588.1176470588
456050,0.5685935020446777,,1132631.2549019607
456051,,3.0,1132635.1764705882
456064,0.5686234831809998,,1132686.156862745
456065,,3.0,1132690.0784313725
456087,0.5686534643173218,,1132767.076923077
456088,,3.0,1132770.923076923
456096,0.5686834454536438,,1132801.6923076923
456097,,3.0,1132805.5384615385
456108,0.5687134265899658,,1132847.8461538462
456109,,3.0,1132851.6923076923
456118,0.5687434077262878,,1132886.3076923077
456119,,3.0,1132890.1538461538
456137,0.5687434077262878,,1132940.0714285714
456138,,0.0,1132943.142857143
456145,0.5687434077262878,,1132964.642857143
456146,,0.0,1132967.7142857143
456153,0.5687434077262878,,1132989.2142857143
456154,,0.0,1132992.2857142857
456162,0.5687434077262878,,1133016.857142857
456163,,0.0,1133019.9285714286
456174,0.5687733888626099,,1133065.105263158
456175,,3.0,1133070.3684210526
456185,0.5688033699989319,,1133123.0
456186,,3.0,1133128.2631578948
456194,0.5688333511352539,,1133170.3684210526
456195,,3.0,1133175.6315789474
456202,0.5688633322715759,,1133212.4736842106
456203,,3.0,1133217.7368421052
456218,0.568893313407898,,1133269.1538461538
456219,,3.0,1133273.0
456227,0.56892329454422,,1133303.7692307692
456228,,3.0,1133307.6153846155
456242,0.568953275680542,,1133361.4615384615
456243,,3.0,1133365.3076923077
456256,0.568983256816864,,1133415.3076923077
456257,,3.0,1133419.1538461538
456274,0.569013237953186,,1133493.0
456275,,3.0,1133498.0
456281,0.5690432190895081,,1133528.0
456282,,3.0,1133533.0
456290,0.5690732002258301,,1133573.0
456291,,3.0,1133578.0
456298,0.5691031813621521,,1133613.0
456299,,3.0,1133618.0
456313,0.5691031813621521,,1133677.717948718
456314,,0.0,1133682.6923076923
456322,0.5691031813621521,,1133722.4871794872
456323,,0.0,1133727.4615384615
456331,0.5691031813621521,,1133767.2564102565
456332,,0.0,1133772.2307692308
456339,0.5691031813621521,,1133807.0512820513
456340,,0.0,1133812.0256410257
456353,0.5691331624984741,,1133871.054054054
456354,,3.0,1133876.4594594594
456361,0.5691631436347961,,1133914.2972972973
456362,,3.0,1133919.7027027027
456368,0.5691931247711182,,1133952.1351351351
456369,,3.0,1133957.5405405406
456378,0.5692231059074402,,1134006.189189189
456379,,3.0,1134011.5945945946
456397,0.5692530870437622,,1134095.9473684211
456398,,3.0,1134101.2105263157
456403,0.5692830681800842,,1134127.5263157894
456404,,3.0,1134132.7894736843
456413,0.5693130493164062,,1134180.1578947369
456414,,3.0,1134185.4210526317
456418,0.5693430304527283,,1134206.4736842106
456419,,3.0,1134211.7368421052
456431,0.5693730115890503,,1134260.9024390243
456432,,3.0,1134265.780487805
456440,0.5694029927253723,,1134304.8048780488
456441,,3.0,1134309.6829268292
456449,0.5694329738616943,,1134348.7073170731
456450,,3.0,1134353.5853658537
456461,0.5694629549980164,,1134407.243902439
456462,,3.0,1134412.1219512196
456475,0.5694929361343384,,1134465.780487805
456476,,3.0,1134470.6585365853
456484,0.5695229172706604,,1134509.6829268292
456485,,3.0,1134514.5609756098
456495,0.5695528984069824,,1134563.3414634147
456496,,3.0,1134568.219512195
456504,0.5695828795433044,,1134607.243902439
456505,,3.0,1134612.1219512196
456518,0.5696128606796265,,1134661.4444444445
456519,,3.0,1134665.888888889
456530,0.5696428418159485,,1134714.7777777778
456531,,3.0,1134719.2222222222
456540,0.5696728229522705,,1134759.2222222222
456541,,3.0,1134763.6666666667
456551,0.5697028040885925,,1134808.111111111
456552,,3.0,1134812.5555555555
456570,0.5697327852249146,,1134882.2173913044
456571,,3.0,1134886.5652173914
456578,0.5697627663612366,,1134917.0
456579,,3.0,1134921.347826087
456589,0.5697927474975586,,1134964.8260869565
456590,,3.0,1134969.1739130435
456599,0.5698227286338806,,1135008.3043478262
456600,,3.0,1135012.652173913
456612,0.5698527097702026,,1135057.9090909092
456613,,3.0,1135062.4545454546
456622,0.5698826909065247,,1135103.3636363635
456623,,3.0,1135107.9090909092
456634,0.5699126720428467,,1135157.9090909092
456635,,3.0,1135162.4545454546
456645,0.5699426531791687,,1135207.9090909092
456646,,3.0,1135212.4545454546
456660,0.569952666759491,,1135273.5277777778
456661,,1.0,1135278.6666666667
456668,0.5699626803398132,,1135314.638888889
456669,,1.0,1135319.7777777778
456675,0.5699726939201355,,1135350.611111111
456676,,1.0,1135355.75
456683,0.5699827075004578,,1135391.7222222222
456684,,1.0,1135396.861111111
456701,0.5700126886367798,,1135461.574468085
456702,,3.0,1135465.829787234
456712,0.5700426697731018,,1135508.3829787234
456713,,3.0,1135512.6382978724
456722,0.5700726509094238,,1135550.9361702127
456723,,3.0,1135555.1914893617
456732,0.5701026320457458,,1135593.4893617022
456733,,3.0,1135597.744680851
456749,0.5701326131820679,,1135662.465116279
456750,,3.0,1135667.1162790698
456758,0.5701625943183899,,1135704.3255813953
456759,,3.0,1135708.9767441861
456768,0.5701925754547119,,1135750.8372093022
456769,,3.0,1135755.488372093
456777,0.5702225565910339,,1135792.6976744186
456778,,3.0,1135797.3488372094
456789,0.570252537727356,,1135842.0
456790,,3.0,1135847.0
456796,0.570282518863678,,1135877.0
456797,,3.0,1135882.0
456807,0.5703125,,1135932.0
456808,,3.0,1135937.0
456819,0.570342481136322,,1135992.0
456820,,3.0,1135997.0
456832,0.570372462272644,,1136042.9090909092
456833,,3.0,1136047.4545454546
456844,0.5704024434089661,,1136097.4545454546
456845,,3.0,1136102.0
456855,0.5704324245452881,,1136147.4545454546
456856,,3.0,1136152.0
456865,0.5704624056816101,,1136192.9090909092
456866,,3.0,1136197.4545454546
456877,0.5704923868179321,,1136242.0
456878,,3.0,1136247.0
456888,0.5705223679542542,,1136297.0
456889,,3.0,1136302.0
456897,0.5705523490905762,,1136342.0
456898,,3.0,1136347.0
456907,0.5705823302268982,,1136392.0
456908,,3.0,1136397.0
456923,0.5706123113632202,,1136455.3333333333
456924,,3.0,1136459.7777777778
456932,0.5706422924995422,,1136495.3333333333
456933,,3.0,1136499.7777777778
456943,0.5706722736358643,,1136544.2222222222
456944,,3.0,1136548.6666666667
456954,0.5707022547721863,,1136593.111111111
456955,,3.0,1136597.5555555555
456967,0.5707322359085083,,1136645.9024390243
456968,,3.0,1136650.780487805
456976,0.5707622170448303,,1136689.8048780488
456977,,3.0,1136694.6829268292
456987,0.5707921981811523,,1136743.463414634
456988,,3.0,1136748.3414634147
456997,0.5708221793174744,,1136792.243902439
456998,,3.0,1136797.1219512196
457017,0.5708521604537964,,1136876.4186046512
457018,,3.0,1136881.0697674418
457025,0.5708821415901184,,1136913.6279069767
457026,,3.0,1136918.2790697673
457035,0.5709121227264404,,1136960.1395348837
457036,,3.0,1136964.7906976745
457042,0.5709421038627625,,1136992.6976744186
457043,,3.0,1136997.3488372094
457059,0.5709421038627625,,1137049.574468085
457060,,0.0,1137053.2340425532
457066,0.5709421038627625,,1137075.1914893617
457067,,0.0,1137078.8510638298
457077,0.5709421038627625,,1137115.4468085107
457078,,0.0,1137119.1063829786
457091,0.5709421038627625,,1137166.680851064
457092,,0.0,1137170.3404255318
457103,0.5709720849990845,,1137211.2093023255
457104,,3.0,1137215.8604651163
457111,0.5710020661354065,,1137248.4186046512
457112,,3.0,1137253.0697674418
457122,0.5710320472717285,,1137299.5813953488
457123,,3.0,1137304.2325581396
457136,0.5710620284080505,,1137364.6976744186
457137,,3.0,1137369.3488372094
457155,0.5710920095443726,,1137428.5454545454
457156,,3.0,1137432.1818181819
457166,0.5711219906806946,,1137468.5454545454
457167,,3.0,1137472.1818181819
457174,0.5711519718170166,,1137497.6363636365
457175,,3.0,1137501.2727272727
457193,0.5711819529533386,,1137566.7272727273
457194,,3.0,1137570.3636363635
457205,0.5711819529533386,,1137596.4761904762
457206,,0.0,1137599.2857142857
457216,0.5711819529533386,,1137627.380952381
457217,,0.0,1137630.1904761905
457228,0.5711819529533386,,1137661.0952380951
457229,,0.0,1137663.9047619049
457237,0.5711819529533386,,1137686.380952381
457238,,0.0,1137689.1904761905
457253,0.5712119340896606,,1137738.1538461538
457254,,3.0,1137742.0
457265,0.5712419152259827,,1137784.3076923077
457266,,3.0,1137788.1538461538
457279,0.5712718963623047,,1137838.1538461538
457280,,3.0,1137842.0
457291,0.5713018774986267,,1137884.3076923077
457292,,3.0,1137888.1538461538
457308,0.5713318586349487,,1137942.9803921569
457309,,3.0,1137946.9019607843
457322,0.5713618397712708,,1137997.8823529412
457323,,3.0,1138001.8039215687
457335,0.5713918209075928,,1138048.862745098
457336,,3.0,1138052.7843137255
457344,0.5714218020439148,,1138084.156862745
457345,,3.0,1138088.0784313725
457366,0.5714517831802368,,1138156.2857142857
457367,,3.0,1138159.857142857
457383,0.5714817643165588,,1138217.0
457384,,3.0,1138220.5714285714
457393,0.5715117454528809,,1138252.7142857143
457394,,3.0,1138256.2857142857
457402,0.5715417265892029,,1138284.857142857
457403,,3.0,1138288.4285714286
457420,0.5715717077255249,,1138357.1162790698
457421,,3.0,1138361.7674418604
457428,0.5716016888618469,,1138394.3255813953
457429,,3.0,1138398.9767441861
457437,0.571631669998169,,1138436.1860465116
457438,,3.0,1138440.8372093022
457447,0.571661651134491,,1138482.6976744186
457448,,3.0,1138487.3488372094
457463,0.571691632270813,,1138550.536585366
457464,,3.0,1138555.4146341463
457474,0.571721613407135,,1138604.1951219512
457475,,3.0,1138609.0731707318
457482,0.571751594543457,,1138643.219512195
457483,,3.0,1138648.0975609757
457490,0.571781575679779,,1138682.243902439
457491,,3.0,1138687.1219512196
457505,0.5718115568161011,,1138737.8333333333
457506,,3.0,1138742.0
457518,0.5718415379524231,,1138792.0
457519,,3.0,1138796.1666666667
457530,0.5718715190887451,,1138842.0
457531,,3.0,1138846.1666666667
457540,0.5719015002250671,,1138883.6666666667
457541,,3.0,1138887.8333333333
457554,0.5719314813613892,,1138932.8163265307
457555,,3.0,1138936.8979591837
457569,0.5719614624977112,,1138994.0408163266
457570,,3.0,1138998.1224489796
457583,0.5719914436340332,,1139051.1836734693
457584,,3.0,1139055.2653061224
457591,0.5720214247703552,,1139083.836734694
457592,,3.0,1139087.918367347
457608,0.5720314383506775,,1139145.511627907
457609,,1.0,1139149.6279069767
457618,0.5720414519309998,,1139186.6744186047
457619,,1.0,1139190.7906976745
457626,0.572051465511322,,1139219.6046511629
457627,,1.0,1139223.7209302327
457636,0.5720614790916443,,1139260.7674418604
457637,,1.0,1139264.8837209302
457654,0.5720714926719666,,1139322.0212765958
457655,,1.0,1139325.8085106383
457664,0.5720815062522888,,1139359.8936170214
457665,,1.0,1139363.680851064
457678,0.5720915198326111,,1139412.914893617
457679,,1.0,1139416.7021276595
457685,0.5721015334129333,,1139439.425531915
457686,,1.0,1139443.2127659575
457698,0.5721315145492554,,1139495.6486486488
457699,,3.0,1139501.054054054
457707,0.5721614956855774,,1139544.2972972973
457708,,3.0,1139549.7027027027
457717,0.5721914768218994,,1139598.3513513512
457718,,3.0,1139603.7567567567
457724,0.5722214579582214,,1139636.189189189
457725,,3.0,1139641.5945945946
457742,0.5722514390945435,,1139710.6363636365
457743,,3.0,1139715.1818181819
457750,0.5722814202308655,,1139747.0
457751,,3.0,1139751.5454545454
457763,0.5723114013671875,,1139806.0909090908
457764,,3.0,1139810.6363636365
457770,0.5723413825035095,,1139837.9090909092
457771,,3.0,1139842.4545454546
457785,0.5723713636398315,,1139892.8333333333
457786,,3.0,1139897.0
457797,0.5724013447761536,,1139942.8333333333
457798,,3.0,1139947.0
457809,0.5724313259124756,,1139992.8333333333
457810,,3.0,1139997.0
457820,0.5724613070487976,,1140038.6666666667
457821,,3.0,1140042.8333333333
457839,0.5724912881851196,,1140105.8235294118
457840,,3.0,1140109.7450980393
457851,0.5725212693214417,,1140152.8823529412
457852,,3.0,1140156.8039215687
457861,0.5725512504577637,,1140192.0980392157
457862,,3.0,1140196.0196078431
457873,0.5725812315940857,,1140239.156862745
457874,,3.0,1140243.0784313725
457893,0.5726112127304077,,1140315.085106383
457894,,3.0,1140319.3404255318
457904,0.5726411938667297,,1140361.8936170214
457905,,3.0,1140366.1489361702
457916,0.5726711750030518,,1140412.9574468085
457917,,3.0,1140417.2127659575
457922,0.5727011561393738,,1140438.4893617022
457923,,3.0,1140442.744680851
457942,0.5727011561393738,,1140510.6279069767
457943,,0.0,1140514.6046511629
457950,0.5727011561393738,,1140542.441860465
457951,,0.0,1140546.4186046512
457957,0.5727011561393738,,1140570.2790697673
457958,,0.0,1140574.2558139535
457967,0.5727011561393738,,1140610.046511628
457968,,0.0,1140614.0232558139
457982,0.5727311372756958,,1140671.6585365853
457983,,3.0,1140676.536585366
457989,0.5727611184120178,,1140705.8048780488
457990,,3.0,1140710.6829268292
458002,0.5727910995483398,,1140769.219512195
458003,,3.0,1140774.0975609757
458010,0.5728210806846619,,1140808.243902439
458011,,3.0,1140813.1219512196
458032,0.5728310942649841,,1140863.0
458033,,1.0,1140865.5
458043,0.5728411078453064,,1140890.5
458044,,1.0,1140893.0
458053,0.5728511214256287,,1140915.5
458054,,1.0,1140918.0
458068,0.5728611350059509,,1140953.0
458069,,1.0,1140955.5
458081,0.5728711485862732,,1140993.1818181819
458082,,1.0,1140997.0909090908
458090,0.5728811621665955,,1141028.3636363635
458091,,1.0,1141032.2727272727
458103,0.5728911757469177,,1141079.1818181819
458104,,1.0,1141083.0909090908
458114,0.57290118932724,,1141122.1818181819
458115,,1.0,1141126.0909090908
458128,0.572931170463562,,1141178.780487805
458129,,3.0,1141183.6585365853
458140,0.572961151599884,,1141237.3170731708
458141,,3.0,1141242.1951219512
458151,0.572991132736206,,1141290.975609756
458152,,3.0,1141295.8536585367
458157,0.5730211138725281,,1141320.243902439
458158,,3.0,1141325.1219512196
458171,0.5730510950088501,,1141377.619047619
458172,,3.0,1141382.380952381
458185,0.5730810761451721,,1141444.2857142857
458186,,3.0,1141449.0476190476
458193,0.5731110572814941,,1141482.380952381
458194,,3.0,1141487.142857143
458201,0.5731410384178162,,1141520.4761904762
458202,,3.0,1141525.238095238
458217,0.5731710195541382,,1141576.1538461538
458218,,3.0,1141580.0
458230,0.5732010006904602,,1141626.1538461538
458231,,3.0,1141630.0
458242,0.5732309818267822,,1141672.3076923077
458243,,3.0,1141676.1538461538
458255,0.5732609629631042,,1141722.3076923077
458256,,3.0,1141726.1538461538
458268,0.5732909440994263,,1141775.0
458269,,3.0,1141780.0
458279,0.5733209252357483,,1141830.0
458280,,3.0,1141835.0
458290,0.5733509063720703,,1141885.0
458291,,3.0,1141890.0
458297,0.5733808875083923,,1141920.0
458298,,3.0,1141925.0
458316,0.5734108686447144,,1141995.2173913044
458317,,3.0,1141999.5652173914
458326,0.5734408497810364,,1142038.6956521738
458327,,3.0,1142043.043478261
458334,0.5734708309173584,,1142073.4782608696
458335,,3.0,1142077.8260869565
458345,0.5735008120536804,,1142121.3043478262
458346,,3.0,1142125.652173913
458362,0.5735307931900024,,1142193.4146341463
458363,,3.0,1142198.2926829269
458369,0.5735607743263245,,1142227.5609756098
458370,,3.0,1142232.4390243902
458380,0.5735907554626465,,1142281.219512195
458381,,3.0,1142286.0975609757
458388,0.5736207365989685,,1142320.243902439
458389,,3.0,1142325.1219512196
458403,0.5736507177352905,,1142386.4102564103
458404,,3.0,1142391.5384615385
458410,0.5736806988716125,,1142422.3076923077
458411,,3.0,1142427.435897436
458421,0.5737106800079346,,1142478.717948718
458422,,3.0,1142483.8461538462
458429,0.5737406611442566,,1142519.7435897435
458430,,3.0,1142524.8717948718
458444,0.5737706422805786,,1142580.0
458445,,3.0,1142584.5454545454
458453,0.5738006234169006,,1142620.9090909092
458454,,3.0,1142625.4545454546
458460,0.5738306045532227,,1142652.7272727273
458461,,3.0,1142657.2727272727
458475,0.5738605856895447,,1142720.9090909092
458476,,3.0,1142725.4545454546
458491,0.5738905668258667,,1142787.142857143
458492,,3.0,1142791.9047619049
458498,0.5739205479621887,,1142820.4761904762
458499,,3.0,1142825.238095238
458508,0.5739505290985107,,1142868.0952380951
458509,,3.0,1142872.857142857
458519,0.5739805102348328,,1142920.4761904762
458520,,3.0,1142925.238095238
458531,0.5740104913711548,,1142968.0952380951
458532,,3.0,1142972.857142857
458543,0.5740404725074768,,1143025.238095238
458544,,3.0,1143030.0
458553,0.5740704536437988,,1143072.857142857
458554,,3.0,1143077.619047619
458563,0.5741004347801208,,1143120.4761904762
458564,,3.0,1143125.238095238
458578,0.5741304159164429,,1143176.8085106383
458579,,3.0,1143181.0638297873
458595,0.5741603970527649,,1143249.1489361702
458596,,3.0,1143253.4042553192
458601,0.5741903781890869,,1143274.680851064
458602,,3.0,1143278.9361702127
458612,0.5742203593254089,,1143321.4893617022
458613,,3.0,1143325.744680851
458628,0.574250340461731,,1143383.3333333333
458629,,3.0,1143387.7777777778
458638,0.574280321598053,,1143427.7777777778
458639,,3.0,1143432.2222222222
458649,0.574310302734375,,1143476.6666666667
458650,,3.0,1143481.111111111
458659,0.574340283870697,,1143521.111111111
458660,,3.0,1143525.5555555555
458678,0.574370265007019,,1143591.224489796
458679,,3.0,1143595.306122449
458691,0.5744002461433411,,1143644.2857142857
458692,,3.0,1143648.3673469387
458699,0.5744302272796631,,1143676.9387755103
458700,,3.0,1143681.0204081633
458710,0.5744602084159851,,1143721.836734694
458711,,3.0,1143725.918367347
458725,0.5744901895523071,,1143775.8333333333
458726,,3.0,1143780.0
458737,0.5745201706886292,,1143825.8333333333
458738,,3.0,1143830.0
458751,0.5745501518249512,,1143884.1666666667
458752,,3.0,1143888.3333333333
458760,0.5745801329612732,,1143921.6666666667
458761,,3.0,1143925.8333333333
458773,0.5746101140975952,,1143978.6486486488
458774,,3.0,1143984.054054054
458782,0.5746400952339172,,1144027.2972972973
458783,,3.0,1144032.7027027027
458791,0.5746700763702393,,1144075.945945946
458792,,3.0,1144081.3513513512
458799,0.5747000575065613,,1144119.189189189
458800,,3.0,1144124.5945945946
458816,0.5747300386428833,,1144180.9803921569
458817,,3.0,1144184.9019607843
458834,0.5747600197792053,,1144251.568627451
458835,,3.0,1144255.4901960783
458840,0.5747900009155273,,1144275.0980392157
458841,,3.0,1144279.0196078431
458852,0.5748199820518494,,1144322.156862745
458853,,3.0,1144326.0784313725
458869,0.5748499631881714,,1144384.1666666667
458870,,3.0,1144388.3333333333
458876,0.5748799443244934,,1144413.3333333333
458877,,3.0,1144417.5
458890,0.5749099254608154,,1144471.6666666667
458891,,3.0,1144475.8333333333
458902,0.5749399065971375,,1144521.6666666667
458903,,3.0,1144525.8333333333
458921,0.5749698877334595,,1144596.6666666667
458922,,3.0,1144601.111111111
458929,0.5749998688697815,,1144632.2222222222
458930,,3.0,1144636.6666666667
458942,0.5750298500061035,,1144690.0
458943,,3.0,1144694.4444444445
458949,0.5750598311424255,,1144721.111111111
458950,,3.0,1144725.5555555555
458967,0.5750898122787476,,1144782.8301886793
458968,,3.0,1144786.6037735848
458977,0.5751197934150696,,1144820.566037736
458978,,3.0,1144824.3396226414
458990,0.5751497745513916,,1144869.6226415094
458991,,3.0,1144873.3962264152
459004,0.5751797556877136,,1144922.4528301887
459005,,3.0,1144926.2264150945
459022,0.5752097368240356,,1144989.574468085
459023,,3.0,1144993.829787234
459031,0.5752397179603577,,1145027.8723404256
459032,,3.0,1145032.1276595744
459039,0.5752696990966797,,1145061.914893617
459040,,3.0,1145066.170212766
459053,0.5752996802330017,,1145121.4893617022
459054,,3.0,1145125.744680851
459069,0.5753296613693237,,1145187.142857143
459070,,3.0,1145191.9047619049
459079,0.5753596425056458,,1145234.761904762
459080,,3.0,1145239.5238095238
459088,0.5753896236419678,,1145277.619047619
459089,,3.0,1145282.380952381
459097,0.5754196047782898,,1145320.4761904762
459098,,3.0,1145325.238095238
459117,0.5754495859146118,,1145399.5652173914
459118,,3.0,1145403.9130434783
459126,0.5754795670509338,,1145438.6956521738
459127,,3.0,1145443.043478261
459134,0.5755095481872559,,1145473.4782608696
459135,,3.0,1145477.8260869565
459145,0.5755395293235779,,1145521.3043478262
459146,,3.0,1145525.652173913
459164,0.5755695104598999,,1145592.5
459165,,3.0,1145596.6666666667
459174,0.5755994915962219,,1145634.1666666667
459175,,3.0,1145638.3333333333
459184,0.575629472732544,,1145675.8333333333
459185,,3.0,1145680.0
459195,0.575659453868866,,1145721.6666666667
459196,,3.0,1145725.8333333333
459212,0.575689435005188,,1145782.0
459213,,3.0,1145786.0
459224,0.57571941614151,,1145830.0
459225,,3.0,1145834.0
459237,0.575749397277832,,1145882.0
459238,,3.0,1145886.0
459247,0.575779378414154,,1145922.0
459248,,3.0,1145926.0
459262,0.5758093595504761,,1145975.8333333333
459263,,3.0,1145980.0
459273,0.5758393406867981,,1146021.6666666667
459274,,3.0,1146025.8333333333
459286,0.5758693218231201,,1146075.8333333333
459287,,3.0,1146080.0
459297,0.5758993029594421,,1146121.6666666667
459298,,3.0,1146125.8333333333
459311,0.5759292840957642,,1146174.4444444445
459312,,3.0,1146178.888888889
459322,0.5759592652320862,,1146223.3333333333
459323,,3.0,1146227.7777777778
459334,0.5759892463684082,,1146276.6666666667
459335,,3.0,1146281.111111111
459344,0.5760192275047302,,1146321.111111111
459345,,3.0,1146325.5555555555
459359,0.5760492086410522,,1146375.8333333333
459360,,3.0,1146380.0
459372,0.5760791897773743,,1146430.0
459373,,3.0,1146434.1666666667
459381,0.5761091709136963,,1146467.5
459382,,3.0,1146471.6666666667
459394,0.5761391520500183,,1146521.6666666667
459395,,3.0,1146525.8333333333
459412,0.5761691331863403,,1146595.1162790698
459413,,3.0,1146599.7674418604
459422,0.5761991143226624,,1146641.6279069767
459423,,3.0,1146646.2790697673
459431,0.5762290954589844,,1146683.488372093
459432,,3.0,1146688.1395348837
459439,0.5762590765953064,,1146720.6976744186
459440,,3.0,1146725.3488372094
459451,0.5762890577316284,,1146767.2093023255
459452,,3.0,1146771.8604651163
459461,0.5763190388679504,,1146813.7209302327
459462,,3.0,1146818.3720930233
459472,0.5763490200042725,,1146864.8837209302
459473,,3.0,1146869.534883721
459484,0.5763790011405945,,1146920.6976744186
459485,,3.0,1146925.3488372094
459501,0.5764089822769165,,1146996.6666666667
459502,,3.0,1147001.7948717948
459510,0.5764389634132385,,1147042.8205128205
459511,,3.0,1147047.9487179487
459517,0.5764689445495605,,1147078.717948718
459518,,3.0,1147083.8461538462
459525,0.5764989256858826,,1147119.7435897435
459526,,3.0,1147124.8717948718
459549,0.5765289068222046,,1147198.9361702127
459550,,3.0,1147202.3829787234
459558,0.5765588879585266,,1147229.9574468085
459559,,3.0,1147233.4042553192
459564,0.5765888690948486,,1147250.6382978724
459565,,3.0,1147254.085106383
459574,0.5766188502311707,,1147285.1063829786
459575,,3.0,1147288.5531914893
459597,0.5766488313674927,,1147368.0
459598,,3.0,1147372.0
459606,0.5766788125038147,,1147404.0
459607,,3.0,1147408.0
459617,0.5767087936401367,,1147448.0
459618,,3.0,1147452.0
459626,0.5767387747764587,,1147484.0
459627,,3.0,1147488.0
459635,0.5767687559127808,,1147514.7272727273
459636,,3.0,1147519.2727272727
459647,0.5767987370491028,,1147569.2727272727
459648,,3.0,1147573.8181818181
459660,0.5768287181854248,,1147628.3636363635
459661,,3.0,1147632.9090909092
459672,0.5768586993217468,,1147682.9090909092
459673,,3.0,1147687.4545454546
459691,0.5768886804580688,,1147747.5555555555
459692,,3.0,1147751.2592592593
459703,0.5769186615943909,,1147792.0
459704,,3.0,1147795.7037037036
459718,0.5769486427307129,,1147847.5555555555
459719,,3.0,1147851.2592592593
459728,0.5769786238670349,,1147884.5925925926
459729,,3.0,1147888.2962962964
459746,0.5770086050033569,,1147946.9019607843
459747,,3.0,1147950.8235294118
459758,0.577038586139679,,1147993.9607843137
459759,,3.0,1147997.8823529412
459770,0.577068567276001,,1148041.0196078431
459771,,3.0,1148044.9411764706
459781,0.577098548412323,,1148084.156862745
459782,,3.0,1148088.0784313725
459795,0.577128529548645,,1148140.780487805
459796,,3.0,1148145.6585365853
459803,0.577158510684967,,1148179.8048780488
459804,,3.0,1148184.6829268292
459813,0.5771884918212891,,1148228.5853658537
459814,,3.0,1148233.463414634
459824,0.5772184729576111,,1148282.243902439
459825,,3.0,1148287.1219512196
459840,0.5772484540939331,,1148339.0588235294
459841,,3.0,1148342.9803921569
459852,0.5772784352302551,,1148386.1176470588
459853,,3.0,1148390.0392156863
459865,0.5773084163665771,,1148437.0980392157
459866,,3.0,1148441.0196078431
459877,0.5773383975028992,,1148484.156862745
459878,,3.0,1148488.0784313725
459896,0.5773683786392212,,1148565.1707317072
459897,,3.0,1148570.0487804879
459905,0.5773983597755432,,1148609.0731707318
459906,,3.0,1148613.9512195121
459912,0.5774283409118652,,1148643.219512195
459913,,3.0,1148648.0975609757
459920,0.5774583220481873,,1148682.243902439
459921,,3.0,1148687.1219512196
459933,0.5774883031845093,,1148728.0
459934,,3.0,1148732.0
459941,0.5775182843208313,,1148760.0
459942,,3.0,1148764.0
459952,0.5775482654571533,,1148804.0
459953,,3.0,1148808.0
459962,0.5775782465934753,,1148844.0
459963,,3.0,1148848.0
459976,0.5776082277297974,,1148895.4782608696
459977,,3.0,1148899.8260869565
459986,0.5776382088661194,,1148938.956521739
459987,,3.0,1148943.3043478262
459996,0.5776681900024414,,1148982.4347826086
459997,,3.0,1148986.7826086956
460010,0.5776981711387634,,1149043.3043478262
460011,,3.0,1149047.652173913
460024,0.5777281522750854,,1149103.282051282
460025,,3.0,1149108.4102564103
460035,0.5777581334114075,,1149159.6923076923
460036,,3.0,1149164.8205128205
460045,0.5777881145477295,,1149210.9743589743
460046,,3.0,1149216.1025641025
460051,0.5778180956840515,,1149241.7435897435
460052,,3.0,1149246.8717948718
460067,0.5778480768203735,,1149310.536585366
460068,,3.0,1149315.4146341463
460076,0.5778780579566956,,1149354.4390243902
460077,,3.0,1149359.3170731708
460085,0.5779080390930176,,1149398.3414634147
460086,,3.0,1149403.219512195
460094,0.5779380202293396,,1149442.243902439
460095,,3.0,1149447.1219512196
460115,0.5779680013656616,,1149521.387755102
460116,,3.0,1149525.469387755
460129,0.5779979825019836,,1149578.530612245
460130,,3.0,1149582.612244898
460141,0.5780279636383057,,1149627.5102040817
460142,,3.0,1149631.5918367347
460145,0.5780579447746277,,1149643.836734694
460146,,3.0,1149647.918367347
460160,0.5780879259109497,,1149709.894736842
460161,,3.0,1149715.1578947369
460168,0.5781179070472717,,1149752.0
460169,,3.0,1149757.2631578948
460175,0.5781478881835938,,1149788.8421052631
460176,,3.0,1149794.105263158
460185,0.5781778693199158,,1149841.4736842106
460186,,3.0,1149846.7368421052
460198,0.5782078504562378,,1149889.5
460199,,3.0,1149893.6666666667
460212,0.5782378315925598,,1149947.8333333333
460213,,3.0,1149952.0
460222,0.5782678127288818,,1149989.5
460223,,3.0,1149993.6666666667
460235,0.5782977938652039,,1150043.6666666667
460236,,3.0,1150047.8333333333
460249,0.5783277750015259,,1150099.619047619
460250,,3.0,1150104.380952381
460256,0.5783577561378479,,1150132.9523809524
460257,,3.0,1150137.7142857143
460266,0.5783877372741699,,1150180.5714285714
460267,,3.0,1150185.3333333333
460279,0.5784177184104919,,1150242.4761904762
460280,,3.0,1150247.238095238
460299,0.578447699546814,,1150314.7450980393
460300,,3.0,1150318.6666666667
460308,0.578477680683136,,1150350.0392156863
460309,,3.0,1150353.9607843137
460320,0.578507661819458,,1150397.0980392157
460321,,3.0,1150401.0196078431
460332,0.57853764295578,,1150444.156862745
460333,,3.0,1150448.0784313725
460350,0.578567624092102,,1150512.8695652173
460351,,3.0,1150517.2173913044
460361,0.5785976052284241,,1150560.6956521738
460362,,3.0,1150565.043478261
460371,0.5786275863647461,,1150604.1739130435
460372,,3.0,1150608.5217391304
460380,0.5786575675010681,,1150643.3043478262
460381,,3.0,1150647.652173913
460398,0.5786875486373901,,1150715.6363636365
460399,,3.0,1150720.1818181819
460407,0.5787175297737122,,1150756.5454545454
460408,,3.0,1150761.0909090908
460417,0.5787475109100342,,1150802.0
460418,,3.0,1150806.5454545454
460426,0.5787774920463562,,1150842.9090909092
460427,,3.0,1150847.4545454546
460435,0.5788074731826782,,1150876.3902439023
460436,,3.0,1150881.268292683
460446,0.5788374543190002,,1150930.0487804879
460447,,3.0,1150934.9268292682
460463,0.5788674354553223,,1151012.975609756
460464,,3.0,1151017.8536585367
460469,0.5788974165916443,,1151042.243902439
460470,,3.0,1151047.1219512196
460484,0.5789273977279663,,1151105.6585365853
460485,,3.0,1151110.536585366
460497,0.5789573788642883,,1151169.0731707318
460498,,3.0,1151173.9512195121
460503,0.5789873600006104,,1151198.3414634147
460504,,3.0,1151203.219512195
460512,0.5790173411369324,,1151242.243902439
460513,,3.0,1151247.1219512196
460528,0.5790473222732544,,1151300.9795918367
460529,,3.0,1151305.0612244897
460537,0.5790773034095764,,1151337.7142857143
460538,,3.0,1151341.7959183673
460547,0.5791072845458984,,1151378.530612245
460548,,3.0,1151382.612244898
460563,0.5791372656822205,,1151443.836734694
460564,,3.0,1151447.918367347
460577,0.5791672468185425,,1151492.0
460578,,3.0,1151496.0
460591,0.5791972279548645,,1151548.0
460592,,3.0,1151552.0
460600,0.5792272090911865,,1151584.0
460601,,3.0,1151588.0
460615,0.5792571902275085,,1151644.0
460616,,3.0,1151648.0
460630,0.5792871713638306,,1151704.380952381
460631,,3.0,1151709.142857143
460643,0.5793171525001526,,1151766.2857142857
460644,,3.0,1151771.0476190476
460651,0.5793471336364746,,1151804.380952381
460652,,3.0,1151809.142857143
460659,0.5793771147727966,,1151842.4761904762
460660,,3.0,1151847.238095238
460672,0.5794070959091187,,1151890.2978723405
460673,,3.0,1151894.5531914893
460684,0.5794370770454407,,1151941.3617021276
460685,,3.0,1151945.6170212766
460699,0.5794670581817627,,1152005.1914893617
460700,,3.0,1152009.4468085107
460708,0.5794970393180847,,1152043.4893617022
460709,,3.0,1152047.744680851
460723,0.5795270204544067,,1152111.4594594594
460724,,3.0,1152116.8648648649
460727,0.5795570015907288,,1152133.0810810812
460728,,3.0,1152138.4864864864
460739,0.5795869827270508,,1152197.945945946
460740,,3.0,1152203.3513513512
460747,0.5796169638633728,,1152241.189189189
460748,,3.0,1152246.5945945946
460761,0.5796469449996948,,1152303.282051282
460762,,3.0,1152308.4102564103
460771,0.5796769261360168,,1152354.564102564
460772,,3.0,1152359.6923076923
460778,0.5797069072723389,,1152390.4615384615
460779,,3.0,1152395.5897435897
460788,0.5797368884086609,,1152441.7435897435
460789,,3.0,1152446.8717948718
460801,0.5797668695449829,,1152497.0
460802,,3.0,1152502.0
460812,0.5797968506813049,,1152552.0
460813,,3.0,1152557.0
460821,0.579826831817627,,1152597.0
460822,,3.0,1152602.0
460830,0.579856812953949,,1152642.0
460831,,3.0,1152647.0
460848,0.579886794090271,,1152712.8695652173
460849,,3.0,1152717.2173913044
460855,0.579916775226593,,1152743.3043478262
460856,,3.0,1152747.652173913
460863,0.579946756362915,,1152778.0869565217
460864,,3.0,1152782.4347826086
460878,0.5799767374992371,,1152843.3043478262
460879,,3.0,1152847.652173913
460897,0.5800067186355591,,1152907.5555555555
460898,,3.0,1152911.2592592593
460908,0.5800366997718811,,1152948.2962962964
460909,,3.0,1152952.0
460923,0.5800666809082031,,1153003.851851852
460924,,3.0,1153007.5555555555
460934,0.5800966620445251,,1153044.5925925926
460935,,3.0,1153048.2962962964
460949,0.5801266431808472,,1153102.0
460950,,3.0,1153106.5454545454
460960,0.5801566243171692,,1153152.0
460961,,3.0,1153156.5454545454
460970,0.5801866054534912,,1153197.4545454546
460971,,3.0,1153202.0
460980,0.5802165865898132,,1153242.9090909092
460981,,3.0,1153247.4545454546
460996,0.5802465677261353,,1153305.3333333333
460997,,3.0,1153309.7777777778
461007,0.5802765488624573,,1153354.2222222222
461008,,3.0,1153358.6666666667
461015,0.5803065299987793,,1153389.7777777778
461016,,3.0,1153394.2222222222
461027,0.5803365111351013,,1153443.111111111
461028,,3.0,1153447.5555555555
461042,0.5803664922714233,,1153508.4102564103
461043,,3.0,1153513.5384615385
461047,0.5803964734077454,,1153534.0512820513
461048,,3.0,1153539.1794871795
461056,0.5804264545440674,,1153580.2051282052
461057,,3.0,1153585.3333333333
461068,0.5804564356803894,,1153641.7435897435
461069,,3.0,1153646.8717948718
461084,0.5804664492607117,,1153698.5454545454
461085,,1.0,1153702.4242424243
461090,0.5804764628410339,,1153721.8181818181
461091,,1.0,1153725.696969697
461097,0.5804864764213562,,1153748.9696969697
461098,,1.0,1153752.8484848484
461103,0.5804964900016785,,1153772.2424242424
461104,,1.0,1153776.121212121
461117,0.5805264711380005,,1153824.4444444445
461118,,3.0,1153828.888888889
461131,0.5805564522743225,,1153886.6666666667
461132,,3.0,1153891.111111111
461141,0.5805864334106445,,1153931.111111111
461142,,3.0,1153935.5555555555
461150,0.5806164145469666,,1153971.111111111
461151,,3.0,1153975.5555555555
461169,0.5806463956832886,,1154046.6666666667
461170,,3.0,1154051.111111111
461180,0.5806763768196106,,1154095.5555555555
461181,,3.0,1154100.0
461188,0.5807063579559326,,1154131.111111111
461189,,3.0,1154135.5555555555
461197,0.5807363390922546,,1154171.111111111
461198,,3.0,1154175.5555555555
461214,0.5807663202285767,,1154240.465116279
461215,,3.0,1154245.1162790698
461225,0.5807963013648987,,1154291.6279069767
461226,,3.0,1154296.2790697673
461231,0.5808262825012207,,1154319.534883721
461232,,3.0,1154324.1860465116
461242,0.5808562636375427,,1154370.6976744186
461243,,3.0,1154375.3488372094
461254,0.5808862447738647,,1154415.5555555555
461255,,3.0,1154420.0
461266,0.5809162259101868,,1154468.888888889
461267,,3.0,1154473.3333333333
461277,0.5809462070465088,,1154517.7777777778
461278,,3.0,1154522.2222222222
461289,0.5809761881828308,,1154571.111111111
461290,,3.0,1154575.5555555555
461306,0.5810061693191528,,1154639.0909090908
461307,,3.0,1154643.6363636365
461316,0.5810361504554749,,1154684.5454545454
461317,,3.0,1154689.0909090908
461325,0.5810661315917969,,1154725.4545454546
461326,,3.0,1154730.0
461335,0.5810961127281189,,1154770.9090909092
461336,,3.0,1154775.4545454546
461353,0.5811260938644409,,1154842.2222222222
461354,,3.0,1154846.6666666667
461359,0.5811560750007629,,1154868.888888889
461360,,3.0,1154873.3333333333
461371,0.581186056137085,,1154922.2222222222
461372,,3.0,1154926.6666666667
461382,0.581216037273407,,1154971.111111111
461383,,3.0,1154975.5555555555
461399,0.581246018409729,,1155045.0
461400,,3.0,1155050.0
461405,0.581275999546051,,1155075.0
461406,,3.0,1155080.0
461415,0.581305980682373,,1155125.0
461416,,3.0,1155130.0
461424,0.5813359618186951,,1155170.0
461425,,3.0,1155175.0
461443,0.5813659429550171,,1155251.4285714286
461444,,3.0,1155256.1904761905
461451,0.5813959240913391,,1155289.5238095238
461452,,3.0,1155294.2857142857
461456,0.5814259052276611,,1155313.3333333333
461457,,3.0,1155318.0952380951
461468,0.5814558863639832,,1155370.4761904762
461469,,3.0,1155375.238095238
461485,0.5814558863639832,,1155426.8
461486,,0.0,1155430.4
461499,0.5814558863639832,,1155477.2
461500,,0.0,1155480.8
461510,0.5814558863639832,,1155516.8
461511,,0.0,1155520.4
461525,0.5814558863639832,,1155570.8
461526,,0.0,1155574.4
461542,0.5814858675003052,,1155617.0
461543,,3.0,1155620.0
461552,0.5815158486366272,,1155647.0
461553,,3.0,1155650.0
461566,0.5815458297729492,,1155689.0
461567,,3.0,1155692.0
461573,0.5815758109092712,,1155710.0
461574,,3.0,1155713.0
461591,0.5815858244895935,,1155778.65
461592,,1.0,1155783.125
461599,0.5815958380699158,,1155814.45
461600,,1.0,1155818.925
461606,0.581605851650238,,1155845.775
461607,,1.0,1155850.25
461615,0.5816158652305603,,1155886.05
461616,,1.0,1155890.525
461630,0.5816458463668823,,1155946.1627906978
461631,,3.0,1155950.8139534884
461642,0.5816758275032043,,1156001.9767441861
461643,,3.0,1156006.6279069767
461649,0.5817058086395264,,1156034.534883721
461650,,3.0,1156039.1860465116
461660,0.5817357897758484,,1156085.6976744186
461661,,3.0,1156090.3488372094
461677,0.5817657709121704,,1156151.5217391304
461678,,3.0,1156155.8695652173
461689,0.5817957520484924,,1156203.6956521738
461690,,3.0,1156208.043478261
461697,0.5818257331848145,,1156238.4782608696
461698,,3.0,1156242.8260869565
461708,0.5818557143211365,,1156286.3043478262
461709,,3.0,1156290.652173913
461723,0.5818856954574585,,1156343.888888889
461724,,3.0,1156348.3333333333
461733,0.5819156765937805,,1156388.3333333333
461734,,3.0,1156392.7777777778
461747,0.5819456577301025,,1156450.5555555555
461748,,3.0,1156455.0
461755,0.5819756388664246,,1156486.111111111
461756,,3.0,1156490.5555555555
461772,0.5820056200027466,,1156544.0566037735
461773,,3.0,1156547.8301886793
461780,0.5820356011390686,,1156574.2452830188
461781,,3.0,1156578.0188679246
461794,0.5820655822753906,,1156627.075471698
461795,,3.0,1156630.8490566039
461810,0.5820955634117126,,1156687.4528301887
461811,,3.0,1156691.2264150945
461830,0.5821255445480347,,1156757.7450980393
461831,,3.0,1156761.6666666667
461837,0.5821555256843567,,1156785.1960784313
461838,,3.0,1156789.1176470588
461852,0.5821855068206787,,1156844.0196078431
461853,,3.0,1156847.9411764706
461863,0.5822154879570007,,1156887.156862745
461864,,3.0,1156891.0784313725
461879,0.5822454690933228,,1156950.8139534884
461880,,3.0,1156955.465116279
461890,0.5822754502296448,,1157001.9767441861
461891,,3.0,1157006.6279069767
461901,0.5823054313659668,,1157053.1395348837
461902,,3.0,1157057.7906976745
461908,0.5823354125022888,,1157085.6976744186
461909,,3.0,1157090.3488372094
461921,0.5823653936386108,,1157145.0
461922,,3.0,1157150.5555555555
461932,0.5823953747749329,,1157206.111111111
461933,,3.0,1157211.6666666667
461938,0.5824253559112549,,1157239.4444444445
461939,,3.0,1157245.0
461946,0.5824553370475769,,1157283.888888889
461947,,3.0,1157289.4444444445
461962,0.5824553370475769,,1157333.1538461538
461963,,0.0,1157336.3333333333
461968,0.5824553370475769,,1157352.2307692308
461969,,0.0,1157355.4102564103
461976,0.5824553370475769,,1157377.6666666667
461977,,0.0,1157380.8461538462
461987,0.5824553370475769,,1157412.641025641
461988,,0.0,1157415.8205128205
462003,0.5824853181838989,,1157477.536585366
462004,,3.0,1157482.4146341463
462012,0.582515299320221,,1157521.4390243902
462013,,3.0,1157526.3170731708
462021,0.582545280456543,,1157565.3414634147
462022,,3.0,1157570.219512195
462030,0.582575261592865,,1157609.243902439
462031,,3.0,1157614.1219512196
462042,0.582605242729187,,1157653.7826086956
462043,,3.0,1157658.1304347827
462053,0.582635223865509,,1157701.608695652
462054,,3.0,1157705.956521739
462064,0.582665205001831,,1157749.4347826086
462065,,3.0,1157753.7826086956
462078,0.5826951861381531,,1157810.3043478262
462079,,3.0,1157814.652173913
462093,0.5827251672744751,,1157871.380952381
462094,,3.0,1157876.142857143
462106,0.5827551484107971,,1157933.2857142857
462107,,3.0,1157938.0476190476
462114,0.5827851295471191,,1157971.380952381
462115,,3.0,1157976.142857143
462122,0.5828151106834412,,1158009.4761904762
462123,,3.0,1158014.238095238
462142,0.5828450918197632,,1158091.7272727273
462143,,3.0,1158096.2727272727
462148,0.5828750729560852,,1158119.0
462149,,3.0,1158123.5454545454
462157,0.5829050540924072,,1158159.9090909092
462158,,3.0,1158164.4545454546
462168,0.5829350352287292,,1158209.9090909092
462169,,3.0,1158214.4545454546
462181,0.5829650163650513,,1158258.1304347827
462182,,3.0,1158262.4782608696
462192,0.5829949975013733,,1158305.956521739
462193,,3.0,1158310.3043478262
462204,0.5830249786376953,,1158358.1304347827
462205,,3.0,1158362.4782608696
462216,0.5830549597740173,,1158410.3043478262
462217,,3.0,1158414.652173913
462235,0.5830849409103394,,1158492.1707317072
462236,,3.0,1158497.0487804879
462245,0.5831149220466614,,1158540.9512195121
462246,,3.0,1158545.8292682928
462251,0.5831449031829834,,1158570.219512195
462252,,3.0,1158575.0975609757
462259,0.5831748843193054,,1158609.243902439
462260,,3.0,1158614.1219512196
462274,0.5832048654556274,,1158667.888888889
462275,,3.0,1158672.3333333333
462285,0.5832348465919495,,1158716.7777777778
462286,,3.0,1158721.2222222222
462298,0.5832648277282715,,1158774.5555555555
462299,,3.0,1158779.0
462306,0.5832948088645935,,1158810.111111111
462307,,3.0,1158814.5555555555
462323,0.5833247900009155,,1158880.9047619049
462324,,3.0,1158885.6666666667
462333,0.5833547711372375,,1158928.5238095238
462334,,3.0,1158933.2857142857
462340,0.5833847522735596,,1158961.857142857
462341,,3.0,1158966.619047619
462350,0.5834147334098816,,1159009.4761904762
462351,,3.0,1159014.238095238
462361,0.5834447145462036,,1159059.0
462362,,3.0,1159064.7142857143
462371,0.5834746956825256,,1159116.142857143
462372,,3.0,1159121.857142857
462379,0.5835046768188477,,1159161.857142857
462380,,3.0,1159167.5714285714
462387,0.5835346579551697,,1159207.5714285714
462388,,3.0,1159213.2857142857
462409,0.5835646390914917,,1159286.924528302
462410,,3.0,1159290.6981132075
462417,0.5835946202278137,,1159317.1132075472
462418,,3.0,1159320.8867924528
462431,0.5836246013641357,,1159369.9433962265
462432,,3.0,1159373.716981132
462442,0.5836545825004578,,1159411.4528301887
462443,,3.0,1159415.2264150945
462462,0.5836845636367798,,1159483.0
462463,,3.0,1159487.0
462475,0.5837145447731018,,1159535.0
462476,,3.0,1159539.0
462481,0.5837445259094238,,1159559.0
462482,,3.0,1159563.0
462494,0.5837745070457458,,1159611.0
462495,,3.0,1159615.0
462510,0.5838044881820679,,1159670.0638297873
462511,,3.0,1159674.319148936
462519,0.5838344693183899,,1159708.3617021276
462520,,3.0,1159712.6170212766
462529,0.5838644504547119,,1159750.914893617
462530,,3.0,1159755.170212766
462543,0.5838944315910339,,1159810.4893617022
462544,,3.0,1159814.744680851
462562,0.5838944315910339,,1159871.9411764706
462563,,0.0,1159875.4705882352
462572,0.5838944315910339,,1159907.2352941176
462573,,0.0,1159910.7647058824
462579,0.5838944315910339,,1159931.9411764706
462580,,0.0,1159935.4705882352
462596,0.5838944315910339,,1159991.9411764706
462597,,0.0,1159995.4705882352
462609,0.583924412727356,,1160046.3684210526
462610,,3.0,1160051.6315789474
462621,0.583954393863678,,1160109.5263157894
462622,,3.0,1160114.7894736843
462626,0.583984375,,1160135.8421052631
462627,,3.0,1160141.105263158
462636,0.584014356136322,,1160188.4736842106
462637,,3.0,1160193.7368421052
462650,0.584044337272644,,1160244.4545454546
462651,,3.0,1160249.0
462660,0.5840743184089661,,1160289.9090909092
462661,,3.0,1160294.4545454546
462669,0.5841042995452881,,1160330.8181818181
462670,,3.0,1160335.3636363635
462682,0.5841342806816101,,1160389.9090909092
462683,,3.0,1160394.4545454546
462701,0.5841642618179321,,1160454.5555555555
462702,,3.0,1160458.2592592593
462712,0.5841942429542542,,1160495.2962962964
462713,,3.0,1160499.0
462726,0.5842242240905762,,1160547.148148148
462727,,3.0,1160550.851851852
462738,0.5842542052268982,,1160591.5925925926
462739,,3.0,1160595.2962962964
462759,0.5842841863632202,,1160672.9130434783
462760,,3.0,1160677.2608695652
462768,0.5843141674995422,,1160712.043478261
462769,,3.0,1160716.391304348
462777,0.5843441486358643,,1160751.1739130435
462778,,3.0,1160755.5217391304
462786,0.5843741297721863,,1160790.3043478262
462787,,3.0,1160794.652173913
462800,0.5844041109085083,,1160845.511627907
462801,,3.0,1160850.1627906978
462813,0.5844340920448303,,1160905.9767441861
462814,,3.0,1160910.6279069767
462822,0.5844640731811523,,1160947.8372093022
462823,,3.0,1160952.488372093
462831,0.5844940543174744,,1160989.6976744186
462832,,3.0,1160994.3488372094
462848,0.5845240354537964,,1161056.7777777778
462849,,3.0,1161061.2222222222
462857,0.5845540165901184,,1161096.7777777778
462858,,3.0,1161101.2222222222
462867,0.5845839977264404,,1161141.2222222222
462868,,3.0,1161145.6666666667
462878,0.5846139788627625,,1161190.111111111
462879,,3.0,1161194.5555555555
462899,0.5846439599990845,,1161269.8333333333
462900,,3.0,1161274.0
462911,0.5846739411354065,,1161319.8333333333
462912,,3.0,1161324.0
462917,0.5847039222717285,,1161344.8333333333
462918,,3.0,1161349.0
462928,0.5847339034080505,,1161390.6666666667
462929,,3.0,1161394.8333333333
462940,0.5847638845443726,,1161437.0952380951
462941,,3.0,1161441.857142857
462949,0.5847938656806946,,1161479.9523809524
462950,,3.0,1161484.7142857143
462961,0.5848238468170166,,1161537.0952380951
462962,,3.0,1161541.857142857
462972,0.5848538279533386,,1161589.4761904762
462973,,3.0,1161594.238095238
462991,0.5848838090896606,,1161656.857142857
462992,,3.0,1161660.7142857143
462998,0.5849137902259827,,1161683.857142857
462999,,3.0,1161687.7142857143
463011,0.5849437713623047,,1161734.0
463012,,3.0,1161737.857142857
463023,0.5849737524986267,,1161780.2857142857
463024,,3.0,1161784.142857143
463036,0.5850037336349487,,1161833.0
463037,,3.0,1161838.0
463044,0.5850337147712708,,1161873.0
463045,,3.0,1161878.0
463056,0.5850636959075928,,1161933.0
463057,,3.0,1161938.0
463065,0.5850936770439148,,1161978.0
463066,,3.0,1161983.0
463081,0.5851236581802368,,1162042.5454545454
463082,,3.0,1162047.0909090908
463089,0.5851536393165588,,1162078.9090909092
463090,,3.0,1162083.4545454546
463101,0.5851836204528809,,1162133.4545454546
463102,,3.0,1162138.0
463111,0.5852136015892029,,1162178.9090909092
463112,,3.0,1162183.4545454546
463127,0.5852435827255249,,1162242.5454545454
463128,,3.0,1162247.0909090908
463139,0.5852735638618469,,1162297.0909090908
463140,,3.0,1162301.6363636365
463146,0.585303544998169,,1162328.9090909092
463147,,3.0,1162333.4545454546
463157,0.585333526134491,,1162378.9090909092
463158,,3.0,1162383.4545454546
463172,0.5853435397148132,,1162437.9024390243
463173,,1.0,1162442.4390243902
463184,0.5853535532951355,,1162492.3414634147
463185,,1.0,1162496.8780487804
463194,0.5853635668754578,,1162537.7073170731
463195,,1.0,1162542.243902439
463200,0.58537358045578,,1162564.9268292682
463201,,1.0,1162569.463414634
463217,0.585403561592102,,1162631.7777777778
463218,,3.0,1162636.2222222222
463224,0.5854335427284241,,1162662.888888889
463225,,3.0,1162667.3333333333
463236,0.5854635238647461,,1162716.2222222222
463237,,3.0,1162720.6666666667
463247,0.5854935050010681,,1162765.111111111
463248,,3.0,1162769.5555555555
463263,0.5855234861373901,,1162826.1739130435
463264,,3.0,1162830.5217391304
463271,0.5855534672737122,,1162860.956521739
463272,,3.0,1162865.3043478262
463282,0.5855834484100342,,1162908.7826086956
463283,,3.0,1162913.1304347827
463295,0.5856134295463562,,1162965.3043478262
463296,,3.0,1162969.652173913
463316,0.5856434106826782,,1163040.6666666667
463317,,3.0,1163044.5882352942
463326,0.5856733918190002,,1163079.8823529412
463327,,3.0,1163083.8039215687
463336,0.5857033729553223,,1163119.0980392157
463337,,3.0,1163123.0196078431
463348,0.5857333540916443,,1163166.156862745
463349,,3.0,1163170.0784313725
463362,0.5857633352279663,,1163219.4545454546
463363,,3.0,1163224.0
463374,0.5857933163642883,,1163274.0
463375,,3.0,1163278.5454545454
463382,0.5858232975006104,,1163310.3636363635
463383,,3.0,1163314.9090909092
463394,0.5858532786369324,,1163364.9090909092
463395,,3.0,1163369.4545454546
463411,0.5858532786369324,,1163431.8157894737
463412,,0.0,1163436.2631578948
463416,0.5858532786369324,,1163454.0526315789
463417,,0.0,1163458.5
463425,0.5858532786369324,,1163494.0789473683
463426,,0.0,1163498.5263157894
463434,0.5858532786369324,,1163534.105263158
463435,,0.0,1163538.5526315789
463448,0.5858532786369324,,1163578.4
463449,,0.0,1163581.94
463461,0.5858532786369324,,1163624.42
463462,,0.0,1163627.96
463475,0.5858532786369324,,1163673.98
463476,,0.0,1163677.52
463486,0.5858532786369324,,1163712.92
463487,,0.0,1163716.46
463502,0.5858832597732544,,1163777.142857143
463503,,3.0,1163781.9047619049
463512,0.5859132409095764,,1163824.761904762
463513,,3.0,1163829.5238095238
463520,0.5859432220458984,,1163862.857142857
463521,,3.0,1163867.619047619
463530,0.5859732031822205,,1163910.4761904762
463531,,3.0,1163915.238095238
463549,0.5860031843185425,,1163981.224489796
463550,,3.0,1163985.306122449
463564,0.5860331654548645,,1164042.448979592
463565,,3.0,1164046.530612245
463571,0.5860631465911865,,1164071.0204081633
463572,,3.0,1164075.1020408163
463581,0.5860931277275085,,1164111.836734694
463582,,3.0,1164115.918367347
463597,0.5860931277275085,,1164163.2631578948
463598,,0.0,1164166.8684210526
463605,0.5860931277275085,,1164192.105263158
463606,,0.0,1164195.7105263157
463614,0.5860931277275085,,1164224.5526315789
463615,,0.0,1164228.1578947369
463621,0.5860931277275085,,1164249.7894736843
463622,,0.0,1164253.394736842
463631,0.5861231088638306,,1164294.5
463632,,3.0,1164300.75
463640,0.5861530900001526,,1164350.75
463641,,3.0,1164357.0
463645,0.5861830711364746,,1164382.0
463646,,3.0,1164388.25
463655,0.5862130522727966,,1164444.5
463656,,3.0,1164450.75
463672,0.5862430334091187,,1164520.4146341463
463673,,3.0,1164525.2926829269
463682,0.5862730145454407,,1164569.1951219512
463683,,3.0,1164574.0731707318
463688,0.5863029956817627,,1164598.463414634
463689,,3.0,1164603.3414634147
463698,0.5863329768180847,,1164647.243902439
463699,,3.0,1164652.1219512196
463712,0.5863629579544067,,1164711.054054054
463713,,3.0,1164716.4594594594
463719,0.5863929390907288,,1164748.8918918918
463720,,3.0,1164754.2972972973
463727,0.5864229202270508,,1164792.1351351351
463728,,3.0,1164797.5405405406
463737,0.5864529013633728,,1164846.189189189
463738,,3.0,1164851.5945945946
463749,0.5864828824996948,,1164897.0
463750,,3.0,1164902.0
463759,0.5865128636360168,,1164947.0
463760,,3.0,1164952.0
463767,0.5865428447723389,,1164987.0
463768,,3.0,1164992.0
463779,0.5865728259086609,,1165047.0
463780,,3.0,1165052.0
463791,0.5866028070449829,,1165099.105263158
463792,,3.0,1165104.3684210526
463799,0.5866327881813049,,1165141.2105263157
463800,,3.0,1165146.4736842106
463808,0.586662769317627,,1165188.5789473683
463809,,3.0,1165193.8421052631
463819,0.586692750453949,,1165246.4736842106
463820,,3.0,1165251.7368421052
463834,0.586722731590271,,1165313.4102564103
463835,,3.0,1165318.5384615385
463842,0.586752712726593,,1165354.435897436
463843,,3.0,1165359.564102564
463853,0.586782693862915,,1165410.8461538462
463854,,3.0,1165415.9743589743
463860,0.5868126749992371,,1165446.7435897435
463861,,3.0,1165451.8717948718
463878,0.5868426561355591,,1165510.8461538462
463879,,3.0,1165514.6923076923
463890,0.5868726372718811,,1165557.0
463891,,3.0,1165560.8461538462
463903,0.5869026184082031,,1165607.0
463904,,3.0,1165610.8461538462
463914,0.5869325995445251,,1165649.3076923077
463915,,3.0,1165653.1538461538
463931,0.5869625806808472,,1165725.4210526317
463932,,3.0,1165730.6842105263
463938,0.5869925618171692,,1165762.2631578948
463939,,3.0,1165767.5263157894
463946,0.5870225429534912,,1165804.3684210526
463947,,3.0,1165809.6315789474
463954,0.5870525240898132,,1165846.4736842106
463955,,3.0,1165851.7368421052
463968,0.5870825052261353,,1165905.780487805
463969,,3.0,1165910.6585365853
463981,0.5871124863624573,,1165969.1951219512
463982,,3.0,1165974.0731707318
463988,0.5871424674987793,,1166003.3414634147
463989,,3.0,1166008.219512195
463997,0.5871724486351013,,1166047.243902439
463998,,3.0,1166052.1219512196
464013,0.5872024297714233,,1166111.5454545454
464014,,3.0,1166116.0909090908
464023,0.5872324109077454,,1166157.0
464024,,3.0,1166161.5454545454
464035,0.5872623920440674,,1166211.5454545454
464036,,3.0,1166216.0909090908
464043,0.5872923731803894,,1166247.9090909092
464044,,3.0,1166252.4545454546
464061,0.5872923731803894,,1166309.5777777778
464062,,0.0,1166313.3333333333
464070,0.5872923731803894,,1166343.3777777778
464071,,0.0,1166347.1333333333
464081,0.5872923731803894,,1166384.6888888888
464082,,0.0,1166388.4444444445
464090,0.5872923731803894,,1166418.4888888889
464091,,0.0,1166422.2444444445
464101,0.5873223543167114,,1166463.8378378379
464102,,3.0,1166469.2432432433
464108,0.5873523354530334,,1166501.6756756757
464109,,3.0,1166507.0810810812
464116,0.5873823165893555,,1166544.9189189188
464117,,3.0,1166550.3243243243
464129,0.5874122977256775,,1166615.189189189
464130,,3.0,1166620.5945945946
464147,0.5874422788619995,,1166686.8695652173
464148,,3.0,1166691.2173913044
464156,0.5874722599983215,,1166726.0
464157,,3.0,1166730.347826087
464167,0.5875022411346436,,1166773.8260869565
464168,,3.0,1166778.1739130435
464177,0.5875322222709656,,1166817.3043478262
464178,,3.0,1166821.652173913
464194,0.5875622034072876,,1166886.465116279
464195,,3.0,1166891.1162790698
464200,0.5875921845436096,,1166914.3720930233
464201,,3.0,1166919.0232558139
464214,0.5876221656799316,,1166979.488372093
464215,,3.0,1166984.1395348837
464222,0.5876521468162537,,1167016.6976744186
464223,,3.0,1167021.3488372094
464236,0.5876821279525757,,1167074.780487805
464237,,3.0,1167079.6585365853
464245,0.5877121090888977,,1167118.6829268292
464246,,3.0,1167123.5609756098
464254,0.5877420902252197,,1167162.5853658537
464255,,3.0,1167167.463414634
464265,0.5877720713615417,,1167216.243902439
464266,,3.0,1167221.1219512196
464278,0.5878020524978638,,1167271.0
464279,,3.0,1167276.0
464289,0.5878320336341858,,1167326.0
464290,,3.0,1167331.0
464297,0.5878620147705078,,1167366.0
464298,,3.0,1167371.0
464307,0.5878919959068298,,1167416.0
464308,,3.0,1167421.0
464325,0.5879219770431519,,1167486.8695652173
464326,,3.0,1167491.2173913044
464335,0.5879519581794739,,1167530.347826087
464336,,3.0,1167534.6956521738
464343,0.5879819393157959,,1167565.1304347827
464344,,3.0,1167569.4782608696
464355,0.5880119204521179,,1167617.3043478262
464356,,3.0,1167621.652173913
464373,0.5880419015884399,,1167694.2926829269
464374,,3.0,1167699.1707317072
464382,0.588071882724762,,1167738.1951219512
464383,,3.0,1167743.0731707318
464388,0.588101863861084,,1167767.463414634
464389,,3.0,1167772.3414634147
464398,0.588131844997406,,1167816.243902439
464399,,3.0,1167821.1219512196
464417,0.588161826133728,,1167901.0
464418,,3.0,1167906.0
464423,0.58819180727005,,1167931.0
464424,,3.0,1167936.0
464433,0.5882217884063721,,1167981.0
464434,,3.0,1167986.0
464440,0.5882517695426941,,1168016.0
464441,,3.0,1168021.0
464467,0.5882517695426941,,1168085.4166666667
464468,,0.0,1168088.0
464480,0.5882517695426941,,1168119.0
464481,,0.0,1168121.5833333333
464493,0.5882517695426941,,1168152.5833333333
464494,,0.0,1168155.1666666667
464502,0.5882517695426941,,1168175.8333333333
464503,,0.0,1168178.4166666667
464517,0.5882817506790161,,1168232.1627906978
464518,,3.0,1168236.8139534884
464525,0.5883117318153381,,1168269.3720930233
464526,,3.0,1168274.0232558139
464536,0.5883417129516602,,1168320.534883721
464537,,3.0,1168325.1860465116
464547,0.5883716940879822,,1168371.6976744186
464548,,3.0,1168376.3488372094
464562,0.5884016752243042,,1168434.6585365853
464563,,3.0,1168439.536585366
464574,0.5884316563606262,,1168493.1951219512
464575,,3.0,1168498.0731707318
464582,0.5884616374969482,,1168532.219512195
464583,,3.0,1168537.0975609757
464590,0.5884916186332703,,1168571.243902439
464591,,3.0,1168576.1219512196
464612,0.5885215997695923,,1168647.6666666667
464613,,3.0,1168651.3703703703
464623,0.5885515809059143,,1168688.4074074074
464624,,3.0,1168692.111111111
464634,0.5885815620422363,,1168729.148148148
464635,,3.0,1168732.851851852
464646,0.5886115431785583,,1168773.5925925926
464647,,3.0,1168777.2962962964
464661,0.5886415243148804,,1168827.8085106383
464662,,3.0,1168832.0638297873
464670,0.5886715054512024,,1168866.1063829786
464671,,3.0,1168870.3617021276
464682,0.5887014865875244,,1168917.170212766
464683,,3.0,1168921.425531915
464695,0.5887314677238464,,1168972.4893617022
464696,,3.0,1168976.744680851
464713,0.5887614488601685,,1169046.1162790698
464714,,3.0,1169050.7674418604
464721,0.5887914299964905,,1169083.3255813953
464722,,3.0,1169087.9767441861
464732,0.5888214111328125,,1169134.488372093
464733,,3.0,1169139.1395348837
464740,0.5888513922691345,,1169171.6976744186
464741,,3.0,1169176.3488372094
464761,0.5888813734054565,,1169253.3404255318
464762,,3.0,1169257.5957446808
464769,0.5889113545417786,,1169287.3829787234
464770,,3.0,1169291.6382978724
464779,0.5889413356781006,,1169329.9361702127
464780,,3.0,1169334.1914893617
464789,0.5889713168144226,,1169372.4893617022
464790,,3.0,1169376.744680851
464807,0.5889713168144226,,1169420.5652173914
464808,,0.0,1169423.391304348
464816,0.5889713168144226,,1169446.0
464817,,0.0,1169448.8260869565
464829,0.5889713168144226,,1169482.7391304348
464830,,0.0,1169485.5652173914
464837,0.5889713168144226,,1169505.347826087
464838,,0.0,1169508.1739130435
464849,0.5890012979507446,,1169547.3636363635
464850,,3.0,1169551.9090909092
464861,0.5890312790870667,,1169601.9090909092
464862,,3.0,1169606.4545454546
464871,0.5890612602233887,,1169647.3636363635
464872,,3.0,1169651.9090909092
464883,0.5890912413597107,,1169701.9090909092
464884,,3.0,1169706.4545454546
464902,0.5891212224960327,,1169784.1707317072
464903,,3.0,1169789.0487804879
464910,0.5891512036323547,,1169823.1951219512
464911,,3.0,1169828.0731707318
464918,0.5891811847686768,,1169862.219512195
464919,,3.0,1169867.0975609757
464926,0.5892111659049988,,1169901.243902439
464927,,3.0,1169906.1219512196
464938,0.5892411470413208,,1169964.3333333333
464939,,3.0,1169971.0
464947,0.5892711281776428,,1170024.3333333333
464948,,3.0,1170031.0
464952,0.5893011093139648,,1170057.6666666667
464953,,3.0,1170064.3333333333
464958,0.5893310904502869,,1170097.6666666667
464959,,3.0,1170104.3333333333
464979,0.5893610715866089,,1170186.5555555555
464980,,3.0,1170191.0
464987,0.5893910527229309,,1170222.111111111
464988,,3.0,1170226.5555555555
464995,0.5894210338592529,,1170257.6666666667
464996,,3.0,1170262.111111111
465005,0.589451014995575,,1170302.111111111
465006,,3.0,1170306.5555555555
465021,0.589480996131897,,1170379.5714285714
465022,,3.0,1170385.2857142857
465029,0.589510977268219,,1170425.2857142857
465030,,3.0,1170431.0
465036,0.589540958404541,,1170465.2857142857
465037,,3.0,1170471.0
465042,0.589570939540863,,1170499.5714285714
465043,,3.0,1170505.2857142857
465061,0.5896009206771851,,1170584.1707317072
465062,,3.0,1170589.0487804879
465068,0.5896309018135071,,1170618.3170731708
465069,,3.0,1170623.1951219512
465078,0.5896608829498291,,1170667.0975609757
465079,,3.0,1170671.975609756
465085,0.5896908640861511,,1170701.243902439
465086,,3.0,1170706.1219512196
465102,0.5897208452224731,,1170766.319148936
465103,,3.0,1170770.574468085
465114,0.5897508263587952,,1170817.3829787234
465115,,3.0,1170821.6382978724
465123,0.5897808074951172,,1170855.680851064
465124,,3.0,1170859.9361702127
465134,0.5898107886314392,,1170902.4893617022
465135,,3.0,1170906.744680851
465149,0.5898107886314392,,1170942.465116279
465150,,0.0,1170945.3255813953
465160,0.5898107886314392,,1170973.9302325582
465161,,0.0,1170976.7906976745
465170,0.5898107886314392,,1171002.534883721
465171,,0.0,1171005.3953488371
465179,0.5898107886314392,,1171028.2790697673
465180,,0.0,1171031.1395348837
465196,0.5898407697677612,,1171088.1666666667
465197,,3.0,1171092.3333333333
465210,0.5898707509040833,,1171146.5
465211,,3.0,1171150.6666666667
465219,0.5899007320404053,,1171184.0
465220,,3.0,1171188.1666666667
465229,0.5899307131767273,,1171225.6666666667
465230,,3.0,1171229.8333333333
465246,0.5899606943130493,,1171281.2727272727
465247,,3.0,1171284.9090909092
465263,0.5899906754493713,,1171343.0909090908
465264,,3.0,1171346.7272727273
465272,0.5900206565856934,,1171375.8181818181
465273,,3.0,1171379.4545454546
465286,0.5900506377220154,,1171426.7272727273
465287,,3.0,1171430.3636363635
465298,0.5900806188583374,,1171482.4848484849
465299,,3.0,1171488.5454545454
465304,0.5901105999946594,,1171518.8484848484
465305,,3.0,1171524.9090909092
465314,0.5901405811309814,,1171579.4545454546
465315,,3.0,1171585.5151515151
465321,0.5901705622673035,,1171621.878787879
465322,,3.0,1171627.9393939395
465339,0.5902005434036255,,1171704.0
465340,,3.0,1171709.0
465346,0.5902305245399475,,1171739.0
465347,,3.0,1171744.0
465357,0.5902605056762695,,1171794.0
465358,,3.0,1171799.0
465363,0.5902904868125916,,1171824.0
465364,,3.0,1171829.0
465375,0.5903204679489136,,1171876.105263158
465376,,3.0,1171881.3684210526
465382,0.5903504490852356,,1171912.9473684211
465383,,3.0,1171918.2105263157
465393,0.5903804302215576,,1171970.8421052631
465394,,3.0,1171976.105263158
465403,0.5904104113578796,,1172023.4736842106
465404,,3.0,1172028.7368421052
465423,0.5904403924942017,,1172106.7272727273
465424,,3.0,1172111.2727272727
465433,0.5904703736305237,,1172152.1818181819
465434,,3.0,1172156.7272727273
465442,0.5905003547668457,,1172193.0909090908
465443,,3.0,1172197.6363636365
465449,0.5905303359031677,,1172224.9090909092
465450,,3.0,1172229.4545454546
465464,0.5905603170394897,,1172290.4102564103
465465,,3.0,1172295.5384615385
465469,0.5905902981758118,,1172316.0512820513
465470,,3.0,1172321.1794871795
465479,0.5906202793121338,,1172367.3333333333
465480,,3.0,1172372.4615384615
465490,0.5906502604484558,,1172423.7435897435
465491,,3.0,1172428.8717948718
465509,0.5906802415847778,,1172491.6923076923
465510,,3.0,1172495.5384615385
465521,0.5907102227210999,,1172537.8461538462
465522,,3.0,1172541.6923076923
465530,0.5907402038574219,,1172572.4615384615
465531,,3.0,1172576.3076923077
465544,0.5907701849937439,,1172626.3076923077
465545,,3.0,1172630.1538461538
465554,0.5908001661300659,,1172674.0
465555,,3.0,1172680.6666666667
465561,0.5908301472663879,,1172720.6666666667
465562,,3.0,1172727.3333333333
465567,0.59086012840271,,1172760.6666666667
465568,,3.0,1172767.3333333333
465576,0.590890109539032,,1172820.6666666667
465577,,3.0,1172827.3333333333
465593,0.590920090675354,,1172886.0
465594,,3.0,1172890.0
465601,0.590950071811676,,1172918.0
465602,,3.0,1172922.0
465613,0.590980052947998,,1172966.0
465614,,3.0,1172970.0
465628,0.5910100340843201,,1173026.0
465629,,3.0,1173030.0
465645,0.5910400152206421,,1173094.465116279
465646,,3.0,1173099.1162790698
465654,0.5910699963569641,,1173136.3255813953
465655,,3.0,1173140.9767441861
465664,0.5910999774932861,,1173182.8372093022
465665,,3.0,1173187.488372093
465673,0.5911299586296082,,1173224.6976744186
465674,,3.0,1173229.3488372094
465688,0.5911599397659302,,1173282.888888889
465689,,3.0,1173287.3333333333
465700,0.5911899209022522,,1173336.2222222222
465701,,3.0,1173340.6666666667
465712,0.5912199020385742,,1173389.5555555555
465713,,3.0,1173394.0
465720,0.5912498831748962,,1173425.111111111
465721,,3.0,1173429.5555555555
465734,0.5912798643112183,,1173478.4444444445
465735,,3.0,1173482.888888889
465744,0.5913098454475403,,1173522.888888889
465745,,3.0,1173527.3333333333
465753,0.5913398265838623,,1173562.888888889
465754,,3.0,1173567.3333333333
465767,0.5913698077201843,,1173625.111111111
465768,,3.0,1173629.5555555555
465783,0.5913997888565063,,1173689.8139534884
465784,,3.0,1173694.465116279
465795,0.5914297699928284,,1173745.6279069767
465796,,3.0,1173750.2790697673
465805,0.5914597511291504,,1173792.1395348837
465806,,3.0,1173796.7906976745
465812,0.5914897322654724,,1173824.6976744186
465813,,3.0,1173829.3488372094
465830,0.5914897322654724,,1173888.4444444445
465831,,0.0,1173892.3333333333
465840,0.5914897322654724,,1173927.3333333333
465841,,0.0,1173931.2222222222
465849,0.5914897322654724,,1173962.3333333333
465850,,0.0,1173966.2222222222
465859,0.5914897322654724,,1174001.2222222222
465860,,0.0,1174005.111111111
465874,0.5914897322654724,,1174030.45
465875,,0.0,1174032.4
465883,0.5914897322654724,,1174048.0
465884,,0.0,1174049.95
465893,0.5914897322654724,,1174067.5
465894,,0.0,1174069.45
465901,0.5914897322654724,,1174083.1
465902,,0.0,1174085.05
465919,0.5915197134017944,,1174149.2222222222
465920,,3.0,1174153.6666666667
465931,0.5915496945381165,,1174202.5555555555
465932,,3.0,1174207.0
465939,0.5915796756744385,,1174238.111111111
465940,,3.0,1174242.5555555555
465948,0.5916096568107605,,1174278.111111111
465949,,3.0,1174282.5555555555
465961,0.591629683971405,,1174334.3684210526
465962,,2.0,1174339.6315789474
465971,0.5916497111320496,,1174387.0
465972,,2.0,1174392.2631578948
465981,0.5916697382926941,,1174439.6315789474
465982,,2.0,1174444.894736842
465988,0.5916897654533386,,1174476.4736842106
465989,,2.0,1174481.7368421052
466009,0.5917197465896606,,1174553.6666666667
466010,,3.0,1174557.5882352942
466021,0.5917497277259827,,1174600.7254901961
466022,,3.0,1174604.6470588236
466032,0.5917797088623047,,1174643.862745098
466033,,3.0,1174647.7843137255
466041,0.5918096899986267,,1174679.156862745
466042,,3.0,1174683.0784313725
466058,0.5918096899986267,,1174707.0
466059,,0.0,1174708.5384615385
466073,0.5918096899986267,,1174730.076923077
466074,,0.0,1174731.6153846155
466086,0.5918096899986267,,1174750.076923077
466087,,0.0,1174751.6153846155
466095,0.5918096899986267,,1174763.923076923
466096,,0.0,1174765.4615384615
466114,0.5918396711349487,,1174824.6923076923
466115,,3.0,1174828.5384615385
466128,0.5918696522712708,,1174878.5384615385
466129,,3.0,1174882.3846153845
466139,0.5918996334075928,,1174920.8461538462
466140,,3.0,1174924.6923076923
466149,0.5919296145439148,,1174959.3076923077
466150,,3.0,1174963.1538461538
466164,0.5919595956802368,,1175014.8260869565
466165,,3.0,1175019.1739130435
466171,0.5919895768165588,,1175045.2608695652
466172,,3.0,1175049.608695652
466186,0.5920195579528809,,1175110.4782608696
466187,,3.0,1175114.8260869565
466197,0.5920495390892029,,1175158.3043478262
466198,,3.0,1175162.652173913
466214,0.5920795202255249,,1175226.0909090908
466215,,3.0,1175230.6363636365
466222,0.5921095013618469,,1175262.4545454546
466223,,3.0,1175267.0
466232,0.592139482498169,,1175307.9090909092
466233,,3.0,1175312.4545454546
466243,0.592169463634491,,1175357.9090909092
466244,,3.0,1175362.4545454546
466256,0.5921794772148132,,1175404.975609756
466257,,1.0,1175409.1951219512
466265,0.5921894907951355,,1175442.9512195121
466266,,1.0,1175447.1707317072
466276,0.5921995043754578,,1175489.3658536586
466277,,1.0,1175493.5853658537
466286,0.59220951795578,,1175531.5609756098
466287,,1.0,1175535.780487805
466301,0.592239499092102,,1175584.0
466302,,3.0,1175588.0
466312,0.5922694802284241,,1175628.0
466313,,3.0,1175632.0
466324,0.5922994613647461,,1175676.0
466325,,3.0,1175680.0
466338,0.5923294425010681,,1175732.0
466339,,3.0,1175736.0
466350,0.5923594236373901,,1175773.3333333333
466351,,3.0,1175777.5
466362,0.5923894047737122,,1175823.3333333333
466363,,3.0,1175827.5
466375,0.5924193859100342,,1175877.5
466376,,3.0,1175881.6666666667
466388,0.5924493670463562,,1175931.6666666667
466389,,3.0,1175935.8333333333
466407,0.5924793481826782,,1175981.388888889
466408,,3.0,1175984.148148148
466419,0.5925093293190002,,1176014.5
466420,,3.0,1176017.2592592593
466430,0.5925393104553223,,1176044.851851852
466431,,3.0,1176047.611111111
466444,0.5925692915916443,,1176083.4814814816
466445,,3.0,1176086.2407407407
466461,0.5925992727279663,,1176159.2702702703
466462,,3.0,1176164.6756756757
466471,0.5926292538642883,,1176213.3243243243
466472,,3.0,1176218.7297297297
466476,0.5926592350006104,,1176240.3513513512
466477,,3.0,1176245.7567567567
466483,0.5926892161369324,,1176278.189189189
466484,,3.0,1176283.5945945946
466500,0.5927191972732544,,1176342.0612244897
466501,,3.0,1176346.142857143
466509,0.5927491784095764,,1176378.7959183673
466510,,3.0,1176382.8775510204
466522,0.5927791595458984,,1176431.857142857
466523,,3.0,1176435.9387755103
466534,0.5928091406822205,,1176480.836734694
466535,,3.0,1176484.918367347
466550,0.5928391218185425,,1176546.142857143
466551,,3.0,1176550.9047619049
466560,0.5928691029548645,,1176593.761904762
466561,,3.0,1176598.5238095238
466569,0.5928990840911865,,1176636.619047619
466570,,3.0,1176641.380952381
466578,0.5929290652275085,,1176679.4761904762
466579,,3.0,1176684.238095238
466593,0.5929590463638306,,1176734.8333333333
466594,,3.0,1176739.0
466602,0.5929890275001526,,1176772.3333333333
466603,,3.0,1176776.5
466616,0.5930190086364746,,1176830.6666666667
466617,,3.0,1176834.8333333333
466628,0.5930489897727966,,1176880.6666666667
466629,,3.0,1176884.8333333333
466642,0.5930789709091187,,1176944.5555555555
466643,,3.0,1176950.111111111
466652,0.5931089520454407,,1177000.111111111
466653,,3.0,1177005.6666666667
466660,0.5931389331817627,,1177044.5555555555
466661,,3.0,1177050.111111111
466666,0.5931689143180847,,1177077.888888889
466667,,3.0,1177083.4444444445
466681,0.5931988954544067,,1177140.1627906978
466682,,3.0,1177144.8139534884
466693,0.5932288765907288,,1177195.9767441861
466694,,3.0,1177200.6279069767
466702,0.5932588577270508,,1177237.8372093022
466703,,3.0,1177242.488372093
466711,0.5932888388633728,,1177279.6976744186
466712,,3.0,1177284.3488372094
466731,0.5933188199996948,,1177349.3773584906
466732,,3.0,1177353.1509433961
466743,0.5933488011360168,,1177394.6603773586
466744,,3.0,1177398.433962264
466753,0.5933787822723389,,1177432.3962264152
466754,,3.0,1177436.1698113207
466766,0.5934087634086609,,1177481.4528301887
466767,,3.0,1177485.2264150945
466782,0.5934387445449829,,1177550.5384615385
466783,,3.0,1177555.6666666667
466792,0.5934687256813049,,1177601.8205128205
466793,,3.0,1177606.9487179487
466799,0.593498706817627,,1177637.717948718
466800,,3.0,1177642.8461538462
466807,0.593528687953949,,1177678.7435897435
466808,,3.0,1177683.8717948718
466825,0.593558669090271,,1177746.142857143
466826,,3.0,1177750.224489796
466835,0.593588650226593,,1177786.9591836734
466836,,3.0,1177791.0408163266
466847,0.593618631362915,,1177835.9387755103
466848,,3.0,1177840.0204081633
466858,0.5936486124992371,,1177880.836734694
466859,,3.0,1177884.918367347
466869,0.5936785936355591,,1177931.4242424243
466870,,3.0,1177937.4848484849
466878,0.5937085747718811,,1177985.9696969697
466879,,3.0,1177992.0303030303
466887,0.5937385559082031,,1178040.5151515151
466888,,3.0,1178046.5757575757
466893,0.5937685370445251,,1178076.878787879
466894,,3.0,1178082.9393939395
466905,0.5937985181808472,,1178130.0256410257
466906,,3.0,1178135.1538461538
466915,0.5938284993171692,,1178181.3076923077
466916,,3.0,1178186.435897436
466927,0.5938584804534912,,1178242.8461538462
466928,,3.0,1178247.9743589743
466934,0.5938884615898132,,1178278.7435897435
466935,,3.0,1178283.8717948718
466955,0.5939184427261353,,1178368.0697674418
466956,,3.0,1178372.7209302327
466964,0.5939484238624573,,1178409.9302325582
466965,,3.0,1178414.5813953488
466970,0.5939784049987793,,1178437.8372093022
466971,,3.0,1178442.488372093
466979,0.5940083861351013,,1178479.6976744186
466980,,3.0,1178484.3488372094
466995,0.5940383672714233,,1178539.0
466996,,3.0,1178543.1666666667
467008,0.5940683484077454,,1178593.1666666667
467009,,3.0,1178597.3333333333
467018,0.5940983295440674,,1178634.8333333333
467019,,3.0,1178639.0
467029,0.5941283106803894,,1178680.6666666667
467030,,3.0,1178684.8333333333
467050,0.5941582918167114,,1178766.2727272727
467051,,3.0,1178770.8181818181
467057,0.5941882729530334,,1178798.0909090908
467058,,3.0,1178802.6363636365
467065,0.5942182540893555,,1178834.4545454546
467066,,3.0,1178839.0
467075,0.5942482352256775,,1178879.9090909092
467076,,3.0,1178884.4545454546
467091,0.5942782163619995,,1178943.5454545454
467092,,3.0,1178948.0909090908
467100,0.5943081974983215,,1178984.4545454546
467101,,3.0,1178989.0
467108,0.5943381786346436,,1179020.8181818181
467109,,3.0,1179025.3636363635
467121,0.5943681597709656,,1179079.9090909092
467122,,3.0,1179084.4545454546
467134,0.5943981409072876,,1179145.25
467135,,3.0,1179151.5
467139,0.5944281220436096,,1179176.5
467140,,3.0,1179182.75
467144,0.5944581031799316,,1179207.75
467145,,3.0,1179214.0
467155,0.5944880843162537,,1179276.5
467156,,3.0,1179282.75
467173,0.5945180654525757,,1179359.0
467174,,3.0,1179364.0
467180,0.5945480465888977,,1179394.0
467181,,3.0,1179399.0
467189,0.5945780277252197,,1179439.0
467190,,3.0,1179444.0
467197,0.5946080088615417,,1179479.0
467198,,3.0,1179484.0
467210,0.5946379899978638,,1179535.1538461538
467211,,3.0,1179540.282051282
467220,0.5946679711341858,,1179586.435897436
467221,,3.0,1179591.564102564
467227,0.5946979522705078,,1179622.3333333333
467228,,3.0,1179627.4615384615
467238,0.5947279334068298,,1179678.7435897435
467239,,3.0,1179683.8717948718
467257,0.5947579145431519,,1179749.0
467258,,3.0,1179753.0
467270,0.5947878956794739,,1179801.0
467271,,3.0,1179805.0
467283,0.5948178768157959,,1179853.0
467284,,3.0,1179857.0
467290,0.5948478579521179,,1179881.0
467291,,3.0,1179885.0
467306,0.5948778390884399,,1179946.142857143
467307,,3.0,1179950.9047619049
467315,0.594907820224762,,1179989.0
467316,,3.0,1179993.761904762
467326,0.594937801361084,,1180041.380952381
467327,,3.0,1180046.142857143
467334,0.594967782497406,,1180079.4761904762
467335,,3.0,1180084.238095238
467352,0.594997763633728,,1180157.2926829269
467353,,3.0,1180162.1707317072
467357,0.59502774477005,,1180181.6829268292
467358,,3.0,1180186.5609756098
467366,0.5950577259063721,,1180225.5853658537
467367,,3.0,1180230.463414634
467377,0.5950877070426941,,1180279.243902439
467378,,3.0,1180284.1219512196
467392,0.5951176881790161,,1180306.111111111
467393,,3.0,1180307.6666666667
467403,0.5951476693153381,,1180323.2222222222
467404,,3.0,1180324.7777777778
467414,0.5951776504516602,,1180340.3333333333
467415,,3.0,1180341.888888889
467424,0.5952076315879822,,1180355.888888889
467425,,3.0,1180357.4444444445
467439,0.5952376127243042,,1180414.0
467440,,3.0,1180419.0
467446,0.5952675938606262,,1180449.0
467447,,3.0,1180454.0
467458,0.5952975749969482,,1180509.0
467459,,3.0,1180514.0
467466,0.5953275561332703,,1180549.0
467467,,3.0,1180554.0
467480,0.5953575372695923,,1180605.511627907
467481,,3.0,1180610.1627906978
467489,0.5953875184059143,,1180647.3720930233
467490,,3.0,1180652.0232558139
467501,0.5954174995422363,,1180703.1860465116
467502,,3.0,1180707.8372093022
467511,0.5954474806785583,,1180749.6976744186
467512,,3.0,1180754.3488372094
467527,0.5954774618148804,,1180813.5454545454
467528,,3.0,1180818.0909090908
467539,0.5955074429512024,,1180868.0909090908
467540,,3.0,1180872.6363636365
467549,0.5955374240875244,,1180913.5454545454
467550,,3.0,1180918.0909090908
467557,0.5955674052238464,,1180949.9090909092
467558,,3.0,1180954.4545454546
467575,0.5955973863601685,,1181024.1162790698
467576,,3.0,1181028.7674418604
467582,0.5956273674964905,,1181056.6744186047
467583,,3.0,1181061.3255813953
467590,0.5956573486328125,,1181093.8837209302
467591,,3.0,1181098.534883721
467602,0.5956873297691345,,1181149.6976744186
467603,,3.0,1181154.3488372094
467617,0.5956873297691345,,1181208.3658536586
467618,,0.0,1181212.8536585367
467628,0.5956873297691345,,1181257.731707317
467629,,0.0,1181262.219512195
467636,0.5956873297691345,,1181293.6341463414
467637,,0.0,1181298.1219512196
467645,0.5956873297691345,,1181334.024390244
467646,,0.0,1181338.512195122
467661,0.5957173109054565,,1181401.536585366
467662,,3.0,1181406.4146341463
467671,0.5957472920417786,,1181450.3170731708
467672,,3.0,1181455.1951219512
467679,0.5957772731781006,,1181489.3414634147
467680,,3.0,1181494.219512195
467688,0.5958072543144226,,1181533.243902439
467689,,3.0,1181538.1219512196
467705,0.5958372354507446,,1181606.4146341463
467706,,3.0,1181611.2926829269
467715,0.5958672165870667,,1181655.1951219512
467716,,3.0,1181660.0731707318
467723,0.5958971977233887,,1181694.219512195
467724,,3.0,1181699.0975609757
467731,0.5959271788597107,,1181733.243902439
467732,,3.0,1181738.1219512196
467746,0.5959571599960327,,1181794.1627906978
467747,,3.0,1181798.8139534884
467758,0.5959871411323547,,1181849.9767441861
467759,,3.0,1181854.6279069767
467769,0.5960171222686768,,1181901.1395348837
467770,,3.0,1181905.7906976745
467776,0.5960471034049988,,1181933.6976744186
467777,,3.0,1181938.3488372094
467795,0.5960770845413208,,1182000.6923076923
467796,,3.0,1182004.5384615385
467801,0.5961070656776428,,1182023.7692307692
467802,,3.0,1182027.6153846155
467819,0.5961370468139648,,1182093.0
467820,,3.0,1182096.8461538462
467830,0.5961670279502869,,1182135.3076923077
467831,,3.0,1182139.1538461538
467845,0.5961970090866089,,1182211.75
467846,,3.0,1182218.0
467850,0.5962269902229309,,1182243.0
467851,,3.0,1182249.25
467859,0.5962569713592529,,1182299.25
467860,,3.0,1182305.5
467864,0.596286952495575,,1182330.5
467865,,3.0,1182336.75
467889,0.596316933631897,,1182427.0
467890,,3.0,1182431.0
467898,0.596346914768219,,1182463.0
467899,,3.0,1182467.0
467906,0.596376895904541,,1182495.0
467907,,3.0,1182499.0
467916,0.596406877040863,,1182535.0
467917,,3.0,1182539.0
467928,0.5964368581771851,,1182583.0
467929,,3.0,1182588.0
467941,0.5964668393135071,,1182648.0
467942,,3.0,1182653.0
467947,0.5964968204498291,,1182678.0
467948,,3.0,1182683.0
467958,0.5965268015861511,,1182733.0
467959,,3.0,1182738.0
467973,0.5965567827224731,,1182796.6585365853
467974,,3.0,1182801.536585366
467984,0.5965867638587952,,1182850.3170731708
467985,,3.0,1182855.1951219512
467992,0.5966167449951172,,1182889.3414634147
467993,,3.0,1182894.219512195
468001,0.5966467261314392,,1182933.243902439
468002,,3.0,1182938.1219512196
468016,0.5966767072677612,,1182993.0
468017,,3.0,1182997.5454545454
468029,0.5967066884040833,,1183052.0909090908
468030,,3.0,1183056.6363636365
468039,0.5967366695404053,,1183097.5454545454
468040,,3.0,1183102.0909090908
468047,0.5967666506767273,,1183133.9090909092
468048,,3.0,1183138.4545454546
468062,0.5967966318130493,,1183204.111111111
468063,,3.0,1183209.6666666667
468070,0.5968266129493713,,1183248.5555555555
468071,,3.0,1183254.111111111
468077,0.5968565940856934,,1183287.4444444445
468078,,3.0,1183293.0
468085,0.5968865752220154,,1183331.888888889
468086,,3.0,1183337.4444444445
468105,0.5969165563583374,,1183412.5652173914
468106,,3.0,1183416.9130434783
468111,0.5969465374946594,,1183438.652173913
468112,,3.0,1183443.0
468122,0.5969765186309814,,1183486.4782608696
468123,,3.0,1183490.8260869565
468133,0.5970064997673035,,1183534.3043478262
468134,,3.0,1183538.652173913
468150,0.5970165133476257,,1183595.0
468151,,1.0,1183599.0
468160,0.597026526927948,,1183635.0
468161,,1.0,1183639.0
468172,0.5970365405082703,,1183683.0
468173,,1.0,1183687.0
468181,0.5970465540885925,,1183719.0
468182,,1.0,1183723.0
468196,0.5970765352249146,,1183777.0
468197,,3.0,1183781.5454545454
468209,0.5971065163612366,,1183836.0909090908
468210,,3.0,1183840.6363636365
468220,0.5971364974975586,,1183886.0909090908
468221,,3.0,1183890.6363636365
468227,0.5971664786338806,,1183917.9090909092
468228,,3.0,1183922.4545454546
468241,0.5971964597702026,,1183973.511627907
468242,,3.0,1183978.1627906978
468256,0.5972264409065247,,1184043.2790697673
468257,,3.0,1184047.9302325582
468266,0.5972564220428467,,1184089.7906976745
468267,,3.0,1184094.441860465
468272,0.5972864031791687,,1184117.6976744186
468273,,3.0,1184122.3488372094
468283,0.5973163843154907,,1184164.8378378379
468284,,3.0,1184170.2432432433
468294,0.5973463654518127,,1184224.2972972973
468295,,3.0,1184229.7027027027
468302,0.5973763465881348,,1184267.5405405406
468303,,3.0,1184272.945945946
468311,0.5974063277244568,,1184316.189189189
468312,,3.0,1184321.5945945946
468328,0.5974363088607788,,1184387.465116279
468329,,3.0,1184392.1162790698
468339,0.5974662899971008,,1184438.6279069767
468340,,3.0,1184443.2790697673
468348,0.5974962711334229,,1184480.488372093
468349,,3.0,1184485.1395348837
468356,0.5975262522697449,,1184517.6976744186
468357,,3.0,1184522.3488372094
468378,0.5975562334060669,,1184600.469387755
468379,,3.0,1184604.551020408
468387,0.5975862145423889,,1184637.2040816327
468388,,3.0,1184641.2857142857
468397,0.5976161956787109,,1184678.0204081633
468398,,3.0,1184682.1020408163
468407,0.597646176815033,,1184718.836734694
468408,,3.0,1184722.918367347
468426,0.597676157951355,,1184787.0
468427,,3.0,1184791.0
468438,0.597706139087677,,1184835.0
468439,,3.0,1184839.0
468447,0.597736120223999,,1184871.0
468448,,3.0,1184875.0
468459,0.597766101360321,,1184919.0
468460,,3.0,1184923.0
468475,0.5977960824966431,,1184977.0
468476,,3.0,1184981.1666666667
468484,0.5978260636329651,,1185014.5
468485,,3.0,1185018.6666666667
468499,0.5978560447692871,,1185077.0
468500,,3.0,1185081.1666666667
468509,0.5978860259056091,,1185118.6666666667
468510,,3.0,1185122.8333333333
468522,0.5978860259056091,,1185155.6363636365
468523,,0.0,1185158.8181818181
468534,0.5978860259056091,,1185193.8181818181
468535,,0.0,1185197.0
468547,0.5978860259056091,,1185235.1818181819
468548,,0.0,1185238.3636363635
468555,0.5978860259056091,,1185260.6363636365
468556,,0.0,1185263.8181818181
468570,0.5979160070419312,,1185320.6585365853
468571,,3.0,1185325.536585366
468577,0.5979459881782532,,1185354.8048780488
468578,,3.0,1185359.6829268292
468589,0.5979759693145752,,1185413.3414634147
468590,,3.0,1185418.219512195
468598,0.5980059504508972,,1185457.243902439
468599,,3.0,1185462.1219512196
468613,0.5980359315872192,,1185519.380952381
468614,,3.0,1185524.142857143
468622,0.5980659127235413,,1185562.238095238
468623,,3.0,1185567.0
468632,0.5980958938598633,,1185609.857142857
468633,,3.0,1185614.619047619
468642,0.5981258749961853,,1185657.4761904762
468643,,3.0,1185662.238095238
468657,0.5981558561325073,,1185720.6585365853
468658,,3.0,1185725.536585366
468665,0.5981858372688293,,1185759.6829268292
468666,,3.0,1185764.5609756098
468675,0.5982158184051514,,1185808.463414634
468676,,3.0,1185813.3414634147
468685,0.5982457995414734,,1185857.243902439
468686,,3.0,1185862.1219512196
468699,0.5982757806777954,,1185917.0
468700,,3.0,1185922.0
468711,0.5983057618141174,,1185977.0
468712,,3.0,1185982.0
468718,0.5983357429504395,,1186012.0
468719,,3.0,1186017.0
468727,0.5983657240867615,,1186057.0
468728,,3.0,1186062.0
468742,0.5983957052230835,,1186120.6585365853
468743,,3.0,1186125.536585366
468753,0.5984256863594055,,1186174.3170731708
468754,,3.0,1186179.1951219512
468761,0.5984556674957275,,1186213.3414634147
468762,,3.0,1186218.219512195
468770,0.5984856486320496,,1186257.243902439
468771,,3.0,1186262.1219512196
468786,0.5985156297683716,,1186327.0
468787,,3.0,1186332.0
468793,0.5985456109046936,,1186362.0
468794,,3.0,1186367.0
468806,0.5985755920410156,,1186427.0
468807,,3.0,1186432.0
468812,0.5986055731773376,,1186457.0
468813,,3.0,1186462.0
468825,0.5986355543136597,,1186512.0
468826,,3.0,1186517.0
468834,0.5986655354499817,,1186557.0
468835,,3.0,1186562.0
468845,0.5986955165863037,,1186612.0
468846,,3.0,1186617.0
468854,0.5987254977226257,,1186657.0
468855,,3.0,1186662.0
468874,0.5987554788589478,,1186739.7272727273
468875,,3.0,1186744.2727272727
468884,0.5987854599952698,,1186785.1818181819
468885,,3.0,1186789.7272727273
468893,0.5988154411315918,,1186826.0909090908
468894,,3.0,1186830.6363636365
468900,0.5988454222679138,,1186857.9090909092
468901,,3.0,1186862.4545454546
468916,0.5988754034042358,,1186921.5454545454
468917,,3.0,1186926.0909090908
468927,0.5989053845405579,,1186971.5454545454
468928,,3.0,1186976.0909090908
468936,0.5989353656768799,,1187012.4545454546
468937,,3.0,1187017.0
468946,0.5989653468132019,,1187057.9090909092
468947,,3.0,1187062.4545454546
468970,0.5989953279495239,,1187153.956521739
468971,,3.0,1187158.3043478262
468976,0.599025309085846,,1187180.043478261
468977,,3.0,1187184.391304348
468987,0.599055290222168,,1187227.8695652173
468988,,3.0,1187232.2173913044
468994,0.59908527135849,,1187258.3043478262
468995,,3.0,1187262.652173913
469011,0.59908527135849,,1187307.3829787234
469012,,0.0,1187310.4893617022
469023,0.59908527135849,,1187344.6595744682
469024,,0.0,1187347.7659574468
469032,0.59908527135849,,1187372.6170212766
469033,,0.0,1187375.7234042552
469043,0.59908527135849,,1187406.7872340425
469044,,0.0,1187409.8936170214
469058,0.599115252494812,,1187465.380952381
469059,,3.0,1187470.142857143
469069,0.599145233631134,,1187517.761904762
469070,,3.0,1187522.5238095238
469078,0.599175214767456,,1187560.619047619
469079,,3.0,1187565.380952381
469087,0.5992051959037781,,1187603.4761904762
469088,,3.0,1187608.238095238
469098,0.5992351770401001,,1187650.8378378379
469099,,3.0,1187656.2432432433
469110,0.5992651581764221,,1187715.7027027027
469111,,3.0,1187721.1081081082
469117,0.5992951393127441,,1187753.5405405406
469118,,3.0,1187758.945945946
469126,0.5993251204490662,,1187802.189189189
469127,,3.0,1187807.5945945946
469141,0.5993551015853882,,1187863.0
469142,,3.0,1187867.5454545454
469149,0.5993850827217102,,1187899.3636363635
469150,,3.0,1187903.9090909092
469161,0.5994150638580322,,1187953.9090909092
469162,,3.0,1187958.4545454546
469172,0.5994450449943542,,1188003.9090909092
469173,,3.0,1188008.4545454546
469185,0.5994750261306763,,1188055.857142857
469186,,3.0,1188060.619047619
469194,0.5995050072669983,,1188098.7142857143
469195,,3.0,1188103.4761904762
469203,0.5995349884033203,,1188141.5714285714
469204,,3.0,1188146.3333333333
469216,0.5995649695396423,,1188203.4761904762
469217,,3.0,1188208.238095238
469227,0.5995949506759644,,1188249.8421052631
469228,,3.0,1188255.105263158
469234,0.5996249318122864,,1188286.6842105263
469235,,3.0,1188291.9473684211
469248,0.5996549129486084,,1188360.3684210526
469249,,3.0,1188365.6315789474
469256,0.5996848940849304,,1188402.4736842106
469257,,3.0,1188407.7368421052
469275,0.5997148752212524,,1188473.0
469276,,3.0,1188477.0
469285,0.5997448563575745,,1188513.0
469286,,3.0,1188517.0
469295,0.5997748374938965,,1188553.0
469296,,3.0,1188557.0
469308,0.5998048186302185,,1188605.0
469309,,3.0,1188609.0
469326,0.5998347997665405,,1188666.8461538462
469327,,3.0,1188670.6923076923
469338,0.5998647809028625,,1188713.0
469339,,3.0,1188716.8461538462
469349,0.5998947620391846,,1188755.3076923077
469350,,3.0,1188759.1538461538
469362,0.5999247431755066,,1188805.3076923077
469363,,3.0,1188809.1538461538
469381,0.5999247431755066,,1188866.2352941176
469382,,0.0,1188869.7843137255
469395,0.5999247431755066,,1188915.9215686275
469396,,0.0,1188919.4705882352
469403,0.5999247431755066,,1188944.3137254901
469404,,0.0,1188947.862745098
469415,0.5999247431755066,,1188986.9019607843
469416,,0.0,1188990.450980392
469435,0.5999547243118286,,1189065.111111111
469436,,3.0,1189069.5555555555
469443,0.5999847054481506,,1189100.6666666667
469444,,3.0,1189105.111111111
469449,0.6000146865844727,,1189127.3333333333
469450,,3.0,1189131.7777777778
469462,0.6000446677207947,,1189185.111111111
469463,,3.0,1189189.5555555555
469477,0.6000746488571167,,1189247.6585365853
469478,,3.0,1189252.536585366
469487,0.6001046299934387,,1189296.4390243902
469488,,3.0,1189301.3170731708
469495,0.6001346111297607,,1189335.463414634
469496,,3.0,1189340.3414634147
469505,0.6001645922660828,,1189384.243902439
469506,,3.0,1189389.1219512196
469520,0.6001945734024048,,1189446.380952381
469521,,3.0,1189451.142857143
469529,0.6002245545387268,,1189489.238095238
469530,,3.0,1189494.0
469538,0.6002545356750488,,1189532.0952380951
469539,,3.0,1189536.857142857
469549,0.6002845168113708,,1189584.4761904762
469550,,3.0,1189589.238095238
469571,0.6003144979476929,,1189675.8181818181
469572,,3.0,1189680.3636363635
469580,0.6003444790840149,,1189716.7272727273
469581,,3.0,1189721.2727272727
469588,0.6003744602203369,,1189753.0909090908
469589,,3.0,1189757.6363636365
469595,0.6004044413566589,,1189784.9090909092
469596,,3.0,1189789.4545454546
469611,0.600434422492981,,1189846.1739130435
469612,,3.0,1189850.5217391304
469621,0.600464403629303,,1189889.652173913
469622,,3.0,1189894.0
469633,0.600494384765625,,1189941.8260869565
469634,,3.0,1189946.1739130435
469643,0.600524365901947,,1189985.3043478262
469644,,3.0,1189989.652173913
469665,0.600554347038269,,1190072.2608695652
469666,,3.0,1190076.608695652
469674,0.6005843281745911,,1190111.391304348
469675,,3.0,1190115.7391304348
469682,0.6006143093109131,,1190146.1739130435
469683,,3.0,1190150.5217391304
469691,0.6006442904472351,,1190185.3043478262
469692,,3.0,1190189.652173913
469705,0.6006742715835571,,1190251.142857143
469706,,3.0,1190256.857142857
469716,0.6007042527198792,,1190314.0
469717,,3.0,1190319.7142857143
469723,0.6007342338562012,,1190354.0
469724,,3.0,1190359.7142857143
469728,0.6007642149925232,,1190382.5714285714
469729,,3.0,1190388.2857142857
469745,0.6007941961288452,,1190446.0
469746,,3.0,1190450.0
469759,0.6008241772651672,,1190502.0
469760,,3.0,1190506.0
469770,0.6008541584014893,,1190546.0
469771,,3.0,1190550.0
469780,0.6008841395378113,,1190586.0
469781,,3.0,1190590.0
469796,0.6009141206741333,,1190648.5454545454
469797,,3.0,1190653.0909090908
469808,0.6009441018104553,,1190703.0909090908
469809,,3.0,1190707.6363636365
469816,0.6009740829467773,,1190739.4545454546
469817,,3.0,1190744.0
469826,0.6010040640830994,,1190784.9090909092
469827,,3.0,1190789.4545454546
469838,0.6010040640830994,,1190822.705882353
469839,,0.0,1190826.294117647
469847,0.6010040640830994,,1190855.0
469848,,0.0,1190858.5882352942
469855,0.6010040640830994,,1190883.705882353
469856,,0.0,1190887.294117647
469862,0.6010040640830994,,1190908.8235294118
469863,,0.0,1190912.4117647058
469876,0.6010340452194214,,1190961.4545454546
469877,,3.0,1190966.0
469887,0.6010640263557434,,1191011.4545454546
469888,,3.0,1191016.0
469899,0.6010940074920654,,1191066.0
469900,,3.0,1191070.5454545454
469908,0.6011239886283875,,1191106.9090909092
469909,,3.0,1191111.4545454546
469927,0.6011539697647095,,1191178.5
469928,,3.0,1191182.6666666667
469941,0.6011839509010315,,1191236.8333333333
469942,,3.0,1191241.0
469950,0.6012139320373535,,1191274.3333333333
469951,,3.0,1191278.5
469958,0.6012439131736755,,1191307.6666666667
469959,,3.0,1191311.8333333333
469976,0.6012738943099976,,1191382.6666666667
469977,,3.0,1191387.4285714286
469983,0.6013038754463196,,1191416.0
469984,,3.0,1191420.761904762
469993,0.6013338565826416,,1191463.619047619
469994,,3.0,1191468.380952381
470002,0.6013638377189636,,1191506.4761904762
470003,,3.0,1191511.238095238
470021,0.6013938188552856,,1191574.8235294118
470022,,3.0,1191578.7450980393
470033,0.6014237999916077,,1191621.8823529412
470034,,3.0,1191625.8039215687
470042,0.6014537811279297,,1191657.1764705882
470043,,3.0,1191661.0980392157
470055,0.6014837622642517,,1191708.156862745
470056,,3.0,1191712.0784313725
470074,0.6015137434005737,,1191773.6923076923
470075,,3.0,1191777.5384615385
470084,0.6015437245368958,,1191812.1538461538
470085,,3.0,1191816.0
470098,0.6015737056732178,,1191866.0
470099,,3.0,1191869.8461538462
470109,0.6016036868095398,,1191908.3076923077
470110,,3.0,1191912.1538461538
470127,0.6016336679458618,,1191968.8301886793
470128,,3.0,1191972.6037735848
470137,0.6016636490821838,,1192006.566037736
470138,,3.0,1192010.3396226414
470148,0.6016936302185059,,1192048.075471698
470149,,3.0,1192051.8490566039
470164,0.6017236113548279,,1192108.4528301887
470165,,3.0,1192112.2264150945
470185,0.6017535924911499,,1192184.0
470186,,3.0,1192188.0
470196,0.6017835736274719,,1192228.0
470197,,3.0,1192232.0
470206,0.601813554763794,,1192268.0
470207,,3.0,1192272.0
470216,0.601843535900116,,1192308.0
470217,,3.0,1192312.0
470229,0.601873517036438,,1192367.4285714286
470230,,3.0,1192373.142857143
470236,0.60190349817276,,1192407.4285714286
470237,,3.0,1192413.142857143
470246,0.601933479309082,,1192464.5714285714
470247,,3.0,1192470.2857142857
470253,0.601963460445404,,1192504.5714285714
470254,,3.0,1192510.2857142857
470267,0.6019934415817261,,1192558.5531914893
470268,,3.0,1192562.8085106383
470278,0.6020234227180481,,1192605.3617021276
470279,,3.0,1192609.6170212766
470287,0.6020534038543701,,1192643.6595744682
470288,,3.0,1192647.914893617
470302,0.6020833849906921,,1192707.4893617022
470303,,3.0,1192711.744680851
470315,0.6020833849906921,,1192753.536585366
470316,,0.0,1192757.7073170731
470327,0.6020833849906921,,1192803.5853658537
470328,,0.0,1192807.756097561
470334,0.6020833849906921,,1192832.780487805
470335,,0.0,1192836.9512195121
470345,0.6020833849906921,,1192878.6585365853
470346,,0.0,1192882.8292682928
470363,0.6021133661270142,,1192949.2222222222
470364,,3.0,1192953.6666666667
470371,0.6021433472633362,,1192984.7777777778
470372,,3.0,1192989.2222222222
470382,0.6021733283996582,,1193033.6666666667
470383,,3.0,1193038.111111111
470392,0.6022033095359802,,1193078.111111111
470393,,3.0,1193082.5555555555
470409,0.6022332906723022,,1193147.465116279
470410,,3.0,1193152.1162790698
470420,0.6022632718086243,,1193198.6279069767
470421,,3.0,1193203.2790697673
470430,0.6022932529449463,,1193245.1395348837
470431,,3.0,1193249.7906976745
470437,0.6023232340812683,,1193277.6976744186
470438,,3.0,1193282.3488372094
470447,0.6023532152175903,,1193320.3333333333
470448,,3.0,1193325.888888889
470454,0.6023831963539124,,1193359.2222222222
470455,,3.0,1193364.7777777778
470463,0.6024131774902344,,1193409.2222222222
470464,,3.0,1193414.7777777778
470475,0.6024431586265564,,1193475.888888889
470476,,3.0,1193481.4444444445
470495,0.6024731397628784,,1193558.111111111
470496,,3.0,1193562.5555555555
470504,0.6025031208992004,,1193598.111111111
470505,,3.0,1193602.5555555555
470512,0.6025331020355225,,1193633.6666666667
470513,,3.0,1193638.111111111
470522,0.6025630831718445,,1193678.111111111
470523,,3.0,1193682.5555555555
470538,0.6025630831718445,,1193730.8260869565
470539,,0.0,1193734.4782608696
470548,0.6025630831718445,,1193767.347826087
470549,,0.0,1193771.0
470559,0.6025630831718445,,1193807.5217391304
470560,,0.0,1193811.1739130435
470570,0.6025630831718445,,1193847.6956521738
470571,,0.0,1193851.347826087
470583,0.6025930643081665,,1193895.0
470584,,3.0,1193899.4444444445
470595,0.6026230454444885,,1193948.3333333333
470596,,3.0,1193952.7777777778
470608,0.6026530265808105,,1194006.111111111
470609,,3.0,1194010.5555555555
470617,0.6026830077171326,,1194046.111111111
470618,,3.0,1194050.5555555555
470636,0.6027129888534546,,1194111.6037735848
470637,,3.0,1194115.3773584906
470648,0.6027429699897766,,1194156.8867924528
470649,,3.0,1194160.6603773586
470662,0.6027729511260986,,1194209.716981132
470663,,3.0,1194213.4905660378
470672,0.6028029322624207,,1194247.4528301887
470673,,3.0,1194251.2264150945
470687,0.6028329133987427,,1194311.4102564103
470688,,3.0,1194316.5384615385
470698,0.6028628945350647,,1194367.8205128205
470699,,3.0,1194372.9487179487
470707,0.6028928756713867,,1194413.9743589743
470708,,3.0,1194419.1025641025
470713,0.6029228568077087,,1194444.7435897435
470714,,3.0,1194449.8717948718
470728,0.6029528379440308,,1194510.0
470729,,3.0,1194515.0
470737,0.6029828190803528,,1194555.0
470738,,3.0,1194560.0
470746,0.6030128002166748,,1194600.0
470747,,3.0,1194605.0
470755,0.6030427813529968,,1194645.0
470756,,3.0,1194650.0
470772,0.6030727624893188,,1194704.0566037735
470773,,3.0,1194707.8301886793
470786,0.6031027436256409,,1194756.8867924528
470787,,3.0,1194760.6603773586
470799,0.6031327247619629,,1194805.9433962265
470800,,3.0,1194809.716981132
470810,0.6031627058982849,,1194847.4528301887
470811,,3.0,1194851.2264150945
470828,0.6031627058982849,,1194901.4390243902
470829,,0.0,1194904.756097561
470838,0.6031627058982849,,1194934.6097560977
470839,,0.0,1194937.9268292682
470845,0.6031627058982849,,1194957.8292682928
470846,,0.0,1194961.1463414633
470853,0.6031627058982849,,1194984.3658536586
470854,,0.0,1194987.6829268292
470867,0.6031627058982849,,1195007.0416666667
470868,,0.0,1195008.6458333333
470882,0.6031627058982849,,1195031.1041666667
470883,,0.0,1195032.7083333333
470893,0.6031627058982849,,1195048.75
470894,,0.0,1195050.3541666667
470903,0.6031627058982849,,1195064.7916666667
470904,,0.0,1195066.3958333333
470917,0.6031926870346069,,1195118.0
470918,,3.0,1195123.0
470926,0.603222668170929,,1195163.0
470927,,3.0,1195168.0
470936,0.603252649307251,,1195213.0
470937,,3.0,1195218.0
470945,0.603282630443573,,1195258.0
470946,,3.0,1195263.0
470963,0.603312611579895,,1195320.8301886793
470964,,3.0,1195324.6037735848
470975,0.603342592716217,,1195366.1132075472
470976,,3.0,1195369.8867924528
470986,0.6033725738525391,,1195407.6226415094
470987,,3.0,1195411.3962264152
471000,0.6034025549888611,,1195460.4528301887
471001,,3.0,1195464.2264150945
471015,0.6034325361251831,,1195524.4102564103
471016,,3.0,1195529.5384615385
471021,0.6034625172615051,,1195555.1794871795
471022,,3.0,1195560.3076923077
471029,0.6034924983978271,,1195596.2051282052
471030,,3.0,1195601.3333333333
471041,0.6035224795341492,,1195657.7435897435
471042,,3.0,1195662.8717948718
471059,0.6035524606704712,,1195734.6666666667
471060,,3.0,1195739.4285714286
471069,0.6035824418067932,,1195782.2857142857
471070,,3.0,1195787.0476190476
471077,0.6036124229431152,,1195820.380952381
471078,,3.0,1195825.142857143
471085,0.6036424040794373,,1195858.4761904762
471086,,3.0,1195863.238095238
471100,0.6036424040794373,,1195905.024390244
471101,,0.0,1195908.3902439023
471108,0.6036424040794373,,1195931.9512195121
471109,,0.0,1195935.3170731708
471120,0.6036424040794373,,1195972.3414634147
471121,,0.0,1195975.7073170731
471128,0.6036424040794373,,1195999.268292683
471129,,0.0,1196002.6341463414
471142,0.6036723852157593,,1196061.5555555555
471143,,3.0,1196067.111111111
471151,0.6037023663520813,,1196111.5555555555
471152,,3.0,1196117.111111111
471158,0.6037323474884033,,1196150.4444444445
471159,,3.0,1196156.0
471166,0.6037623286247253,,1196194.888888889
471167,,3.0,1196200.4444444445
471186,0.6037923097610474,,1196261.1724137932
471187,,3.0,1196264.6206896552
471199,0.6038222908973694,,1196306.0
471200,,3.0,1196309.448275862
471214,0.6038522720336914,,1196357.7241379311
471215,,3.0,1196361.1724137932
471226,0.6038822531700134,,1196399.103448276
471227,,3.0,1196402.551724138
471239,0.6039122343063354,,1196454.6486486488
471240,,3.0,1196460.054054054
471248,0.6039422154426575,,1196503.2972972973
471249,,3.0,1196508.7027027027
471255,0.6039721965789795,,1196541.1351351351
471256,,3.0,1196546.5405405406
471265,0.6040021777153015,,1196595.189189189
471266,,3.0,1196600.5945945946
471283,0.6040321588516235,,1196671.1162790698
471284,,3.0,1196675.7674418604
471294,0.6040621399879456,,1196722.2790697673
471295,,3.0,1196726.9302325582
471302,0.6040921211242676,,1196759.488372093
471303,,3.0,1196764.1395348837
471310,0.6041221022605896,,1196796.6976744186
471311,,3.0,1196801.3488372094
471326,0.6041520833969116,,1196859.3333333333
471327,,3.0,1196863.7777777778
471340,0.6041820645332336,,1196921.5555555555
471341,,3.0,1196926.0
471349,0.6042120456695557,,1196961.5555555555
471350,,3.0,1196966.0
471357,0.6042420268058777,,1196997.111111111
471358,,3.0,1197001.5555555555
471375,0.6042420268058777,,1197056.711111111
471376,,0.0,1197060.3333333333
471386,0.6042420268058777,,1197096.5555555555
471387,,0.0,1197100.177777778
471395,0.6042420268058777,,1197129.1555555556
471396,,0.0,1197132.7777777778
471404,0.6042420268058777,,1197161.7555555555
471405,,0.0,1197165.3777777778
471420,0.6042720079421997,,1197217.9795918367
471421,,3.0,1197222.0612244897
471433,0.6043019890785217,,1197271.0408163266
471434,,3.0,1197275.1224489796
471443,0.6043319702148438,,1197311.857142857
471444,,3.0,1197315.9387755103
471455,0.6043619513511658,,1197360.836734694
471456,,3.0,1197364.918367347
471475,0.6043919324874878,,1197437.085106383
471476,,3.0,1197441.3404255318
471484,0.6044219136238098,,1197475.3829787234
471485,,3.0,1197479.6382978724
471495,0.6044518947601318,,1197522.1914893617
471496,,3.0,1197526.4468085107
471504,0.6044818758964539,,1197560.4893617022
471505,,3.0,1197564.744680851
471517,0.6045118570327759,,1197605.0
471518,,3.0,1197609.0
471524,0.6045418381690979,,1197633.0
471525,,3.0,1197637.0
471541,0.6045718193054199,,1197701.0
471542,,3.0,1197705.0
471556,0.6046018004417419,,1197761.0
471557,,3.0,1197765.0
471571,0.604631781578064,,1197822.6585365853
471572,,3.0,1197827.536585366
471581,0.604661762714386,,1197871.4390243902
471582,,3.0,1197876.3170731708
471590,0.604691743850708,,1197915.3414634147
471591,,3.0,1197920.219512195
471599,0.60472172498703,,1197959.243902439
471600,,3.0,1197964.1219512196
471612,0.604751706123352,,1198012.9024390243
471613,,3.0,1198017.780487805
471627,0.6047816872596741,,1198086.0731707318
471628,,3.0,1198090.9512195121
471634,0.6048116683959961,,1198120.219512195
471635,,3.0,1198125.0975609757
471642,0.6048416495323181,,1198159.243902439
471643,,3.0,1198164.1219512196
471657,0.6048716306686401,,1198231.857142857
471658,,3.0,1198237.5714285714
471664,0.6049016118049622,,1198271.857142857
471665,,3.0,1198277.5714285714
471674,0.6049315929412842,,1198329.0
471675,,3.0,1198334.7142857143
471679,0.6049615740776062,,1198357.5714285714
471680,,3.0,1198363.2857142857
471694,0.6049915552139282,,1198422.6585365853
471695,,3.0,1198427.536585366
471705,0.6050215363502502,,1198476.3170731708
471706,,3.0,1198481.1951219512
471713,0.6050515174865723,,1198515.3414634147
471714,,3.0,1198520.219512195
471722,0.6050814986228943,,1198559.243902439
471723,,3.0,1198564.1219512196
471738,0.6051114797592163,,1198620.0638297873
471739,,3.0,1198624.319148936
471751,0.6051414608955383,,1198675.3829787234
471752,,3.0,1198679.6382978724
471762,0.6051714420318604,,1198722.1914893617
471763,,3.0,1198726.4468085107
471771,0.6052014231681824,,1198760.4893617022
471772,,3.0,1198764.744680851
471791,0.6052314043045044,,1198834.306122449
471792,,3.0,1198838.387755102
471798,0.6052613854408264,,1198862.8775510204
471799,,3.0,1198866.9591836734
471815,0.6052913665771484,,1198932.2653061224
471816,,3.0,1198936.3469387756
471822,0.6053213477134705,,1198960.836734694
471823,,3.0,1198964.918367347
471837,0.6053513288497925,,1199026.894736842
471838,,3.0,1199032.1578947369
471846,0.6053813099861145,,1199074.2631578948
471847,,3.0,1199079.5263157894
471856,0.6054112911224365,,1199126.894736842
471857,,3.0,1199132.1578947369
471862,0.6054412722587585,,1199158.4736842106
471863,,3.0,1199163.7368421052
471879,0.6054712533950806,,1199224.319148936
471880,,3.0,1199228.574468085
471890,0.6055012345314026,,1199271.1276595744
471891,,3.0,1199275.3829787234
471899,0.6055312156677246,,1199309.425531915
471900,,3.0,1199313.680851064
471911,0.6055611968040466,,1199360.4893617022
471912,,3.0,1199364.744680851
471923,0.6055911779403687,,1199407.0952380951
471924,,3.0,1199411.857142857
471936,0.6056211590766907,,1199469.0
471937,,3.0,1199473.761904762
471943,0.6056511402130127,,1199502.3333333333
471944,,3.0,1199507.0952380951
471955,0.6056811213493347,,1199559.4761904762
471956,,3.0,1199564.238095238
471969,0.6057111024856567,,1199619.0
471970,,3.0,1199624.0
471976,0.6057410836219788,,1199654.0
471977,,3.0,1199659.0
471989,0.6057710647583008,,1199719.0
471990,,3.0,1199724.0
471997,0.6058010458946228,,1199759.0
471998,,3.0,1199764.0
472011,0.6058310270309448,,1199815.511627907
472012,,3.0,1199820.1627906978
472019,0.6058610081672668,,1199852.7209302327
472020,,3.0,1199857.3720930233
472030,0.6058909893035889,,1199903.8837209302
472031,,3.0,1199908.534883721
472042,0.6059209704399109,,1199959.6976744186
472043,,3.0,1199964.3488372094
472059,0.6059509515762329,,1200035.6666666667
472060,,3.0,1200040.7948717948
472066,0.6059809327125549,,1200071.564102564
472067,,3.0,1200076.6923076923
472075,0.606010913848877,,1200117.717948718
472076,,3.0,1200122.8461538462
472083,0.606040894985199,,1200158.7435897435
472084,,3.0,1200163.8717948718
472100,0.606070876121521,,1200228.0909090908
472101,,3.0,1200232.6363636365
472108,0.606100857257843,,1200264.4545454546
472109,,3.0,1200269.0
472121,0.606130838394165,,1200323.5454545454
472122,,3.0,1200328.0909090908
472129,0.6061608195304871,,1200359.9090909092
472130,,3.0,1200364.4545454546
472146,0.6061908006668091,,1200422.0612244897
472147,,3.0,1200426.142857143
472155,0.6062207818031311,,1200458.7959183673
472156,,3.0,1200462.8775510204
472167,0.6062507629394531,,1200507.775510204
472168,,3.0,1200511.857142857
472180,0.6062807440757751,,1200560.836734694
472181,,3.0,1200564.918367347
472193,0.6063107252120972,,1200609.9090909092
472194,,3.0,1200614.4545454546
472204,0.6063407063484192,,1200659.9090909092
472205,,3.0,1200664.4545454546
472218,0.6063706874847412,,1200723.5454545454
472219,,3.0,1200728.0909090908
472226,0.6064006686210632,,1200759.9090909092
472227,,3.0,1200764.4545454546
472240,0.6064306497573853,,1200809.8163265307
472241,,3.0,1200813.8979591837
472255,0.6064606308937073,,1200871.0408163266
472256,,3.0,1200875.1224489796
472271,0.6064906120300293,,1200936.3469387756
472272,,3.0,1200940.4285714286
472277,0.6065205931663513,,1200960.836734694
472278,,3.0,1200964.918367347
472296,0.6065505743026733,,1201037.1818181819
472297,,3.0,1201041.7272727273
472306,0.6065805554389954,,1201082.6363636365
472307,,3.0,1201087.1818181819
472317,0.6066105365753174,,1201132.6363636365
472318,,3.0,1201137.1818181819
472323,0.6066405177116394,,1201159.9090909092
472324,,3.0,1201164.4545454546
472336,0.6066704988479614,,1201209.9090909092
472337,,3.0,1201214.4545454546
472342,0.6067004799842834,,1201237.1818181819
472343,,3.0,1201241.7272727273
472356,0.6067304611206055,,1201300.8181818181
472357,,3.0,1201305.3636363635
472369,0.6067604422569275,,1201359.9090909092
472370,,3.0,1201364.4545454546
472386,0.6067604422569275,,1201427.975609756
472387,,0.0,1201432.512195122
472395,0.6067604422569275,,1201468.8048780488
472396,,0.0,1201473.3414634147
472404,0.6067604422569275,,1201509.6341463414
472405,,0.0,1201514.1707317072
472412,0.6067604422569275,,1201545.9268292682
472413,,0.0,1201550.463414634
472428,0.6067904233932495,,1201606.0638297873
472429,,3.0,1201610.319148936
472437,0.6068204045295715,,1201644.3617021276
472438,,3.0,1201648.6170212766
472448,0.6068503856658936,,1201691.170212766
472449,,3.0,1201695.425531915
472461,0.6068803668022156,,1201746.4893617022
472462,,3.0,1201750.744680851
472477,0.6068803668022156,,1201796.142857143
472478,,0.0,1201799.5714285714
472486,0.6068803668022156,,1201827.0
472487,,0.0,1201830.4285714286
472495,0.6068803668022156,,1201857.857142857
472496,,0.0,1201861.2857142857
472505,0.6068803668022156,,1201892.142857143
472506,,0.0,1201895.5714285714
472521,0.6068803668022156,,1201928.8723404256
472522,,0.0,1201931.3617021276
472530,0.6068803668022156,,1201951.2765957448
472531,,0.0,1201953.7659574468
472538,0.6068803668022156,,1201971.1914893617
472539,,0.0,1201973.680851064
472554,0.6068803668022156,,1202011.0212765958
472555,,0.0,1202013.5106382978
472573,0.6069103479385376,,1202077.224489796
472574,,3.0,1202081.306122449
472586,0.6069403290748596,,1202130.2857142857
472587,,3.0,1202134.3673469387
472596,0.6069703102111816,,1202171.1020408163
472597,,3.0,1202175.1836734693
472605,0.6070002913475037,,1202207.836734694
472606,,3.0,1202211.918367347
472622,0.6070002913475037,,1202249.9772727273
472623,,0.0,1202252.5909090908
472632,0.6070002913475037,,1202276.1136363635
472633,,0.0,1202278.7272727273
472642,0.6070002913475037,,1202302.25
472643,,0.0,1202304.8636363635
472651,0.6070002913475037,,1202325.7727272727
472652,,0.0,1202328.3863636365
472667,0.6070002913475037,,1202360.75
472668,,0.0,1202363.2291666667
472674,0.6070002913475037,,1202378.1041666667
472675,,0.0,1202380.5833333333
472691,0.6070002913475037,,1202420.25
472692,,0.0,1202422.7291666667
472701,0.6070002913475037,,1202445.0416666667
472702,,0.0,1202447.5208333333
472712,0.6070002913475037,,1202479.6279069767
472713,,0.0,1202483.8604651163
472724,0.6070002913475037,,1202530.4186046512
472725,,0.0,1202534.6511627906
472736,0.6070002913475037,,1202581.2093023255
472737,,0.0,1202585.441860465
472746,0.6070002913475037,,1202623.534883721
472747,,0.0,1202627.7674418604
472764,0.6070302724838257,,1202691.574468085
472765,,3.0,1202695.829787234
472772,0.6070602536201477,,1202725.6170212766
472773,,3.0,1202729.8723404256
472780,0.6070902347564697,,1202759.6595744682
472781,,3.0,1202763.914893617
472795,0.6071202158927917,,1202823.4893617022
472796,,3.0,1202827.744680851
472812,0.6071202158927917,,1202867.2083333333
472813,,0.0,1202869.9166666667
472826,0.6071202158927917,,1202905.125
472827,,0.0,1202907.8333333333
472836,0.6071202158927917,,1202932.2083333333
472837,,0.0,1202934.9166666667
472845,0.6071202158927917,,1202956.5833333333
472846,,0.0,1202959.2916666667
472864,0.607130229473114,,1203001.3396226414
472865,,1.0,1203003.9622641508
472874,0.6071402430534363,,1203027.566037736
472875,,1.0,1203030.1886792453
472889,0.6071502566337585,,1203066.9056603773
472890,,1.0,1203069.5283018867
472900,0.6071602702140808,,1203095.7547169812
472901,,1.0,1203098.3773584906
472919,0.6071602702140808,,1203154.7735849055
472920,,0.0,1203158.358490566
472930,0.6071602702140808,,1203194.2075471699
472931,,0.0,1203197.7924528301
472939,0.6071602702140808,,1203226.4716981133
472940,,0.0,1203230.0566037735
472955,0.6071602702140808,,1203283.8301886793
472956,,0.0,1203287.4150943395
472967,0.6071902513504028,,1203331.0
472968,,3.0,1203336.0
472977,0.6072202324867249,,1203381.0
472978,,3.0,1203386.0
472988,0.6072502136230469,,1203436.0
472989,,3.0,1203441.0
472997,0.6072801947593689,,1203481.0
472998,,3.0,1203486.0
473013,0.6073101758956909,,1203548.142857143
473014,,3.0,1203552.9047619049
473023,0.6073401570320129,,1203595.761904762
473024,,3.0,1203600.5238095238
473030,0.607370138168335,,1203629.0952380951
473031,,3.0,1203633.857142857
473041,0.607400119304657,,1203681.4761904762
473042,,3.0,1203686.238095238
473054,0.607430100440979,,1203731.0
473055,,3.0,1203735.4444444445
473062,0.607460081577301,,1203766.5555555555
473063,,3.0,1203771.0
473073,0.607490062713623,,1203815.4444444445
473074,,3.0,1203819.888888889
473088,0.6075200438499451,,1203882.111111111
473089,,3.0,1203886.5555555555
473105,0.6075200438499451,,1203953.111111111
473106,,0.0,1203957.888888889
473111,0.6075200438499451,,1203981.7777777778
473112,,0.0,1203986.5555555555
473118,0.6075200438499451,,1204015.2222222222
473119,,0.0,1204020.0
473126,0.6075200438499451,,1204053.4444444445
473127,,0.0,1204058.2222222222
473143,0.6075500249862671,,1204115.0
473144,,3.0,1204119.0
473154,0.6075800061225891,,1204159.0
473155,,3.0,1204163.0
473166,0.6076099872589111,,1204207.0
473167,,3.0,1204211.0
473178,0.6076399683952332,,1204255.0
473179,,3.0,1204259.0
473194,0.6076399683952332,,1204295.9361702127
473195,,0.0,1204298.680851064
473201,0.6076399683952332,,1204315.1489361702
473202,,0.0,1204317.8936170214
473217,0.6076399683952332,,1204359.0638297873
473218,,0.0,1204361.8085106383
473227,0.6076399683952332,,1204386.5106382978
473228,,0.0,1204389.255319149
473248,0.6076699495315552,,1204456.1509433961
473249,,3.0,1204459.924528302
473261,0.6076999306678772,,1204505.2075471699
473262,,3.0,1204508.9811320754
473273,0.6077299118041992,,1204550.4905660378
473274,,3.0,1204554.2641509434
473282,0.6077598929405212,,1204584.4528301887
473283,,3.0,1204588.2264150945
473299,0.6077898740768433,,1204651.0909090908
473300,,3.0,1204655.6363636365
473310,0.6078198552131653,,1204701.0909090908
473311,,3.0,1204705.6363636365
473320,0.6078498363494873,,1204746.5454545454
473321,,3.0,1204751.0909090908
473328,0.6078798174858093,,1204782.9090909092
473329,,3.0,1204787.4545454546
473348,0.6078798174858093,,1204826.9333333333
473349,,0.0,1204829.1166666667
473358,0.6078798174858093,,1204848.7666666666
473359,,0.0,1204850.95
473376,0.6078798174858093,,1204888.0666666667
473377,,0.0,1204890.25
473390,0.6078798174858093,,1204918.6333333333
473391,,0.0,1204920.8166666667
473406,0.6079097986221313,,1204971.9795918367
473407,,3.0,1204976.0612244897
473418,0.6079397797584534,,1205020.9591836734
473419,,3.0,1205025.0408163266
473432,0.6079697608947754,,1205078.1020408163
473433,,3.0,1205082.1836734693
473441,0.6079997420310974,,1205114.836734694
473442,,3.0,1205118.918367347
473460,0.6080297231674194,,1205191.1818181819
473461,,3.0,1205195.7272727273
473468,0.6080597043037415,,1205227.5454545454
473469,,3.0,1205232.0909090908
473478,0.6080896854400635,,1205273.0
473479,,3.0,1205277.5454545454
473487,0.6081196665763855,,1205313.9090909092
473488,,3.0,1205318.4545454546
473503,0.6081496477127075,,1205376.3333333333
473504,,3.0,1205380.7777777778
473514,0.6081796288490295,,1205425.2222222222
473515,,3.0,1205429.6666666667
473525,0.6082096099853516,,1205474.111111111
473526,,3.0,1205478.5555555555
473534,0.6082395911216736,,1205514.111111111
473535,,3.0,1205518.5555555555
473551,0.6082395911216736,,1205559.7391304348
473552,,0.0,1205562.5652173914
473559,0.6082395911216736,,1205582.347826087
473560,,0.0,1205585.1739130435
473567,0.6082395911216736,,1205604.956521739
473568,,0.0,1205607.7826086956
473582,0.6082395911216736,,1205647.347826087
473583,,0.0,1205650.1739130435
473602,0.6082695722579956,,1205719.6666666667
473603,,3.0,1205723.8333333333
473608,0.6082995533943176,,1205744.6666666667
473609,,3.0,1205748.8333333333
473615,0.6083295345306396,,1205773.8333333333
473616,,3.0,1205778.0
473632,0.6083595156669617,,1205844.6666666667
473633,,3.0,1205848.8333333333
473648,0.6083894968032837,,1205908.8139534884
473649,,3.0,1205913.465116279
473659,0.6084194779396057,,1205959.9767441861
473660,,3.0,1205964.6279069767
473669,0.6084494590759277,,1206006.488372093
473670,,3.0,1206011.1395348837
473677,0.6084794402122498,,1206043.6976744186
473678,,3.0,1206048.3488372094
473691,0.6085094213485718,,1206103.0
473692,,3.0,1206108.0
473700,0.6085394024848938,,1206148.0
473701,,3.0,1206153.0
473707,0.6085693836212158,,1206183.0
473708,,3.0,1206188.0
473719,0.6085993647575378,,1206243.0
473720,,3.0,1206248.0
473738,0.6086293458938599,,1206324.4285714286
473739,,3.0,1206329.1904761905
473746,0.6086593270301819,,1206362.5238095238
473747,,3.0,1206367.2857142857
473754,0.6086893081665039,,1206400.619047619
473755,,3.0,1206405.380952381
473763,0.6087192893028259,,1206443.4761904762
473764,,3.0,1206448.238095238
473777,0.608749270439148,,1206505.6315789474
473778,,3.0,1206510.894736842
473787,0.60877925157547,,1206558.2631578948
473788,,3.0,1206563.5263157894
473792,0.608809232711792,,1206584.5789473683
473793,,3.0,1206589.8421052631
473803,0.608839213848114,,1206642.4736842106
473804,,3.0,1206647.7368421052
473822,0.608869194984436,,1206719.6666666667
473823,,3.0,1206724.111111111
473831,0.6088991761207581,,1206759.6666666667
473832,,3.0,1206764.111111111
473844,0.6089291572570801,,1206817.4444444445
473845,,3.0,1206821.888888889
473850,0.6089591383934021,,1206844.111111111
473851,,3.0,1206848.5555555555
473869,0.6089891195297241,,1206915.5
473870,,3.0,1206919.6666666667
473879,0.6090191006660461,,1206957.1666666667
473880,,3.0,1206961.3333333333
473890,0.6090490818023682,,1207003.0
473891,,3.0,1207007.1666666667
473900,0.6090790629386902,,1207044.6666666667
473901,,3.0,1207048.8333333333
473919,0.6091090440750122,,1207113.0
473920,,3.0,1207117.0
473931,0.6091390252113342,,1207161.0
473932,,3.0,1207165.0
473943,0.6091690063476562,,1207209.0
473944,,3.0,1207213.0
473952,0.6091989874839783,,1207245.0
473953,,3.0,1207249.0
473969,0.6092289686203003,,1207308.319148936
473970,,3.0,1207312.574468085
473977,0.6092589497566223,,1207342.3617021276
473978,,3.0,1207346.6170212766
473989,0.6092889308929443,,1207393.425531915
473990,,3.0,1207397.680851064
474001,0.6093189120292664,,1207444.4893617022
474002,,3.0,1207448.744680851
474017,0.6093488931655884,,1207519.6666666667
474018,,3.0,1207525.2222222222
474024,0.6093788743019104,,1207558.5555555555
474025,,3.0,1207564.111111111
474033,0.6094088554382324,,1207608.5555555555
474034,,3.0,1207614.111111111
474039,0.6094388365745544,,1207641.888888889
474040,,3.0,1207647.4444444445
474054,0.6094688177108765,,1207706.6585365853
474055,,3.0,1207711.536585366
474064,0.6094987988471985,,1207755.4390243902
474065,,3.0,1207760.3170731708
474073,0.6095287799835205,,1207799.3414634147
474074,,3.0,1207804.219512195
474082,0.6095587611198425,,1207843.243902439
474083,,3.0,1207848.1219512196
474097,0.6095687747001648,,1207899.1063829786
474098,,1.0,1207903.2978723405
474110,0.6095787882804871,,1207953.5957446808
474111,,1.0,1207957.7872340425
474119,0.6095888018608093,,1207991.319148936
474120,,1.0,1207995.5106382978
474131,0.6095988154411316,,1208041.6170212766
474132,,1.0,1208045.8085106383
474142,0.6096287965774536,,1208086.8421052631
474143,,3.0,1208092.105263158
474150,0.6096587777137756,,1208128.9473684211
474151,,3.0,1208134.2105263157
474160,0.6096887588500977,,1208181.5789473683
474161,,3.0,1208186.8421052631
474171,0.6097187399864197,,1208239.4736842106
474172,,3.0,1208244.7368421052
474189,0.6097487211227417,,1208318.2926829269
474190,,3.0,1208323.1707317072
474197,0.6097787022590637,,1208357.3170731708
474198,,3.0,1208362.1951219512
474205,0.6098086833953857,,1208396.3414634147
474206,,3.0,1208401.219512195
474214,0.6098386645317078,,1208440.243902439
474215,,3.0,1208445.1219512196
474230,0.6098386645317078,,1208510.0
474231,,0.0,1208515.0
474238,0.6098386645317078,,1208550.0
474239,,0.0,1208555.0
474248,0.6098386645317078,,1208600.0
474249,,0.0,1208605.0
474254,0.6098386645317078,,1208630.0
474255,,0.0,1208635.0
474267,0.6098686456680298,,1208685.0
474268,,3.0,1208690.0
474277,0.6098986268043518,,1208735.0
474278,,3.0,1208740.0
474288,0.6099286079406738,,1208790.0
474289,,3.0,1208795.0
474296,0.6099585890769958,,1208830.0
474297,,3.0,1208835.0
474311,0.6099885702133179,,1208888.888888889
474312,,3.0,1208893.3333333333
474322,0.6100185513496399,,1208937.7777777778
474323,,3.0,1208942.2222222222
474333,0.6100485324859619,,1208986.6666666667
474334,,3.0,1208991.111111111
474343,0.6100785136222839,,1209031.111111111
474344,,3.0,1209035.5555555555
474357,0.610108494758606,,1209086.511627907
474358,,3.0,1209091.1627906978
474370,0.610138475894928,,1209146.9767441861
474371,,3.0,1209151.6279069767
474378,0.61016845703125,,1209184.1860465116
474379,,3.0,1209188.8372093022
474388,0.610198438167572,,1209230.6976744186
474389,,3.0,1209235.3488372094
474401,0.6102084517478943,,1209271.95
474402,,1.0,1209275.5
474411,0.6102184653282166,,1209307.45
474412,,1.0,1209311.0
474423,0.6102284789085388,,1209350.05
474424,,1.0,1209353.6
474430,0.6102384924888611,,1209374.9
474431,,1.0,1209378.45
474447,0.6102384924888611,,1209419.5555555555
474448,,0.0,1209422.4444444445
474457,0.6102384924888611,,1209448.4444444445
474458,,0.0,1209451.3333333333
474468,0.6102384924888611,,1209480.2222222222
474469,,0.0,1209483.111111111
474477,0.6102384924888611,,1209506.2222222222
474478,,0.0,1209509.111111111
474494,0.6102684736251831,,1209573.9047619049
474495,,3.0,1209578.6666666667
474503,0.6102984547615051,,1209616.761904762
474504,,3.0,1209621.5238095238
474513,0.6103284358978271,,1209664.380952381
474514,,3.0,1209669.142857143
474521,0.6103584170341492,,1209702.4761904762
474522,,3.0,1209707.238095238
474540,0.6103883981704712,,1209774.5
474541,,3.0,1209778.6666666667
474551,0.6104183793067932,,1209820.3333333333
474552,,3.0,1209824.5
474562,0.6104483604431152,,1209866.1666666667
474563,,3.0,1209870.3333333333
474571,0.6104783415794373,,1209903.6666666667
474572,,3.0,1209907.8333333333
474584,0.6105083227157593,,1209955.9024390243
474585,,3.0,1209960.780487805
474595,0.6105383038520813,,1210009.5609756098
474596,,3.0,1210014.4390243902
474603,0.6105682849884033,,1210048.5853658537
474604,,3.0,1210053.463414634
474614,0.6105982661247253,,1210102.243902439
474615,,3.0,1210107.1219512196
474630,0.6105982661247253,,1210164.7441860465
474631,,0.0,1210169.1395348837
474638,0.6105982661247253,,1210199.9069767443
474639,,0.0,1210204.3023255814
474647,0.6105982661247253,,1210239.465116279
474648,,0.0,1210243.8604651163
474659,0.6105982661247253,,1210292.2093023255
474660,,0.0,1210296.6046511629
474670,0.6106282472610474,,1210337.8421052631
474671,,3.0,1210343.105263158
474680,0.6106582283973694,,1210390.4736842106
474681,,3.0,1210395.7368421052
474686,0.6106882095336914,,1210422.0526315789
474687,,3.0,1210427.3157894737
474699,0.6107181906700134,,1210490.4736842106
474700,,3.0,1210495.7368421052
474716,0.6107481718063354,,1210557.5217391304
474717,,3.0,1210561.8695652173
474727,0.6107781529426575,,1210605.347826087
474728,,3.0,1210609.6956521738
474738,0.6108081340789795,,1210653.1739130435
474739,,3.0,1210657.5217391304
474747,0.6108381152153015,,1210692.3043478262
474748,,3.0,1210696.652173913
474766,0.6108680963516235,,1210762.224489796
474767,,3.0,1210766.306122449
474776,0.6108980774879456,,1210803.0408163266
474777,,3.0,1210807.1224489796
474788,0.6109280586242676,,1210852.0204081633
474789,,3.0,1210856.1020408163
474798,0.6109580397605896,,1210892.836734694
474799,,3.0,1210896.918367347
474813,0.6109680533409119,,1210927.2653061224
474814,,1.0,1210929.6530612244
474825,0.6109780669212341,,1210955.918367347
474826,,1.0,1210958.306122449
474840,0.6109880805015564,,1210991.7346938776
474841,,1.0,1210994.1224489796
474849,0.6109980940818787,,1211013.224489796
474850,,1.0,1211015.612244898
474869,0.6110280752182007,,1211077.2592592593
474870,,3.0,1211080.962962963
474877,0.6110580563545227,,1211106.888888889
474878,,3.0,1211110.5925925926
474889,0.6110880374908447,,1211151.3333333333
474890,,3.0,1211155.037037037
474905,0.6111180186271667,,1211210.5925925926
474906,,3.0,1211214.2962962964
474920,0.6111479997634888,,1211275.894736842
474921,,3.0,1211281.1578947369
474929,0.6111779808998108,,1211323.2631578948
474930,,3.0,1211328.5263157894
474935,0.6112079620361328,,1211354.8421052631
474936,,3.0,1211360.105263158
474945,0.6112379431724548,,1211407.4736842106
474946,,3.0,1211412.7368421052
474963,0.6112679243087769,,1211474.0
474964,,3.0,1211478.0
474974,0.6112979054450989,,1211518.0
474975,,3.0,1211522.0
474985,0.6113278865814209,,1211562.0
474986,,3.0,1211566.0
474997,0.6113578677177429,,1211610.0
474998,,3.0,1211614.0
475016,0.6113878488540649,,1211687.7674418604
475017,,3.0,1211692.4186046512
475023,0.611417829990387,,1211720.3255813953
475024,,3.0,1211724.9767441861
475031,0.611447811126709,,1211757.534883721
475032,,3.0,1211762.1860465116
475042,0.611477792263031,,1211808.6976744186
475043,,3.0,1211813.3488372094
475059,0.611507773399353,,1211872.1666666667
475060,,3.0,1211876.3333333333
475068,0.611537754535675,,1211909.6666666667
475069,,3.0,1211913.8333333333
475078,0.6115677356719971,,1211951.3333333333
475079,,3.0,1211955.5
475092,0.6115977168083191,,1212009.6666666667
475093,,3.0,1212013.8333333333
475106,0.6115977168083191,,1212054.6666666667
475107,,0.0,1212058.3333333333
475116,0.6115977168083191,,1212091.3333333333
475117,,0.0,1212095.0
475127,0.6115977168083191,,1212131.6666666667
475128,,0.0,1212135.3333333333
475142,0.6115977168083191,,1212186.6666666667
475143,,0.0,1212190.3333333333
475155,0.6116276979446411,,1212239.0
475156,,3.0,1212244.0
475165,0.6116576790809631,,1212289.0
475166,,3.0,1212294.0
475173,0.6116876602172852,,1212329.0
475174,,3.0,1212334.0
475184,0.6117176413536072,,1212384.0
475185,,3.0,1212389.0
475198,0.6117476224899292,,1212440.511627907
475199,,3.0,1212445.1627906978
475208,0.6117776036262512,,1212487.0232558139
475209,,3.0,1212491.6744186047
475222,0.6118075847625732,,1212552.1395348837
475223,,3.0,1212556.7906976745
475229,0.6118375658988953,,1212584.6976744186
475230,,3.0,1212589.3488372094
475245,0.6118675470352173,,1212655.5384615385
475246,,3.0,1212660.6666666667
475256,0.6118975281715393,,1212711.9487179487
475257,,3.0,1212717.076923077
475261,0.6119275093078613,,1212737.5897435897
475262,,3.0,1212742.717948718
475270,0.6119574904441833,,1212783.7435897435
475271,,3.0,1212788.8717948718
475289,0.6119874715805054,,1212856.5
475290,,3.0,1212860.6666666667
475297,0.6120174527168274,,1212889.8333333333
475298,,3.0,1212894.0
475306,0.6120474338531494,,1212927.3333333333
475307,,3.0,1212931.5
475320,0.6120774149894714,,1212985.6666666667
475321,,3.0,1212989.8333333333
475340,0.6120874285697937,,1213051.6
475341,,1.0,1213055.2
475351,0.612097442150116,,1213091.2
475352,,1.0,1213094.8
475360,0.6121074557304382,,1213123.6
475361,,1.0,1213127.2
475377,0.6121174693107605,,1213184.8
475378,,1.0,1213188.4
475389,0.6121474504470825,,1213232.0
475390,,3.0,1213237.0
475398,0.6121774315834045,,1213277.0
475399,,3.0,1213282.0
475412,0.6122074127197266,,1213347.0
475413,,3.0,1213352.0
475419,0.6122373938560486,,1213382.0
475420,,3.0,1213387.0
475434,0.6122673749923706,,1213443.1627906978
475435,,3.0,1213447.8139534884
475441,0.6122973561286926,,1213475.7209302327
475442,,3.0,1213480.3720930233
475456,0.6123273372650146,,1213545.488372093
475457,,3.0,1213550.1395348837
475464,0.6123573184013367,,1213582.6976744186
475465,,3.0,1213587.3488372094
475480,0.6123872995376587,,1213646.5454545454
475481,,3.0,1213651.0909090908
475488,0.6124172806739807,,1213682.9090909092
475489,,3.0,1213687.4545454546
475498,0.6124472618103027,,1213728.3636363635
475499,,3.0,1213732.9090909092
475510,0.6124772429466248,,1213782.9090909092
475511,,3.0,1213787.4545454546
475525,0.6125072240829468,,1213836.8979591837
475526,,3.0,1213840.9795918367
475533,0.6125372052192688,,1213869.551020408
475534,,3.0,1213873.6326530613
475547,0.6125671863555908,,1213926.693877551
475548,,3.0,1213930.775510204
475561,0.6125971674919128,,1213983.836734694
475562,,3.0,1213987.918367347
475573,0.6126271486282349,,1214033.0256410257
475574,,3.0,1214038.1538461538
475586,0.6126571297645569,,1214099.6923076923
475587,,3.0,1214104.8205128205
475596,0.6126871109008789,,1214150.9743589743
475597,,3.0,1214156.1025641025
475602,0.6127170920372009,,1214181.7435897435
475603,,3.0,1214186.8717948718
475616,0.612747073173523,,1214249.142857143
475617,,3.0,1214254.857142857
475623,0.612777054309845,,1214289.142857143
475624,,3.0,1214294.857142857
475631,0.612807035446167,,1214334.857142857
475632,,3.0,1214340.5714285714
475639,0.612837016582489,,1214380.5714285714
475640,,3.0,1214386.2857142857
475661,0.612866997718811,,1214455.1578947369
475662,,3.0,1214458.6666666667
475671,0.6128969788551331,,1214490.245614035
475672,,3.0,1214493.754385965
475684,0.6129269599914551,,1214535.8596491227
475685,,3.0,1214539.3684210526
475698,0.6129569411277771,,1214584.9824561405
475699,,3.0,1214588.49122807
475715,0.6129669547080994,,1214636.6875
475716,,1.0,1214640.125
475725,0.6129769682884216,,1214671.0625
475726,,1.0,1214674.5
475736,0.6129869818687439,,1214708.875
475737,,1.0,1214712.3125
475748,0.6129969954490662,,1214750.125
475749,,1.0,1214753.5625
475764,0.6130269765853882,,1214808.0638297873
475765,,3.0,1214812.319148936
475774,0.6130569577217102,,1214850.6170212766
475775,,3.0,1214854.8723404256
475783,0.6130869388580322,,1214888.914893617
475784,,3.0,1214893.170212766
475797,0.6131169199943542,,1214948.4893617022
475798,,3.0,1214952.744680851
475815,0.6131469011306763,,1215027.0
475816,,3.0,1215032.0
475821,0.6131768822669983,,1215057.0
475822,,3.0,1215062.0
475832,0.6132068634033203,,1215112.0
475833,,3.0,1215117.0
475839,0.6132368445396423,,1215147.0
475840,,3.0,1215152.0
475849,0.6132668256759644,,1215187.0
475850,,3.0,1215192.0
475862,0.6132968068122864,,1215252.0
475863,,3.0,1215257.0
475871,0.6133267879486084,,1215297.0
475872,,3.0,1215302.0
475881,0.6133567690849304,,1215347.0
475882,,3.0,1215352.0
475900,0.6133867502212524,,1215420.829787234
475901,,3.0,1215425.085106383
475915,0.6134167313575745,,1215484.6595744682
475916,,3.0,1215488.914893617
475922,0.6134467124938965,,1215514.4468085107
475923,,3.0,1215518.7021276595
475930,0.6134766936302185,,1215548.4893617022
475931,,3.0,1215552.744680851
475946,0.6135066747665405,,1215615.536585366
475947,,3.0,1215620.4146341463
475954,0.6135366559028625,,1215654.5609756098
475955,,3.0,1215659.4390243902
475964,0.6135666370391846,,1215703.3414634147
475965,,3.0,1215708.219512195
475973,0.6135966181755066,,1215747.243902439
475974,,3.0,1215752.1219512196
475990,0.6136265993118286,,1215814.7777777778
475991,,3.0,1215819.2222222222
475998,0.6136565804481506,,1215850.3333333333
475999,,3.0,1215854.7777777778
476005,0.6136865615844727,,1215881.4444444445
476006,,3.0,1215885.888888889
476020,0.6137165427207947,,1215948.111111111
476021,,3.0,1215952.5555555555
476037,0.6137465238571167,,1216027.2702702703
476038,,3.0,1216032.6756756757
476043,0.6137765049934387,,1216059.7027027027
476044,,3.0,1216065.1081081082
476050,0.6138064861297607,,1216097.5405405406
476051,,3.0,1216102.945945946
476059,0.6138364672660828,,1216146.189189189
476060,,3.0,1216151.5945945946
476075,0.6138664484024048,,1216210.3333333333
476076,,3.0,1216214.7777777778
476086,0.6138964295387268,,1216259.2222222222
476087,,3.0,1216263.6666666667
476099,0.6139264106750488,,1216317.0
476100,,3.0,1216321.4444444445
476106,0.6139563918113708,,1216348.111111111
476107,,3.0,1216352.5555555555
476117,0.6139863729476929,,1216392.8974358975
476118,,3.0,1216398.0256410257
476129,0.6140163540840149,,1216454.435897436
476130,,3.0,1216459.564102564
476136,0.6140463352203369,,1216490.3333333333
476137,,3.0,1216495.4615384615
476147,0.6140763163566589,,1216546.7435897435
476148,,3.0,1216551.8717948718
476162,0.614106297492981,,1216607.0
476163,,3.0,1216611.5454545454
476173,0.614136278629303,,1216657.0
476174,,3.0,1216661.5454545454
476185,0.614166259765625,,1216711.5454545454
476186,,3.0,1216716.0909090908
476193,0.614196240901947,,1216747.9090909092
476194,,3.0,1216752.4545454546
476212,0.614226222038269,,1216823.6666666667
476213,,3.0,1216828.111111111
476219,0.6142562031745911,,1216854.7777777778
476220,,3.0,1216859.2222222222
476229,0.6142861843109131,,1216899.2222222222
476230,,3.0,1216903.6666666667
476240,0.6143161654472351,,1216948.111111111
476241,,3.0,1216952.5555555555
476253,0.6143461465835571,,1216989.142857143
476254,,3.0,1216992.7142857143
476265,0.6143761277198792,,1217032.0
476266,,3.0,1217035.5714285714
476283,0.6144061088562012,,1217096.2857142857
476284,,3.0,1217099.857142857
476298,0.6144360899925232,,1217149.857142857
476299,,3.0,1217153.4285714286
476316,0.6144660711288452,,1217219.2222222222
476317,,3.0,1217223.6666666667
476325,0.6144960522651672,,1217259.2222222222
476326,,3.0,1217263.6666666667
476334,0.6145260334014893,,1217299.2222222222
476335,,3.0,1217303.6666666667
476345,0.6145560145378113,,1217348.111111111
476346,,3.0,1217352.5555555555
476362,0.6145859956741333,,1217413.5217391304
476363,,3.0,1217417.8695652173
476373,0.6146159768104553,,1217461.347826087
476374,,3.0,1217465.6956521738
476383,0.6146459579467773,,1217504.8260869565
476384,,3.0,1217509.1739130435
476393,0.6146759390830994,,1217548.3043478262
476394,,3.0,1217552.652173913
476415,0.6147059202194214,,1217620.1578947369
476416,,3.0,1217623.6666666667
476429,0.6147359013557434,,1217669.2807017544
476430,,3.0,1217672.7894736843
476442,0.6147658824920654,,1217714.894736842
476443,,3.0,1217718.403508772
476452,0.6147958636283875,,1217749.9824561405
476453,,3.0,1217753.49122807
476470,0.6148258447647095,,1217823.6666666667
476471,,3.0,1217828.4285714286
476477,0.6148558259010315,,1217857.0
476478,,3.0,1217861.761904762
476491,0.6148858070373535,,1217923.6666666667
476492,,3.0,1217928.4285714286
476496,0.6149157881736755,,1217947.4761904762
476497,,3.0,1217952.238095238
476514,0.6149457693099976,,1218017.8695652173
476515,,3.0,1218022.2173913044
476520,0.6149757504463196,,1218043.956521739
476521,,3.0,1218048.3043478262
476535,0.6150057315826416,,1218109.1739130435
476536,,3.0,1218113.5217391304
476544,0.6150357127189636,,1218148.3043478262
476545,,3.0,1218152.652173913
476558,0.6150656938552856,,1218200.4782608696
476559,,3.0,1218204.8260869565
476565,0.6150956749916077,,1218230.9130434783
476566,,3.0,1218235.2608695652
476582,0.6151256561279297,,1218304.8260869565
476583,,3.0,1218309.1739130435
476592,0.6151556372642517,,1218348.3043478262
476593,,3.0,1218352.652173913
476606,0.6151856184005737,,1218404.619047619
476607,,3.0,1218409.380952381
476616,0.6152155995368958,,1218452.238095238
476617,,3.0,1218457.0
476626,0.6152455806732178,,1218499.857142857
476627,,3.0,1218504.619047619
476636,0.6152755618095398,,1218547.4761904762
476637,,3.0,1218552.238095238
476654,0.6153055429458618,,1218619.2222222222
476655,,3.0,1218623.6666666667
476665,0.6153355240821838,,1218668.111111111
476666,,3.0,1218672.5555555555
476676,0.6153655052185059,,1218717.0
476677,,3.0,1218721.4444444445
476683,0.6153954863548279,,1218748.111111111
476684,,3.0,1218752.5555555555
476701,0.6154254674911499,,1218819.2222222222
476702,,3.0,1218823.6666666667
476710,0.6154554486274719,,1218859.2222222222
476711,,3.0,1218863.6666666667
476720,0.615485429763794,,1218903.6666666667
476721,,3.0,1218908.111111111
476730,0.615515410900116,,1218948.111111111
476731,,3.0,1218952.5555555555
476741,0.615545392036438,,1218987.4347826086
476742,,3.0,1218991.7826086956
476751,0.61557537317276,,1219030.9130434783
476752,,3.0,1219035.2608695652
476766,0.615605354309082,,1219096.1304347827
476767,,3.0,1219100.4782608696
476778,0.615635335445404,,1219148.3043478262
476779,,3.0,1219152.652173913
476793,0.6156653165817261,,1219209.380952381
476794,,3.0,1219214.142857143
476803,0.6156952977180481,,1219257.0
476804,,3.0,1219261.761904762
476810,0.6157252788543701,,1219290.3333333333
476811,,3.0,1219295.0952380951
476822,0.6157552599906921,,1219347.4761904762
476823,,3.0,1219352.238095238
476842,0.6157852411270142,,1219422.306122449
476843,,3.0,1219426.387755102
476852,0.6158152222633362,,1219463.1224489796
476853,,3.0,1219467.2040816327
476866,0.6158452033996582,,1219520.2653061224
476867,,3.0,1219524.3469387756
476873,0.6158751845359802,,1219548.836734694
476874,,3.0,1219552.918367347
476892,0.6159051656723022,,1219628.4285714286
476893,,3.0,1219633.1904761905
476900,0.6159351468086243,,1219666.5238095238
476901,,3.0,1219671.2857142857
476910,0.6159651279449463,,1219714.142857143
476911,,3.0,1219718.9047619049
476917,0.6159951090812683,,1219747.4761904762
476918,,3.0,1219752.238095238
476933,0.6160250902175903,,1219818.5384615385
476934,,3.0,1219823.6666666667
476943,0.6160550713539124,,1219869.8205128205
476944,,3.0,1219874.9487179487
476953,0.6160850524902344,,1219921.1025641025
476954,,3.0,1219926.2307692308
476958,0.6161150336265564,,1219946.7435897435
476959,,3.0,1219951.8717948718
476975,0.6161450147628784,,1220010.0612244897
476976,,3.0,1220014.142857143
476989,0.6161749958992004,,1220067.2040816327
476990,,3.0,1220071.2857142857
476999,0.6162049770355225,,1220108.0204081633
477000,,3.0,1220112.1020408163
477009,0.6162349581718445,,1220148.836734694
477010,,3.0,1220152.918367347
477025,0.6162649393081665,,1220217.0
477026,,3.0,1220222.0
477034,0.6162949204444885,,1220262.0
477035,,3.0,1220267.0
477044,0.6163249015808105,,1220312.0
477045,,3.0,1220317.0
477051,0.6163548827171326,,1220347.0
477052,,3.0,1220352.0
477065,0.6163848638534546,,1220403.511627907
477066,,3.0,1220408.1627906978
477077,0.6164148449897766,,1220459.3255813953
477078,,3.0,1220463.9767441861
477086,0.6164448261260986,,1220501.1860465116
477087,,3.0,1220505.8372093022
477096,0.6164748072624207,,1220547.6976744186
477097,,3.0,1220552.3488372094
477113,0.6165047883987427,,1220618.9047619049
477114,,3.0,1220623.6666666667
477125,0.6165347695350647,,1220676.0476190476
477126,,3.0,1220680.8095238095
477133,0.6165647506713867,,1220714.142857143
477134,,3.0,1220718.9047619049
477140,0.6165947318077087,,1220747.4761904762
477141,,3.0,1220752.238095238
477157,0.6166247129440308,,1220810.0612244897
477158,,3.0,1220814.142857143
477169,0.6166546940803528,,1220859.0408163266
477170,,3.0,1220863.1224489796
477178,0.6166846752166748,,1220895.775510204
477179,,3.0,1220899.857142857
477191,0.6167146563529968,,1220948.836734694
477192,,3.0,1220952.918367347
477209,0.6167446374893188,,1221020.6363636365
477210,,3.0,1221025.1818181819
477219,0.6167746186256409,,1221066.0909090908
477220,,3.0,1221070.6363636365
477226,0.6168045997619629,,1221097.9090909092
477227,,3.0,1221102.4545454546
477237,0.6168345808982849,,1221147.9090909092
477238,,3.0,1221152.4545454546
477251,0.6168645620346069,,1221197.8163265307
477252,,3.0,1221201.8979591837
477260,0.616894543170929,,1221234.551020408
477261,,3.0,1221238.6326530613
477272,0.616924524307251,,1221283.530612245
477273,,3.0,1221287.612244898
477288,0.616954505443573,,1221348.836734694
477289,,3.0,1221352.918367347
477303,0.616984486579895,,1221418.111111111
477304,,3.0,1221423.6666666667
477313,0.617014467716217,,1221473.6666666667
477314,,3.0,1221479.2222222222
477321,0.6170444488525391,,1221518.111111111
477322,,3.0,1221523.6666666667
477326,0.6170744299888611,,1221545.888888889
477327,,3.0,1221551.4444444445
477343,0.6171044111251831,,1221617.465116279
477344,,3.0,1221622.1162790698
477352,0.6171343922615051,,1221659.3255813953
477353,,3.0,1221663.9767441861
477360,0.6171643733978271,,1221696.534883721
477361,,3.0,1221701.1860465116
477371,0.6171943545341492,,1221747.6976744186
477372,,3.0,1221752.3488372094
477388,0.6172243356704712,,1221809.0
477389,,3.0,1221813.0
477400,0.6172543168067932,,1221857.0
477401,,3.0,1221861.0
477411,0.6172842979431152,,1221901.0
477412,,3.0,1221905.0
477423,0.6173142790794373,,1221949.0
477424,,3.0,1221953.0
477441,0.6173442602157593,,1222019.2222222222
477442,,3.0,1222023.6666666667
477452,0.6173742413520813,,1222068.111111111
477453,,3.0,1222072.5555555555
477459,0.6174042224884033,,1222099.2222222222
477460,,3.0,1222103.6666666667
477470,0.6174342036247253,,1222148.111111111
477471,,3.0,1222152.5555555555
477484,0.6174641847610474,,1222202.4545454546
477485,,3.0,1222207.0
477496,0.6174941658973694,,1222257.0
477497,,3.0,1222261.5454545454
477507,0.6175241470336914,,1222307.0
477508,,3.0,1222311.5454545454
477516,0.6175541281700134,,1222347.9090909092
477517,,3.0,1222352.4545454546
477531,0.6175841093063354,,1222402.8333333333
477532,,3.0,1222407.0
477546,0.6176140904426575,,1222465.3333333333
477547,,3.0,1222469.5
477556,0.6176440715789795,,1222507.0
477557,,3.0,1222511.1666666667
477566,0.6176740527153015,,1222548.6666666667
477567,,3.0,1222552.8333333333
477578,0.6177040338516235,,1222595.0952380951
477579,,3.0,1222599.857142857
477591,0.6177340149879456,,1222657.0
477592,,3.0,1222661.761904762
477602,0.6177639961242676,,1222709.380952381
477603,,3.0,1222714.142857143
477610,0.6177939772605896,,1222747.4761904762
477611,,3.0,1222752.238095238
477628,0.6178239583969116,,1222816.574468085
477629,,3.0,1222820.829787234
477636,0.6178539395332336,,1222850.6170212766
477637,,3.0,1222854.8723404256
477645,0.6178839206695557,,1222888.914893617
477646,,3.0,1222893.170212766
477659,0.6179139018058777,,1222948.4893617022
477660,,3.0,1222952.744680851
477677,0.6179438829421997,,1223020.6363636365
477678,,3.0,1223025.1818181819
477689,0.6179738640785217,,1223075.1818181819
477690,,3.0,1223079.7272727273
477696,0.6180038452148438,,1223107.0
477697,,3.0,1223111.5454545454
477705,0.6180338263511658,,1223147.9090909092
477706,,3.0,1223152.4545454546
477720,0.6180638074874878,,1223212.0
477721,,3.0,1223217.0
477728,0.6180937886238098,,1223252.0
477729,,3.0,1223257.0
477736,0.6181237697601318,,1223292.0
477737,,3.0,1223297.0
477747,0.6181537508964539,,1223347.0
477748,,3.0,1223352.0
477762,0.6181837320327759,,1223410.6585365853
477763,,3.0,1223415.536585366
477771,0.6182137131690979,,1223454.5609756098
477772,,3.0,1223459.4390243902
477782,0.6182436943054199,,1223508.219512195
477783,,3.0,1223513.0975609757
477790,0.6182736754417419,,1223547.243902439
477791,,3.0,1223552.1219512196
477810,0.618303656578064,,1223621.0
477811,,3.0,1223625.0
477822,0.618333637714386,,1223669.0
477823,,3.0,1223673.0
477831,0.618363618850708,,1223705.0
477832,,3.0,1223709.0
477842,0.61839359998703,,1223749.0
477843,,3.0,1223753.0
477863,0.618423581123352,,1223832.5555555555
477864,,3.0,1223837.0
477872,0.6184535622596741,,1223872.5555555555
477873,,3.0,1223877.0
477882,0.6184835433959961,,1223917.0
477883,,3.0,1223921.4444444445
477889,0.6185135245323181,,1223948.111111111
477890,,3.0,1223952.5555555555
477903,0.6185435056686401,,1224004.619047619
477904,,3.0,1224009.380952381
477913,0.6185734868049622,,1224052.238095238
477914,,3.0,1224057.0
477923,0.6186034679412842,,1224099.857142857
477924,,3.0,1224104.619047619
477933,0.6186334490776062,,1224147.4761904762
477934,,3.0,1224152.238095238
477951,0.6186634302139282,,1224207.9090909092
477952,,3.0,1224211.5454545454
477965,0.6186934113502502,,1224258.8181818181
477966,,3.0,1224262.4545454546
477977,0.6187233924865723,,1224302.4545454546
477978,,3.0,1224306.0909090908
477990,0.6187533736228943,,1224349.7272727273
477991,,3.0,1224353.3636363635
478007,0.6187533736228943,,1224406.612244898
478008,,0.0,1224410.4285714286
478017,0.6187533736228943,,1224444.775510204
478018,,0.0,1224448.5918367347
478031,0.6187533736228943,,1224498.2040816327
478032,,0.0,1224502.0204081633
478041,0.6187533736228943,,1224536.3673469387
478042,,0.0,1224540.1836734693
478060,0.6187833547592163,,1224613.7674418604
478061,,3.0,1224618.4186046512
478068,0.6188133358955383,,1224650.9767441861
478069,,3.0,1224655.6279069767
478077,0.6188433170318604,,1224692.8372093022
478078,,3.0,1224697.488372093
478086,0.6188732981681824,,1224734.6976744186
478087,,3.0,1224739.3488372094
478098,0.6189032793045044,,1224779.5555555555
478099,,3.0,1224784.0
478107,0.6189332604408264,,1224819.5555555555
478108,,3.0,1224824.0
478120,0.6189632415771484,,1224877.3333333333
478121,,3.0,1224881.7777777778
478133,0.6189932227134705,,1224935.111111111
478134,,3.0,1224939.5555555555
478145,0.6190232038497925,,1224992.4848484849
478146,,3.0,1224998.5454545454
478152,0.6190531849861145,,1225034.9090909092
478153,,3.0,1225040.9696969697
478157,0.6190831661224365,,1225065.2121212122
478158,,3.0,1225071.2727272727
478168,0.6191131472587585,,1225131.878787879
478169,,3.0,1225137.9393939395
478183,0.6191431283950806,,1225194.0
478184,,3.0,1225198.5454545454
478193,0.6191731095314026,,1225239.4545454546
478194,,3.0,1225244.0
478205,0.6192030906677246,,1225294.0
478206,,3.0,1225298.5454545454
478214,0.6192330718040466,,1225334.9090909092
478215,,3.0,1225339.4545454546
478228,0.6192330718040466,,1225375.3333333333
478229,,0.0,1225378.4666666666
478240,0.6192330718040466,,1225412.9333333333
478241,,0.0,1225416.0666666667
478252,0.6192330718040466,,1225450.5333333334
478253,,0.0,1225453.6666666667
478261,0.6192330718040466,,1225478.7333333334
478262,,0.0,1225481.8666666667
478278,0.6192630529403687,,1225541.5217391304
478279,,3.0,1225545.8695652173
478287,0.6192930340766907,,1225580.652173913
478288,,3.0,1225585.0
478297,0.6193230152130127,,1225624.1304347827
478298,,3.0,1225628.4782608696
478309,0.6193529963493347,,1225676.3043478262
478310,,3.0,1225680.652173913
478324,0.6193829774856567,,1225738.6585365853
478325,,3.0,1225743.536585366
478335,0.6194129586219788,,1225792.3170731708
478336,,3.0,1225797.1951219512
478343,0.6194429397583008,,1225831.3414634147
478344,,3.0,1225836.219512195
478352,0.6194729208946228,,1225875.243902439
478353,,3.0,1225880.1219512196
478370,0.6195029020309448,,1225947.2222222222
478371,,3.0,1225951.6666666667
478379,0.6195328831672668,,1225987.2222222222
478380,,3.0,1225991.6666666667
478390,0.6195628643035889,,1226036.111111111
478391,,3.0,1226040.5555555555
478399,0.6195928454399109,,1226076.111111111
478400,,3.0,1226080.5555555555
478415,0.6196228265762329,,1226140.8139534884
478416,,3.0,1226145.465116279
478427,0.6196528077125549,,1226196.6279069767
478428,,3.0,1226201.2790697673
478436,0.619682788848877,,1226238.488372093
478437,,3.0,1226243.1395348837
478444,0.619712769985199,,1226275.6976744186
478445,,3.0,1226280.3488372094
478457,0.619742751121521,,1226326.8604651163
478458,,3.0,1226331.511627907
478473,0.619772732257843,,1226401.2790697673
478474,,3.0,1226405.9302325582
478482,0.619802713394165,,1226443.1395348837
478483,,3.0,1226447.7906976745
478489,0.6198326945304871,,1226475.6976744186
478490,,3.0,1226480.3488372094
478504,0.6198626756668091,,1226540.0
478505,,3.0,1226545.0
478513,0.6198926568031311,,1226585.0
478514,,3.0,1226590.0
478520,0.6199226379394531,,1226620.0
478521,,3.0,1226625.0
478531,0.6199526190757751,,1226675.0
478532,,3.0,1226680.0
478546,0.6199826002120972,,1226744.4594594594
478547,,3.0,1226749.8648648649
478554,0.6200125813484192,,1226787.7027027027
478555,,3.0,1226793.1081081082
478563,0.6200425624847412,,1226836.3513513512
478564,,3.0,1226841.7567567567
478570,0.6200725436210632,,1226874.189189189
478571,,3.0,1226879.5945945946
478588,0.6201025247573853,,1226953.2926829269
478589,,3.0,1226958.1707317072
478598,0.6201325058937073,,1227002.0731707318
478599,,3.0,1227006.9512195121
478606,0.6201624870300293,,1227041.0975609757
478607,,3.0,1227045.975609756
478613,0.6201924681663513,,1227075.243902439
478614,,3.0,1227080.1219512196
478630,0.6202224493026733,,1227153.4210526317
478631,,3.0,1227158.6842105263
478640,0.6202524304389954,,1227206.0526315789
478641,,3.0,1227211.3157894737
478647,0.6202824115753174,,1227242.894736842
478648,,3.0,1227248.1578947369
478653,0.6203123927116394,,1227274.4736842106
478654,,3.0,1227279.7368421052
478670,0.6203423738479614,,1227341.5217391304
478671,,3.0,1227345.8695652173
478678,0.6203723549842834,,1227376.3043478262
478679,,3.0,1227380.652173913
478690,0.6204023361206055,,1227428.4782608696
478691,,3.0,1227432.8260869565
478701,0.6204323172569275,,1227476.3043478262
478702,,3.0,1227480.652173913
478717,0.6204323172569275,,1227542.0810810812
478718,,0.0,1227546.8378378379
478726,0.6204323172569275,,1227584.8918918918
478727,,0.0,1227589.6486486488
478733,0.6204323172569275,,1227618.189189189
478734,,0.0,1227622.945945946
478740,0.6204323172569275,,1227651.4864864864
478741,,0.0,1227656.2432432433
478755,0.6204622983932495,,1227717.4102564103
478756,,3.0,1227722.5384615385
478762,0.6204922795295715,,1227753.3076923077
478763,,3.0,1227758.435897436
478772,0.6205222606658936,,1227804.5897435897
478773,,3.0,1227809.717948718
478781,0.6205522418022156,,1227850.7435897435
478782,,3.0,1227855.8717948718
478798,0.6205522418022156,,1227922.2368421052
478799,,0.0,1227926.9473684211
478810,0.6205522418022156,,1227978.7631578948
478811,,0.0,1227983.4736842106
478816,0.6205522418022156,,1228007.0263157894
478817,,0.0,1228011.7368421052
478821,0.6205522418022156,,1228030.5789473683
478822,,0.0,1228035.2894736843
478835,0.6205822229385376,,1228084.4444444445
478836,,3.0,1228088.888888889
478845,0.6206122040748596,,1228128.888888889
478846,,3.0,1228133.3333333333
478857,0.6206421852111816,,1228182.2222222222
478858,,3.0,1228186.6666666667
478868,0.6206721663475037,,1228231.111111111
478869,,3.0,1228235.5555555555
478889,0.6207021474838257,,1228301.8181818181
478890,,3.0,1228305.4545454546
478903,0.6207321286201477,,1228352.7272727273
478904,,3.0,1228356.3636363635
478915,0.6207621097564697,,1228396.3636363635
478916,,3.0,1228400.0
478925,0.6207920908927917,,1228432.7272727273
478926,,3.0,1228436.3636363635
478942,0.6208220720291138,,1228495.319148936
478943,,3.0,1228499.574468085
478956,0.6208520531654358,,1228554.8936170214
478957,,3.0,1228559.1489361702
478968,0.6208820343017578,,1228605.9574468085
478969,,3.0,1228610.2127659575
478974,0.6209120154380798,,1228631.4893617022
478975,,3.0,1228635.744680851
478995,0.6209419965744019,,1228705.3846153845
478996,,3.0,1228709.2307692308
479005,0.6209719777107239,,1228743.8461538462
479006,,3.0,1228747.6923076923
479017,0.6210019588470459,,1228790.0
479018,,3.0,1228793.8461538462
479028,0.6210319399833679,,1228832.3076923077
479029,,3.0,1228836.1538461538
479047,0.6210419535636902,,1228897.7659574468
479048,,1.0,1228901.6170212766
479056,0.6210519671440125,,1228932.425531915
479057,,1.0,1228936.2765957448
479067,0.6210619807243347,,1228974.7872340425
479068,,1.0,1228978.6382978724
479077,0.621071994304657,,1229013.2978723405
479078,,1.0,1229017.1489361702
479090,0.621101975440979,,1229073.9411764706
479091,,3.0,1229079.8235294118
479097,0.621131956577301,,1229115.1176470588
479098,,3.0,1229121.0
479103,0.621161937713623,,1229150.4117647058
479104,,3.0,1229156.294117647
479113,0.6211919188499451,,1229209.2352941176
479114,,3.0,1229215.1176470588
479131,0.6212218999862671,,1229281.8695652173
479132,,3.0,1229286.2173913044
479140,0.6212518811225891,,1229321.0
479141,,3.0,1229325.347826087
479151,0.6212818622589111,,1229368.8260869565
479152,,3.0,1229373.1739130435
479161,0.6213118433952332,,1229412.3043478262
479162,,3.0,1229416.652173913
479177,0.6213118433952332,,1229464.4666666666
479178,,0.0,1229468.088888889
479187,0.6213118433952332,,1229500.6888888888
479188,,0.0,1229504.3111111112
479195,0.6213118433952332,,1229529.6666666667
479196,,0.0,1229533.288888889
479208,0.6213118433952332,,1229576.7555555555
479209,,0.0,1229580.3777777778
479228,0.6213418245315552,,1229655.111111111
479229,,3.0,1229659.5555555555
479238,0.6213718056678772,,1229699.5555555555
479239,,3.0,1229704.0
479247,0.6214017868041992,,1229739.5555555555
479248,,3.0,1229744.0
479255,0.6214317679405212,,1229775.111111111
479256,,3.0,1229779.5555555555
479268,0.6214617490768433,,1229826.857142857
479269,,3.0,1229831.619047619
479275,0.6214917302131653,,1229860.1904761905
479276,,3.0,1229864.9523809524
479286,0.6215217113494873,,1229912.5714285714
479287,,3.0,1229917.3333333333
479299,0.6215516924858093,,1229974.4761904762
479300,,3.0,1229979.238095238
479318,0.6215816736221313,,1230045.224489796
479319,,3.0,1230049.306122449
479325,0.6216116547584534,,1230073.7959183673
479326,,3.0,1230077.8775510204
479334,0.6216416358947754,,1230110.530612245
479335,,3.0,1230114.612244898
479350,0.6216716170310974,,1230175.836734694
479351,,3.0,1230179.918367347
479370,0.6217015981674194,,1230241.142857143
479371,,3.0,1230244.7142857143
479379,0.6217315793037415,,1230273.2857142857
479380,,3.0,1230276.857142857
479392,0.6217615604400635,,1230319.7142857143
479393,,3.0,1230323.2857142857
479408,0.6217915415763855,,1230376.857142857
479409,,3.0,1230380.4285714286
479418,0.6218215227127075,,1230415.5789473683
479419,,3.0,1230420.8421052631
479430,0.6218515038490295,,1230478.7368421052
479431,,3.0,1230484.0
479441,0.6218814849853516,,1230536.6315789474
479442,,3.0,1230541.894736842
479448,0.6219114661216736,,1230573.4736842106
479449,,3.0,1230578.7368421052
479461,0.6219414472579956,,1230626.857142857
479462,,3.0,1230631.619047619
479475,0.6219714283943176,,1230693.5238095238
479476,,3.0,1230698.2857142857
479483,0.6220014095306396,,1230731.619047619
479484,,3.0,1230736.380952381
479492,0.6220313906669617,,1230774.4761904762
479493,,3.0,1230779.238095238
479508,0.6220313906669617,,1230820.3076923077
479509,,0.0,1230823.3333333333
479517,0.6220313906669617,,1230847.5384615385
479518,,0.0,1230850.564102564
479524,0.6220313906669617,,1230868.717948718
479525,,0.0,1230871.7435897435
479533,0.6220313906669617,,1230895.9487179487
479534,,0.0,1230898.9743589743
479546,0.6220414042472839,,1230943.25
479547,,1.0,1230947.8333333333
479554,0.6220514178276062,,1230979.9166666667
479555,,1.0,1230984.5
479564,0.6220614314079285,,1231025.75
479565,,1.0,1231030.3333333333
479571,0.6220714449882507,,1231057.8333333333
479572,,1.0,1231062.4166666667
479586,0.6220714449882507,,1231116.076923077
479587,,0.0,1231120.5384615385
479595,0.6220714449882507,,1231156.2307692308
479596,,0.0,1231160.6923076923
479603,0.6220714449882507,,1231191.923076923
479604,,0.0,1231196.3846153845
479612,0.6220714449882507,,1231232.076923077
479613,,0.0,1231236.5384615385
479628,0.6221014261245728,,1231299.536585366
479629,,3.0,1231304.4146341463
479634,0.6221314072608948,,1231328.8048780488
479635,,3.0,1231333.6829268292
479645,0.6221613883972168,,1231382.463414634
479646,,3.0,1231387.3414634147
479655,0.6221913695335388,,1231431.243902439
479656,,3.0,1231436.1219512196
479669,0.6221913695335388,,1231470.25
479670,,0.0,1231473.175
479677,0.6221913695335388,,1231493.65
479678,,0.0,1231496.575
479685,0.6221913695335388,,1231517.05
479686,,0.0,1231519.975
479697,0.6221913695335388,,1231552.15
479698,,0.0,1231555.075
479712,0.6222213506698608,,1231606.888888889
479713,,3.0,1231611.3333333333
479723,0.6222513318061829,,1231655.7777777778
479724,,3.0,1231660.2222222222
479735,0.6222813129425049,,1231709.111111111
479736,,3.0,1231713.5555555555
479744,0.6223112940788269,,1231749.111111111
479745,,3.0,1231753.5555555555
479757,0.6223412752151489,,1231801.9024390243
479758,,3.0,1231806.780487805
479764,0.622371256351471,,1231836.0487804879
479765,,3.0,1231840.9268292682
479771,0.622401237487793,,1231870.1951219512
479772,,3.0,1231875.0731707318
479787,0.622431218624115,,1231948.243902439
479788,,3.0,1231953.1219512196
479800,0.622461199760437,,1232004.1538461538
479801,,3.0,1232009.282051282
479810,0.622491180896759,,1232055.435897436
479811,,3.0,1232060.564102564
479817,0.622521162033081,,1232091.3333333333
479818,,3.0,1232096.4615384615
479828,0.6225511431694031,,1232147.7435897435
479829,,3.0,1232152.8717948718
479843,0.6225811243057251,,1232214.4102564103
479844,,3.0,1232219.5384615385
479850,0.6226111054420471,,1232250.3076923077
479851,,3.0,1232255.435897436
479857,0.6226410865783691,,1232286.2051282052
479858,,3.0,1232291.3333333333
479869,0.6226710677146912,,1232347.7435897435
479870,,3.0,1232352.8717948718
479884,0.6227010488510132,,1232411.6585365853
479885,,3.0,1232416.536585366
479894,0.6227310299873352,,1232460.4390243902
479895,,3.0,1232465.3170731708
479903,0.6227610111236572,,1232504.3414634147
479904,,3.0,1232509.219512195
479912,0.6227909922599792,,1232548.243902439
479913,,3.0,1232553.1219512196
479926,0.6227909922599792,,1232586.4
479927,,0.0,1232589.24
479942,0.6227909922599792,,1232631.84
479943,,0.0,1232634.68
479953,0.6227909922599792,,1232663.08
479954,,0.0,1232665.92
479964,0.6227909922599792,,1232694.32
479965,,0.0,1232697.16
479982,0.6227909922599792,,1232737.0588235294
479983,,0.0,1232739.705882353
479997,0.6227909922599792,,1232776.7647058824
479998,,0.0,1232779.4117647058
480005,0.6227909922599792,,1232797.9411764706
480006,,0.0,1232800.5882352942
480017,0.6227909922599792,,1232829.705882353
480018,,0.0,1232832.3529411764
480034,0.6228209733963013,,1232892.7777777778
480035,,3.0,1232897.2222222222
480043,0.6228509545326233,,1232932.7777777778
480044,,3.0,1232937.2222222222
480056,0.6228809356689453,,1232990.5555555555
480057,,3.0,1232995.0
480064,0.6229109168052673,,1233026.111111111
480065,,3.0,1233030.5555555555
480080,0.6229408979415894,,1233085.0
480081,,3.0,1233089.1666666667
480093,0.6229708790779114,,1233139.1666666667
480094,,3.0,1233143.3333333333
480102,0.6230008602142334,,1233176.6666666667
480103,,3.0,1233180.8333333333
480114,0.6230308413505554,,1233226.6666666667
480115,,3.0,1233230.8333333333
480130,0.6230608224868774,,1233287.1739130435
480131,,3.0,1233291.5217391304
480143,0.6230908036231995,,1233343.6956521738
480144,,3.0,1233348.043478261
480153,0.6231207847595215,,1233387.1739130435
480154,,3.0,1233391.5217391304
480162,0.6231507658958435,,1233426.3043478262
480163,,3.0,1233430.652173913
480176,0.6231507658958435,,1233477.3404255318
480177,,0.0,1233481.574468085
480187,0.6231507658958435,,1233523.914893617
480188,,0.0,1233528.1489361702
480198,0.6231507658958435,,1233570.4893617022
480199,,0.0,1233574.7234042552
480211,0.6231507658958435,,1233625.5319148935
480212,,0.0,1233629.7659574468
480230,0.6231807470321655,,1233695.224489796
480231,,3.0,1233699.306122449
480238,0.6232107281684875,,1233727.8775510204
480239,,3.0,1233731.9591836734
480250,0.6232407093048096,,1233776.857142857
480251,,3.0,1233780.9387755103
480262,0.6232706904411316,,1233825.836734694
480263,,3.0,1233829.918367347
480276,0.6232706904411316,,1233864.9302325582
480277,,0.0,1233868.0232558139
480286,0.6232706904411316,,1233895.8604651163
480287,,0.0,1233898.953488372
480295,0.6232706904411316,,1233923.6976744186
480296,,0.0,1233926.7906976745
480307,0.6232706904411316,,1233960.8139534884
480308,,0.0,1233963.9069767443
480319,0.6233006715774536,,1234010.2432432433
480320,,3.0,1234015.6486486488
480325,0.6233306527137756,,1234042.6756756757
480326,,3.0,1234048.0810810812
480334,0.6233606338500977,,1234091.3243243243
480335,,3.0,1234096.7297297297
480346,0.6233906149864197,,1234156.189189189
480347,,3.0,1234161.5945945946
480359,0.6234205961227417,,1234213.1538461538
480360,,3.0,1234218.282051282
480371,0.6234505772590637,,1234274.6923076923
480372,,3.0,1234279.8205128205
480381,0.6234805583953857,,1234325.9743589743
480382,,3.0,1234331.1025641025
480387,0.6235105395317078,,1234356.7435897435
480388,,3.0,1234361.8717948718
480397,0.6235405206680298,,1234391.4897959183
480398,,3.0,1234395.5714285714
480418,0.6235705018043518,,1234477.2040816327
480419,,3.0,1234481.2857142857
480429,0.6236004829406738,,1234522.1020408163
480430,,3.0,1234526.1836734693
480438,0.6236304640769958,,1234558.836734694
480439,,3.0,1234562.918367347
480453,0.6236604452133179,,1234620.6585365853
480454,,3.0,1234625.536585366
480464,0.6236904263496399,,1234674.3170731708
480465,,3.0,1234679.1951219512
480475,0.6237204074859619,,1234727.975609756
480476,,3.0,1234732.8536585367
480481,0.6237503886222839,,1234757.243902439
480482,,3.0,1234762.1219512196
480499,0.623780369758606,,1234830.6363636365
480500,,3.0,1234835.1818181819
480506,0.623810350894928,,1234862.4545454546
480507,,3.0,1234867.0
480513,0.62384033203125,,1234894.2727272727
480514,,3.0,1234898.8181818181
480527,0.623870313167572,,1234957.9090909092
480528,,3.0,1234962.4545454546
480539,0.623900294303894,,1235005.0952380951
480540,,3.0,1235009.857142857
480553,0.6239302754402161,,1235071.761904762
480554,,3.0,1235076.5238095238
480563,0.6239602565765381,,1235119.380952381
480564,,3.0,1235124.142857143
480571,0.6239902377128601,,1235157.4761904762
480572,,3.0,1235162.238095238
480586,0.6240002512931824,,1235196.1739130435
480587,,1.0,1235198.8260869565
480602,0.6240102648735046,,1235238.608695652
480603,,1.0,1235241.2608695652
480610,0.6240202784538269,,1235259.8260869565
480611,,1.0,1235262.4782608696
480619,0.6240302920341492,,1235283.6956521738
480620,,1.0,1235286.347826087
480634,0.6240403056144714,,1235341.4615384615
480635,,1.0,1235346.2307692308
480638,0.6240503191947937,,1235360.5384615385
480639,,1.0,1235365.3076923077
480651,0.624060332775116,,1235422.5384615385
480652,,1.0,1235427.3076923077
480660,0.6240703463554382,,1235465.4615384615
480661,,1.0,1235470.2307692308
480674,0.6241003274917603,,1235525.0
480675,,3.0,1235530.0
480682,0.6241303086280823,,1235565.0
480683,,3.0,1235570.0
480694,0.6241602897644043,,1235625.0
480695,,3.0,1235630.0
480702,0.6241902709007263,,1235665.0
480703,,3.0,1235670.0
480720,0.6242202520370483,,1235733.3333333333
480721,,3.0,1235737.5
480727,0.6242502331733704,,1235762.5
480728,,3.0,1235766.6666666667
480737,0.6242802143096924,,1235804.1666666667
480738,,3.0,1235808.3333333333
480752,0.6243101954460144,,1235866.6666666667
480753,,3.0,1235870.8333333333
480768,0.6243401765823364,,1235926.0638297873
480769,,3.0,1235930.319148936
480780,0.6243701577186584,,1235977.1276595744
480781,,3.0,1235981.3829787234
480789,0.6244001388549805,,1236015.425531915
480790,,3.0,1236019.680851064
480801,0.6244301199913025,,1236066.4893617022
480802,,3.0,1236070.744680851
480817,0.6244601011276245,,1236129.5454545454
480818,,3.0,1236134.0909090908
480828,0.6244900822639465,,1236179.5454545454
480829,,3.0,1236184.0909090908
480837,0.6245200634002686,,1236220.4545454546
480838,,3.0,1236225.0
480847,0.6245500445365906,,1236265.9090909092
480848,,3.0,1236270.4545454546
480862,0.6245800256729126,,1236331.4102564103
480863,,3.0,1236336.5384615385
480869,0.6246100068092346,,1236367.3076923077
480870,,3.0,1236372.435897436
480878,0.6246399879455566,,1236413.4615384615
480879,,3.0,1236418.5897435897
480888,0.6246699690818787,,1236464.7435897435
480889,,3.0,1236469.8717948718
480900,0.6246999502182007,,1236517.105263158
480901,,3.0,1236522.3684210526
480909,0.6247299313545227,,1236564.4736842106
480910,,3.0,1236569.7368421052
480919,0.6247599124908447,,1236617.105263158
480920,,3.0,1236622.3684210526
480928,0.6247898936271667,,1236664.4736842106
480929,,3.0,1236669.7368421052
480941,0.6247898936271667,,1236721.2162162163
480942,,0.0,1236726.3513513512
480949,0.6247898936271667,,1236762.2972972973
480950,,0.0,1236767.4324324324
480960,0.6247898936271667,,1236818.7837837837
480961,,0.0,1236823.9189189188
480967,0.6247898936271667,,1236854.7297297297
480968,,0.0,1236859.8648648649
480984,0.6248198747634888,,1236919.1666666667
480985,,3.0,1236923.3333333333
480996,0.6248498558998108,,1236969.1666666667
480997,,3.0,1236973.3333333333
481005,0.6248798370361328,,1237006.6666666667
481006,,3.0,1237010.8333333333
481017,0.6249098181724548,,1237056.6666666667
481018,,3.0,1237060.8333333333
481038,0.6249098181724548,,1237129.3829787234
481039,,0.0,1237133.170212766
481046,0.6249098181724548,,1237159.680851064
481047,,0.0,1237163.4680851065
481056,0.6249098181724548,,1237197.5531914893
481057,,0.0,1237201.3404255318
481066,0.6249098181724548,,1237235.425531915
481067,,0.0,1237239.2127659575
481084,0.6249397993087769,,1237280.5609756098
481085,,3.0,1237283.243902439
481093,0.6249697804450989,,1237304.7073170731
481094,,3.0,1237307.3902439023
481102,0.6249997615814209,,1237328.8536585367
481103,,3.0,1237331.536585366
481109,0.6250297427177429,,1237347.6341463414
481110,,3.0,1237350.3170731708
481125,0.6250597238540649,,1237405.1739130435
481126,,3.0,1237409.5217391304
481134,0.625089704990387,,1237444.3043478262
481135,,3.0,1237448.652173913
481145,0.625119686126709,,1237492.1304347827
481146,,3.0,1237496.4782608696
481157,0.625149667263031,,1237544.3043478262
481158,,3.0,1237548.652173913
481183,0.625149667263031,,1237638.6595744682
481184,,0.0,1237642.5531914893
481188,0.625149667263031,,1237658.1276595744
481189,,0.0,1237662.0212765958
481197,0.625149667263031,,1237693.170212766
481198,,0.0,1237697.0638297873
481206,0.625149667263031,,1237728.2127659575
481207,,0.0,1237732.1063829786
481225,0.625179648399353,,1237801.2173913044
481226,,3.0,1237805.5652173914
481233,0.625209629535675,,1237836.0
481234,,3.0,1237840.347826087
481242,0.6252396106719971,,1237875.1304347827
481243,,3.0,1237879.4782608696
481254,0.6252695918083191,,1237927.3043478262
481255,,3.0,1237931.652173913
481269,0.6252995729446411,,1237992.4102564103
481270,,3.0,1237997.5384615385
481277,0.6253295540809631,,1238033.435897436
481278,,3.0,1238038.564102564
481285,0.6253595352172852,,1238074.4615384615
481286,,3.0,1238079.5897435897
481295,0.6253895163536072,,1238125.7435897435
481296,,3.0,1238130.8717948718
481311,0.6253895163536072,,1238178.1333333333
481312,,0.0,1238181.6444444444
481322,0.6253895163536072,,1238216.7555555555
481323,,0.0,1238220.2666666666
481329,0.6253895163536072,,1238241.3333333333
481330,,0.0,1238244.8444444444
481342,0.6253895163536072,,1238286.9777777777
481343,,0.0,1238290.4888888889
481356,0.6254194974899292,,1238341.619047619
481357,,3.0,1238346.380952381
481365,0.6254494786262512,,1238384.4761904762
481366,,3.0,1238389.238095238
481374,0.6254794597625732,,1238427.3333333333
481375,,3.0,1238432.0952380951
481386,0.6255094408988953,,1238484.4761904762
481387,,3.0,1238489.238095238
481403,0.6255394220352173,,1238549.319148936
481404,,3.0,1238553.574468085
481412,0.6255694031715393,,1238587.6170212766
481413,,3.0,1238591.8723404256
481421,0.6255993843078613,,1238625.914893617
481422,,3.0,1238630.170212766
481435,0.6256293654441833,,1238685.4893617022
481436,,3.0,1238689.744680851
481454,0.6256293654441833,,1238735.875
481455,,0.0,1238738.6666666667
481465,0.6256293654441833,,1238766.5833333333
481466,,0.0,1238769.375
481474,0.6256293654441833,,1238791.7083333333
481475,,0.0,1238794.5
481485,0.6256293654441833,,1238822.4166666667
481486,,0.0,1238825.2083333333
481501,0.6256293654441833,,1238855.36
481502,,0.0,1238857.64
481511,0.6256293654441833,,1238878.16
481512,,0.0,1238880.44
481523,0.6256293654441833,,1238905.52
481524,,0.0,1238907.8
481537,0.6256293654441833,,1238937.44
481538,,0.0,1238939.72
481551,0.6256393790245056,,1238979.6744186047
481552,,1.0,1238983.441860465
481560,0.6256493926048279,,1239013.5813953488
481561,,1.0,1239017.3488372094
481575,0.6256594061851501,,1239070.0930232557
481576,,1.0,1239073.8604651163
481582,0.6256694197654724,,1239096.465116279
481583,,1.0,1239100.2325581396
481596,0.6256694197654724,,1239140.888888889
481597,,0.0,1239144.5777777778
481606,0.6256694197654724,,1239177.7777777778
481607,,0.0,1239181.4666666666
481618,0.6256694197654724,,1239222.0444444444
481619,,0.0,1239225.7333333334
481629,0.6256694197654724,,1239262.6222222222
481630,,0.0,1239266.3111111112
481648,0.6256694197654724,,1239305.625
481649,,0.0,1239308.0
481654,0.6256694197654724,,1239319.875
481655,,0.0,1239322.25
481668,0.6256694197654724,,1239353.125
481669,,0.0,1239355.5
481679,0.6256694197654724,,1239379.25
481680,,0.0,1239381.625
481693,0.6256694197654724,,1239402.4782608696
481694,,0.0,1239404.3260869565
481706,0.6256694197654724,,1239426.5
481707,,0.0,1239428.347826087
481714,0.6256694197654724,,1239441.2826086956
481715,,0.0,1239443.1304347827
481727,0.6256694197654724,,1239465.3043478262
481728,,0.0,1239467.152173913
481743,0.6256994009017944,,1239526.142857143
481744,,3.0,1239530.9047619049
481752,0.6257293820381165,,1239569.0
481753,,3.0,1239573.761904762
481761,0.6257593631744385,,1239611.857142857
481762,,3.0,1239616.619047619
481771,0.6257893443107605,,1239659.4761904762
481772,,3.0,1239664.238095238
481785,0.6258193254470825,,1239717.780487805
481786,,3.0,1239722.6585365853
481798,0.6258493065834045,,1239781.1951219512
481799,,3.0,1239786.0731707318
481806,0.6258792877197266,,1239820.219512195
481807,,3.0,1239825.0975609757
481814,0.6259092688560486,,1239859.243902439
481815,,3.0,1239864.1219512196
481829,0.6259092688560486,,1239904.0952380951
481830,,0.0,1239907.2857142857
481841,0.6259092688560486,,1239942.380952381
481842,,0.0,1239945.5714285714
481848,0.6259092688560486,,1239964.7142857143
481849,,0.0,1239967.9047619049
481858,0.6259092688560486,,1239996.619047619
481859,,0.0,1239999.8095238095
481876,0.6259092688560486,,1240044.0666666667
481877,,0.0,1240047.0
481887,0.6259092688560486,,1240076.3333333333
481888,,0.0,1240079.2666666666
481898,0.6259092688560486,,1240108.6
481899,,0.0,1240111.5333333334
481905,0.6259092688560486,,1240129.1333333333
481906,,0.0,1240132.0666666667
481921,0.6259392499923706,,1240179.4444444445
481922,,3.0,1240183.148148148
481929,0.6259692311286926,,1240209.0740740742
481930,,3.0,1240212.7777777778
481945,0.6259992122650146,,1240268.3333333333
481946,,3.0,1240272.037037037
481961,0.6260291934013367,,1240327.5925925926
481962,,3.0,1240331.2962962964
481980,0.6260291934013367,,1240384.6153846155
481981,,0.0,1240387.923076923
481994,0.6260291934013367,,1240430.923076923
481995,,0.0,1240434.2307692308
482005,0.6260291934013367,,1240467.3076923077
482006,,0.0,1240470.6153846155
482015,0.6260291934013367,,1240500.3846153845
482016,,0.0,1240503.6923076923
482026,0.6260392069816589,,1240531.347826087
482027,,1.0,1240534.8260869565
482035,0.6260492205619812,,1240562.652173913
482036,,1.0,1240566.1304347827
482049,0.6260592341423035,,1240611.347826087
482050,,1.0,1240614.8260869565
482063,0.6260692477226257,,1240660.043478261
482064,,1.0,1240663.5217391304
482083,0.6260992288589478,,1240735.085106383
482084,,3.0,1240739.3404255318
482090,0.6261292099952698,,1240764.8723404256
482091,,3.0,1240769.1276595744
482101,0.6261591911315918,,1240811.680851064
482102,,3.0,1240815.9361702127
482112,0.6261891722679138,,1240858.4893617022
482113,,3.0,1240862.744680851
482124,0.6262191534042358,,1240905.0952380951
482125,,3.0,1240909.857142857
482134,0.6262491345405579,,1240952.7142857143
482135,,3.0,1240957.4761904762
482145,0.6262791156768799,,1241005.0952380951
482146,,3.0,1241009.857142857
482156,0.6263090968132019,,1241057.4761904762
482157,,3.0,1241062.238095238
482175,0.6263090968132019,,1241119.3404255318
482176,,0.0,1241122.829787234
482184,0.6263090968132019,,1241150.744680851
482185,,0.0,1241154.2340425532
482193,0.6263090968132019,,1241182.1489361702
482194,,0.0,1241185.6382978724
482205,0.6263090968132019,,1241224.0212765958
482206,,0.0,1241227.5106382978
482226,0.6263090968132019,,1241285.5416666667
482227,,0.0,1241288.75
482236,0.6263090968132019,,1241317.625
482237,,0.0,1241320.8333333333
482246,0.6263090968132019,,1241349.7083333333
482247,,0.0,1241352.9166666667
482255,0.6263090968132019,,1241378.5833333333
482256,,0.0,1241381.7916666667
482276,0.6263390779495239,,1241455.8333333333
482277,,3.0,1241460.0
482285,0.626369059085846,,1241493.3333333333
482286,,3.0,1241497.5
482296,0.626399040222168,,1241539.1666666667
482297,,3.0,1241543.3333333333
482305,0.62642902135849,,1241576.6666666667
482306,,3.0,1241580.8333333333
482316,0.626459002494812,,1241619.1463414633
482317,,3.0,1241624.024390244
482326,0.626488983631134,,1241667.9268292682
482327,,3.0,1241672.8048780488
482337,0.626518964767456,,1241721.5853658537
482338,,3.0,1241726.463414634
482348,0.6265489459037781,,1241775.243902439
482349,,3.0,1241780.1219512196
482366,0.6265789270401001,,1241841.0
482367,,3.0,1241845.0
482375,0.6266089081764221,,1241877.0
482376,,3.0,1241881.0
482386,0.6266388893127441,,1241921.0
482387,,3.0,1241925.0
482400,0.6266688704490662,,1241977.0
482401,,3.0,1241981.0
482417,0.6266688704490662,,1242035.5555555555
482418,,0.0,1242039.4444444445
482429,0.6266688704490662,,1242082.2222222222
482430,,0.0,1242086.111111111
482435,0.6266688704490662,,1242105.5555555555
482436,,0.0,1242109.4444444445
482447,0.6266688704490662,,1242152.2222222222
482448,,0.0,1242156.111111111
482462,0.6266688704490662,,1242208.5128205128
482463,,0.0,1242212.923076923
482470,0.6266688704490662,,1242243.7948717948
482471,,0.0,1242248.2051282052
482480,0.6266688704490662,,1242287.8974358975
482481,,0.0,1242292.3076923077
482488,0.6266688704490662,,1242323.1794871795
482489,,0.0,1242327.5897435897
482505,0.6266688704490662,,1242368.1960784313
482506,,0.0,1242370.9803921569
482519,0.6266688704490662,,1242407.1764705882
482520,,0.0,1242409.9607843137
482530,0.6266688704490662,,1242437.8039215687
482531,,0.0,1242440.5882352942
482541,0.6266688704490662,,1242468.431372549
482542,,0.0,1242471.2156862745
482559,0.6266988515853882,,1242532.3333333333
482560,,3.0,1242536.5
482571,0.6267288327217102,,1242582.3333333333
482572,,3.0,1242586.5
482583,0.6267588138580322,,1242632.3333333333
482584,,3.0,1242636.5
482591,0.6267887949943542,,1242665.6666666667
482592,,3.0,1242669.8333333333
482615,0.6268187761306763,,1242749.4716981133
482616,,3.0,1242753.2452830188
482625,0.6268487572669983,,1242787.2075471699
482626,,3.0,1242790.9811320754
482634,0.6268787384033203,,1242821.1698113207
482635,,3.0,1242824.9433962265
482646,0.6269087195396423,,1242866.4528301887
482647,,3.0,1242870.2264150945
482663,0.6269387006759644,,1242933.0909090908
482664,,3.0,1242937.6363636365
482673,0.6269686818122864,,1242978.5454545454
482674,,3.0,1242983.0909090908
482682,0.6269986629486084,,1243019.4545454546
482683,,3.0,1243024.0
482692,0.6270286440849304,,1243064.9090909092
482693,,3.0,1243069.4545454546
482704,0.6270586252212524,,1243103.8536585367
482705,,3.0,1243107.5853658537
482716,0.6270886063575745,,1243148.6341463414
482717,,3.0,1243152.3658536586
482726,0.6271185874938965,,1243185.9512195121
482727,,3.0,1243189.6829268292
482735,0.6271485686302185,,1243219.536585366
482736,,3.0,1243223.268292683
482749,0.6271485686302185,,1243268.0
482750,,0.0,1243272.1
482761,0.6271485686302185,,1243317.2
482762,,0.0,1243321.3
482768,0.6271485686302185,,1243345.9
482769,,0.0,1243350.0
482777,0.6271485686302185,,1243382.8
482778,,0.0,1243386.9
482795,0.6271785497665405,,1243443.8301886793
482796,,3.0,1243447.6037735848
482807,0.6272085309028625,,1243489.1132075472
482808,,3.0,1243492.8867924528
482819,0.6272385120391846,,1243534.3962264152
482820,,3.0,1243538.1698113207
482832,0.6272684931755066,,1243583.4528301887
482833,,3.0,1243587.2264150945
482847,0.6272984743118286,,1243635.8979591837
482848,,3.0,1243639.9795918367
482859,0.6273284554481506,,1243684.8775510204
482860,,3.0,1243688.9591836734
482871,0.6273584365844727,,1243733.857142857
482872,,3.0,1243737.9387755103
482883,0.6273884177207947,,1243782.836734694
482884,,3.0,1243786.918367347
482897,0.6274183988571167,,1243836.4545454546
482898,,3.0,1243841.0
482908,0.6274483799934387,,1243886.4545454546
482909,,3.0,1243891.0
482923,0.6274783611297607,,1243954.6363636365
482924,,3.0,1243959.1818181819
482929,0.6275083422660828,,1243981.9090909092
482930,,3.0,1243986.4545454546
482946,0.6275383234024048,,1244054.4146341463
482947,,3.0,1244059.2926829269
482954,0.6275683045387268,,1244093.4390243902
482955,,3.0,1244098.3170731708
482961,0.6275982856750488,,1244127.5853658537
482962,,3.0,1244132.463414634
482972,0.6276282668113708,,1244181.243902439
482973,,3.0,1244186.1219512196
482987,0.6276582479476929,,1244236.8333333333
482988,,3.0,1244241.0
482997,0.6276882290840149,,1244278.5
482998,,3.0,1244282.6666666667
483008,0.6277182102203369,,1244324.3333333333
483009,,3.0,1244328.5
483022,0.6277481913566589,,1244382.6666666667
483023,,3.0,1244386.8333333333
483034,0.627778172492981,,1244436.7142857143
483035,,3.0,1244442.4285714286
483044,0.627808153629303,,1244493.857142857
483045,,3.0,1244499.5714285714
483051,0.627838134765625,,1244533.857142857
483052,,3.0,1244539.5714285714
483059,0.627868115901947,,1244579.5714285714
483060,,3.0,1244585.2857142857
483072,0.627898097038269,,1244627.0
483073,,3.0,1244631.0
483087,0.6279280781745911,,1244687.0
483088,,3.0,1244691.0
483101,0.6279580593109131,,1244743.0
483102,,3.0,1244747.0
483111,0.6279880404472351,,1244783.0
483112,,3.0,1244787.0
483123,0.6280180215835571,,1244835.4444444445
483124,,3.0,1244841.0
483131,0.6280480027198792,,1244879.888888889
483132,,3.0,1244885.4444444445
483136,0.6280779838562012,,1244907.6666666667
483137,,3.0,1244913.2222222222
483149,0.6281079649925232,,1244979.888888889
483150,,3.0,1244985.4444444445
483168,0.6281079649925232,,1245046.6097560977
483169,,0.0,1245050.3170731708
483181,0.6281079649925232,,1245094.8048780488
483182,,0.0,1245098.512195122
483187,0.6281079649925232,,1245117.0487804879
483188,,0.0,1245120.756097561
483192,0.6281079649925232,,1245135.5853658537
483193,,0.0,1245139.2926829269
483212,0.6281379461288452,,1245212.5652173914
483213,,3.0,1245216.9130434783
483220,0.6281679272651672,,1245247.347826087
483221,,3.0,1245251.6956521738
483229,0.6281979084014893,,1245286.4782608696
483230,,3.0,1245290.8260869565
483240,0.6282278895378113,,1245334.3043478262
483241,,3.0,1245338.652173913
483258,0.6282578706741333,,1245409.6666666667
483259,,3.0,1245414.4285714286
483267,0.6282878518104553,,1245452.5238095238
483268,,3.0,1245457.2857142857
483275,0.6283178329467773,,1245490.619047619
483276,,3.0,1245495.380952381
483284,0.6283478140830994,,1245533.4761904762
483285,,3.0,1245538.238095238
483298,0.6283777952194214,,1245585.5531914893
483299,,3.0,1245589.8085106383
483309,0.6284077763557434,,1245632.3617021276
483310,,3.0,1245636.6170212766
483317,0.6284377574920654,,1245666.4042553192
483318,,3.0,1245670.6595744682
483333,0.6284677386283875,,1245734.4893617022
483334,,3.0,1245738.744680851
483346,0.6284977197647095,,1245785.857142857
483347,,3.0,1245790.619047619
483357,0.6285277009010315,,1245838.238095238
483358,,3.0,1245843.0
483368,0.6285576820373535,,1245890.619047619
483369,,3.0,1245895.380952381
483377,0.6285876631736755,,1245933.4761904762
483378,,3.0,1245938.238095238
483396,0.6286176443099976,,1246005.5
483397,,3.0,1246009.6666666667
483407,0.6286476254463196,,1246051.3333333333
483408,,3.0,1246055.5
483417,0.6286776065826416,,1246093.0
483418,,3.0,1246097.1666666667
483427,0.6287075877189636,,1246134.6666666667
483428,,3.0,1246138.8333333333
483439,0.6287375688552856,,1246181.0952380951
483440,,3.0,1246185.857142857
483449,0.6287675499916077,,1246228.7142857143
483450,,3.0,1246233.4761904762
483461,0.6287975311279297,,1246285.857142857
483462,,3.0,1246290.619047619
483471,0.6288275122642517,,1246333.4761904762
483472,,3.0,1246338.238095238
483487,0.6288574934005737,,1246397.5454545454
483488,,3.0,1246402.0909090908
483496,0.6288874745368958,,1246438.4545454546
483497,,3.0,1246443.0
483510,0.6289174556732178,,1246502.0909090908
483511,,3.0,1246506.6363636365
483517,0.6289474368095398,,1246533.9090909092
483518,,3.0,1246538.4545454546
483529,0.6289774179458618,,1246581.0952380951
483530,,3.0,1246585.857142857
483543,0.6290073990821838,,1246647.761904762
483544,,3.0,1246652.5238095238
483551,0.6290373802185059,,1246685.857142857
483552,,3.0,1246690.619047619
483561,0.6290673613548279,,1246733.4761904762
483562,,3.0,1246738.238095238
483578,0.6290973424911499,,1246802.0909090908
483579,,3.0,1246806.6363636365
483589,0.6291273236274719,,1246852.0909090908
483590,,3.0,1246856.6363636365
483595,0.629157304763794,,1246879.3636363635
483596,,3.0,1246883.9090909092
483607,0.629187285900116,,1246933.9090909092
483608,,3.0,1246938.4545454546
483624,0.629217267036438,,1247000.7777777778
483625,,3.0,1247005.2222222222
483636,0.62924724817276,,1247054.111111111
483637,,3.0,1247058.5555555555
483645,0.629277229309082,,1247094.111111111
483646,,3.0,1247098.5555555555
483654,0.629307210445404,,1247134.111111111
483655,,3.0,1247138.5555555555
483670,0.6293371915817261,,1247195.1739130435
483671,,3.0,1247199.5217391304
483684,0.6293671727180481,,1247256.043478261
483685,,3.0,1247260.391304348
483694,0.6293971538543701,,1247299.5217391304
483695,,3.0,1247303.8695652173
483702,0.6294271349906921,,1247334.3043478262
483703,,3.0,1247338.652173913
483726,0.6294571161270142,,1247418.4716981133
483727,,3.0,1247422.2452830188
483737,0.6294870972633362,,1247459.9811320754
483738,,3.0,1247463.7547169812
483746,0.6295170783996582,,1247493.9433962265
483747,,3.0,1247497.716981132
483757,0.6295470595359802,,1247535.4528301887
483758,,3.0,1247539.2264150945
483773,0.6295770406723022,,1247598.8139534884
483774,,3.0,1247603.465116279
483782,0.6296070218086243,,1247640.6744186047
483783,,3.0,1247645.3255813953
483790,0.6296370029449463,,1247677.8837209302
483791,,3.0,1247682.534883721
483802,0.6296669840812683,,1247733.6976744186
483803,,3.0,1247738.3488372094
483816,0.6296669840812683,,1247788.5263157894
483817,,0.0,1247793.0789473683
483827,0.6296669840812683,,1247838.605263158
483828,,0.0,1247843.1578947369
483836,0.6296669840812683,,1247879.5789473683
483837,,0.0,1247884.1315789474
483842,0.6296669840812683,,1247906.894736842
483843,,0.0,1247911.4473684211
483854,0.6296969652175903,,1247950.7826086956
483855,,3.0,1247955.1304347827
483863,0.6297269463539124,,1247989.9130434783
483864,,3.0,1247994.2608695652
483877,0.6297569274902344,,1248050.7826086956
483878,,3.0,1248055.1304347827
483890,0.6297869086265564,,1248107.3043478262
483891,,3.0,1248111.652173913
483904,0.6298168897628784,,1248161.4545454546
483905,,3.0,1248166.0
483917,0.6298468708992004,,1248220.5454545454
483918,,3.0,1248225.0909090908
483927,0.6298768520355225,,1248266.0
483928,,3.0,1248270.5454545454
483936,0.6299068331718445,,1248306.9090909092
483937,,3.0,1248311.4545454546
483956,0.6299368143081665,,1248382.6666666667
483957,,3.0,1248386.8333333333
483968,0.6299667954444885,,1248432.6666666667
483969,,3.0,1248436.8333333333
483976,0.6299967765808105,,1248466.0
483977,,3.0,1248470.1666666667
483986,0.6300267577171326,,1248507.6666666667
483987,,3.0,1248511.8333333333
484000,0.6300567388534546,,1248561.4545454546
484001,,3.0,1248566.0
484007,0.6300867199897766,,1248593.2727272727
484008,,3.0,1248597.8181818181
484020,0.6301167011260986,,1248652.3636363635
484021,,3.0,1248656.9090909092
484032,0.6301466822624207,,1248706.9090909092
484033,,3.0,1248711.4545454546
484051,0.6301766633987427,,1248779.829787234
484052,,3.0,1248784.085106383
484061,0.6302066445350647,,1248822.3829787234
484062,,3.0,1248826.6382978724
484070,0.6302366256713867,,1248860.680851064
484071,,3.0,1248864.9361702127
484081,0.6302666068077087,,1248907.4893617022
484082,,3.0,1248911.744680851
484101,0.6302965879440308,,1248978.7450980393
484102,,3.0,1248982.6666666667
484112,0.6303265690803528,,1249021.8823529412
484113,,3.0,1249025.8039215687
484124,0.6303565502166748,,1249068.9411764706
484125,,3.0,1249072.862745098
484134,0.6303865313529968,,1249108.156862745
484135,,3.0,1249112.0784313725
484149,0.6304165124893188,,1249169.6585365853
484150,,3.0,1249174.536585366
484157,0.6304464936256409,,1249208.6829268292
484158,,3.0,1249213.5609756098
484166,0.6304764747619629,,1249252.5853658537
484167,,3.0,1249257.463414634
484177,0.6305064558982849,,1249306.243902439
484178,,3.0,1249311.1219512196
484190,0.6305364370346069,,1249356.0
484191,,3.0,1249360.4444444445
484204,0.630566418170929,,1249418.2222222222
484205,,3.0,1249422.6666666667
484216,0.630596399307251,,1249471.5555555555
484217,,3.0,1249476.0
484224,0.630626380443573,,1249507.111111111
484225,,3.0,1249511.5555555555
484237,0.630656361579895,,1249559.9024390243
484238,,3.0,1249564.780487805
484244,0.630686342716217,,1249594.0487804879
484245,,3.0,1249598.9268292682
484255,0.6307163238525391,,1249647.7073170731
484256,,3.0,1249652.5853658537
484267,0.6307463049888611,,1249706.243902439
484268,,3.0,1249711.1219512196
484281,0.6307762861251831,,1249759.4782608696
484282,,3.0,1249763.8260869565
484293,0.6308062672615051,,1249811.652173913
484294,,3.0,1249816.0
484302,0.6308362483978271,,1249850.7826086956
484303,,3.0,1249855.1304347827
484315,0.6308662295341492,,1249907.3043478262
484316,,3.0,1249911.652173913
484332,0.6308962106704712,,1249977.9047619049
484333,,3.0,1249982.6666666667
484343,0.6309261918067932,,1250030.2857142857
484344,,3.0,1250035.0476190476
484349,0.6309561729431152,,1250058.857142857
484350,,3.0,1250063.619047619
484359,0.6309861540794373,,1250106.4761904762
484360,,3.0,1250111.238095238
484372,0.6310161352157593,,1250166.0
484373,,3.0,1250171.5555555555
484379,0.6310461163520813,,1250204.888888889
484380,,3.0,1250210.4444444445
484390,0.6310760974884033,,1250266.0
484391,,3.0,1250271.5555555555
484397,0.6311060786247253,,1250304.888888889
484398,,3.0,1250310.4444444445
484412,0.6311360597610474,,1250367.1627906978
484413,,3.0,1250371.8139534884
484425,0.6311660408973694,,1250427.6279069767
484426,,3.0,1250432.2790697673
484433,0.6311960220336914,,1250464.8372093022
484434,,3.0,1250469.488372093
484442,0.6312260031700134,,1250506.6976744186
484443,,3.0,1250511.3488372094
484457,0.6312559843063354,,1250562.8085106383
484458,,3.0,1250567.0638297873
484469,0.6312859654426575,,1250613.8723404256
484470,,3.0,1250618.1276595744
484479,0.6313159465789795,,1250656.425531915
484480,,3.0,1250660.680851064
484491,0.6313459277153015,,1250707.4893617022
484492,,3.0,1250711.744680851
484510,0.6313759088516235,,1250787.4285714286
484511,,3.0,1250792.1904761905
484519,0.6314058899879456,,1250830.2857142857
484520,,3.0,1250835.0476190476
484527,0.6314358711242676,,1250868.380952381
484528,,3.0,1250873.142857143
484535,0.6314658522605896,,1250906.4761904762
484536,,3.0,1250911.238095238
484548,0.6314658522605896,,1250944.894736842
484549,,0.0,1250948.105263158
484553,0.6314658522605896,,1250960.9473684211
484554,,0.0,1250964.1578947369
484563,0.6314658522605896,,1250993.0526315789
484564,,0.0,1250996.2631578948
484575,0.6314658522605896,,1251031.5789473683
484576,,0.0,1251034.7894736843
484593,0.6314958333969116,,1251098.8695652173
484594,,3.0,1251103.2173913044
484608,0.6315258145332336,,1251164.0869565217
484609,,3.0,1251168.4347826086
484617,0.6315557956695557,,1251203.2173913044
484618,,3.0,1251207.5652173914
484623,0.6315857768058777,,1251229.3043478262
484624,,3.0,1251233.652173913
484635,0.6316157579421997,,1251276.0952380951
484636,,3.0,1251280.857142857
484648,0.6316457390785217,,1251338.0
484649,,3.0,1251342.761904762
484653,0.6316757202148438,,1251361.8095238095
484654,,3.0,1251366.5714285714
484667,0.6317057013511658,,1251428.4761904762
484668,,3.0,1251433.238095238
484682,0.6317356824874878,,1251485.8260869565
484683,,3.0,1251490.1739130435
484690,0.6317656636238098,,1251520.608695652
484691,,3.0,1251524.956521739
484705,0.6317956447601318,,1251585.8260869565
484706,,3.0,1251590.1739130435
484715,0.6318256258964539,,1251629.3043478262
484716,,3.0,1251633.652173913
484731,0.6318556070327759,,1251686.9795918367
484732,,3.0,1251691.0612244897
484741,0.6318855881690979,,1251727.7959183673
484742,,3.0,1251731.8775510204
484754,0.6319155693054199,,1251780.857142857
484755,,3.0,1251784.9387755103
484766,0.6319455504417419,,1251829.836734694
484767,,3.0,1251833.918367347
484785,0.631975531578064,,1251900.5
484786,,3.0,1251904.6666666667
484797,0.632005512714386,,1251950.5
484798,,3.0,1251954.6666666667
484803,0.632035493850708,,1251975.5
484804,,3.0,1251979.6666666667
484816,0.63206547498703,,1252029.6666666667
484817,,3.0,1252033.8333333333
484835,0.632095456123352,,1252100.5
484836,,3.0,1252104.6666666667
484848,0.6321254372596741,,1252154.6666666667
484849,,3.0,1252158.8333333333
484856,0.6321554183959961,,1252188.0
484857,,3.0,1252192.1666666667
484866,0.6321853995323181,,1252229.6666666667
484867,,3.0,1252233.8333333333
484885,0.6322153806686401,,1252301.829787234
484886,,3.0,1252306.085106383
484894,0.6322453618049622,,1252340.1276595744
484895,,3.0,1252344.3829787234
484906,0.6322753429412842,,1252391.1914893617
484907,,3.0,1252395.4468085107
484915,0.6323053240776062,,1252429.4893617022
484916,,3.0,1252433.744680851
484932,0.6323353052139282,,1252485.2727272727
484933,,3.0,1252488.9090909092
484947,0.6323652863502502,,1252539.8181818181
484948,,3.0,1252543.4545454546
484961,0.6323952674865723,,1252590.7272727273
484962,,3.0,1252594.3636363635
484972,0.6324252486228943,,1252630.7272727273
484973,,3.0,1252634.3636363635
484994,0.6324552297592163,,1252714.5957446808
484995,,3.0,1252718.8510638298
485002,0.6324852108955383,,1252748.6382978724
485003,,3.0,1252752.8936170214
485010,0.6325151920318604,,1252782.680851064
485011,,3.0,1252786.9361702127
485021,0.6325451731681824,,1252829.4893617022
485022,,3.0,1252833.744680851
485044,0.6325751543045044,,1252914.0
485045,,3.0,1252918.0
485051,0.6326051354408264,,1252942.0
485052,,3.0,1252946.0
485063,0.6326351165771484,,1252990.0
485064,,3.0,1252994.0
485073,0.6326650977134705,,1253030.0
485074,,3.0,1253034.0
485091,0.6326950788497925,,1253097.574468085
485092,,3.0,1253101.829787234
485102,0.6327250599861145,,1253144.3829787234
485103,,3.0,1253148.6382978724
485108,0.6327550411224365,,1253169.914893617
485109,,3.0,1253174.170212766
485122,0.6327850222587585,,1253229.4893617022
485123,,3.0,1253233.744680851
485134,0.6328150033950806,,1253278.0
485135,,3.0,1253283.0
485144,0.6328449845314026,,1253328.0
485145,,3.0,1253333.0
485155,0.6328749656677246,,1253383.0
485156,,3.0,1253388.0
485164,0.6329049468040466,,1253428.0
485165,,3.0,1253433.0
485187,0.6329349279403687,,1253518.8510638298
485188,,3.0,1253523.1063829786
485193,0.6329649090766907,,1253544.3829787234
485194,,3.0,1253548.6382978724
485202,0.6329948902130127,,1253582.680851064
485203,,3.0,1253586.9361702127
485213,0.6330248713493347,,1253629.4893617022
485214,,3.0,1253633.744680851
485230,0.6330548524856567,,1253701.4146341463
485231,,3.0,1253706.2926829269
485237,0.6330848336219788,,1253735.5609756098
485238,,3.0,1253740.4390243902
485247,0.6331148147583008,,1253784.3414634147
485248,,3.0,1253789.219512195
485256,0.6331447958946228,,1253828.243902439
485257,,3.0,1253833.1219512196
485272,0.6331747770309448,,1253895.142857143
485273,,3.0,1253899.9047619049
485283,0.6332047581672668,,1253947.5238095238
485284,,3.0,1253952.2857142857
485294,0.6332347393035889,,1253999.9047619049
485295,,3.0,1254004.6666666667
485300,0.6332647204399109,,1254028.4761904762
485301,,3.0,1254033.238095238
485317,0.6332947015762329,,1254094.5217391304
485318,,3.0,1254098.8695652173
485325,0.6333246827125549,,1254129.3043478262
485326,,3.0,1254133.652173913
485340,0.633354663848877,,1254194.5217391304
485341,,3.0,1254198.8695652173
485348,0.633384644985199,,1254229.3043478262
485349,,3.0,1254233.652173913
485366,0.633414626121521,,1254301.6363636365
485367,,3.0,1254306.1818181819
485375,0.633444607257843,,1254342.5454545454
485376,,3.0,1254347.0909090908
485381,0.633474588394165,,1254369.8181818181
485382,,3.0,1254374.3636363635
485394,0.6335045695304871,,1254428.9090909092
485395,,3.0,1254433.4545454546
485407,0.6335345506668091,,1254475.5
485408,,3.0,1254479.6666666667
485419,0.6335645318031311,,1254525.5
485420,,3.0,1254529.6666666667
485434,0.6335945129394531,,1254588.0
485435,,3.0,1254592.1666666667
485444,0.6336244940757751,,1254629.6666666667
485445,,3.0,1254633.8333333333
